#####################################################################
# Alchemist log file - simulation started at: 2020-02-15T02:13+0000 #
#####################################################################
# longseed = 44.0, meanTaskSize = 1, peakFrequency = 0.1
#
# The columns have the following meaning: 
# time done[Sum] drop[Sum] waiting[Sum] isLeader[Sum] capacity[Mean] freeCapacity[Mean] maxCapacity[Mean] 
0.0 NaN 0.0 NaN NaN NaN NaN NaN 
1.0029468842687697 0.0 0.0 0.0 135.0 14232.777777777797 14232.777777777797 14232.777777777797 
2.00294688426877 0.0 0.0 0.0 135.0 14232.777777777797 14232.777777777797 14232.777777777797 
3.00294688426877 0.0 0.0 0.0 135.0 14232.777777777797 14232.777777777797 14232.777777777797 
4.00294688426877 0.0 0.0 0.0 135.0 14232.777777777797 14232.777777777797 14232.777777777797 
5.00294688426877 0.0 0.0 0.0 135.0 14232.777777777797 14232.777777777797 14232.777777777797 
6.00294688426877 0.0 0.0 0.0 135.0 14232.777777777797 14232.777777777797 14232.777777777797 
7.00294688426877 0.0 0.0 0.0 135.0 14232.777777777797 14232.777777777797 14232.777777777797 
8.00294688426877 0.0 0.0 0.0 135.0 14232.777777777797 14232.777777777797 14232.777777777797 
9.00294688426877 0.0 0.0 0.0 135.0 14232.777777777797 14232.777777777797 14232.777777777797 
10.00294688426877 0.0 0.0 0.0 135.0 14232.777777777797 14232.777777777797 14232.777777777797 
11.00294688426877 0.0 0.0 0.0 135.0 14232.777777777797 14232.777777777797 14232.777777777797 
12.00294688426877 0.0 0.0 0.0 135.0 14232.777777777797 14232.777777777797 14232.777777777797 
13.00294688426877 0.0 0.0 0.0 135.0 14232.777777777797 14232.777777777797 14232.777777777797 
14.00294688426877 0.0 0.0 0.0 135.0 14232.777777777797 14232.777777777797 14232.777777777797 
15.00294688426877 0.0 0.0 0.0 135.0 14232.777777777797 14232.777777777797 14232.777777777797 
16.00294688426877 0.0 0.0 0.0 135.0 14232.777777777797 14232.777777777797 14232.777777777797 
17.00294688426877 0.0 0.0 1.0 135.0 14232.777777777797 14232.777777777797 14232.777777777797 
18.00294688426877 1.0 0.0 1.0 135.0 14231.016296296295 14215.162962962962 14232.777777777797 
19.00294688426877 2.0 0.0 0.0 135.0 14229.430962962972 14215.162962962962 14232.777777777797 
20.00294688426877 2.0 0.0 1.0 135.0 14229.76564444448 14232.777777777797 14232.777777777797 
21.00294688426877 3.0 0.0 0.0 135.0 14229.754265185164 14229.651851851839 14232.777777777797 
22.00294688426877 3.0 0.0 0.0 135.0 14230.056616444439 14232.777777777797 14232.777777777797 
23.00294688426877 3.0 0.0 0.0 135.0 14230.328732577782 14232.777777777797 14232.777777777797 
24.00294688426877 3.0 0.0 0.0 135.0 14230.573637097787 14232.777777777797 14232.777777777797 
25.00294688426877 3.0 0.0 0.0 135.0 14230.79405116578 14232.777777777797 14232.777777777797 
26.00294688426877 3.0 0.0 0.0 135.0 14230.992423826976 14232.777777777797 14232.777777777797 
27.00294688426877 3.0 0.0 0.0 135.0 14231.17095922206 14232.777777777797 14232.777777777797 
28.00294688426877 3.0 0.0 0.0 135.0 14231.331641077637 14232.777777777797 14232.777777777797 
29.00294688426877 3.0 0.0 0.0 135.0 14231.47625474765 14232.777777777797 14232.777777777797 
30.00294688426877 3.0 0.0 0.0 135.0 14231.606407050656 14232.777777777797 14232.777777777797 
31.00294688426877 3.0 0.0 0.0 135.0 14231.723544123386 14232.777777777797 14232.777777777797 
32.002946884268766 3.0 0.0 0.0 135.0 14231.82896748879 14232.777777777797 14232.777777777797 
33.002946884268766 3.0 0.0 0.0 135.0 14231.923848517712 14232.777777777797 14232.777777777797 
34.002946884268766 3.0 0.0 0.0 135.0 14232.009241443699 14232.777777777797 14232.777777777797 
35.002946884268766 3.0 0.0 0.0 135.0 14232.086095077113 14232.777777777797 14232.777777777797 
36.002946884268766 3.0 0.0 0.0 135.0 14232.155263347195 14232.777777777797 14232.777777777797 
37.002946884268766 3.0 0.0 0.0 135.0 14232.217514790262 14232.777777777797 14232.777777777797 
38.002946884268766 3.0 0.0 0.0 135.0 14232.273541089 14232.777777777797 14232.777777777797 
39.002946884268766 3.0 0.0 1.0 135.0 14232.323964757894 14232.777777777797 14232.777777777797 
40.002946884268766 4.0 0.0 0.0 135.0 14232.056753467254 14229.651851851839 14232.777777777797 
41.002946884268766 4.0 0.0 0.0 135.0 14232.12885589835 14232.777777777797 14232.777777777797 
42.002946884268766 4.0 0.0 0.0 135.0 14232.193748086293 14232.777777777797 14232.777777777797 
43.002946884268766 4.0 0.0 0.0 135.0 14232.252151055423 14232.777777777797 14232.777777777797 
44.002946884268766 4.0 0.0 0.0 135.0 14232.304713727646 14232.777777777797 14232.777777777797 
45.002946884268766 4.0 0.0 0.0 135.0 14232.352020132668 14232.777777777797 14232.777777777797 
46.002946884268766 4.0 0.0 0.0 135.0 14232.394595897162 14232.777777777797 14232.777777777797 
47.002946884268766 4.0 0.0 0.0 135.0 14232.432914085253 14232.777777777797 14232.777777777797 
48.002946884268766 4.0 0.0 0.0 135.0 14232.467400454516 14232.777777777797 14232.777777777797 
49.002946884268766 4.0 0.0 1.0 135.0 14232.498438186836 14232.777777777797 14232.777777777797 
50.002946884268766 5.0 0.0 0.0 135.0 14232.213779553338 14229.651851851839 14232.777777777797 
51.002946884268766 5.0 0.0 0.0 135.0 14232.270179375764 14232.777777777797 14232.777777777797 
52.002946884268766 5.0 0.0 0.0 135.0 14232.320939215966 14232.777777777797 14232.777777777797 
53.002946884268766 5.0 0.0 0.0 135.0 14232.366623072132 14232.777777777797 14232.777777777797 
54.002946884268766 5.0 0.0 1.0 135.0 14232.407738542706 14232.777777777797 14232.777777777797 
55.002946884268766 6.0 0.0 1.0 135.0 14230.683260984753 14215.162962962962 14232.777777777797 
56.002946884268766 7.0 0.0 1.0 135.0 14230.580120071447 14229.651851851839 14232.777777777797 
57.002946884268766 8.0 0.0 0.0 135.0 14230.487293249511 14229.651851851839 14232.777777777797 
58.002946884268766 8.0 0.0 0.0 135.0 14230.716341702348 14232.777777777797 14232.777777777797 
59.002946884268766 8.0 0.0 0.0 135.0 14230.92248530985 14232.777777777797 14232.777777777797 
60.002946884268766 8.0 0.0 0.0 135.0 14231.108014556656 14232.777777777797 14232.777777777797 
61.002946884268766 8.0 0.0 0.0 135.0 14231.274990878766 14232.777777777797 14232.777777777797 
62.002946884268766 8.0 0.0 1.0 135.0 14231.425269568672 14232.777777777797 14232.777777777797 
63.002946884268766 9.0 0.0 0.0 135.0 14231.247927796965 14229.651851851839 14232.777777777797 
64.00294688426877 9.0 0.0 0.0 135.0 14231.400912795069 14232.777777777797 14232.777777777797 
65.00294688426877 9.0 0.0 0.0 135.0 14231.538599293324 14232.777777777797 14232.777777777797 
66.00294688426877 9.0 0.0 0.0 135.0 14231.662517141782 14232.777777777797 14232.777777777797 
67.00294688426877 9.0 0.0 0.0 135.0 14231.774043205354 14232.777777777797 14232.777777777797 
68.00294688426877 9.0 0.0 1.0 135.0 14231.874416662627 14232.777777777797 14232.777777777797 
69.00294688426877 10.0 0.0 0.0 135.0 14230.203271292674 14215.162962962962 14232.777777777797 
70.00294688426877 10.0 0.0 0.0 135.0 14230.460721941152 14232.777777777797 14232.777777777797 
71.00294688426877 10.0 0.0 0.0 135.0 14230.692427524822 14232.777777777797 14232.777777777797 
72.00294688426877 10.0 0.0 1.0 135.0 14230.900962550128 14232.777777777797 14232.777777777797 
73.00294688426877 11.0 0.0 0.0 135.0 14229.3271625914 14215.162962962962 14232.777777777797 
74.00294688426877 11.0 0.0 0.0 135.0 14229.672224110072 14232.777777777797 14232.777777777797 
75.00294688426877 11.0 0.0 1.0 135.0 14229.982779476839 14232.777777777797 14232.777777777797 
76.00294688426877 12.0 0.0 0.0 135.0 14229.949686714332 14229.651851851839 14232.777777777797 
77.00294688426877 12.0 0.0 1.0 135.0 14230.232495820695 14232.777777777797 14232.777777777797 
78.00294688426877 13.0 0.0 0.0 135.0 14228.725542534925 14215.162962962962 14232.777777777797 
79.00294688426877 13.0 0.0 1.0 135.0 14229.130766059181 14232.777777777797 14232.777777777797 
80.00294688426877 14.0 0.0 0.0 135.0 14229.182874638456 14229.651851851839 14232.777777777797 
81.00294688426877 14.0 0.0 0.0 135.0 14229.542364952378 14232.777777777797 14232.777777777797 
82.00294688426877 14.0 0.0 0.0 135.0 14229.865906234923 14232.777777777797 14232.777777777797 
83.00294688426877 14.0 0.0 1.0 135.0 14230.157093389218 14232.777777777797 14232.777777777797 
84.00294688426877 15.0 0.0 0.0 135.0 14230.10656923549 14229.651851851839 14232.777777777797 
85.00294688426877 15.0 0.0 0.0 135.0 14230.37369008972 14232.777777777797 14232.777777777797 
86.00294688426877 15.0 0.0 0.0 135.0 14230.614098858487 14232.777777777797 14232.777777777797 
87.00294688426877 15.0 0.0 0.0 135.0 14230.830466750425 14232.777777777797 14232.777777777797 
88.00294688426877 15.0 0.0 0.0 135.0 14231.025197853165 14232.777777777797 14232.777777777797 
89.00294688426877 15.0 0.0 1.0 135.0 14231.200455845626 14232.777777777797 14232.777777777797 
90.00294688426877 16.0 0.0 0.0 135.0 14231.045595446269 14229.651851851839 14232.777777777797 
91.00294688426877 16.0 0.0 0.0 135.0 14231.218813679397 14232.777777777797 14232.777777777797 
92.00294688426877 16.0 0.0 0.0 135.0 14231.374710089214 14232.777777777797 14232.777777777797 
93.00294688426877 16.0 0.0 0.0 135.0 14231.5150168581 14232.777777777797 14232.777777777797 
94.00294688426877 16.0 0.0 0.0 135.0 14231.641292950064 14232.777777777797 14232.777777777797 
95.00294688426877 16.0 0.0 0.0 135.0 14231.75494143284 14232.777777777797 14232.777777777797 
96.00294688426877 16.0 0.0 0.0 135.0 14231.857225067313 14232.777777777797 14232.777777777797 
97.00294688426877 16.0 0.0 0.0 135.0 14231.949280338382 14232.777777777797 14232.777777777797 
98.00294688426877 16.0 0.0 1.0 135.0 14232.032130082283 14232.777777777797 14232.777777777797 
99.00294688426877 17.0 0.0 0.0 135.0 14231.794102259299 14229.651851851839 14232.777777777797 
100.00294688426877 17.0 0.0 0.0 135.0 14231.892469811126 14232.777777777797 14232.777777777797 
101.00294688426877 17.0 0.0 0.0 135.0 14231.981000607759 14232.777777777797 14232.777777777797 
102.00294688426877 17.0 0.0 0.0 135.0 14232.060678324775 14232.777777777797 14232.777777777797 
103.00294688426877 17.0 0.0 0.0 135.0 14232.13238827008 14232.777777777797 14232.777777777797 
104.00294688426877 17.0 0.0 1.0 135.0 14232.196927220852 14232.777777777797 14232.777777777797 
105.00294688426877 18.0 0.0 0.0 135.0 14230.493530795065 14215.162962962962 14232.777777777797 
106.00294688426877 18.0 0.0 0.0 135.0 14230.721955493344 14232.777777777797 14232.777777777797 
107.00294688426877 18.0 0.0 0.0 135.0 14230.927537721758 14232.777777777797 14232.777777777797 
108.00294688426877 18.0 0.0 0.0 135.0 14231.112561727361 14232.777777777797 14232.777777777797 
109.00294688426877 18.0 0.0 0.0 135.0 14231.27908333242 14232.777777777797 14232.777777777797 
110.00294688426877 18.0 0.0 0.0 135.0 14231.428952776947 14232.777777777797 14232.777777777797 
111.00294688426877 18.0 0.0 0.0 135.0 14231.563835277066 14232.777777777797 14232.777777777797 
112.00294688426877 18.0 0.0 0.0 135.0 14231.685229527131 14232.777777777797 14232.777777777797 
113.00294688426877 18.0 0.0 0.0 135.0 14231.79448435215 14232.777777777797 14232.777777777797 
114.00294688426877 18.0 0.0 1.0 135.0 14231.892813694736 14232.777777777797 14232.777777777797 
115.00294688426877 19.0 0.0 0.0 135.0 14230.219828621559 14215.162962962962 14232.777777777797 
116.00294688426877 19.0 0.0 0.0 135.0 14230.475623537184 14232.777777777797 14232.777777777797 
117.00294688426877 19.0 0.0 0.0 135.0 14230.705838961212 14232.777777777797 14232.777777777797 
118.00294688426877 19.0 0.0 0.0 135.0 14230.913032842898 14232.777777777797 14232.777777777797 
119.00294688426877 19.0 0.0 0.0 135.0 14231.099507336397 14232.777777777797 14232.777777777797 
120.00294688426877 19.0 0.0 0.0 135.0 14231.267334380529 14232.777777777797 14232.777777777797 
121.00294688426877 19.0 0.0 0.0 135.0 14231.418378720226 14232.777777777797 14232.777777777797 
122.00294688426877 19.0 0.0 0.0 135.0 14231.554318626027 14232.777777777797 14232.777777777797 
123.00294688426877 19.0 0.0 0.0 135.0 14231.676664541184 14232.777777777797 14232.777777777797 
124.00294688426877 19.0 0.0 0.0 135.0 14231.78677586481 14232.777777777797 14232.777777777797 
125.00294688426877 19.0 0.0 0.0 135.0 14231.885876056132 14232.777777777797 14232.777777777797 
126.00294688426877 19.0 0.0 0.0 135.0 14231.97506622829 14232.777777777797 14232.777777777797 
127.00294688426877 19.0 0.0 1.0 135.0 14232.055337383239 14232.777777777797 14232.777777777797 
128.00294688426877 20.0 0.0 0.0 135.0 14230.366099941215 14215.162962962962 14232.777777777797 
129.00294688426877 20.0 0.0 0.0 135.0 14230.607267724901 14232.777777777797 14232.777777777797 
130.00294688426877 20.0 0.0 0.0 135.0 14230.824318730152 14232.777777777797 14232.777777777797 
131.00294688426877 20.0 0.0 0.0 135.0 14231.019664634907 14232.777777777797 14232.777777777797 
132.00294688426877 20.0 0.0 0.0 135.0 14231.195475949215 14232.777777777797 14232.777777777797 
133.00294688426877 20.0 0.0 2.0 135.0 14231.353706132066 14232.777777777797 14232.777777777797 
134.00294688426877 22.0 0.0 1.0 135.0 14229.422039222552 14212.037037037013 14232.777777777797 
135.00294688426877 23.0 0.0 1.0 135.0 14227.996131596592 14215.162962962962 14232.777777777797 
136.00294688426877 24.0 0.0 0.0 135.0 14226.712814733242 14215.162962962962 14232.777777777797 
137.00294688426877 24.0 0.0 0.0 135.0 14227.319311037707 14232.777777777797 14232.777777777797 
138.00294688426877 24.0 0.0 1.0 135.0 14227.865157711702 14232.777777777797 14232.777777777797 
139.00294688426877 25.0 0.0 2.0 135.0 14226.594938236825 14215.162962962962 14232.777777777797 
140.00294688426877 27.0 0.0 0.0 135.0 14225.139148116865 14212.037037037013 14232.777777777797 
141.00294688426877 27.0 0.0 0.0 135.0 14225.90301108296 14232.777777777797 14232.777777777797 
142.00294688426877 27.0 0.0 1.0 135.0 14226.590487752426 14232.777777777797 14232.777777777797 
143.00294688426877 28.0 0.0 0.0 135.0 14226.896624162388 14229.651851851839 14232.777777777797 
144.00294688426877 28.0 0.0 0.0 135.0 14227.4847395239 14232.777777777797 14232.777777777797 
145.00294688426877 28.0 0.0 1.0 135.0 14228.014043349287 14232.777777777797 14232.777777777797 
146.00294688426877 29.0 0.0 2.0 135.0 14228.177824199538 14229.651851851839 14232.777777777797 
147.00294688426877 31.0 0.0 1.0 135.0 14228.012634372188 14226.525925925918 14232.777777777797 
148.00294688426877 32.0 0.0 1.0 135.0 14228.176556120152 14229.651851851839 14232.777777777797 
149.00294688426877 33.0 0.0 0.0 135.0 14228.324085693315 14229.651851851839 14232.777777777797 
150.00294688426877 33.0 0.0 1.0 135.0 14228.769454901752 14232.777777777797 14232.777777777797 
151.00294688426877 34.0 0.0 0.0 135.0 14228.857694596794 14229.651851851839 14232.777777777797 
152.00294688426877 34.0 0.0 1.0 135.0 14229.249702914894 14232.777777777797 14232.777777777797 
153.00294688426877 35.0 0.0 1.0 135.0 14229.289917808575 14229.651851851839 14232.777777777797 
154.00294688426877 36.0 0.0 1.0 135.0 14229.326111212895 14229.651851851839 14232.777777777797 
155.00294688426877 37.0 0.0 1.0 135.0 14229.3586852768 14229.651851851839 14232.777777777797 
156.00294688426877 38.0 0.0 2.0 135.0 14229.3880019343 14229.651851851839 14232.777777777797 
157.00294688426877 40.0 0.0 2.0 135.0 14229.101794333483 14226.525925925918 14232.777777777797 
158.00294688426877 42.0 0.0 2.0 135.0 14228.844207492712 14226.525925925918 14232.777777777797 
159.00294688426877 44.0 0.0 4.0 135.0 14227.163490447148 14212.037037037013 14232.777777777797 
160.00294688426877 48.0 0.0 1.0 135.0 14225.02640066168 14205.792592592627 14232.777777777797 
161.00294688426877 49.0 0.0 1.0 135.0 14225.488945780702 14229.651851851839 14232.777777777797 
162.00294688426877 50.0 0.0 2.0 135.0 14225.905236387802 14229.651851851839 14232.777777777797 
163.00294688426877 52.0 0.0 0.0 135.0 14225.96730534162 14226.525925925918 14232.777777777797 
164.00294688426877 52.0 0.0 4.0 135.0 14226.648352585236 14232.777777777797 14232.777777777797 
165.00294688426877 56.0 0.0 3.0 135.0 14224.562035845252 14205.785185185186 14232.777777777797 
166.00294688426877 59.0 0.0 2.0 135.0 14224.445832260708 14223.400000000001 14232.777777777797 
167.00294688426877 61.0 0.0 0.0 135.0 14223.204952738353 14212.037037037013 14232.777777777797 
168.00294688426877 61.0 0.0 1.0 135.0 14224.162235242275 14232.777777777797 14232.777777777797 
169.00294688426877 62.0 0.0 1.0 135.0 14224.711196903254 14229.651851851839 14232.777777777797 
170.00294688426877 63.0 0.0 4.0 135.0 14223.756373509217 14215.162962962962 14232.777777777797 
171.00294688426877 67.0 0.0 4.0 135.0 14221.959254676825 14205.785185185186 14232.777777777797 
172.00294688426877 71.0 0.0 0.0 135.0 14221.79073661652 14220.274074074052 14232.777777777797 
173.00294688426877 71.0 0.0 0.0 135.0 14222.889440732652 14232.777777777797 14232.777777777797 
174.00294688426877 71.0 0.0 2.0 135.0 14223.878274437173 14232.777777777797 14232.777777777797 
175.00294688426877 73.0 0.0 1.0 135.0 14224.143039586068 14226.525925925918 14232.777777777797 
176.00294688426877 74.0 0.0 2.0 135.0 14224.693920812659 14229.651851851839 14232.777777777797 
177.00294688426877 76.0 0.0 3.0 135.0 14224.87712132396 14226.525925925918 14232.777777777797 
178.00294688426877 79.0 0.0 0.0 135.0 14223.28126104343 14208.918518518494 14232.777777777797 
179.00294688426877 79.0 0.0 0.0 135.0 14224.23091271687 14232.777777777797 14232.777777777797 
180.00294688426877 79.0 0.0 5.0 135.0 14225.08559922296 14232.777777777797 14232.777777777797 
181.00294688426877 84.0 0.0 2.0 135.0 14222.842965226555 14202.659259259277 14232.777777777797 
182.00294688426877 86.0 0.0 3.0 135.0 14223.211261296512 14226.525925925918 14232.777777777797 
183.00294688426877 89.0 0.0 3.0 135.0 14220.332357389085 14194.422222222236 14232.777777777797 
184.00294688426877 92.0 0.0 4.0 135.0 14219.190232761284 14208.911111111145 14232.777777777797 
185.00294688426877 96.0 0.0 2.0 135.0 14216.40083911478 14191.296296296277 14232.777777777797 
186.00294688426877 98.0 0.0 3.0 135.0 14217.413347795895 14226.525925925918 14232.777777777797 
187.00294688426877 101.0 0.0 0.0 135.0 14216.563124127404 14208.911111111145 14232.777777777797 
188.00294688426877 101.0 0.0 2.0 135.0 14218.184589492454 14232.777777777797 14232.777777777797 
189.00294688426877 103.0 0.0 4.0 135.0 14219.018723135798 14226.525925925918 14232.777777777797 
190.00294688426877 107.0 0.0 1.0 135.0 14217.695369340754 14205.785185185186 14232.777777777797 
191.00294688426877 108.0 0.0 2.0 135.0 14217.442128702947 14215.162962962962 14232.777777777797 
192.00294688426877 110.0 0.0 3.0 135.0 14218.350508425268 14226.525925925918 14232.777777777797 
193.00294688426877 113.0 0.0 3.0 135.0 14218.855457582731 14223.400000000001 14232.777777777797 
194.00294688426877 116.0 0.0 1.0 135.0 14219.309911824466 14223.400000000001 14232.777777777797 
195.00294688426877 117.0 0.0 1.0 135.0 14218.895216938296 14215.162962962962 14232.777777777797 
196.00294688426877 118.0 0.0 2.0 135.0 14218.52199154078 14215.162962962962 14232.777777777797 
197.00294688426877 120.0 0.0 2.0 135.0 14217.87349609041 14212.037037037013 14232.777777777797 
198.00294688426877 122.0 0.0 2.0 135.0 14218.738739073942 14226.525925925918 14232.777777777797 
199.00294688426877 124.0 0.0 1.0 135.0 14219.517457759153 14226.525925925918 14232.777777777797 
200.00294688426877 125.0 0.0 2.0 135.0 14220.530897168404 14229.651851851839 14232.777777777797 
201.00294688426877 127.0 0.0 4.0 135.0 14221.130400044189 14226.525925925918 14232.777777777797 
202.00294688426877 131.0 0.0 2.0 135.0 14221.045508187879 14220.281481481483 14232.777777777797 
203.00294688426877 133.0 0.0 4.0 135.0 14221.593549961714 14226.525925925918 14232.777777777797 
204.00294688426877 137.0 0.0 0.0 134.0 14220.013454224805 14205.792592592627 14232.777777777797 
205.00294688426877 137.0 0.0 1.0 135.0 14221.289886580102 14232.777777777797 14232.777777777797 
206.00294688426877 138.0 0.0 1.0 135.0 14220.67719421838 14215.162962962962 14232.777777777797 
207.00294688426877 139.0 0.0 1.0 135.0 14220.125771092826 14215.162962962962 14232.777777777797 
208.00294688426877 140.0 0.0 4.0 135.0 14219.629490279865 14215.162962962962 14232.777777777797 
209.00294688426877 144.0 0.0 0.0 135.0 14218.245059770386 14205.785185185186 14232.777777777797 
210.00294688426877 144.0 0.0 1.0 135.0 14219.698331571128 14232.777777777797 14232.777777777797 
211.00294688426877 145.0 0.0 1.0 135.0 14220.693683599195 14229.651851851839 14232.777777777797 
212.00294688426877 146.0 0.0 1.0 135.0 14221.589500424461 14229.651851851839 14232.777777777797 
213.00294688426877 147.0 0.0 1.0 135.0 14222.395735567201 14229.651851851839 14232.777777777797 
214.00294688426877 148.0 0.0 0.0 135.0 14223.121347195653 14229.651851851839 14232.777777777797 
215.00294688426877 148.0 0.0 2.0 135.0 14224.08699025388 14232.777777777797 14232.777777777797 
216.00294688426877 150.0 0.0 1.0 135.0 14222.881994932191 14212.037037037013 14232.777777777797 
217.00294688426877 151.0 0.0 2.0 135.0 14223.558980624142 14229.651851851839 14232.777777777797 
218.00294688426877 153.0 0.0 1.0 135.0 14222.406786265441 14212.037037037013 14232.777777777797 
219.00294688426877 154.0 0.0 1.0 135.0 14221.682403935196 14215.162962962962 14232.777777777797 
220.00294688426877 155.0 0.0 3.0 135.0 14222.479348726885 14229.651851851839 14232.777777777797 
221.00294688426877 158.0 0.0 0.0 135.0 14221.12326570604 14208.918518518494 14232.777777777797 
222.00294688426877 158.0 0.0 0.0 135.0 14222.288716913206 14232.777777777797 14232.777777777797 
223.00294688426877 158.0 0.0 3.0 135.0 14223.337622999648 14232.777777777797 14232.777777777797 
224.00294688426877 161.0 0.0 1.0 135.0 14221.894971810809 14208.911111111145 14232.777777777797 
225.00294688426877 162.0 0.0 1.0 135.0 14222.67065981489 14229.651851851839 14232.777777777797 
226.00294688426877 163.0 0.0 3.0 135.0 14223.368779018605 14229.651851851839 14232.777777777797 
227.00294688426877 166.0 0.0 3.0 135.0 14223.37190111672 14223.400000000001 14232.777777777797 
228.00294688426877 169.0 0.0 0.0 135.0 14223.37471100509 14223.400000000001 14232.777777777797 
229.00294688426877 169.0 0.0 1.0 135.0 14224.31501768234 14232.777777777797 14232.777777777797 
230.00294688426877 170.0 0.0 1.0 135.0 14224.84870109928 14229.651851851839 14232.777777777797 
231.00294688426877 171.0 0.0 0.0 135.0 14225.329016174534 14229.651851851839 14232.777777777797 
232.00294688426877 171.0 0.0 0.0 135.0 14226.073892334874 14232.777777777797 14232.777777777797 
233.00294688426877 171.0 0.0 2.0 135.0 14226.744280879167 14232.777777777797 14232.777777777797 
234.00294688426877 173.0 0.0 2.0 135.0 14225.273556494953 14212.037037037013 14232.777777777797 
235.00294688426877 175.0 0.0 4.0 135.0 14225.398793438035 14226.525925925918 14232.777777777797 
236.00294688426877 179.0 0.0 0.0 135.0 14224.886321501648 14220.274074074052 14232.777777777797 
237.00294688426877 179.0 0.0 3.0 135.0 14225.67546712927 14232.777777777797 14232.777777777797 
238.00294688426877 182.0 0.0 2.0 135.0 14221.101994490411 14179.940740740722 14232.777777777797 
239.00294688426877 184.0 0.0 2.0 135.0 14218.74735059693 14197.555555555586 14232.777777777797 
240.00294688426877 186.0 0.0 2.0 135.0 14219.525208129842 14226.525925925918 14232.777777777797 
241.00294688426877 188.0 0.0 2.0 135.0 14220.225279909444 14226.525925925918 14232.777777777797 
242.00294688426877 190.0 0.0 1.0 135.0 14220.855344511068 14226.525925925918 14232.777777777797 
243.00294688426877 191.0 0.0 1.0 135.0 14220.28610635627 14215.162962962962 14232.777777777797 
244.00294688426877 192.0 0.0 1.0 135.0 14219.77379201694 14215.162962962962 14232.777777777797 
245.00294688426877 193.0 0.0 3.0 135.0 14220.761598000421 14229.651851851839 14232.777777777797 
246.00294688426877 196.0 0.0 3.0 135.0 14221.025438200393 14223.400000000001 14232.777777777797 
247.00294688426877 199.0 0.0 2.0 135.0 14221.262894380337 14223.400000000001 14232.777777777797 
248.00294688426877 201.0 0.0 2.0 135.0 14220.340308646038 14212.037037037013 14232.777777777797 
249.00294688426877 203.0 0.0 0.0 135.0 14220.958870374021 14226.525925925918 14232.777777777797 
250.00294688426877 203.0 0.0 1.0 135.0 14222.140761114371 14232.777777777797 14232.777777777797 
251.00294688426877 204.0 0.0 1.0 135.0 14222.891870188128 14229.651851851839 14232.777777777797 
252.00294688426877 205.0 0.0 2.0 135.0 14222.118979465624 14215.162962962962 14232.777777777797 
253.00294688426877 207.0 0.0 2.0 135.0 14222.559674111635 14226.525925925918 14232.777777777797 
254.00294688426877 209.0 0.0 0.0 135.0 14222.956299293068 14226.525925925918 14232.777777777797 
255.00265724894714 209.0 0.0 3.0 135.0 14223.938447141534 14232.777777777797 14232.777777777797 
256.0029468842688 212.0 0.0 2.0 135.0 14223.884602427388 14223.400000000001 14232.777777777797 
257.0029468842688 214.0 0.0 4.0 135.0 14224.148734777247 14226.525925925918 14232.777777777797 
258.0029468842688 218.0 0.0 0.0 135.0 14223.761268706932 14220.274074074052 14232.777777777797 
259.0029468842688 218.0 0.0 1.0 135.0 14224.662919614018 14232.777777777797 14232.777777777797 
260.0029468842688 219.0 0.0 7.0 135.0 14225.161812837794 14229.651851851839 14232.777777777797 
261.0029468842688 226.0 0.0 2.0 135.0 14223.735261183623 14210.896296296318 14232.777777777797 
262.0029468842688 228.0 0.0 3.0 135.0 14224.014327657867 14226.525925925918 14232.777777777797 
263.0029468842688 231.0 0.0 1.0 135.0 14221.055117114307 14194.422222222236 14232.777777777797 
264.0029468842688 232.0 0.0 5.0 135.0 14220.465901699188 14215.162962962962 14232.777777777797 
265.0029468842688 237.0 0.0 2.0 135.0 14217.236348566295 14188.17037037036 14232.777777777797 
266.0029468842688 239.0 0.0 1.0 135.0 14216.716417413376 14212.037037037013 14232.777777777797 
267.0029468842688 240.0 0.0 4.0 135.0 14218.009960857213 14229.651851851839 14232.777777777797 
268.0029468842688 244.0 0.0 0.0 135.0 14216.787483289994 14205.785185185186 14232.777777777797 
269.0029468842688 244.0 0.0 2.0 135.0 14218.38651273879 14232.777777777797 14232.777777777797 
270.0029468842688 246.0 0.0 1.0 135.0 14219.200454057496 14226.525925925918 14232.777777777797 
271.0029468842688 247.0 0.0 3.0 135.0 14218.796704948045 14215.162962962962 14232.777777777797 
272.0029468842688 250.0 0.0 4.0 135.0 14217.808145564348 14208.911111111145 14232.777777777797 
273.0029468842688 254.0 0.0 0.0 135.0 14216.605849526439 14205.785185185186 14232.777777777797 
274.0029468842688 254.0 0.0 2.0 135.0 14218.22304235157 14232.777777777797 14232.777777777797 
275.0029468842688 256.0 0.0 4.0 135.0 14219.053330709017 14226.525925925918 14232.777777777797 
276.0029468842688 260.0 0.0 3.0 135.0 14219.176145786249 14220.281481481483 14232.777777777797 
277.0029468842688 263.0 0.0 6.0 135.0 14219.59853120763 14223.400000000001 14232.777777777797 
278.0029468842688 269.0 0.0 1.0 135.0 14214.694974383181 14170.562962962935 14232.777777777797 
279.0029468842688 270.0 0.0 5.0 135.0 14214.741773241143 14215.162962962962 14232.777777777797 
280.0029468842688 275.0 0.0 2.0 135.0 14213.534262583702 14202.666666666668 14232.777777777797 
281.0029468842688 277.0 0.0 1.0 135.0 14214.833428917915 14226.525925925918 14232.777777777797 
282.0029468842688 278.0 0.0 3.0 135.0 14216.315271211302 14229.651851851839 14232.777777777797 
283.0029468842688 281.0 0.0 0.0 135.0 14217.02374409016 14223.400000000001 14232.777777777797 
284.0029468842688 281.0 0.0 3.0 135.0 14218.599147458945 14232.777777777797 14232.777777777797 
285.0029468842688 284.0 0.0 1.0 135.0 14217.63034382415 14208.911111111145 14232.777777777797 
286.0029468842688 285.0 0.0 3.0 135.0 14218.832494626928 14229.651851851839 14232.777777777797 
287.0029468842688 288.0 0.0 4.0 135.0 14219.289985904988 14223.407407407401 14232.777777777797 
288.0029468842688 292.0 0.0 4.0 135.0 14216.490616944093 14191.296296296277 14232.777777777797 
289.0029468842688 296.0 0.0 2.0 135.0 14215.420073768215 14205.785185185186 14232.777777777797 
290.0002154956092 298.0 0.0 4.0 135.0 14216.530658983977 14226.525925925918 14232.777777777797 
291.0029468842688 302.0 0.0 2.0 135.0 14216.905000492989 14220.274074074052 14232.777777777797 
292.0029468842688 304.0 0.0 2.0 135.0 14216.418204147414 14212.037037037013 14232.777777777797 
293.0029468842688 306.0 0.0 2.0 135.0 14217.42897632526 14226.525925925918 14232.777777777797 
294.0029468842688 308.0 0.0 2.0 135.0 14216.889782396445 14212.037037037013 14232.777777777797 
295.0023772823983 310.0 0.0 1.0 135.0 14216.404507860472 14212.037037037013 14232.777777777797 
296.0029468842688 311.0 0.0 1.0 135.0 14217.72924225962 14229.651851851839 14232.777777777797 
297.0029468842688 312.0 0.0 1.0 135.0 14218.921503218864 14229.651851851839 14232.777777777797 
298.0029468842688 313.0 0.0 3.0 135.0 14219.994538082154 14229.651851851839 14232.777777777797 
299.0029468842688 316.0 0.0 1.0 135.0 14218.886195385046 14208.911111111145 14232.777777777797 
300.0029468842688 317.0 0.0 3.0 135.0 14218.513872142817 14215.162962962962 14232.777777777797 
301.0029468842688 320.0 0.0 1.0 135.0 14219.002484928538 14223.400000000001 14232.777777777797 
302.0029468842688 321.0 0.0 0.0 135.0 14218.618532731996 14215.162962962962 14232.777777777797 
303.0029468842688 321.0 0.0 3.0 135.0 14220.034457236592 14232.777777777797 14232.777777777797 
304.0029468842688 324.0 0.0 2.0 135.0 14218.922122624039 14208.911111111145 14232.777777777797 
305.0029468842688 326.0 0.0 3.0 135.0 14219.682502954192 14226.525925925918 14232.777777777797 
306.0029468842688 329.0 0.0 2.0 135.0 14220.054252658814 14223.400000000001 14232.777777777797 
307.0029468842688 331.0 0.0 1.0 135.0 14219.252531096638 14212.037037037013 14232.777777777797 
308.0029468842688 332.0 0.0 2.0 135.0 14220.292463172145 14229.651851851839 14232.777777777797 
309.0029468842688 334.0 0.0 2.0 135.0 14219.466920558647 14212.037037037013 14232.777777777797 
310.0029468842688 336.0 0.0 2.0 135.0 14220.172821095359 14226.525925925918 14232.777777777797 
311.0029468842688 338.0 0.0 4.0 135.0 14220.80813157843 14226.525925925918 14232.777777777797 
312.0029468842688 342.0 0.0 4.0 135.0 14219.305836939086 14205.785185185186 14232.777777777797 
313.0029468842688 346.0 0.0 5.0 135.0 14217.9537717637 14205.785185185186 14232.777777777797 
314.0029468842688 351.0 0.0 5.0 135.0 14214.976172365108 14188.17777777776 14232.777777777797 
315.0029468842688 356.0 0.0 1.0 135.0 14213.744481054526 14202.659259259277 14232.777777777797 
316.0029468842688 357.0 0.0 3.0 135.0 14215.335218134262 14229.651851851839 14232.777777777797 
317.0029468842688 360.0 0.0 1.0 135.0 14214.692807431942 14208.911111111145 14232.777777777797 
318.0029468842688 361.0 0.0 2.0 135.0 14216.188711873925 14229.651851851839 14232.777777777797 
319.0029468842688 363.0 0.0 2.0 135.0 14215.77354439026 14212.037037037013 14232.777777777797 
320.0029468842688 365.0 0.0 3.0 135.0 14215.399893654901 14212.037037037013 14232.777777777797 
321.0029468842688 368.0 0.0 1.0 135.0 14216.199904289433 14223.400000000001 14232.777777777797 
322.0029468842688 369.0 0.0 3.0 135.0 14216.096210156775 14215.162962962962 14232.777777777797 
323.0029468842688 372.0 0.0 2.0 135.0 14216.827329881837 14223.407407407401 14232.777777777797 
324.0029468842688 374.0 0.0 5.0 135.0 14217.797189486275 14226.525925925918 14232.777777777797 
325.0029468842688 379.0 0.0 0.0 135.0 14214.834507574671 14188.17037037036 14232.777777777797 
326.0029468842688 379.0 0.0 1.0 135.0 14216.628834594976 14232.777777777797 14232.777777777797 
327.0029468842688 380.0 0.0 5.0 135.0 14217.93113632066 14229.651851851839 14232.777777777797 
328.0029468842688 385.0 0.0 3.0 135.0 14216.404689355251 14202.666666666668 14232.777777777797 
329.0029468842688 388.0 0.0 3.0 135.0 14215.655331530854 14208.911111111145 14232.777777777797 
330.0029468842688 391.0 0.0 2.0 135.0 14214.980909488882 14208.911111111145 14232.777777777797 
331.0029468842688 393.0 0.0 2.0 135.0 14216.13541113257 14226.525925925918 14232.777777777797 
332.0029468842688 395.0 0.0 2.0 135.0 14217.174462611907 14226.525925925918 14232.777777777797 
333.0029468842688 397.0 0.0 5.0 135.0 14216.660720054426 14212.037037037013 14232.777777777797 
334.0029468842688 402.0 0.0 3.0 135.0 14212.36279619711 14173.681481481453 14232.777777777797 
335.0029468842688 405.0 0.0 1.0 135.0 14212.017627688536 14208.911111111145 14232.777777777797 
336.0029468842688 406.0 0.0 4.0 135.0 14213.78105010485 14229.651851851839 14232.777777777797 
337.0029468842688 410.0 0.0 1.0 135.0 14214.430352501771 14220.274074074052 14232.777777777797 
338.0029468842688 411.0 0.0 5.0 135.0 14215.952502436785 14229.651851851839 14232.777777777797 
339.0029468842688 416.0 0.0 4.0 135.0 14214.623178119018 14202.659259259277 14232.777777777797 
340.0029468842688 420.0 0.0 3.0 135.0 14212.290489936786 14191.296296296277 14232.777777777797 
341.0029468842688 423.0 0.0 0.0 135.0 14209.055515017177 14179.940740740722 14232.777777777797 
342.0029468842688 423.0 0.0 2.0 135.0 14211.427741293212 14232.777777777797 14232.777777777797 
343.0029468842688 425.0 0.0 2.0 135.0 14212.937559756514 14226.525925925918 14232.777777777797 
344.0029468842688 427.0 0.0 4.0 135.0 14212.847507484568 14212.037037037013 14232.777777777797 
345.0029468842688 431.0 0.0 3.0 135.0 14209.244238217563 14176.814814814803 14232.777777777797 
346.0029468842688 434.0 0.0 2.0 135.0 14210.659814395825 14223.400000000001 14232.777777777797 
347.0029468842688 436.0 0.0 2.0 135.0 14212.246425548838 14226.525925925918 14232.777777777797 
348.0029468842688 438.0 0.0 1.0 135.0 14213.674375586535 14226.525925925918 14232.777777777797 
349.0029468842688 439.0 0.0 4.0 135.0 14215.272123213068 14229.651851851839 14232.777777777797 
350.0029468842688 443.0 0.0 0.0 135.0 14215.772318299174 14220.274074074052 14232.777777777797 
351.0029468842688 443.0 0.0 1.0 135.0 14217.472864247033 14232.777777777797 14232.777777777797 
352.0029468842688 444.0 0.0 4.0 135.0 14218.690763007504 14229.651851851839 14232.777777777797 
353.0029468842688 448.0 0.0 1.0 135.0 14217.400205225273 14205.785185185186 14232.777777777797 
354.0029468842688 449.0 0.0 1.0 135.0 14217.176480999036 14215.162962962962 14232.777777777797 
355.0029468842688 450.0 0.0 3.0 135.0 14218.424018084344 14229.651851851839 14232.777777777797 
356.0029468842688 453.0 0.0 1.0 135.0 14217.472727387023 14208.911111111145 14232.777777777797 
357.0029468842688 454.0 0.0 3.0 135.0 14218.690639833505 14229.651851851839 14232.777777777797 
358.0029468842688 457.0 0.0 6.0 135.0 14217.712686961238 14208.911111111145 14232.777777777797 
359.0029468842688 463.0 0.0 2.0 135.0 14214.445862709583 14185.044444444442 14232.777777777797 
360.0029468842688 465.0 0.0 5.0 135.0 14215.653869031192 14226.525925925918 14232.777777777797 
361.0029468842688 470.0 0.0 4.0 135.0 14212.905519165137 14188.17037037036 14232.777777777797 
362.0029468842688 474.0 0.0 4.0 135.0 14212.193485767139 14205.785185185186 14232.777777777797 
363.0029468842688 478.0 0.0 4.0 135.0 14211.552655708922 14205.785185185186 14232.777777777797 
364.0029468842688 482.0 0.0 3.0 135.0 14212.424797545465 14220.274074074052 14232.777777777797 
365.0029468842688 485.0 0.0 6.0 135.0 14210.625280753866 14194.429629629629 14232.777777777797 
366.0029468842688 491.0 0.0 0.0 135.0 14208.067197122922 14185.044444444442 14232.777777777797 
367.0029468842688 491.0 0.0 4.0 135.0 14210.538255188423 14232.777777777797 14232.777777777797 
368.0029468842688 495.0 0.0 4.0 135.0 14211.511837076976 14220.274074074052 14232.777777777797 
369.0029468842688 499.0 0.0 3.0 135.0 14212.388060776684 14220.274074074052 14232.777777777797 
370.0029468842688 502.0 0.0 4.0 135.0 14212.040365810124 14208.911111111145 14232.777777777797 
371.0029468842688 506.0 0.0 1.0 135.0 14212.86373663655 14220.274074074052 14232.777777777797 
372.0029468842688 507.0 0.0 4.0 135.0 14214.542548158048 14229.651851851839 14232.777777777797 
373.0029468842688 511.0 0.0 2.0 135.0 14215.116441490414 14220.281481481483 14232.777777777797 
374.0029468842688 513.0 0.0 3.0 135.0 14214.808501045056 14212.037037037013 14232.777777777797 
375.0029468842688 516.0 0.0 3.0 135.0 14215.668391681304 14223.407407407401 14232.777777777797 
376.0029468842688 519.0 0.0 3.0 135.0 14213.543774735377 14194.422222222236 14232.777777777797 
377.0029468842688 522.0 0.0 4.0 135.0 14213.080508372952 14208.911111111145 14232.777777777797 
378.0029468842688 526.0 0.0 4.0 134.0 14213.800605683808 14220.281481481483 14232.777777777797 
379.0029468842688 530.0 0.0 5.0 135.0 14214.448693263583 14220.281481481483 14232.777777777797 
380.0029468842688 535.0 0.0 3.0 135.0 14213.270490603883 14202.666666666668 14232.777777777797 
381.0029468842688 538.0 0.0 4.0 135.0 14212.834552654605 14208.911111111145 14232.777777777797 
382.0029468842688 542.0 0.0 1.0 135.0 14212.129615907672 14205.785185185186 14232.777777777797 
383.0029468842688 543.0 0.0 3.0 135.0 14212.432950613204 14215.162962962962 14232.777777777797 
384.0029468842688 546.0 0.0 2.0 135.0 14212.080766662999 14208.911111111145 14232.777777777797 
385.0029468842688 548.0 0.0 2.0 135.0 14213.525282589293 14226.525925925918 14232.777777777797 
386.0029468842688 550.0 0.0 7.0 135.0 14211.927569145157 14197.54814814815 14232.777777777797 
387.0029468842688 557.0 0.0 3.0 135.0 14208.92666408251 14181.918518518494 14232.777777777797 
388.0029468842688 560.0 0.0 4.0 135.0 14210.373997674253 14223.400000000001 14232.777777777797 
389.0029468842688 564.0 0.0 4.0 135.0 14207.0180793883 14176.814814814803 14232.777777777797 
390.0029468842688 568.0 0.0 4.0 135.0 14206.894789967988 14205.785185185186 14232.777777777797 
391.0029468842688 572.0 0.0 3.0 135.0 14206.783829489712 14205.785185185186 14232.777777777797 
392.0029468842688 575.0 0.0 3.0 135.0 14208.446187281472 14223.407407407401 14232.777777777797 
393.0029468842688 578.0 0.0 3.0 135.0 14208.492679664469 14208.911111111145 14232.777777777797 
394.0029468842688 581.0 0.0 2.0 135.0 14208.534522809128 14208.911111111145 14232.777777777797 
395.0029468842688 583.0 0.0 5.0 135.0 14210.333663120797 14226.525925925918 14232.777777777797 
396.0029468842688 588.0 0.0 3.0 135.0 14208.118074586504 14188.17777777776 14232.777777777797 
397.0029468842688 591.0 0.0 2.0 135.0 14209.646267127839 14223.400000000001 14232.777777777797 
398.0029468842688 593.0 0.0 1.0 135.0 14211.334233007667 14226.525925925918 14232.777777777797 
399.0029468842688 594.0 0.0 4.0 135.0 14213.165994892051 14229.651851851839 14232.777777777797 
400.0029468842688 598.0 0.0 3.0 135.0 14212.428654662133 14205.792592592627 14232.777777777797 
401.0029468842688 601.0 0.0 3.0 135.0 14213.52578919591 14223.400000000001 14232.777777777797 
402.0029468842688 604.0 0.0 3.0 135.0 14213.06432138744 14208.911111111145 14232.777777777797 
403.0029468842688 607.0 0.0 3.0 135.0 14214.097889248695 14223.400000000001 14232.777777777797 
404.0029468842688 610.0 0.0 2.0 135.0 14213.579211434939 14208.911111111145 14232.777777777797 
405.0029468842688 612.0 0.0 3.0 135.0 14214.873882884034 14226.525925925918 14232.777777777797 
406.0029468842688 615.0 0.0 3.0 135.0 14215.726494595618 14223.400000000001 14232.777777777797 
407.0029468842688 618.0 0.0 0.0 135.0 14215.04495624717 14208.911111111145 14232.777777777797 
408.0029468842688 618.0 0.0 3.0 135.0 14216.818238400228 14232.777777777797 14232.777777777797 
409.0029468842688 621.0 0.0 0.0 135.0 14214.578636782417 14194.422222222236 14232.777777777797 
410.0029468842688 621.0 0.0 1.0 135.0 14216.398550881953 14232.777777777797 14232.777777777797 
411.0029468842688 622.0 0.0 2.0 135.0 14217.723880978934 14229.651851851839 14232.777777777797 
412.0029468842688 624.0 0.0 1.0 135.0 14218.604085473646 14226.525925925918 14232.777777777797 
413.0029468842688 625.0 0.0 1.0 135.0 14219.708862111487 14229.651851851839 14232.777777777797 
414.0029468842688 626.0 0.0 0.0 135.0 14219.254272196598 14215.162962962962 14232.777777777797 
415.0029468842688 626.0 0.0 1.0 135.0 14220.606622754733 14232.777777777797 14232.777777777797 
416.0029468842688 627.0 0.0 1.0 135.0 14221.511145664443 14229.651851851839 14232.777777777797 
417.0029468842688 628.0 0.0 0.0 135.0 14222.325216283187 14229.651851851839 14232.777777777797 
418.0029468842688 628.0 0.0 0.0 135.0 14223.370472432636 14232.777777777797 14232.777777777797 
419.0029468842688 628.0 0.0 0.0 135.0 14224.31120296716 14232.777777777797 14232.777777777797 
420.0029468842688 628.0 0.0 0.0 135.0 14225.157860448227 14232.777777777797 14232.777777777797 
421.0029468842688 628.0 0.0 1.0 135.0 14225.91985218117 14232.777777777797 14232.777777777797 
422.0029468842688 629.0 0.0 0.0 135.0 14226.293052148254 14229.651851851839 14232.777777777797 
423.0029468842688 629.0 0.0 0.0 135.0 14226.941524711192 14232.777777777797 14232.777777777797 
424.0029468842688 629.0 0.0 0.0 135.0 14227.525150017871 14232.777777777797 14232.777777777797 
425.0029468842688 629.0 0.0 0.0 135.0 14228.050412793833 14232.777777777797 14232.777777777797 
426.0029468842688 629.0 0.0 2.0 135.0 14228.523149292248 14232.777777777797 14232.777777777797 
427.0029468842688 631.0 0.0 0.0 135.0 14228.323426955607 14226.525925925918 14232.777777777797 
428.0029468842688 631.0 0.0 0.0 135.0 14228.768862037823 14232.777777777797 14232.777777777797 
429.0029468842688 631.0 0.0 0.0 135.0 14229.169753611832 14232.777777777797 14232.777777777797 
430.0029468842688 631.0 0.0 0.0 135.0 14229.530556028396 14232.777777777797 14232.777777777797 
431.0029468842688 631.0 0.0 2.0 135.0 14229.855278203351 14232.777777777797 14232.777777777797 
432.0029468842688 633.0 0.0 0.0 135.0 14228.073454086743 14212.037037037013 14232.777777777797 
433.0029468842688 633.0 0.0 1.0 135.0 14228.543886455815 14232.777777777797 14232.777777777797 
434.0029468842688 634.0 0.0 0.0 135.0 14227.205794106527 14215.162962962962 14232.777777777797 
435.0029468842688 634.0 0.0 0.0 135.0 14227.762992473668 14232.777777777797 14232.777777777797 
436.0029468842688 634.0 0.0 0.0 135.0 14228.264471004097 14232.777777777797 14232.777777777797 
437.0029468842688 634.0 0.0 0.0 135.0 14228.715801681468 14232.777777777797 14232.777777777797 
438.0029468842688 634.0 0.0 1.0 135.0 14229.121999291068 14232.777777777797 14232.777777777797 
439.0029468842688 635.0 0.0 0.0 135.0 14227.726095658272 14215.162962962962 14232.777777777797 
440.0029468842688 635.0 0.0 0.0 135.0 14228.231263870213 14232.777777777797 14232.777777777797 
441.0029468842688 635.0 0.0 1.0 135.0 14228.685915260978 14232.777777777797 14232.777777777797 
442.0029468842688 636.0 0.0 1.0 135.0 14228.782508920065 14229.651851851839 14232.777777777797 
443.0029468842688 637.0 0.0 0.0 135.0 14228.869443213242 14229.651851851839 14232.777777777797 
444.0029468842688 637.0 0.0 0.0 135.0 14229.26027666971 14232.777777777797 14232.777777777797 
445.0029468842688 637.0 0.0 0.0 135.0 14229.612026780493 14232.777777777797 14232.777777777797 
446.0029468842688 637.0 0.0 0.0 135.0 14229.928601880223 14232.777777777797 14232.777777777797 
447.0029468842688 637.0 0.0 0.0 135.0 14230.213519469984 14232.777777777797 14232.777777777797 
448.0029468842688 637.0 0.0 1.0 135.0 14230.469945300765 14232.777777777797 14232.777777777797 
449.0029468842688 638.0 0.0 0.0 135.0 14230.38813595586 14229.651851851839 14232.777777777797 
450.0029468842688 638.0 0.0 0.0 135.0 14230.627100138056 14232.777777777797 14232.777777777797 
451.0029468842688 638.0 0.0 0.0 135.0 14230.842167902034 14232.777777777797 14232.777777777797 
452.0029468842688 638.0 0.0 0.0 135.0 14231.035728889603 14232.777777777797 14232.777777777797 
453.0029468842688 638.0 0.0 0.0 135.0 14231.20993377843 14232.777777777797 14232.777777777797 
454.0029468842688 638.0 0.0 0.0 135.0 14231.366718178353 14232.777777777797 14232.777777777797 
455.0029468842688 638.0 0.0 0.0 135.0 14231.50782413831 14232.777777777797 14232.777777777797 
456.0029468842688 638.0 0.0 0.0 135.0 14231.634819502253 14232.777777777797 14232.777777777797 
457.0029468842688 638.0 0.0 0.0 135.0 14231.749115329803 14232.777777777797 14232.777777777797 
458.0029468842688 638.0 0.0 0.0 135.0 14231.851981574604 14232.777777777797 14232.777777777797 
459.0029468842688 638.0 0.0 0.0 135.0 14231.94456119494 14232.777777777797 14232.777777777797 
460.0029468842688 638.0 0.0 2.0 135.0 14232.027882853197 14232.777777777797 14232.777777777797 
461.0029468842688 640.0 0.0 0.0 135.0 14231.47768716047 14226.525925925918 14232.777777777797 
462.0029468842688 640.0 0.0 0.0 135.0 14231.607696222198 14232.777777777797 14232.777777777797 
463.0029468842688 640.0 0.0 0.0 135.0 14231.72470437774 14232.777777777797 14232.777777777797 
464.0029468842688 640.0 0.0 0.0 135.0 14231.830011717775 14232.777777777797 14232.777777777797 
465.0029468842688 640.0 0.0 0.0 135.0 14231.924788323755 14232.777777777797 14232.777777777797 
466.0029468842688 640.0 0.0 0.0 135.0 14232.010087269184 14232.777777777797 14232.777777777797 
467.0029468842688 640.0 0.0 1.0 135.0 14232.086856320026 14232.777777777797 14232.777777777797 
468.0029468842688 641.0 0.0 0.0 135.0 14231.843355873203 14229.651851851839 14232.777777777797 
469.0029468842688 641.0 0.0 0.0 135.0 14231.936798063663 14232.777777777797 14232.777777777797 
470.0029468842688 641.0 0.0 0.0 135.0 14232.020896035068 14232.777777777797 14232.777777777797 
471.0029468842688 641.0 0.0 1.0 135.0 14232.096584209352 14232.777777777797 14232.777777777797 
472.0029468842688 642.0 0.0 0.0 135.0 14231.85211097361 14229.651851851839 14232.777777777797 
473.0029468842688 642.0 0.0 0.0 135.0 14231.944677654012 14232.777777777797 14232.777777777797 
474.0029468842688 642.0 0.0 0.0 135.0 14232.027987666375 14232.777777777797 14232.777777777797 
475.0029468842688 642.0 0.0 0.0 135.0 14232.102966677525 14232.777777777797 14232.777777777797 
476.0029468842688 642.0 0.0 0.0 135.0 14232.170447787574 14232.777777777797 14232.777777777797 
477.0029468842688 642.0 0.0 0.0 135.0 14232.231180786557 14232.777777777797 14232.777777777797 
478.0029468842688 642.0 0.0 0.0 135.0 14232.28584048569 14232.777777777797 14232.777777777797 
479.0029468842688 642.0 0.0 0.0 135.0 14232.335034214913 14232.777777777797 14232.777777777797 
480.0029468842688 642.0 0.0 0.0 135.0 14232.379308571184 14232.777777777797 14232.777777777797 
481.0029468842688 642.0 0.0 0.0 135.0 14232.419155491849 14232.777777777797 14232.777777777797 
482.0029468842688 642.0 0.0 0.0 135.0 14232.45501772044 14232.777777777797 14232.777777777797 
483.0029468842688 642.0 0.0 0.0 135.0 14232.487293726183 14232.777777777797 14232.777777777797 
484.0029468842688 642.0 0.0 0.0 135.0 14232.516342131337 14232.777777777797 14232.777777777797 
485.0029468842688 642.0 0.0 0.0 135.0 14232.542485695962 14232.777777777797 14232.777777777797 
486.0029468842688 642.0 0.0 0.0 135.0 14232.566014904165 14232.777777777797 14232.777777777797 
487.0029468842688 642.0 0.0 0.0 135.0 14232.58719119153 14232.777777777797 14232.777777777797 
488.0029468842688 642.0 0.0 0.0 135.0 14232.606249850145 14232.777777777797 14232.777777777797 
489.0029468842688 642.0 0.0 0.0 135.0 14232.623402642901 14232.777777777797 14232.777777777797 
490.0029468842688 642.0 0.0 0.0 135.0 14232.638840156404 14232.777777777797 14232.777777777797 
491.0029468842688 642.0 0.0 0.0 135.0 14232.652733918543 14232.777777777797 14232.777777777797 
492.0029468842688 642.0 0.0 0.0 135.0 14232.665238304467 14232.777777777797 14232.777777777797 
493.0029468842688 642.0 0.0 1.0 135.0 14232.676492251792 14232.777777777797 14232.777777777797 
494.0029468842688 643.0 0.0 1.0 135.0 14232.3740282118 14229.651851851839 14232.777777777797 
495.0029468842688 644.0 0.0 0.0 135.0 14232.101810575808 14229.651851851839 14232.777777777797 
496.0029468842688 644.0 0.0 1.0 135.0 14232.169407296007 14232.777777777797 14232.777777777797 
497.0029468842688 645.0 0.0 0.0 135.0 14231.917651751599 14229.651851851839 14232.777777777797 
498.0029468842688 645.0 0.0 0.0 135.0 14232.00366435421 14232.777777777797 14232.777777777797 
499.0029468842688 645.0 0.0 0.0 135.0 14232.08107569658 14232.777777777797 14232.777777777797 
500.0029468842688 645.0 0.0 1.0 135.0 14232.150745904682 14232.777777777797 14232.777777777797 
501.0029468842688 646.0 0.0 0.0 135.0 14231.900856499393 14229.651851851839 14232.777777777797 
502.0029468842688 646.0 0.0 0.0 135.0 14231.988548627241 14232.777777777797 14232.777777777797 
503.0029468842688 646.0 0.0 0.0 135.0 14232.067471542281 14232.777777777797 14232.777777777797 
504.0029468842688 646.0 0.0 0.0 135.0 14232.138502165844 14232.777777777797 14232.777777777797 
505.0029468842688 646.0 0.0 0.0 135.0 14232.202429727027 14232.777777777797 14232.777777777797 
506.0029468842688 646.0 0.0 0.0 135.0 14232.259964532099 14232.777777777797 14232.777777777797 
507.0029468842688 646.0 0.0 0.0 135.0 14232.311745856689 14232.777777777797 14232.777777777797 
508.0029468842688 646.0 0.0 0.0 135.0 14232.3583490488 14232.777777777797 14232.777777777797 
509.0029468842688 646.0 0.0 0.0 135.0 14232.400291921695 14232.777777777797 14232.777777777797 
510.0029468842688 646.0 0.0 0.0 135.0 14232.438040507304 14232.777777777797 14232.777777777797 
511.0029468842688 646.0 0.0 0.0 135.0 14232.472014234318 14232.777777777797 14232.777777777797 
512.0029468842688 646.0 0.0 0.0 135.0 14232.502590588683 14232.777777777797 14232.777777777797 
513.0029468842688 646.0 0.0 0.0 135.0 14232.530109307592 14232.777777777797 14232.777777777797 
514.0029468842688 646.0 0.0 0.0 135.0 14232.554876154607 14232.777777777797 14232.777777777797 
515.0029468842688 646.0 0.0 1.0 135.0 14232.577166316922 14232.777777777797 14232.777777777797 
516.0029468842688 647.0 0.0 0.0 135.0 14230.835745981529 14215.162962962962 14232.777777777797 
517.0029468842688 647.0 0.0 0.0 135.0 14231.02994916116 14232.777777777797 14232.777777777797 
518.0029468842688 647.0 0.0 0.0 135.0 14231.204732022823 14232.777777777797 14232.777777777797 
519.0029468842688 647.0 0.0 1.0 135.0 14231.36203659832 14232.777777777797 14232.777777777797 
520.0029468842688 648.0 0.0 0.0 135.0 14231.191018123678 14229.651851851839 14232.777777777797 
521.0029468842688 648.0 0.0 0.0 135.0 14231.349694089098 14232.777777777797 14232.777777777797 
522.0029468842688 648.0 0.0 0.0 135.0 14231.492502457957 14232.777777777797 14232.777777777797 
523.0029468842688 648.0 0.0 0.0 135.0 14231.621029989927 14232.777777777797 14232.777777777797 
524.0029468842688 648.0 0.0 0.0 135.0 14231.736704768718 14232.777777777797 14232.777777777797 
525.0029468842688 648.0 0.0 0.0 135.0 14231.840812069633 14232.777777777797 14232.777777777797 
526.0029468842688 648.0 0.0 0.0 135.0 14231.934508640436 14232.777777777797 14232.777777777797 
527.0029468842688 648.0 0.0 0.0 135.0 14232.018835554189 14232.777777777797 14232.777777777797 
528.0029468842688 648.0 0.0 0.0 135.0 14232.094729776545 14232.777777777797 14232.777777777797 
529.0029468842688 648.0 0.0 0.0 135.0 14232.163034576646 14232.777777777797 14232.777777777797 
530.0029468842688 648.0 0.0 0.0 135.0 14232.22450889676 14232.777777777797 14232.777777777797 
531.0029468842688 648.0 0.0 0.0 135.0 14232.279835784862 14232.777777777797 14232.777777777797 
532.0029468842688 648.0 0.0 0.0 135.0 14232.32962998414 14232.777777777797 14232.777777777797 
533.0029468842688 648.0 0.0 0.0 135.0 14232.374444763529 14232.777777777797 14232.777777777797 
534.0029468842688 648.0 0.0 0.0 135.0 14232.414778064956 14232.777777777797 14232.777777777797 
535.0029468842688 648.0 0.0 0.0 135.0 14232.45107803622 14232.777777777797 14232.777777777797 
536.0029468842688 648.0 0.0 0.0 135.0 14232.483748010396 14232.777777777797 14232.777777777797 
537.0029468842688 648.0 0.0 1.0 135.0 14232.513150987124 14232.777777777797 14232.777777777797 
538.0029468842688 649.0 0.0 0.0 135.0 14232.227021073595 14229.651851851839 14232.777777777797 
539.0029468842688 649.0 0.0 1.0 135.0 14232.282096743998 14232.777777777797 14232.777777777797 
540.0029468842688 650.0 0.0 0.0 135.0 14232.019072254798 14229.651851851839 14232.777777777797 
541.0029468842688 650.0 0.0 0.0 135.0 14232.094942807087 14232.777777777797 14232.777777777797 
542.0029468842688 650.0 0.0 0.0 135.0 14232.163226304185 14232.777777777797 14232.777777777797 
543.0029468842688 650.0 0.0 0.0 135.0 14232.224681451515 14232.777777777797 14232.777777777797 
544.0029468842688 650.0 0.0 0.0 135.0 14232.279991084144 14232.777777777797 14232.777777777797 
545.0029468842688 650.0 0.0 1.0 135.0 14232.329769753504 14232.777777777797 14232.777777777797 
546.0029468842688 651.0 0.0 0.0 135.0 14232.061977963345 14229.651851851839 14232.777777777797 
547.0029468842688 651.0 0.0 0.0 135.0 14232.133557944791 14232.777777777797 14232.777777777797 
548.0029468842688 651.0 0.0 0.0 135.0 14232.197979928083 14232.777777777797 14232.777777777797 
549.0029468842688 651.0 0.0 2.0 135.0 14232.255959713062 14232.777777777797 14232.777777777797 
550.0029468842688 653.0 0.0 0.0 135.0 14231.682956334338 14226.525925925918 14232.777777777797 
551.0029468842688 653.0 0.0 0.0 135.0 14231.792438478697 14232.777777777797 14232.777777777797 
552.0029468842688 653.0 0.0 0.0 135.0 14231.890972408588 14232.777777777797 14232.777777777797 
553.0029468842688 653.0 0.0 1.0 135.0 14231.979652945512 14232.777777777797 14232.777777777797 
554.0029468842688 654.0 0.0 0.0 135.0 14230.297983947277 14215.162962962962 14232.777777777797 
555.0029468842688 654.0 0.0 0.0 135.0 14230.54596333032 14232.777777777797 14232.777777777797 
556.0029468842688 654.0 0.0 0.0 135.0 14230.769144775035 14232.777777777797 14232.777777777797 
557.0029468842688 654.0 0.0 0.0 135.0 14230.970008075328 14232.777777777797 14232.777777777797 
558.0029468842688 654.0 0.0 0.0 135.0 14231.150785045576 14232.777777777797 14232.777777777797 
559.0029468842688 654.0 0.0 0.0 135.0 14231.313484318795 14232.777777777797 14232.777777777797 
560.0029468842688 654.0 0.0 0.0 135.0 14231.45991366468 14232.777777777797 14232.777777777797 
561.0029468842688 654.0 0.0 0.0 135.0 14231.591700076004 14232.777777777797 14232.777777777797 
562.0029468842688 654.0 0.0 0.0 135.0 14231.710307846175 14232.777777777797 14232.777777777797 
563.0029468842688 654.0 0.0 0.0 135.0 14231.817054839337 14232.777777777797 14232.777777777797 
564.0029468842688 654.0 0.0 0.0 135.0 14231.913127133192 14232.777777777797 14232.777777777797 
565.0029468842688 654.0 0.0 0.0 135.0 14231.999592197659 14232.777777777797 14232.777777777797 
566.0029468842688 654.0 0.0 0.0 135.0 14232.077410755639 14232.777777777797 14232.777777777797 
567.0029468842688 654.0 0.0 0.0 135.0 14232.147447457868 14232.777777777797 14232.777777777797 
568.0029468842688 654.0 0.0 0.0 135.0 14232.210480489857 14232.777777777797 14232.777777777797 
569.0029468842688 654.0 0.0 1.0 135.0 14232.267210218644 14232.777777777797 14232.777777777797 
570.0029468842688 655.0 0.0 0.0 135.0 14232.005674381966 14229.651851851839 14232.777777777797 
571.0029468842688 655.0 0.0 0.0 135.0 14232.082884721543 14232.777777777797 14232.777777777797 
572.0029468842688 655.0 0.0 0.0 135.0 14232.152374027177 14232.777777777797 14232.777777777797 
573.0029468842688 655.0 0.0 0.0 135.0 14232.214914402242 14232.777777777797 14232.777777777797 
574.0029468842688 655.0 0.0 0.0 135.0 14232.271200739791 14232.777777777797 14232.777777777797 
575.0029468842688 655.0 0.0 0.0 135.0 14232.321858443602 14232.777777777797 14232.777777777797 
576.0029468842688 655.0 0.0 0.0 135.0 14232.36745037702 14232.777777777797 14232.777777777797 
577.0029468842688 655.0 0.0 0.0 135.0 14232.408483117068 14232.777777777797 14232.777777777797 
578.0029468842688 655.0 0.0 0.0 135.0 14232.44541258314 14232.777777777797 14232.777777777797 
579.0029468842688 655.0 0.0 0.0 135.0 14232.478649102606 14232.777777777797 14232.777777777797 
580.0029468842688 655.0 0.0 0.0 135.0 14232.508561970131 14232.777777777797 14232.777777777797 
581.0029468842688 655.0 0.0 0.0 135.0 14232.535483550897 14232.777777777797 14232.777777777797 
582.0029468842688 655.0 0.0 0.0 135.0 14232.559712973585 14232.777777777797 14232.777777777797 
583.0029468842688 655.0 0.0 0.0 135.0 14232.581519453992 14232.777777777797 14232.777777777797 
584.0029468842688 655.0 0.0 0.0 135.0 14232.601145286391 14232.777777777797 14232.777777777797 
585.0029468842688 655.0 0.0 0.0 135.0 14232.618808535508 14232.777777777797 14232.777777777797 
586.0029468842688 655.0 0.0 0.0 135.0 14232.634705459759 14232.777777777797 14232.777777777797 
587.0029468842688 655.0 0.0 0.0 135.0 14232.649012691534 14232.777777777797 14232.777777777797 
588.0029468842688 655.0 0.0 0.0 135.0 14232.661889200162 14232.777777777797 14232.777777777797 
589.0029468842688 655.0 0.0 0.0 135.0 14232.673478057926 14232.777777777797 14232.777777777797 
590.0029468842688 655.0 0.0 0.0 135.0 14232.683908029907 14232.777777777797 14232.777777777797 
591.0029468842688 655.0 0.0 1.0 135.0 14232.693295004703 14232.777777777797 14232.777777777797 
592.0029468842688 656.0 0.0 0.0 135.0 14232.389150689412 14229.651851851839 14232.777777777797 
593.0029468842688 656.0 0.0 0.0 135.0 14232.428013398248 14232.777777777797 14232.777777777797 
594.0029468842688 656.0 0.0 0.0 135.0 14232.46298983619 14232.777777777797 14232.777777777797 
595.0029468842688 656.0 0.0 0.0 135.0 14232.494468630355 14232.777777777797 14232.777777777797 
596.0029468842688 656.0 0.0 0.0 135.0 14232.522799545099 14232.777777777797 14232.777777777797 
597.0029468842688 656.0 0.0 1.0 135.0 14232.548297368374 14232.777777777797 14232.777777777797 
598.0029468842688 657.0 0.0 1.0 135.0 14232.258652816705 14229.651851851839 14232.777777777797 
599.0029468842688 658.0 0.0 0.0 135.0 14230.549083831342 14215.162962962962 14232.777777777797 
600.0029468842688 658.0 0.0 0.0 135.0 14230.771953225983 14232.777777777797 14232.777777777797 
#####################################################################
# End of data export. Simulation finished at: 2020-02-15T05:19+0000 #
#####################################################################
