#####################################################################
# Alchemist log file - simulation started at: 2020-02-20T06:41+0000 #
#####################################################################
# longseed = 86.0, meanTaskSize = 1000, peakFrequency = 0.3
#
# The columns have the following meaning: 
# time done[Sum] drop[Sum] waiting[Sum] isLeader[Sum] capacity[Mean] freeCapacity[Mean] maxCapacity[Mean] 
0.0 NaN 0.0 NaN NaN NaN NaN NaN 
1.003997832462387 0.0 0.0 0.0 135.0 14232.777777777797 14232.777777777797 14232.777777777797 
2.003997832462387 0.0 0.0 0.0 135.0 14232.777777777797 14232.777777777797 14232.777777777797 
3.003997832462387 0.0 0.0 0.0 135.0 14232.777777777797 14232.777777777797 14232.777777777797 
4.003997832462387 0.0 0.0 0.0 135.0 14232.777777777797 14232.777777777797 14232.777777777797 
5.003997832462387 0.0 0.0 0.0 135.0 14232.777777777797 14232.777777777797 14232.777777777797 
6.003997832462387 0.0 0.0 0.0 135.0 14232.777777777797 14232.777777777797 14232.777777777797 
7.003997832462387 0.0 0.0 0.0 135.0 14232.777777777797 14232.777777777797 14232.777777777797 
8.003997832462387 0.0 0.0 0.0 135.0 14232.777777777797 14232.777777777797 14232.777777777797 
9.003997832462387 0.0 0.0 0.0 135.0 14232.777777777797 14232.777777777797 14232.777777777797 
10.003997832462387 0.0 0.0 0.0 135.0 14232.777777777797 14232.777777777797 14232.777777777797 
11.003997832462387 0.0 0.0 0.0 135.0 14232.777777777797 14232.777777777797 14232.777777777797 
12.003997832462387 0.0 0.0 0.0 135.0 14232.777777777797 14232.777777777797 14232.777777777797 
13.003997832462387 0.0 0.0 0.0 135.0 14232.777777777797 14232.777777777797 14232.777777777797 
14.003997832462387 0.0 0.0 0.0 135.0 14232.777777777797 14232.777777777797 14232.777777777797 
15.003997832462387 0.0 0.0 0.0 135.0 14232.777777777797 14232.777777777797 14232.777777777797 
16.00399783246239 0.0 0.0 0.0 135.0 14232.777777777797 14232.777777777797 14232.777777777797 
17.00399783246239 0.0 0.0 0.0 135.0 14232.777777777797 14232.777777777797 14232.777777777797 
18.00399783246239 0.0 0.0 0.0 135.0 14232.777777777797 14232.777777777797 14232.777777777797 
19.00399783246239 0.0 0.0 0.0 135.0 14232.777777777797 14232.777777777797 14232.777777777797 
20.00399783246239 0.0 0.0 0.0 135.0 14232.777777777797 14232.777777777797 14232.777777777797 
21.00399783246239 0.0 0.0 0.0 135.0 14232.777777777797 14232.777777777797 14232.777777777797 
22.00399783246239 0.0 0.0 0.0 135.0 14232.777777777797 14232.777777777797 14232.777777777797 
23.00399783246239 0.0 0.0 0.0 135.0 14232.777777777797 14232.777777777797 14232.777777777797 
24.00399783246239 0.0 0.0 0.0 135.0 14232.777777777797 14232.777777777797 14232.777777777797 
25.00399783246239 0.0 0.0 0.0 135.0 14232.777777777797 14232.777777777797 14232.777777777797 
26.00399783246239 0.0 0.0 0.0 135.0 14232.777777777797 14232.777777777797 14232.777777777797 
27.00399783246239 0.0 0.0 0.0 135.0 14232.777777777797 14232.777777777797 14232.777777777797 
28.00399783246239 0.0 0.0 0.0 135.0 14232.777777777797 14232.777777777797 14232.777777777797 
29.00399783246239 0.0 0.0 1.0 135.0 14232.777777777797 14232.777777777797 14232.777777777797 
30.00399783246239 0.0 0.0 1.0 135.0 14231.016296296295 14215.162962962962 14232.777777777797 
31.00399783246239 0.0 0.0 1.0 135.0 14229.430962962973 14215.162962962962 14232.777777777797 
32.00399783246239 0.0 0.0 1.0 135.0 14228.004162962934 14215.162962962962 14232.777777777797 
33.00399783246239 0.0 0.0 1.0 135.0 14226.720042962961 14215.162962962962 14232.777777777797 
34.00399783246239 0.0 0.0 1.0 135.0 14225.56433496295 14215.162962962962 14232.777777777797 
35.00399783246239 0.0 0.0 1.0 135.0 14224.524197762956 14215.162962962962 14232.777777777797 
36.00399783246239 0.0 0.0 1.0 135.0 14223.588074282954 14215.162962962962 14232.777777777797 
37.00399783246239 0.0 0.0 1.0 135.0 14222.74556315098 14215.162962962962 14232.777777777797 
38.00399783246239 0.0 0.0 1.0 135.0 14221.987303132142 14215.162962962962 14232.777777777797 
39.00399783246239 0.0 0.0 1.0 135.0 14221.304869115227 14215.162962962962 14232.777777777797 
40.00399783246239 1.0 0.0 0.0 135.0 14220.690678500016 14215.162962962962 14232.777777777797 
41.00399783246239 1.0 0.0 0.0 135.0 14221.899388427757 14232.777777777797 14232.777777777797 
42.00399783246239 1.0 0.0 0.0 135.0 14222.987227362772 14232.777777777797 14232.777777777797 
43.00399783246239 1.0 0.0 0.0 135.0 14223.96628240431 14232.777777777797 14232.777777777797 
44.00399783246239 1.0 0.0 0.0 135.0 14224.847431941624 14232.777777777797 14232.777777777797 
45.00399783246239 1.0 0.0 1.0 135.0 14225.64046652527 14232.777777777797 14232.777777777797 
46.00399783246239 1.0 0.0 1.0 135.0 14224.59271616899 14215.162962962962 14232.777777777797 
47.00399783246239 1.0 0.0 1.0 135.0 14223.649740848392 14215.162962962962 14232.777777777797 
48.00399783246239 1.0 0.0 1.0 135.0 14222.801063059895 14215.162962962962 14232.777777777797 
49.00399783246239 1.0 0.0 1.0 135.0 14222.037253050208 14215.162962962962 14232.777777777797 
50.00399783246239 1.0 0.0 1.0 135.0 14221.349824041466 14215.162962962962 14232.777777777797 
51.00399783246239 2.0 0.0 0.0 135.0 14220.731137933615 14215.162962962962 14232.777777777797 
52.00399783246239 2.0 0.0 0.0 135.0 14221.935801918038 14232.777777777797 14232.777777777797 
53.00399783246239 2.0 0.0 0.0 135.0 14223.019999504004 14232.777777777797 14232.777777777797 
54.00399783246239 2.0 0.0 0.0 135.0 14223.995777331384 14232.777777777797 14232.777777777797 
55.00399783246239 2.0 0.0 0.0 135.0 14224.873977376028 14232.777777777797 14232.777777777797 
56.00399783246239 2.0 0.0 0.0 135.0 14225.664357416199 14232.777777777797 14232.777777777797 
57.00399783246239 2.0 0.0 0.0 135.0 14226.375699452348 14232.777777777797 14232.777777777797 
58.00399783246239 2.0 0.0 0.0 135.0 14227.015907284896 14232.777777777797 14232.777777777797 
59.00399783246239 2.0 0.0 0.0 135.0 14227.592094334197 14232.777777777797 14232.777777777797 
60.00399783246239 2.0 0.0 1.0 135.0 14228.110662678575 14232.777777777797 14232.777777777797 
61.00399783246239 2.0 0.0 1.0 135.0 14228.264781595859 14229.651851851839 14232.777777777797 
62.00399783246239 2.0 0.0 1.0 135.0 14228.403488621458 14229.651851851839 14232.777777777797 
63.00399783246239 2.0 0.0 1.0 135.0 14228.528324944507 14229.651851851839 14232.777777777797 
64.00399783246239 2.0 0.0 1.0 135.0 14228.640677635241 14229.651851851839 14232.777777777797 
65.00399783246239 2.0 0.0 1.0 135.0 14228.741795056869 14229.651851851839 14232.777777777797 
66.00399783246239 2.0 0.0 1.0 134.0 14228.832800736385 14229.651851851839 14232.777777777797 
67.00399783246239 2.0 0.0 1.0 134.0 14228.914705847941 14229.651851851839 14232.777777777797 
68.00399783246239 2.0 0.0 1.0 134.0 14228.988420448328 14229.651851851839 14232.777777777797 
69.00399783246239 2.0 0.0 1.0 134.0 14229.05476358869 14229.651851851839 14232.777777777797 
70.00399783246239 2.0 0.0 1.0 134.0 14229.114472415013 14229.651851851839 14232.777777777797 
71.00399783246239 2.0 0.0 1.0 134.0 14229.168210358694 14229.651851851839 14232.777777777797 
72.00399783246239 2.0 0.0 1.0 134.0 14229.21657450801 14229.651851851839 14232.777777777797 
73.00399783246239 2.0 0.0 1.0 134.0 14229.260102242391 14229.651851851839 14232.777777777797 
74.00399783246239 2.0 0.0 1.0 134.0 14229.299277203305 14229.651851851839 14232.777777777797 
75.00399783246239 2.0 0.0 1.0 134.0 14229.33453466822 14229.651851851839 14232.777777777797 
76.00399783246239 2.0 0.0 2.0 134.0 14229.36626638653 14229.651851851839 14232.777777777797 
77.00399783246239 2.0 0.0 2.0 134.0 14227.633343451569 14212.037037037013 14232.777777777797 
78.00399783246239 2.0 0.0 2.0 134.0 14226.07371281013 14212.037037037013 14232.777777777797 
79.00399783246239 2.0 0.0 2.0 134.0 14224.670045232817 14212.037037037013 14232.777777777797 
80.00399783246239 3.0 0.0 1.0 134.0 14223.406744413223 14212.037037037013 14232.777777777797 
81.00399783246239 3.0 0.0 1.0 134.0 14224.031255157113 14229.651851851839 14232.777777777797 
82.00399783246239 3.0 0.0 1.0 134.0 14224.593314826596 14229.651851851839 14232.777777777797 
83.00399783246239 3.0 0.0 1.0 134.0 14225.099168529114 14229.651851851839 14232.777777777797 
84.00399783246239 3.0 0.0 3.0 134.0 14225.55443686139 14229.651851851839 14232.777777777797 
85.00399783246239 3.0 0.0 3.0 134.0 14225.33899317524 14223.400000000001 14232.777777777797 
86.00399783246239 3.0 0.0 3.0 134.0 14225.145093857698 14223.400000000001 14232.777777777797 
87.00399783246239 3.0 0.0 3.0 134.0 14224.97058447196 14223.400000000001 14232.777777777797 
88.00399783246239 3.0 0.0 3.0 134.0 14224.813526024727 14223.400000000001 14232.777777777797 
89.00399783246239 3.0 0.0 3.0 134.0 14224.672173422272 14223.400000000001 14232.777777777797 
90.00399783246239 3.0 0.0 3.0 132.0 14224.544956080044 14223.400000000001 14232.777777777797 
91.00399783246239 3.0 0.0 3.0 132.0 14224.43046047205 14223.400000000001 14232.777777777797 
92.00399783246239 3.0 0.0 3.0 132.0 14224.327414424832 14223.400000000001 14232.777777777797 
93.00399783246239 3.0 0.0 3.0 132.0 14224.234672982375 14223.400000000001 14232.777777777797 
94.00399783246239 3.0 0.0 3.0 132.0 14224.151205684115 14223.400000000001 14232.777777777797 
95.00399783246239 4.0 0.0 3.0 132.0 14224.076085115714 14223.400000000001 14232.777777777797 
96.00399783246239 4.0 0.0 3.0 132.0 14224.00847660413 14223.400000000001 14232.777777777797 
97.00399783246239 4.0 0.0 3.0 132.0 14223.947628943732 14223.400000000001 14232.777777777797 
98.00399783246239 4.0 0.0 3.0 132.0 14223.892866049355 14223.400000000001 14232.777777777797 
99.00399783246239 4.0 0.0 4.0 132.0 14223.843579444418 14223.400000000001 14232.777777777797 
100.00399783246239 4.0 0.0 4.0 132.0 14223.486628907376 14220.274074074052 14232.777777777797 
101.00399783246239 4.0 0.0 5.0 131.0 14223.16537342404 14220.274074074052 14232.777777777797 
102.00399783246239 4.0 0.0 5.0 131.0 14222.563650896462 14217.14814814815 14232.777777777797 
103.00399783246239 4.0 0.0 5.0 132.0 14222.022100621652 14217.14814814815 14232.777777777797 
104.00399783246239 4.0 0.0 6.0 132.0 14221.534705374268 14217.14814814815 14232.777777777797 
105.00399783246239 4.0 0.0 6.0 130.0 14220.78419779979 14214.029629629666 14232.777777777797 
106.00399783246239 4.0 0.0 6.0 130.0 14220.10874098278 14214.029629629666 14232.777777777797 
107.00399783246239 4.0 0.0 7.0 130.0 14219.500829847453 14214.029629629666 14232.777777777797 
108.00399783246239 4.0 0.0 7.0 130.0 14217.192228344185 14196.414814814798 14232.777777777797 
109.00399783246239 4.0 0.0 8.0 130.0 14215.114486991273 14196.414814814798 14232.777777777797 
110.00399783246239 4.0 0.0 8.0 130.0 14211.483779032857 14178.80740740741 14232.777777777797 
111.00399783246239 4.0 0.0 10.0 130.0 14208.216141870345 14178.80740740741 14232.777777777797 
112.00399783246239 4.0 0.0 10.0 130.0 14201.753046201851 14143.5851851852 14232.777777777797 
113.00399783246239 4.0 0.0 12.0 130.0 14195.936260100161 14143.5851851852 14232.777777777797 
114.00399783246239 4.0 0.0 12.0 130.0 14187.179671127175 14108.370370370389 14232.777777777797 
115.00399783246239 4.0 0.0 13.0 130.0 14179.298741051518 14108.370370370389 14232.777777777797 
116.00399783246239 4.0 0.0 13.0 130.0 14170.444422501901 14090.755555555561 14232.777777777797 
117.00399783246239 4.0 0.0 14.0 130.0 14162.475535807267 14090.755555555561 14232.777777777797 
118.00399783246239 5.0 0.0 14.0 130.0 14155.303537782127 14090.755555555561 14232.777777777797 
119.00399783246239 5.0 0.0 14.0 130.0 14147.087998818712 14073.148148148148 14232.777777777797 
120.00399783246239 5.0 0.0 14.0 130.0 14139.694013751643 14073.148148148148 14232.777777777797 
121.00399783246239 5.0 0.0 15.0 130.0 14133.039427191323 14073.148148148148 14232.777777777797 
122.00399783246239 5.0 0.0 16.0 130.0 14125.289558546241 14055.540740740757 14232.777777777797 
123.00399783246239 5.0 0.0 17.0 130.0 14116.55319528421 14037.925925925929 14232.777777777797 
124.00399783246239 6.0 0.0 17.0 130.0 14108.690468348408 14037.925925925929 14232.777777777797 
125.00399783246239 6.0 0.0 17.0 130.0 14099.853273365383 14020.318518518547 14232.777777777797 
126.00399783246239 6.0 0.0 17.0 130.0 14091.899797880711 14020.318518518547 14232.777777777797 
127.00399783246239 7.0 0.0 17.0 130.0 14086.502410685258 14037.925925925929 14232.777777777797 
128.0039978324624 8.0 0.0 18.0 130.0 14081.644762209296 14037.925925925929 14232.777777777797 
129.0039978324624 8.0 0.0 18.0 130.0 14073.751397099473 14002.711111111119 14232.777777777797 
130.0039978324624 8.0 0.0 18.0 130.0 14066.64736850065 14002.711111111119 14232.777777777797 
131.0039978324624 8.0 0.0 19.0 130.0 14060.2537427617 14002.711111111119 14232.777777777797 
132.0039978324624 9.0 0.0 19.0 130.0 14054.499479596623 14002.711111111119 14232.777777777797 
133.0039978324624 10.0 0.0 18.0 130.0 14049.320642748087 14002.711111111119 14232.777777777797 
134.0039978324624 11.0 0.0 18.0 130.0 14046.420430325128 14020.318518518547 14232.777777777797 
135.0039978324624 11.0 0.0 19.0 130.0 14042.049498403745 14002.711111111119 14232.777777777797 
136.0039978324624 11.0 0.0 19.0 130.0 14036.354178192953 13985.096296296291 14232.777777777797 
137.0039978324624 12.0 0.0 19.0 130.0 14032.9898714848 14002.711111111119 14232.777777777797 
138.0039978324624 13.0 0.0 18.0 130.0 14029.961995447422 14002.711111111119 14232.777777777797 
139.0039978324624 13.0 0.0 18.0 130.0 14027.236907013801 14002.711111111119 14232.777777777797 
140.0039978324624 14.0 0.0 17.0 130.0 14026.545068164269 14020.318518518547 14232.777777777797 
141.0039978324624 14.0 0.0 17.0 130.0 14025.922413199702 14020.318518518547 14232.777777777797 
142.0039978324624 14.0 0.0 17.0 130.0 14025.36202373159 14020.318518518547 14232.777777777797 
143.0039978324624 14.0 0.0 17.0 130.0 14024.857673210237 14020.318518518547 14232.777777777797 
144.0039978324624 14.0 0.0 17.0 130.0 14024.403757741076 14020.318518518547 14232.777777777797 
145.0039978324624 15.0 0.0 16.0 130.0 14023.995233818807 14020.318518518547 14232.777777777797 
146.0039978324624 16.0 0.0 16.0 130.0 14025.700895622134 14041.05185185184 14232.777777777797 
147.0039978324624 16.0 0.0 16.0 130.0 14025.47525050437 14023.444444444414 14232.777777777797 
148.0039978324624 16.0 0.0 16.0 130.0 14025.27216989839 14023.444444444414 14232.777777777797 
149.0039978324624 18.0 0.0 15.0 130.0 14028.611619575218 14058.666666666668 14232.777777777797 
150.0039978324624 18.0 0.0 15.0 130.0 14029.855642802868 14041.05185185184 14232.777777777797 
151.0039978324624 19.0 0.0 14.0 130.0 14032.736745189246 14058.666666666668 14232.777777777797 
152.0039978324624 19.0 0.0 14.0 130.0 14035.329737336991 14058.666666666668 14232.777777777797 
153.0039978324624 19.0 0.0 14.0 131.0 14037.663430269957 14058.666666666668 14232.777777777797 
154.0039978324624 19.0 0.0 15.0 131.0 14039.76375390964 14058.666666666668 14232.777777777797 
155.0039978324624 19.0 0.0 16.0 131.0 14039.892563703848 14041.05185185184 14232.777777777797 
156.0039978324624 19.0 0.0 18.0 131.0 14039.695899926068 14037.925925925929 14232.777777777797 
157.0039978324624 19.0 0.0 19.0 131.0 14037.44630993346 14017.200000000026 14232.777777777797 
158.0039978324624 20.0 0.0 18.0 130.0 14036.869827088285 14031.681481481453 14232.777777777797 
159.0039978324624 21.0 0.0 19.0 130.0 14038.112474009053 14049.296296296281 14232.777777777797 
160.00259666750952 22.0 0.0 19.0 130.0 14038.919004385942 14046.17777777776 14232.777777777797 
161.0039978324624 22.0 0.0 20.0 129.0 14039.332289132524 14043.05185185184 14232.777777777797 
162.0039978324624 22.0 0.0 22.0 129.0 14039.39165281186 14039.925925925929 14232.777777777797 
163.0039978324624 22.0 0.0 23.0 129.0 14037.371746789957 14019.192592592592 14232.777777777797 
164.0039978324624 25.0 0.0 21.0 128.0 14040.524201740562 14068.896296296318 14232.777777777797 
165.0039978324624 25.0 0.0 24.0 128.0 14043.048818603558 14065.77037037036 14232.777777777797 
166.0039978324624 25.0 0.0 26.0 128.0 14041.799492298742 14030.555555555586 14232.777777777797 
167.0039978324624 27.0 0.0 29.0 128.0 14038.91361714296 14012.940740740722 14232.777777777797 
168.0039978324624 28.0 0.0 30.0 127.0 14036.316329502726 14012.940740740722 14232.777777777797 
169.0039978324624 29.0 0.0 31.0 126.0 14028.38469655246 13957.0 14232.777777777797 
170.0039978324624 30.0 0.0 31.0 126.0 14019.484745415739 13939.385185185174 14232.777777777797 
171.0039978324624 31.0 0.0 30.0 126.0 14007.952567170454 13904.16296296296 14232.777777777797 
172.0039978324624 31.0 0.0 31.0 126.0 13999.33508823121 13921.777777777797 14232.777777777797 
173.0039978324624 32.0 0.0 34.0 126.0 13991.57935718583 13921.777777777797 14232.777777777797 
174.0039978324624 33.0 0.0 36.0 126.0 13982.837717763527 13904.16296296296 14232.777777777797 
175.0039978324624 34.0 0.0 37.0 126.0 13971.135427468678 13865.814814814803 14232.777777777797 
176.0039978324624 36.0 0.0 36.0 126.0 13960.290773610717 13862.68888888889 14232.777777777797 
177.0039978324624 37.0 0.0 36.0 125.0 13950.218733286645 13859.57037037037 14232.777777777797 
178.0039978324624 38.0 0.0 36.0 125.0 13941.153896995042 13859.57037037037 14232.777777777797 
179.0039978324624 40.0 0.0 36.0 125.0 13936.829618406653 13897.911111111145 14232.777777777797 
180.0039978324624 41.0 0.0 38.0 125.0 13931.177026936364 13880.303703703716 14232.777777777797 
181.0039978324624 42.0 0.0 42.0 125.0 13921.117842761229 13830.585185185198 14232.777777777797 
182.0039978324624 43.0 0.0 44.0 125.0 13906.781614040641 13777.75555555556 14232.777777777797 
183.0039978324624 43.0 0.0 45.0 125.0 13885.0745637477 13689.711111111119 14232.777777777797 
184.0039978324624 43.0 0.0 49.0 125.0 13865.538218484073 13689.711111111119 14232.777777777797 
185.0039978324624 45.0 0.0 49.0 125.0 13846.194026265266 13672.09629629629 14232.777777777797 
186.0039978324624 46.0 0.0 51.0 125.0 13825.262771786898 13636.88148148148 14232.777777777797 
187.0039978324624 49.0 0.0 49.0 125.0 13801.14167979341 13584.05185185184 14232.777777777797 
188.0039978324624 49.0 0.0 52.0 123.0 13779.744548851095 13587.17037037036 14232.777777777797 
189.0039978324624 52.0 0.0 49.0 112.0 13762.247871743764 13604.777777777797 14232.777777777797 
190.0039978324624 53.0 0.0 50.0 123.0 13744.429010495309 13584.059259259275 14232.777777777797 
191.0039978324624 54.0 0.0 51.0 112.0 13730.152776112442 13601.666666666672 14232.777777777797 
192.0039978324624 57.0 0.0 51.0 123.0 13715.543424427127 13584.059259259275 14232.777777777797 
193.0039978324624 59.0 0.0 53.0 112.0 13702.082415317745 13580.933333333322 14232.777777777797 
194.0039978324624 59.0 0.0 59.0 123.0 13689.654914526698 13577.807407407405 14232.777777777797 
195.0039978324624 63.0 0.0 56.0 110.0 13677.222756407375 13565.333333333328 14232.777777777797 
196.0039978324624 65.0 0.0 55.0 121.0 13667.793814099981 13582.933333333322 14232.777777777797 
197.0039978324624 67.0 0.0 56.0 106.0 13661.068506764066 13600.540740740757 14232.777777777797 
198.0039978324624 68.0 0.0 61.0 110.0 13655.015730161735 13600.540740740757 14232.777777777797 
199.0039978324624 69.0 0.0 67.0 122.0 13645.421564552966 13559.074074074075 14232.777777777797 
200.0039978324624 72.0 0.0 68.0 106.0 13632.640148838402 13517.607407407428 14232.777777777797 
201.0039978324624 74.0 0.0 71.0 104.0 13612.854652473072 13434.785185185192 14232.777777777797 
202.0039978324624 76.0 0.0 72.0 103.0 13593.28770574429 13417.185185185197 14232.777777777797 
203.0039978324624 78.0 0.0 77.0 112.0 13573.290787021708 13393.318518518547 14232.777777777797 
204.00050899883692 78.0 0.0 84.0 100.0 13546.489115726963 13305.274074074054 14232.777777777797 
205.0039978324624 80.0 0.0 89.0 95.0 13510.461685635742 13186.214814814804 14232.777777777797 
206.0039978324624 83.0 0.0 90.0 99.0 13462.711813368453 13032.962962962985 14232.777777777797 
207.0039978324624 85.0 0.0 91.0 94.0 13420.975446846425 13045.34814814815 14232.777777777797 
208.0039978324624 90.0 0.0 92.0 114.0 13377.203828087719 12983.259259259275 14232.777777777797 
209.0039978324624 93.0 0.0 95.0 94.0 13339.981223056724 13004.977777777765 14232.777777777797 
210.0039978324624 94.0 0.0 96.0 102.0 13292.20310075104 12862.200000000024 14232.777777777797 
211.0039978324624 97.0 0.0 98.0 107.0 13231.59242030556 12686.096296296282 14232.777777777797 
212.0039978324624 100.0 0.0 97.0 98.0 13177.567252349076 12691.340740740723 14232.777777777797 
213.0039978324624 103.0 0.0 97.0 97.0 13124.708304891956 12648.977777777764 14232.777777777797 
214.0039978324624 107.0 0.0 97.0 104.0 13078.182659587954 12659.45185185184 14232.777777777797 
215.0039978324624 111.0 0.0 95.0 85.0 13032.787356592115 12624.229629629628 14232.777777777797 
216.0039978324624 114.0 0.0 94.0 92.0 12997.425657969958 12679.17037037036 14232.777777777797 
217.0039978324624 120.0 0.0 95.0 82.0 12956.79568476553 12591.12592592593 14232.777777777797 
218.0039978324624 124.0 0.0 97.0 87.0 12923.358338511205 12622.422222222236 14232.777777777797 
219.0039978324624 127.0 0.0 99.0 83.0 12878.502504660099 12474.799999999976 14232.777777777797 
220.0039978324624 129.0 0.0 100.0 84.0 12827.564846786672 12369.125925925933 14232.777777777797 
221.0039978324624 132.0 0.0 105.0 89.0 12764.635769515415 12198.274074074054 14232.777777777797 
222.0039978324624 133.0 0.0 108.0 83.0 12704.28774811942 12161.155555555535 14232.777777777797 
223.0039978324624 137.0 0.0 110.0 86.0 12638.504158492671 12046.451851851834 14232.777777777797 
224.0039978324624 139.0 0.0 114.0 89.0 12564.306335236015 11896.525925925918 14232.777777777797 
225.0039978324624 145.0 0.0 112.0 83.0 12472.87496097165 11649.99259259258 14232.777777777797 
226.0039978324624 148.0 0.0 115.0 87.0 12395.868205615245 11702.807407407392 14232.777777777797 
227.0039978324624 151.0 0.0 120.0 78.0 12320.041385053722 11637.600000000017 14232.777777777797 
228.0039978324624 154.0 0.0 121.0 100.0 12251.799468770572 11637.622222222199 14232.777777777797 
229.0039978324624 159.0 0.0 121.0 66.0 12176.804707078672 11501.851851851872 14232.777777777797 
230.0039978324624 165.0 0.0 118.0 77.0 12110.546458593057 11514.222222222203 14232.777777777797 
231.0039978324624 167.0 0.0 119.0 75.0 12057.331071993001 11578.392592592576 14232.777777777797 
232.0039978324624 174.0 0.0 115.0 65.0 12005.535742571481 11539.377777777801 14232.777777777797 
233.0039978324624 180.0 0.0 114.0 78.0 11975.794020166188 11708.11851851852 14232.777777777797 
234.0039978324624 184.0 0.0 114.0 69.0 11937.746470001417 11595.318518518543 14232.777777777797 
235.0039978324624 188.0 0.0 115.0 72.0 11903.124415593846 11591.525925925918 14232.777777777797 
236.0039978324624 190.0 0.0 120.0 80.0 11869.48752959004 11566.755555555543 14232.777777777797 
237.0039978324624 192.0 0.0 119.0 78.0 11846.449147001415 11639.103703703682 14232.777777777797 
238.0039978324624 198.0 0.0 119.0 65.0 11809.69460267162 11478.903703703723 14232.777777777797 
239.0039978324624 203.0 0.0 121.0 77.0 11763.696994256306 11349.718518518537 14232.777777777797 
240.0039978324624 207.0 0.0 122.0 72.0 11718.064331867723 11307.370370370385 14232.777777777797 
241.0039978324624 210.0 0.0 125.0 61.0 11667.454194977232 11211.962962962982 14232.777777777797 
242.0039978324624 210.0 0.0 128.0 60.0 11618.907293998032 11181.985185185164 14232.777777777797 
243.0039978324624 213.0 0.0 130.0 68.0 11557.938046079722 11009.214814814797 14232.777777777797 
244.0039978324624 217.0 0.0 136.0 83.0 11510.944241471761 11088.0 14232.777777777797 
245.0039978324624 221.0 0.0 139.0 68.0 11457.881669176437 10980.318518518541 14232.777777777797 
246.0039978324624 226.0 0.0 139.0 71.0 11407.338687443962 10952.451851851836 14232.777777777797 
247.0039978324624 233.0 0.0 135.0 69.0 11359.564818699559 10929.600000000017 14232.777777777797 
248.0039978324624 240.0 0.0 133.0 60.0 11312.332781274052 10887.244444444457 14232.777777777797 
249.0039978324624 242.0 0.0 137.0 66.0 11246.359503146665 10652.600000000017 14232.777777777797 
250.0039978324624 249.0 0.0 140.0 78.0 11180.463552831976 10587.399999999983 14232.777777777797 
251.0039978324624 254.0 0.0 138.0 58.0 11111.538679030278 10491.214814814799 14232.777777777797 
252.0039978324624 259.0 0.0 138.0 62.0 11060.785551867975 10604.00740740742 14232.777777777797 
253.0039978324624 270.0 0.0 133.0 73.0 11014.535885570063 10598.288888888881 14232.777777777797 
254.0039978324624 276.0 0.0 131.0 68.0 10957.918593309369 10448.362962962978 14232.777777777797 
255.0039978324624 281.0 0.0 129.0 69.0 10911.912659904357 10497.859259259241 14232.777777777797 
256.0039978324624 285.0 0.0 133.0 62.0 10874.5539865065 10538.325925925903 14232.777777777797 
257.0039978324624 288.0 0.0 136.0 56.0 10838.144513781795 10510.459259259243 14232.777777777797 
258.0039978324624 294.0 0.0 141.0 64.0 10799.398210551766 10450.68148148146 14232.777777777797 
259.0039978324624 299.0 0.0 138.0 59.0 10773.734685792864 10542.76296296296 14232.777777777797 
260.0039978324624 304.0 0.0 142.0 67.0 10756.444180176542 10600.82962962964 14232.777777777797 
261.0039978324624 310.0 0.0 141.0 62.0 10740.691614010757 10598.918518518502 14232.777777777797 
262.0039978324624 314.0 0.0 144.0 63.0 10711.712082239294 10450.896296296316 14232.777777777797 
263.0039978324624 319.0 0.0 146.0 53.0 10692.673466607974 10521.325925925903 14232.777777777797 
264.0039978324624 324.0 0.0 149.0 55.0 10678.446860687902 10550.4074074074 14232.777777777797 
265.0039978324624 326.0 0.0 154.0 63.0 10622.09402647096 10114.918518518503 14232.777777777797 
266.0039978324624 330.0 0.0 158.0 66.0 10569.405364564613 10095.207407407384 14232.777777777797 
267.0039978324624 340.0 0.0 152.0 61.0 10470.918161441488 9584.53333333334 14232.777777777797 
268.0039978324624 344.0 0.0 155.0 76.0 10388.799678630678 9649.733333333355 14232.777777777797 
269.0039978324624 346.0 0.0 159.0 55.0 10301.32934039723 9514.096296296282 14232.777777777797 
270.0039978324624 355.0 0.0 157.0 58.0 10210.277887838989 9390.814814814805 14232.777777777797 
271.0039978324624 363.0 0.0 154.0 49.0 10103.941950906932 9146.918518518507 14232.777777777797 
272.0039978324624 369.0 0.0 154.0 41.0 10023.732941001444 9301.851851851869 14232.777777777797 
273.0039978324624 375.0 0.0 154.0 41.0 9943.052239493878 9216.92592592592 14232.777777777797 
274.0039978324624 387.0 0.0 146.0 68.0 9884.616645174137 9358.696296296284 14232.777777777797 
275.0039978324624 394.0 0.0 144.0 54.0 9840.709795471534 9445.54814814816 14232.777777777797 
276.0039978324624 397.0 0.0 143.0 52.0 9788.34400110956 9317.05185185184 14232.777777777797 
277.0039978324624 404.0 0.0 141.0 47.0 9742.957008406007 9334.474074074082 14232.777777777797 
278.0039978324624 410.0 0.0 143.0 53.0 9703.86723349133 9352.059259259258 14232.777777777797 
279.0039978324624 421.0 0.0 141.0 48.0 9650.93458421627 9174.540740740755 14232.777777777797 
280.0039978324624 427.0 0.0 143.0 57.0 9605.961125794645 9201.200000000015 14232.777777777797 
281.0039978324624 438.0 0.0 145.0 44.0 9579.95464284481 9345.896296296316 14232.777777777797 
282.0039978324624 442.0 0.0 150.0 54.0 9561.28880818997 9393.2962962963 14232.777777777797 
283.0039978324624 448.0 0.0 151.0 48.0 9547.085112556153 9419.251851851861 14232.777777777797 
284.0039978324624 453.0 0.0 155.0 49.0 9507.504749448677 9151.281481481465 14232.777777777797 
285.0039978324624 461.0 0.0 154.0 46.0 9476.642422651956 9198.88148148148 14232.777777777797 
286.0039978324624 464.0 0.0 158.0 43.0 9454.461143349727 9254.82962962964 14232.777777777797 
287.0039978324624 471.0 0.0 165.0 63.0 9452.61132531106 9435.962962962976 14232.777777777797 
288.0039978324624 478.0 0.0 164.0 51.0 9448.03760018736 9406.874074074063 14232.777777777797 
289.0039978324624 486.0 0.0 161.0 42.0 9448.489395724178 9452.555555555575 14232.777777777797 
290.0039978324624 490.0 0.0 166.0 54.0 9440.423419114732 9367.82962962964 14232.777777777797 
291.0010407682754 499.0 0.0 162.0 60.0 9434.321077203247 9379.399999999983 14232.777777777797 
292.0039978324624 508.0 0.0 158.0 62.0 9428.305265779221 9374.162962962944 14232.777777777797 
293.0039978324624 514.0 0.0 168.0 66.0 9424.250294756861 9387.755555555543 14232.777777777797 
294.0039978324624 521.0 0.0 168.0 53.0 9404.421561577465 9225.962962962974 14232.777777777797 
295.0039978324624 527.0 0.0 170.0 49.0 9384.099405419716 9201.200000000015 14232.777777777797 
296.0039978324624 535.0 0.0 168.0 48.0 9366.332427840722 9206.42962962964 14232.777777777797 
297.0015090780372 541.0 0.0 168.0 56.0 9343.82288876034 9141.23703703704 14232.777777777797 
298.0039978324624 546.0 0.0 174.0 63.0 9314.426525810226 9049.859259259245 14232.777777777797 
299.0039978324624 550.0 0.0 175.0 48.0 9273.568317673664 8905.844444444458 14232.777777777797 
300.0039978324624 559.0 0.0 182.0 58.0 9219.185559980375 8729.740740740728 14232.777777777797 
301.0039978324624 562.0 0.0 185.0 47.0 9157.01144842678 8597.44444444443 14232.777777777797 
302.0039978324624 571.0 0.0 187.0 49.0 9064.832525806323 8235.222222222206 14232.777777777797 
303.0039978324624 579.0 0.0 186.0 53.0 8961.455939892361 8031.066666666675 14232.777777777797 
304.0039978324624 582.0 0.0 191.0 50.0 8870.700716273479 8053.903703703711 14232.777777777797 
305.0039978324624 590.0 0.0 193.0 56.0 8769.639533535039 7860.088888888876 14232.777777777797 
306.0039978324624 598.0 0.0 198.0 49.0 8671.497802403745 7788.222222222206 14232.777777777797 
307.0039978324624 602.0 0.0 202.0 63.0 8574.12654068189 7697.78518518519 14232.777777777797 
308.0039978324624 607.0 0.0 205.0 48.0 8457.079071798884 7403.651851851858 14232.777777777797 
309.0039978324624 616.0 0.0 203.0 46.0 8359.4948683227 7481.237037037041 14232.777777777797 
310.0039978324624 624.0 0.0 204.0 58.0 8268.448344453396 7449.029629629641 14232.777777777797 
311.0039978324624 630.0 0.0 207.0 43.0 8194.787954452504 7531.844444444448 14232.777777777797 
312.0039978324624 638.0 0.0 204.0 59.0 8131.612862710956 7563.037037037032 14232.777777777797 
313.0039978324624 646.0 0.0 212.0 40.0 8071.4241690324525 7529.725925925928 14232.777777777797 
314.0039978324624 653.0 0.0 216.0 40.0 7947.431381758834 6831.496296296295 14232.777777777797 
315.0039978324624 666.0 0.0 208.0 46.0 7845.69046580518 6930.022222222217 14232.777777777797 
316.0039978324624 679.0 0.0 203.0 47.0 7769.749567372809 7086.281481481467 14232.777777777797 
317.0039978324624 686.0 0.0 205.0 43.0 7664.056092117011 6712.814814814807 14232.777777777797 
318.0039978324624 695.0 0.0 200.0 45.0 7530.997149571973 6333.466666666661 14232.777777777797 
319.0039978324624 705.0 0.0 199.0 43.0 7425.19002720737 6472.925925925941 14232.777777777797 
320.0039978324624 715.0 0.0 199.0 37.0 7315.583617079223 6329.125925925933 14232.777777777797 
321.0039978324624 723.0 0.0 206.0 53.0 7189.476366482408 6054.511111111121 14232.777777777797 
322.0039978324624 731.0 0.0 202.0 41.0 7084.070952056396 6135.422222222233 14232.777777777797 
323.0039978324624 735.0 0.0 201.0 45.0 6939.994967961867 5643.3111111111 14232.777777777797 
324.0039978324624 742.0 0.0 202.0 36.0 6815.800656350867 5698.051851851842 14232.777777777797 
325.0039978324624 754.0 0.0 200.0 33.0 6709.307998123189 5750.874074074068 14232.777777777797 
326.0039978324624 762.0 0.0 202.0 38.0 6617.963864977535 5795.866666666679 14232.777777777797 
327.0039978324624 770.0 0.0 202.0 46.0 6541.560811813117 5853.933333333328 14232.777777777797 
328.0039978324624 781.0 0.0 197.0 29.0 6499.4713972984755 6120.666666666658 14232.777777777797 
329.0039978324624 790.0 0.0 198.0 30.0 6460.477590901955 6109.533333333338 14232.777777777797 
330.0039978324624 796.0 0.0 197.0 19.0 6424.3150169969485 6098.85185185185 14232.777777777797 
331.0039978324624 810.0 0.0 195.0 25.0 6408.510181963921 6266.26666666667 14232.777777777797 
332.0039978324624 817.0 0.0 202.0 28.0 6364.517682286048 5968.585185185179 14232.777777777797 
333.0039978324624 824.0 0.0 204.0 28.0 6338.054062205586 6099.88148148148 14232.777777777797 
334.0039978324624 835.0 0.0 203.0 18.0 6300.101248577619 5958.525925925919 14232.777777777797 
335.0039978324624 846.0 0.0 197.0 21.0 6249.240012608747 5791.488888888881 14232.777777777797 
336.0039978324624 855.0 0.0 197.0 42.0 6153.068603940465 5287.525925925919 14232.777777777797 
337.0039978324624 864.0 0.0 200.0 25.0 6054.266187990869 5165.044444444434 14232.777777777797 
338.0039978324624 872.0 0.0 203.0 16.0 5984.04623585844 5352.06666666667 14232.777777777797 
339.0039978324624 877.0 0.0 207.0 24.0 5872.062353013346 4864.20740740741 14232.777777777797 
340.0039978324624 884.0 0.0 214.0 23.0 5780.573154749041 4957.170370370362 14232.777777777797 
341.0039978324624 891.0 0.0 215.0 28.0 5713.748431866728 5112.325925925929 14232.777777777797 
342.0039978324624 900.0 0.0 218.0 13.0 5653.785440531914 5114.11851851852 14232.777777777797 
343.0039978324624 915.0 0.0 208.0 21.0 5616.049118700941 5276.42222222223 14232.777777777797 
344.0039978324624 926.0 0.0 206.0 38.0 5553.050873497517 4986.0666666666675 14232.777777777797 
345.0039978324624 934.0 0.0 206.0 18.0 5484.355415777392 4866.096296296297 14232.777777777797 
346.0039978324624 944.0 0.0 200.0 24.0 5431.3354297552105 4954.155555555557 14232.777777777797 
347.0039978324624 952.0 0.0 200.0 21.0 5321.362627520426 4331.607407407407 14232.777777777797 
348.0039978324624 960.0 0.0 203.0 18.0 5236.855994398019 4476.296296296299 14232.777777777797 
349.0039978324624 966.0 0.0 207.0 18.0 5118.822246810066 4056.51851851852 14232.777777777797 
350.0039978324624 976.0 0.0 209.0 33.0 4998.682985092022 3917.429629629634 14232.777777777797 
351.0039978324624 984.0 0.0 207.0 25.0 4896.888019916156 3980.7333333333304 14232.777777777797 
352.0039978324624 988.0 0.0 209.0 15.0 4792.825143850463 3856.259259259254 14232.777777777797 
353.0039978324624 998.0 0.0 208.0 10.0 4709.4018887246775 3958.592592592597 14232.777777777797 
354.0039978324624 1009.0 0.0 206.0 22.0 4633.889848000358 3954.281481481483 14232.777777777797 
355.0039978324624 1019.0 0.0 210.0 14.0 4573.273455792914 4027.72592592593 14232.777777777797 
356.0039978324624 1029.0 0.0 206.0 12.0 4534.567591695104 4186.214814814812 14232.777777777797 
357.0039978324624 1033.0 0.0 211.0 15.0 4514.311573266335 4332.007407407416 14232.777777777797 
358.0039978324624 1036.0 0.0 220.0 12.0 4513.167823347111 4502.874074074075 14232.777777777797 
359.0039978324624 1043.0 0.0 224.0 12.0 4527.843633604992 4659.925925925932 14232.777777777797 
360.0039978324624 1048.0 0.0 228.0 6.0 4560.422233207456 4853.629629629634 14232.777777777797 
361.0039978324624 1055.0 0.0 229.0 11.0 4562.662972849674 4582.829629629637 14232.777777777797 
362.0039978324624 1061.0 0.0 229.0 19.0 4579.147786675818 4727.511111111113 14232.777777777797 
363.0039978324624 1068.0 0.0 231.0 9.0 4588.774489489719 4675.41481481482 14232.777777777797 
364.0039978324624 1078.0 0.0 226.0 21.0 4609.4311146148175 4795.340740740737 14232.777777777797 
365.0039978324624 1083.0 0.0 230.0 18.0 4638.064299449633 4895.76296296296 14232.777777777797 
366.0039978324624 1093.0 0.0 233.0 17.0 4651.745276912078 4774.874074074073 14232.777777777797 
367.0039978324624 1097.0 0.0 242.0 7.0 4613.491489961612 4269.20740740741 14232.777777777797 
368.0039978324624 1107.0 0.0 240.0 11.0 4592.103081706191 4399.607407407407 14232.777777777797 
369.0039978324624 1114.0 0.0 243.0 4.0 4589.00314390594 4561.103703703699 14232.777777777797 
370.0039978324624 1121.0 0.0 249.0 12.0 4600.279866552383 4701.7703703703755 14232.777777777797 
371.0039978324624 1126.0 0.0 256.0 7.0 4604.911139156407 4646.592592592597 14232.777777777797 
372.0039978324624 1137.0 0.0 257.0 8.0 4609.69780301854 4652.777777777781 14232.777777777797 
373.0039978324624 1144.0 0.0 265.0 3.0 4604.990985679651 4562.629629629632 14232.777777777797 
374.0039978324624 1151.0 0.0 268.0 27.0 4619.600776000573 4751.088888888889 14232.777777777797 
375.0039978324624 1156.0 0.0 271.0 8.0 4633.464402104222 4758.23703703704 14232.777777777797 
376.0039978324624 1160.0 0.0 273.0 6.0 4668.16907300491 4980.511111111115 14232.777777777797 
377.0039978324624 1174.0 0.0 272.0 8.0 4684.409943482197 4830.577777777773 14232.777777777797 
378.0039978324624 1182.0 0.0 271.0 19.0 4697.026726911754 4810.577777777774 14232.777777777797 
379.0039978324624 1193.0 0.0 276.0 13.0 4716.996646813173 4896.725925925923 14232.777777777797 
380.0039978324624 1199.0 0.0 285.0 3.0 4701.702167317042 4564.051851851845 14232.777777777797 
381.0039978324624 1209.0 0.0 281.0 6.0 4669.471209844597 4379.392592592594 14232.777777777797 
382.0039978324624 1218.0 0.0 286.0 15.0 4609.256681452728 4067.3259259259294 14232.777777777797 
383.0039978324624 1226.0 0.0 293.0 14.0 4546.236939233383 3979.05925925926 14232.777777777797 
384.0039978324624 1236.0 0.0 294.0 10.0 4502.157689754491 4105.444444444449 14232.777777777797 
385.0039978324624 1241.0 0.0 298.0 7.0 4464.5811800383 4126.392592592592 14232.777777777797 
386.0039978324624 1250.0 0.0 303.0 34.0 4455.6067657381745 4374.837037037041 14232.777777777797 
387.0039978324624 1262.0 0.0 299.0 19.0 4434.42905212732 4243.829629629635 14232.777777777797 
388.0039978324624 1275.0 0.0 296.0 12.0 4396.760220988663 4057.740740740745 14232.777777777797 
389.0039978324624 1283.0 0.0 300.0 9.0 4310.432347037942 3533.4814814814795 14232.777777777797 
390.0039978324624 1292.0 0.0 300.0 6.0 4224.8165197415565 3454.2740740740705 14232.777777777797 
391.0039978324624 1300.0 0.0 302.0 12.0 4156.145978878513 3538.1111111111063 14232.777777777797 
392.0039978324624 1306.0 0.0 306.0 17.0 4106.667677286958 3661.3629629629595 14232.777777777797 
393.0039978324624 1315.0 0.0 307.0 24.0 4064.9453540027052 3689.444444444449 14232.777777777797 
394.0039978324624 1324.0 0.0 306.0 21.0 4026.13600378762 3676.8518518518504 14232.777777777797 
395.0000172464397 1335.0 0.0 301.0 9.0 3969.137509944873 3453.14814814815 14232.777777777797 
396.0039978324624 1344.0 0.0 302.0 13.0 3928.585348253158 3566.318518518515 14232.777777777797 
397.0039978324624 1353.0 0.0 306.0 12.0 3899.593480094508 3638.6666666666706 14232.777777777797 
398.0039978324624 1361.0 0.0 307.0 9.0 3859.69783578876 3500.63703703704 14232.777777777797 
399.0039978324624 1371.0 0.0 316.0 10.0 3809.562126283959 3358.340740740744 14232.777777777797 
400.0039978324624 1378.0 2.0 317.0 10.0 3771.151098840747 3425.4518518518494 14232.777777777797 
401.0039978324624 1392.0 2.0 312.0 7.0 3756.8345074751905 3627.9851851851854 14232.777777777797 
402.0039978324624 1398.0 3.0 308.0 19.0 3717.6777233943417 3365.266666666669 14232.777777777797 
403.0039978324624 1405.0 3.0 309.0 11.0 3693.315136240091 3474.051851851846 14232.777777777797 
404.0039978324624 1414.0 3.0 305.0 3.0 3637.7451040975657 3137.614814814812 14232.777777777797 
405.0039978324624 1425.0 3.0 301.0 6.0 3575.595778872994 3016.2518518518546 14232.777777777797 
406.0039978324624 1432.0 3.0 295.0 10.0 3526.894719504213 3088.5851851851817 14232.777777777797 
407.0039978324624 1446.0 3.0 283.0 11.0 3497.321543850085 3231.1629629629647 14232.777777777797 
408.0039978324624 1454.0 3.0 276.0 9.0 3458.950130205821 3113.6074074074095 14232.777777777797 
409.0039978324624 1463.0 3.0 268.0 4.0 3404.9484505185715 2918.9333333333366 14232.777777777797 
410.0039978324624 1470.0 3.0 262.0 3.0 3336.6439758370825 2721.9037037037065 14232.777777777797 
411.0039978324624 1479.0 3.0 254.0 2.0 3267.058096771895 2640.7851851851847 14232.777777777797 
412.0039978324624 1487.0 3.0 246.0 5.0 3218.18562042804 2778.333333333332 14232.777777777797 
413.0039978324624 1497.0 3.0 237.0 5.0 3196.0937250519 2997.2666666666687 14232.777777777797 
414.0039978324624 1504.0 3.0 231.0 26.0 3189.4443525467136 3129.5999999999963 14232.777777777797 
415.0039978324624 1510.0 3.0 226.0 3.0 3203.591028403152 3330.9111111111097 14232.777777777797 
416.0039978324624 1518.0 3.0 218.0 2.0 3207.374888525798 3241.429629629634 14232.777777777797 
417.0039978324624 1525.0 3.0 211.0 7.0 3224.726288562108 3380.8888888888932 14232.777777777797 
418.0039978324624 1533.0 3.0 203.0 13.0 3255.6277337799693 3533.7407407407445 14232.777777777797 
419.0039978324624 1542.0 3.0 194.0 15.0 3301.0968122538275 3710.318518518514 14232.777777777797 
420.0039978324624 1553.0 3.0 183.0 3.0 3307.919723621036 3369.325925925929 14232.777777777797 
421.0039978324624 1559.0 3.0 177.0 5.0 3333.7921957033777 3566.6444444444405 14232.777777777797 
422.0039978324624 1562.0 3.0 174.0 16.0 3374.5433465034107 3741.3037037036997 14232.777777777797 
423.0039978324624 1566.0 3.0 170.0 2.0 3427.5401229641793 3904.5111111111078 14232.777777777797 
424.0039978324624 1567.0 3.0 170.0 2.0 3445.5387032603544 3607.525925925921 14232.777777777797 
425.0039978324624 1574.0 3.0 164.0 1.0 3481.678907008391 3806.94074074074 14232.777777777797 
426.0039978324624 1581.0 3.0 158.0 8.0 3534.1480533445892 4006.3703703703704 14232.777777777797 
427.0039978324624 1585.0 3.0 154.0 10.0 3606.4532480101316 4257.199999999993 14232.777777777797 
428.0039978324624 1593.0 3.0 146.0 15.0 3677.550886172083 4317.429629629628 14232.777777777797 
429.0039978324624 1598.0 3.0 141.0 6.0 3756.722464221543 4469.26666666667 14232.777777777797 
430.0039978324624 1600.0 3.0 141.0 6.0 3846.036143725314 4649.859259259268 14232.777777777797 
431.0039978324624 1608.0 3.0 133.0 8.0 3912.139196019449 4507.066666666667 14232.777777777797 
432.0039978324624 1611.0 3.0 131.0 6.0 3967.872683824908 4469.47407407408 14232.777777777797 
433.0039978324624 1615.0 3.0 128.0 3.0 4037.974304331307 4668.888888888897 14232.777777777797 
434.0039978324624 1620.0 3.0 123.0 6.0 4117.296133157437 4831.192592592586 14232.777777777797 
435.0039978324624 1625.0 3.0 118.0 3.0 4199.109482804655 4935.429629629624 14232.777777777797 
436.0039978324624 1629.0 3.0 114.0 2.0 4284.000756746413 5048.022222222212 14232.777777777797 
437.0039978324624 1633.0 3.0 110.0 4.0 4361.640681071772 5060.399999999994 14232.777777777797 
438.0039978324624 1639.0 3.0 104.0 3.0 4444.223279631262 5187.466666666662 14232.777777777797 
439.0039978324624 1643.0 3.0 100.0 3.0 4527.332803519987 5275.318518518512 14232.777777777797 
440.0039978324624 1645.0 3.0 98.0 2.0 4611.126189834654 5365.26666666667 14232.777777777797 
441.0039978324624 1652.0 3.0 91.0 4.0 4642.513570851192 4925.0 14232.777777777797 
442.0039978324624 1657.0 3.0 86.0 8.0 4686.659250803105 5083.970370370371 14232.777777777797 
443.0039978324624 1663.0 3.0 80.0 2.0 4737.849622019092 5198.562962962968 14232.777777777797 
444.0039978324624 1666.0 3.0 77.0 13.0 4794.868363520886 5308.03703703704 14232.777777777797 
445.0039978324624 1671.0 3.0 72.0 2.0 4851.6593049465755 5362.7777777777865 14232.777777777797 
446.0039978324624 1677.0 3.0 66.0 5.0 4888.043004081551 5215.49629629629 14232.777777777797 
447.0039978324624 1677.0 3.0 66.0 14.0 4906.774259228949 5075.3555555555595 14232.777777777797 
448.0039978324624 1677.0 3.0 66.0 1.0 4931.569425898643 5154.725925925922 14232.777777777797 
449.0039978324624 1679.0 3.0 64.0 3.0 4964.832483308779 5264.1999999999925 14232.777777777797 
450.0039978324624 1682.0 3.0 61.0 3.0 5006.7625683112365 5384.133333333325 14232.777777777797 
451.0039978324624 1684.0 3.0 59.0 3.0 5056.28112629493 5501.948148148158 14232.777777777797 
452.0039978324624 1689.0 3.0 54.0 6.0 5110.155976628398 5595.029629629629 14232.777777777797 
453.0039978324624 1691.0 3.0 52.0 8.0 5163.19000859519 5640.49629629629 14232.777777777797 
454.0039978324624 1691.0 3.0 52.0 7.0 5219.905081809747 5730.340740740731 14232.777777777797 
455.0039978324624 1692.0 3.0 52.0 3.0 5254.244203258397 5563.2962962963 14232.777777777797 
456.0039978324624 1693.0 3.0 51.0 5.0 5294.477560710339 5656.577777777769 14232.777777777797 
457.0039978324624 1693.0 3.0 51.0 1.0 5334.923137972634 5698.933333333329 14232.777777777797 
458.0039978324624 1696.0 3.0 48.0 2.0 5382.98563899019 5815.54814814814 14232.777777777797 
459.0039978324624 1696.0 3.0 48.0 9.0 5437.1878158319105 5925.007407407418 14232.777777777797 
460.0039978324624 1697.0 3.0 47.0 9.0 5504.653478693166 6111.844444444438 14232.777777777797 
461.0039978324624 1700.0 3.0 45.0 4.0 5582.6281308238495 6284.399999999988 14232.777777777797 
462.0039978324624 1700.0 3.0 45.0 2.0 5655.57346588961 6312.081481481472 14232.777777777797 
463.0039978324624 1702.0 3.0 43.0 2.0 5733.722045226573 6437.05925925926 14232.777777777797 
464.0039978324624 1703.0 3.0 42.0 6.0 5811.603174037253 6512.533333333338 14232.777777777797 
465.0039978324624 1704.0 3.0 41.0 8.0 5888.195449226117 6577.52592592592 14232.777777777797 
466.0039978324624 1704.0 3.0 41.0 4.0 5970.549237636838 6711.733333333336 14232.777777777797 
467.0039978324624 1705.0 3.0 40.0 1.0 6058.210610169454 6847.162962962948 14232.777777777797 
468.0039978324624 1706.0 3.0 39.0 1.0 6149.813252856215 6974.237037037041 14232.777777777797 
469.0039978324624 1707.0 3.0 38.0 1.0 6252.914149792815 7180.822222222219 14232.777777777797 
470.0039978324624 1707.0 3.0 38.0 1.0 6356.127919998716 7285.051851851841 14232.777777777797 
471.0039978324624 1710.0 3.0 35.0 17.0 6459.967720591434 7394.525925925919 14232.777777777797 
472.0039978324624 1711.0 3.0 34.0 2.0 6566.3413189026605 7523.7037037037 14232.777777777797 
473.0039978324624 1711.0 3.0 34.0 3.0 6679.544224049436 7698.370370370371 14232.777777777797 
474.0039978324624 1712.0 3.0 33.0 5.0 6792.706097940783 7811.162962962947 14232.777777777797 
475.0039978324624 1713.0 3.0 32.0 2.0 6905.933265924485 7924.977777777773 14232.777777777797 
476.0039978324624 1713.0 3.0 32.0 2.0 7022.408087480187 8070.6814814814725 14232.777777777797 
477.0039978324624 1714.0 3.0 31.0 7.0 7138.495426880318 8183.2814814814665 14232.777777777797 
478.0039978324624 1715.0 3.0 30.0 11.0 7252.682921229321 8280.370370370374 14232.777777777797 
479.0039978324624 1715.0 3.0 30.0 17.0 7367.44796243972 8400.333333333327 14232.777777777797 
480.0039978324624 1717.0 3.0 28.0 4.0 7480.947610640191 8502.44444444443 14232.777777777797 
481.0039978324624 1718.0 3.0 27.0 5.0 7592.595071798392 8597.422222222236 14232.777777777797 
482.0039978324624 1718.0 3.0 27.0 8.0 7702.074083137072 8687.385185185169 14232.777777777797 
483.0039978324624 1718.0 3.0 27.0 8.0 7809.791119267812 8779.244444444455 14232.777777777797 
484.0039978324624 1719.0 3.0 26.0 16.0 7920.159414748445 8913.474074074082 14232.777777777797 
485.0039978324624 1720.0 3.0 25.0 4.0 8029.724954755081 9015.814814814805 14232.777777777797 
486.0039978324624 1721.0 3.0 24.0 5.0 8134.520607427722 9077.681481481464 14232.777777777797 
487.0039978324624 1721.0 3.0 24.0 5.0 8237.11743557384 9160.488888888898 14232.777777777797 
488.0039978324624 1721.0 3.0 24.0 8.0 8334.214580905336 9208.088888888868 14232.777777777797 
489.0039978324624 1721.0 3.0 24.0 16.0 8430.07460429629 9292.814814814805 14232.777777777797 
490.0039978324624 1722.0 3.0 23.0 4.0 8527.818254977767 9407.5111111111 14232.777777777797 
491.0039978324624 1722.0 3.0 23.0 4.0 8629.208281331845 9541.718518518535 14232.777777777797 
492.0039978324624 1722.0 3.0 24.0 8.0 8725.409675420884 9591.222222222204 14232.777777777797 
493.0039978324624 1722.0 3.0 24.0 16.0 8814.989448619534 9621.207407407384 14232.777777777797 
494.0039978324624 1722.0 3.0 24.0 19.0 8901.60754079462 9681.17037037036 14232.777777777797 
495.0039978324624 1722.0 3.0 24.0 4.0 8989.584564492938 9781.377777777798 14232.777777777797 
496.0039978324624 1723.0 3.0 23.0 4.0 9079.711293228833 9890.851851851869 14232.777777777797 
497.0039978324624 1723.0 3.0 23.0 5.0 9167.013497239272 9952.733333333357 14232.777777777797 
498.0039978324624 1723.0 3.0 23.0 8.0 9256.864740107947 10065.525925925918 14232.777777777797 
499.0039978324624 1723.0 3.0 23.0 21.0 9345.679006837889 10145.00740740742 14232.777777777797 
500.0039978324624 1723.0 3.0 23.0 4.0 9430.15999504299 10190.488888888904 14232.777777777797 
501.0039978324624 1723.0 3.0 23.0 4.0 9514.262514057205 10271.185185185195 14232.777777777797 
502.0039978324624 1724.0 3.0 22.0 4.0 9596.665151540372 10338.288888888881 14232.777777777797 
503.0039978324624 1724.0 3.0 22.0 4.0 9677.538636386334 10405.399999999983 14232.777777777797 
504.0039978324624 1724.0 3.0 23.0 16.0 9761.586254229182 10518.014814814836 14232.777777777797 
505.0039978324624 1724.0 3.0 23.0 4.0 9847.060221398868 10616.325925925901 14232.777777777797 
506.0039978324624 1724.0 3.0 23.0 4.0 9928.74531037008 10663.91111111114 14232.777777777797 
507.0039978324624 1724.0 3.0 24.0 4.0 10010.210779333083 10743.399999999983 14232.777777777797 
508.0039978324624 1725.0 3.0 23.0 5.0 10089.527479177545 10803.377777777801 14232.777777777797 
509.0039978324624 1725.0 3.0 23.0 17.0 10168.459175704234 10878.844444444463 14232.777777777797 
510.0039978324624 1726.0 3.0 23.0 7.0 10245.494739615298 10938.814814814803 14232.777777777797 
511.0039978324624 1726.0 3.0 23.0 4.0 10322.060080468584 11011.148148148131 14232.777777777797 
512.0039978324623 1726.0 3.0 23.0 5.0 10404.723702051355 11148.696296296283 14232.777777777797 
513.0039978324623 1726.0 3.0 23.0 26.0 10481.596517031401 11173.451851851834 14232.777777777797 
514.0039978324623 1726.0 3.0 23.0 8.0 10553.065754217152 11196.28888888888 14232.777777777797 
515.0039978324623 1726.0 3.0 23.0 5.0 10622.148067684331 11243.8888888889 14232.777777777797 
516.0039978324623 1726.0 3.0 23.0 6.0 10693.31770536033 11333.844444444465 14232.777777777797 
517.0039978324623 1726.0 3.0 23.0 6.0 10761.082971861337 11370.970370370338 14232.777777777797 
518.0039978324623 1726.0 3.0 23.0 25.0 10826.830970971505 11418.562962962938 14232.777777777797 
519.0039978324623 1727.0 3.0 22.0 9.0 10890.763429429911 11466.155555555535 14232.777777777797 
520.0039978324623 1727.0 3.0 22.0 12.0 10955.13523463506 11534.481481481498 14232.777777777797 
521.0039978324623 1727.0 3.0 22.0 16.0 11016.068377838223 11564.46666666666 14232.777777777797 
522.0039978324623 1727.0 3.0 23.0 6.0 11076.380799313662 11619.192592592608 14232.777777777797 
523.0039978324623 1729.0 3.0 21.0 8.0 11134.707163826735 11659.644444444439 14232.777777777797 
524.0039978324623 1729.0 3.0 21.0 6.0 11189.485336332962 11682.488888888907 14232.777777777797 
525.0039978324623 1729.0 3.0 21.0 6.0 11243.14272862559 11726.059259259262 14232.777777777797 
526.0039978324623 1729.0 3.0 21.0 10.0 11295.670677985243 11768.422222222236 14232.777777777797 
527.0039978324623 1729.0 3.0 21.0 23.0 11343.660647223753 11775.570370370358 14232.777777777797 
528.0039978324623 1730.0 3.0 20.0 7.0 11392.133841760637 11828.392592592574 14232.777777777797 
529.0039978324623 1730.0 3.0 20.0 6.0 11441.042679806798 11881.222222222204 14232.777777777797 
530.0039978324623 1730.0 3.0 20.0 6.0 11489.60804145576 11926.696296296284 14232.777777777797 
531.0039978324623 1730.0 3.0 20.0 6.0 11534.554644717578 11939.074074074082 14232.777777777797 
532.0039978324623 1731.0 3.0 20.0 6.0 11580.079920986569 11989.807407407397 14232.777777777797 
533.0039978324623 1731.0 3.0 20.0 23.0 11625.81266962865 12037.407407407401 14232.777777777797 
534.0039978324623 1731.0 3.0 20.0 6.0 11668.018069332444 12047.866666666652 14232.777777777797 
535.0039978324623 1731.0 3.0 20.0 6.0 11708.478484621433 12072.622222222202 14232.777777777797 
536.0039978324623 1731.0 3.0 20.0 6.0 11748.938043566699 12113.074074074082 14232.777777777797 
537.0039978324623 1731.0 3.0 20.0 6.0 11783.590165135953 12095.459259259243 14232.777777777797 
538.0039978324623 1731.0 3.0 20.0 28.0 11815.300037511231 12100.688888888879 14232.777777777797 
539.0039978324623 1731.0 3.0 20.0 13.0 11848.598181908272 12148.281481481468 14232.777777777797 
540.0039978324623 1731.0 3.0 20.0 7.0 11882.40058593967 12186.622222222202 14232.777777777797 
541.0039978324623 1731.0 3.0 20.0 7.0 11912.73311993829 12185.725925925946 14232.777777777797 
542.0039978324623 1731.0 3.0 20.0 8.0 11943.031659796297 12215.718518518532 14232.777777777797 
543.0039978324623 1732.0 3.0 19.0 23.0 11972.061827150003 12233.333333333321 14232.777777777797 
544.0039978324623 1732.0 3.0 19.0 12.0 11998.711940731308 12238.562962962937 14232.777777777797 
545.0039978324623 1733.0 3.0 18.0 7.0 12024.770376287814 12259.296296296292 14232.777777777797 
546.0039978324623 1733.0 3.0 18.0 7.0 12051.744449770127 12294.511111111093 14232.777777777797 
547.0039978324623 1733.0 3.0 18.0 28.0 12077.258893682005 12306.888888888892 14232.777777777797 
548.0039978324623 1734.0 3.0 17.0 20.0 12101.983374684169 12324.503703703685 14232.777777777797 
549.0039978324623 1734.0 3.0 17.0 8.0 12125.473185363908 12336.88148148148 14232.777777777797 
550.0039978324623 1734.0 3.0 17.0 7.0 12146.925866827523 12340.0 14232.777777777797 
551.0039978324623 1734.0 3.0 17.0 7.0 12167.994020885499 12357.607407407426 14232.777777777797 
552.0039978324623 1735.0 3.0 16.0 7.0 12192.95313731548 12417.58518518519 14232.777777777797 
553.0039978324623 1735.0 3.0 16.0 27.0 12217.489675435774 12438.318518518545 14232.777777777797 
554.0039978324623 1735.0 3.0 16.0 9.0 12243.094041225537 12473.53333333333 14232.777777777797 
555.0039978324623 1735.0 3.0 16.0 7.0 12272.65871117705 12538.740740740726 14232.777777777797 
556.0039978324623 1735.0 3.0 16.0 7.0 12300.504691911203 12551.11851851852 14232.777777777797 
557.0039978324623 1735.0 3.0 16.0 7.0 12332.087556053417 12616.333333333325 14232.777777777797 
558.0039978324623 1735.0 3.0 16.0 27.0 12362.272874522145 12633.94074074073 14232.777777777797 
559.0039978324623 1735.0 3.0 16.0 9.0 12391.20114262548 12651.555555555584 14232.777777777797 
560.0039978324623 1735.0 3.0 16.0 7.0 12418.78695428887 12667.05925925927 14232.777777777797 
561.0039978324623 1735.0 3.0 16.0 7.0 12445.37492552664 12684.666666666675 14232.777777777797 
562.0039978324623 1735.0 3.0 16.0 7.0 12471.064840381394 12702.274074074054 14232.777777777797 
563.0039978324623 1735.0 3.0 16.0 28.0 12494.185763750647 12702.274074074054 14232.777777777797 
564.0039978324623 1735.0 3.0 16.0 10.0 12520.278298486694 12755.111111111113 14232.777777777797 
565.0039978324623 1735.0 3.0 17.0 7.0 12543.76157974914 12755.111111111113 14232.777777777797 
566.0039978324623 1735.0 3.0 17.0 7.0 12567.895051403852 12785.096296296286 14232.777777777797 
567.0039978324623 1735.0 3.0 17.0 7.0 12588.377398115312 12772.718518518524 14232.777777777797 
568.0039978324623 1735.0 3.0 17.0 29.0 12609.09595460008 12795.562962962937 14232.777777777797 
569.0039978324623 1735.0 3.0 17.0 10.0 12629.503396177119 12813.17037037036 14232.777777777797 
570.0039978324623 1735.0 3.0 17.0 7.0 12649.630834337171 12830.777777777797 14232.777777777797 
571.0039978324623 1735.0 3.0 17.0 7.0 12667.745528681244 12830.777777777797 14232.777777777797 
572.0039978324623 1735.0 3.0 18.0 7.0 12684.04875359089 12830.777777777797 14232.777777777797 
573.0039978324623 1735.0 3.0 18.0 29.0 12698.721656009588 12830.777777777797 14232.777777777797 
574.0039978324623 1735.0 3.0 18.0 10.0 12712.450971890104 12836.014814814836 14232.777777777797 
575.0039978324623 1735.0 3.0 18.0 7.0 12723.56883766405 12823.629629629611 14232.777777777797 
576.0039978324623 1735.0 3.0 20.0 7.0 12740.617879823576 12894.059259259275 14232.777777777797 
577.0039978324623 1735.0 3.0 20.0 9.0 12764.24349924863 12976.874074074076 14232.777777777797 
578.0039978324623 1735.0 3.0 20.0 29.0 12787.2687789534 12994.496296296309 14232.777777777797 
579.0039978324623 1735.0 3.0 20.0 13.0 12809.752271428415 13012.103703703682 14232.777777777797 
580.0039978324623 1735.0 3.0 20.0 9.0 12829.796303544834 13010.192592592595 14232.777777777797 
581.0039978324623 1735.0 3.0 20.0 9.0 12846.598154671832 12997.814814814803 14232.777777777797 
582.0039978324623 1735.0 3.0 20.0 9.0 12864.00426513058 13020.659259259277 14232.777777777797 
583.0039978324623 1735.0 3.0 20.0 13.0 12877.194208987896 12995.90370370371 14232.777777777797 
584.0039978324623 1736.0 3.0 19.0 29.0 12890.302195496512 13008.274074074054 14232.777777777797 
585.0039978324623 1736.0 3.0 19.0 12.0 12909.143087057972 13078.711111111119 14232.777777777797 
586.0039978324623 1738.0 3.0 17.0 9.0 12932.620630204034 13143.918518518494 14232.777777777797 
587.0039978324623 1738.0 3.0 17.0 9.0 12956.748937554003 13173.90370370371 14232.777777777797 
588.0039978324623 1738.0 3.0 17.0 9.0 12981.463673428218 13203.896296296318 14232.777777777797 
589.0039978324623 1738.0 3.0 17.0 13.0 13005.468417196505 13221.511111111093 14232.777777777797 
590.0039978324623 1738.0 3.0 17.0 28.0 13027.384538439828 13224.629629629613 14232.777777777797 
591.0039978324623 1738.0 3.0 17.0 12.0 13050.630529040298 13259.844444444469 14232.777777777797 
592.0039978324623 1738.0 3.0 17.0 9.0 13074.02747613626 13284.600000000002 14232.777777777797 
593.0039978324623 1740.0 3.0 15.0 9.0 13096.84546926337 13302.207407407375 14232.777777777797 
594.0039978324623 1741.0 3.0 14.0 9.0 13119.142403818516 13319.814814814803 14232.777777777797 
595.0039978324623 1741.0 3.0 14.0 29.0 13144.492607881117 13372.644444444439 14232.777777777797 
596.0039978324623 1741.0 3.0 14.0 13.0 13169.069273018915 13390.259259259268 14232.777777777797 
597.0039978324623 1742.0 3.0 13.0 11.0 13192.9490123837 13407.866666666652 14232.777777777797 
598.0039978324623 1742.0 3.0 13.0 11.0 13219.723740774965 13460.696296296283 14232.777777777797 
599.0039978324623 1742.0 3.0 13.0 11.0 13242.583218549324 13448.318518518547 14232.777777777797 
600.0039978324623 1742.0 3.0 13.0 35.0 13263.15674854622 13448.318518518547 14232.777777777797 
#####################################################################
# End of data export. Simulation finished at: 2020-02-20T13:54+0000 #
#####################################################################
