#####################################################################
# Alchemist log file - simulation started at: 2020-02-04T09:07+0000 #
#####################################################################
# seed = 7.0, meanTaskSize = 10000, smoothing = 0.1, grain = 1300.0, peakFrequency = 0.1
#
# The columns have the following meaning: 
# time done[Sum] drop[Sum] waiting[Sum] isLeader[Sum] capacity[Mean] freeCapacity[Mean] maxCapacity[Mean] 
0.0 NaN 0.0 NaN NaN NaN NaN NaN 
1.0042631798645665 0.0 0.0 0.0 135.0 14232.777777777797 14232.777777777797 14232.777777777797 
2.0042631798645667 0.0 0.0 0.0 135.0 14232.777777777797 14232.777777777797 14232.777777777797 
3.0042631798645667 0.0 0.0 0.0 135.0 14232.777777777797 14232.777777777797 14232.777777777797 
4.004263179864567 0.0 0.0 0.0 135.0 14232.777777777797 14232.777777777797 14232.777777777797 
5.004263179864567 0.0 0.0 0.0 135.0 14232.777777777797 14232.777777777797 14232.777777777797 
6.004263179864567 0.0 0.0 0.0 135.0 14232.777777777797 14232.777777777797 14232.777777777797 
7.004263179864567 0.0 0.0 0.0 135.0 14232.777777777797 14232.777777777797 14232.777777777797 
8.004263179864566 0.0 0.0 0.0 135.0 14232.777777777797 14232.777777777797 14232.777777777797 
9.004263179864566 0.0 0.0 0.0 135.0 14232.777777777797 14232.777777777797 14232.777777777797 
10.004263179864566 0.0 0.0 0.0 135.0 14232.777777777797 14232.777777777797 14232.777777777797 
11.004263179864566 0.0 0.0 0.0 135.0 14232.777777777797 14232.777777777797 14232.777777777797 
12.004263179864566 0.0 0.0 0.0 135.0 14232.777777777797 14232.777777777797 14232.777777777797 
13.004263179864566 0.0 0.0 0.0 135.0 14232.777777777797 14232.777777777797 14232.777777777797 
14.004263179864566 0.0 0.0 0.0 135.0 14232.777777777797 14232.777777777797 14232.777777777797 
15.004263179864566 0.0 0.0 0.0 135.0 14232.777777777797 14232.777777777797 14232.777777777797 
16.004263179864566 0.0 0.0 0.0 135.0 14232.777777777797 14232.777777777797 14232.777777777797 
17.004263179864566 0.0 0.0 1.0 135.0 14232.777777777797 14232.777777777797 14232.777777777797 
18.004263179864566 0.0 0.0 1.0 135.0 14231.016296296293 14215.162962962962 14232.777777777797 
19.004263179864566 0.0 0.0 2.0 135.0 14229.430962962972 14215.162962962962 14232.777777777797 
20.004263179864566 0.0 0.0 2.0 135.0 14227.691570370373 14212.037037037013 14232.777777777797 
21.004263179864566 0.0 0.0 2.0 135.0 14226.126117037024 14212.037037037013 14232.777777777797 
22.004263179864566 0.0 0.0 2.0 135.0 14224.717209037053 14212.037037037013 14232.777777777797 
23.004263179864566 0.0 0.0 2.0 135.0 14223.449191837044 14212.037037037013 14232.777777777797 
24.004263179864566 0.0 0.0 2.0 135.0 14222.307976357044 14212.037037037013 14232.777777777797 
25.004263179864566 0.0 0.0 3.0 135.0 14221.280882425028 14212.037037037013 14232.777777777797 
26.004263179864566 0.0 0.0 3.0 135.0 14220.043905293644 14208.911111111145 14232.777777777797 
27.004263179864566 0.0 0.0 4.0 135.0 14218.930625875391 14208.911111111145 14232.777777777797 
28.004263179864566 0.0 0.0 4.0 135.0 14217.616081806376 14205.785185185186 14232.777777777797 
29.004263179864566 0.0 0.0 4.0 135.0 14216.43299214425 14205.785185185186 14232.777777777797 
30.004263179864566 0.0 0.0 5.0 135.0 14215.368211448345 14205.785185185186 14232.777777777797 
31.004263179864566 0.0 0.0 5.0 135.0 14212.648427340557 14188.17037037036 14232.777777777797 
32.004263179864566 0.0 0.0 5.0 135.0 14210.20062164351 14188.17037037036 14232.777777777797 
33.004263179864566 0.0 0.0 5.0 135.0 14207.997596516214 14188.17037037036 14232.777777777797 
34.004263179864566 0.0 0.0 5.0 135.0 14206.01487390164 14188.17037037036 14232.777777777797 
35.004263179864566 0.0 0.0 5.0 135.0 14204.230423548517 14188.17037037036 14232.777777777797 
36.004263179864566 0.0 0.0 5.0 135.0 14202.624418230671 14188.17037037036 14232.777777777797 
37.004263179864566 0.0 0.0 5.0 135.0 14201.179013444662 14188.17037037036 14232.777777777797 
38.004263179864566 0.0 0.0 5.0 135.0 14199.878149137236 14188.17037037036 14232.777777777797 
39.004263179864566 0.0 0.0 5.0 135.0 14198.707371260567 14188.17037037036 14232.777777777797 
40.004263179864566 0.0 0.0 6.0 135.0 14197.653671171534 14188.17037037036 14232.777777777797 
41.004263179864566 0.0 0.0 6.0 135.0 14194.943859609928 14170.555555555586 14232.777777777797 
42.004263179864566 1.0 0.0 5.0 135.0 14192.50502920447 14170.555555555586 14232.777777777797 
43.004263179864566 1.0 0.0 5.0 134.0 14192.071563321077 14188.17037037036 14232.777777777797 
44.004263179864566 1.0 0.0 5.0 134.0 14191.681444025977 14188.17037037036 14232.777777777797 
45.004263179864566 1.0 0.0 5.0 134.0 14191.330336660438 14188.17037037036 14232.777777777797 
46.004263179864566 1.0 0.0 5.0 134.0 14191.014340031446 14188.17037037036 14232.777777777797 
47.004263179864566 1.0 0.0 5.0 134.0 14190.729943065318 14188.17037037036 14232.777777777797 
48.004263179864566 1.0 0.0 5.0 134.0 14190.473985795814 14188.17037037036 14232.777777777797 
49.004263179864566 1.0 0.0 5.0 133.0 14190.24362425329 14188.17037037036 14232.777777777797 
50.004263179864566 1.0 0.0 5.0 133.0 14190.036298865005 14188.17037037036 14232.777777777797 
51.004263179864566 1.0 0.0 5.0 132.0 14189.849706015522 14188.17037037036 14232.777777777797 
52.004263179864566 1.0 0.0 5.0 132.0 14189.681772451027 14188.17037037036 14232.777777777797 
53.004263179864566 1.0 0.0 5.0 132.0 14189.530632242955 14188.17037037036 14232.777777777797 
54.004263179864566 1.0 0.0 5.0 132.0 14189.3946060557 14188.17037037036 14232.777777777797 
55.004263179864566 1.0 0.0 5.0 132.0 14189.272182487148 14188.17037037036 14232.777777777797 
56.004263179864566 1.0 0.0 5.0 132.0 14189.162001275503 14188.17037037036 14232.777777777797 
57.004263179864566 1.0 0.0 5.0 132.0 14189.062838184973 14188.17037037036 14232.777777777797 
58.004263179864566 2.0 0.0 4.0 132.0 14188.973591403479 14188.17037037036 14232.777777777797 
59.004263179864566 2.0 0.0 4.0 132.0 14190.654750781678 14205.785185185186 14232.777777777797 
60.004263179864566 2.0 0.0 4.0 132.0 14192.16779422204 14205.785185185186 14232.777777777797 
61.004263179864566 2.0 0.0 4.0 132.0 14193.529533318355 14205.785185185186 14232.777777777797 
62.004263179864566 2.0 0.0 4.0 132.0 14194.755098505031 14205.785185185186 14232.777777777797 
63.004263179864566 2.0 0.0 4.0 132.0 14195.85810717305 14205.785185185186 14232.777777777797 
64.00426317986457 2.0 0.0 4.0 132.0 14196.85081497426 14205.785185185186 14232.777777777797 
65.00426317986457 2.0 0.0 4.0 132.0 14197.744251995357 14205.785185185186 14232.777777777797 
66.00426317986457 2.0 0.0 4.0 132.0 14198.548345314332 14205.785185185186 14232.777777777797 
67.00426317986457 2.0 0.0 5.0 132.0 14199.272029301439 14205.785185185186 14232.777777777797 
68.00426317986457 2.0 0.0 5.0 132.0 14199.610752297214 14202.659259259277 14232.777777777797 
69.00426317986457 2.0 0.0 5.0 132.0 14199.915602993386 14202.659259259277 14232.777777777797 
70.00426317986457 2.0 0.0 5.0 132.0 14200.189968620012 14202.659259259277 14232.777777777797 
71.00426317986457 2.0 0.0 7.0 132.0 14200.436897683936 14202.659259259277 14232.777777777797 
72.00426317986457 3.0 0.0 6.0 132.0 14198.585059767396 14181.918518518494 14232.777777777797 
73.00426317986457 3.0 0.0 6.0 132.0 14198.679887123986 14199.533333333318 14232.777777777797 
74.00426317986457 3.0 0.0 6.0 132.0 14198.765231744945 14199.533333333318 14232.777777777797 
75.00426317986457 3.0 0.0 6.0 132.0 14198.84204190377 14199.533333333318 14232.777777777797 
76.00426317986457 3.0 0.0 6.0 132.0 14198.911171046715 14199.533333333318 14232.777777777797 
77.00426317986457 3.0 0.0 6.0 132.0 14198.973387275386 14199.533333333318 14232.777777777797 
78.00426317986457 3.0 0.0 7.0 132.0 14199.029381881179 14199.533333333318 14232.777777777797 
79.00426317986457 3.0 0.0 8.0 132.0 14198.767184433811 14196.407407407401 14232.777777777797 
80.00426317986457 3.0 0.0 9.0 132.0 14198.218614138555 14193.281481481483 14232.777777777797 
81.00426317986457 3.0 0.0 9.0 132.0 14197.41230828026 14190.155555555531 14232.777777777797 
82.00426317986457 3.0 0.0 9.0 132.0 14196.68663300777 14190.155555555531 14232.777777777797 
83.00426317986457 3.0 0.0 10.0 132.0 14196.033525262566 14190.155555555531 14232.777777777797 
84.00426317986457 3.0 0.0 11.0 132.0 14193.684987551158 14172.54814814815 14232.777777777797 
85.00426317986457 3.0 0.0 11.0 132.0 14191.258711018243 14169.422222222236 14232.777777777797 
86.00426317986457 3.0 0.0 11.0 132.0 14189.075062138632 14169.422222222236 14232.777777777797 
87.00426317986457 3.0 0.0 11.0 132.0 14187.109778147013 14169.422222222236 14232.777777777797 
88.00426317986457 3.0 0.0 11.0 132.0 14185.341022554498 14169.422222222236 14232.777777777797 
89.00426317986457 3.0 0.0 12.0 132.0 14183.749142521281 14169.422222222236 14232.777777777797 
90.00426317986457 3.0 0.0 12.0 132.0 14182.003857898802 14166.296296296277 14232.777777777797 
91.00426317986457 3.0 0.0 13.0 131.0 14180.433101738523 14166.296296296277 14232.777777777797 
92.00426317986457 3.0 0.0 14.0 131.0 14178.706828601715 14163.17037037036 14232.777777777797 
93.00426317986457 3.0 0.0 14.0 131.0 14176.840590186013 14160.044444444442 14232.777777777797 
94.00426317986457 3.0 0.0 14.0 131.0 14175.160975611838 14160.044444444442 14232.777777777797 
95.00426317986457 3.0 0.0 14.0 130.0 14173.6493224951 14160.044444444442 14232.777777777797 
96.00426317986457 3.0 0.0 15.0 130.0 14172.28883469003 14160.044444444442 14232.777777777797 
97.00426317986457 3.0 0.0 15.0 129.0 14170.752543813618 14156.92592592593 14232.777777777797 
98.00426317986457 3.0 0.0 15.0 129.0 14169.369882024868 14156.92592592593 14232.777777777797 
99.00426317986457 3.0 0.0 15.0 129.0 14168.12548641496 14156.92592592593 14232.777777777797 
100.00426317986457 3.0 0.0 15.0 129.0 14167.005530366057 14156.92592592593 14232.777777777797 
101.00426317986457 3.0 0.0 15.0 129.0 14165.997569922041 14156.92592592593 14232.777777777797 
102.00426317986457 3.0 0.0 15.0 128.0 14165.090405522458 14156.92592592593 14232.777777777797 
103.00426317986457 3.0 0.0 15.0 127.0 14164.27395756278 14156.92592592593 14232.777777777797 
104.00426317986457 3.0 0.0 15.0 127.0 14163.539154399095 14156.92592592593 14232.777777777797 
105.00426317986457 3.0 0.0 15.0 127.0 14162.877831551772 14156.92592592593 14232.777777777797 
106.00426317986457 3.0 0.0 15.0 127.0 14162.28264098921 14156.92592592593 14232.777777777797 
107.00426317986457 3.0 0.0 15.0 127.0 14161.746969482872 14156.92592592593 14232.777777777797 
108.00426317986457 3.0 0.0 16.0 126.0 14161.264865127181 14156.92592592593 14232.777777777797 
109.00426317986457 3.0 0.0 17.0 126.0 14160.518378614459 14153.799999999974 14232.777777777797 
110.00426317986457 3.0 0.0 18.0 126.0 14159.53468890116 14150.681481481453 14232.777777777797 
111.00426317986457 3.0 0.0 18.0 126.0 14158.336775566599 14147.555555555586 14232.777777777797 
112.00426317986457 3.0 0.0 18.0 126.0 14157.258653565465 14147.555555555586 14232.777777777797 
113.00426317986457 3.0 0.0 19.0 124.0 14156.288343764489 14147.555555555586 14232.777777777797 
114.00426317986457 3.0 0.0 19.0 124.0 14155.415064943621 14147.555555555586 14232.777777777797 
115.00426317986457 3.0 0.0 19.0 123.0 14152.867632523314 14129.940740740722 14232.777777777797 
116.00426317986457 3.0 0.0 19.0 122.0 14150.574943345073 14129.940740740722 14232.777777777797 
117.00426317986457 3.0 0.0 20.0 122.0 14148.511523084624 14129.940740740722 14232.777777777797 
118.00426317986457 3.0 0.0 20.0 122.0 14146.654444850219 14129.940740740722 14232.777777777797 
119.00426317986457 3.0 0.0 20.0 122.0 14143.222333698559 14112.333333333332 14232.777777777797 
120.00426317986457 3.0 0.0 20.0 122.0 14140.133433662026 14112.333333333332 14232.777777777797 
121.00426317986457 3.0 0.0 20.0 122.0 14137.353423629142 14112.333333333332 14232.777777777797 
122.00426317986457 3.0 0.0 20.0 122.0 14134.85141459956 14112.333333333332 14232.777777777797 
123.00426317986457 3.0 0.0 20.0 122.0 14132.59960647293 14112.333333333332 14232.777777777797 
124.00426317986457 3.0 0.0 20.0 122.0 14130.57297915901 14112.333333333332 14232.777777777797 
125.00426317986457 3.0 0.0 21.0 122.0 14128.749014576419 14112.333333333332 14232.777777777797 
126.00426317986457 3.0 0.0 23.0 114.0 14125.345964970644 14094.718518518517 14232.777777777797 
127.00426317986457 3.0 0.0 25.0 116.0 14118.760998103187 14059.496296296304 14232.777777777797 
128.00426317986455 3.0 0.0 25.0 114.0 14110.761935329912 14038.77037037036 14232.777777777797 
129.00426317986455 3.0 0.0 28.0 116.0 14103.562778833963 14038.77037037036 14232.777777777797 
130.00426317986455 3.0 0.0 28.0 114.0 14095.322056506116 14021.155555555531 14232.777777777797 
131.00426317986455 3.0 0.0 28.0 115.0 14087.905406411084 14021.155555555531 14232.777777777797 
132.00426317986455 3.0 0.0 28.0 114.0 14081.230421325514 14021.155555555531 14232.777777777797 
133.00426317986455 3.0 0.0 28.0 115.0 14075.222934748524 14021.155555555531 14232.777777777797 
134.00426317986455 3.0 0.0 29.0 114.0 14069.81619682922 14021.155555555531 14232.777777777797 
135.00426317986455 3.0 0.0 29.0 107.0 14064.950132701857 14021.155555555531 14232.777777777797 
136.00426317986455 3.0 0.0 29.0 116.0 14057.571415727969 13991.16296296296 14232.777777777797 
137.00426317986455 3.0 0.0 29.0 113.0 14050.930570451465 13991.16296296296 14232.777777777797 
138.00426317986455 4.0 0.0 28.0 107.0 14044.95380970262 13991.16296296296 14232.777777777797 
139.00426317986455 4.0 0.0 29.0 108.0 14039.887317621247 13994.288888888881 14232.777777777797 
140.00426317986455 4.0 0.0 30.0 118.0 14035.327474748 13994.288888888881 14232.777777777797 
141.00426317986455 4.0 0.0 30.0 115.0 14029.14954208803 13973.54814814815 14232.777777777797 
142.00426317986455 4.0 0.0 30.0 108.0 14023.589402694044 13973.54814814815 14232.777777777797 
143.00426317986455 4.0 0.0 30.0 108.0 14018.585277239461 13973.54814814815 14232.777777777797 
144.00426317986455 4.0 0.0 30.0 108.0 14014.08156433034 13973.54814814815 14232.777777777797 
145.00426317986455 5.0 0.0 30.0 114.0 14010.028222712112 13973.54814814815 14232.777777777797 
146.00426317986455 5.0 0.0 31.0 115.0 14006.380215255704 13973.54814814815 14232.777777777797 
147.00426317986455 5.0 0.0 32.0 108.0 14001.336267804183 13955.940740740722 14232.777777777797 
148.00426317986455 5.0 0.0 32.0 108.0 13995.03597435712 13938.333333333332 14232.777777777797 
149.00426317986455 6.0 0.0 31.0 108.0 13989.365710254731 13938.333333333332 14232.777777777797 
150.00426317986455 7.0 0.0 31.0 114.0 13986.02395404407 13955.94814814816 14232.777777777797 
151.00426317986455 7.0 0.0 33.0 115.0 13981.567484565623 13941.459259259243 14232.777777777797 
152.00426317986455 8.0 0.0 32.0 108.0 13977.244069442364 13938.333333333332 14232.777777777797 
153.00426317986455 8.0 0.0 32.0 108.0 13969.11744027591 13895.977777777773 14232.777777777797 
154.00426317986455 9.0 0.0 31.0 108.0 13961.803474026097 13895.977777777773 14232.777777777797 
155.00426317986455 9.0 0.0 31.0 117.0 13956.98164514203 13913.585185185198 14232.777777777797 
156.0025672963184 9.0 0.0 31.0 124.0 13952.33014729447 13910.466666666678 14232.777777777797 
157.00426317986455 9.0 0.0 32.0 123.0 13948.143799231695 13910.466666666678 14232.777777777797 
158.00426317986455 9.0 0.0 33.0 123.0 13942.303493382578 13889.740740740732 14232.777777777797 
159.00426317986455 9.0 0.0 33.0 123.0 13935.285736636915 13872.125925925919 14232.777777777797 
160.00426317986455 9.0 0.0 36.0 123.0 13928.969755565835 13872.125925925919 14232.777777777797 
161.00426317986455 9.0 0.0 36.0 113.0 13920.899446675901 13848.266666666654 14232.777777777797 
162.00426317986455 9.0 0.0 36.0 107.0 13913.636168674973 13848.266666666654 14232.777777777797 
163.00426317986455 9.0 0.0 37.0 117.0 13907.099218474159 13848.266666666654 14232.777777777797 
164.00426317986455 10.0 0.0 37.0 113.0 13901.21596329341 13848.266666666654 14232.777777777797 
165.00426317986455 11.0 0.0 37.0 107.0 13897.369922519605 13862.755555555561 14232.777777777797 
166.00426317986455 11.0 0.0 37.0 107.0 13894.432189526897 13867.992592592598 14232.777777777797 
167.00426317986455 11.0 0.0 37.0 107.0 13890.23785946313 13852.488888888909 14232.777777777797 
168.00426317986455 11.0 0.0 37.0 116.0 13886.4629624057 13852.488888888909 14232.777777777797 
169.00426317986455 11.0 0.0 37.0 112.0 13883.065555054025 13852.488888888909 14232.777777777797 
170.00426317986455 11.0 0.0 38.0 107.0 13878.246406956014 13834.874074074081 14232.777777777797 
171.00426317986455 12.0 0.0 37.0 107.0 13872.671395890051 13822.496296296305 14232.777777777797 
172.00426317986455 12.0 0.0 38.0 107.0 13869.41536741216 13840.111111111119 14232.777777777797 
173.00426317986455 12.0 0.0 40.0 116.0 13864.723460300555 13822.496296296305 14232.777777777797 
174.00426317986455 12.0 0.0 41.0 108.0 13858.427410566812 13801.76296296296 14232.777777777797 
175.00426317986455 12.0 0.0 42.0 105.0 13849.762447287922 13771.777777777797 14232.777777777797 
176.00426317986455 12.0 0.0 42.0 107.0 13838.966202559119 13741.799999999974 14232.777777777797 
177.00426317986455 12.0 0.0 43.0 107.0 13828.937730451355 13738.681481481453 14232.777777777797 
178.00426317986455 12.0 0.0 43.0 110.0 13819.91210555438 13738.681481481453 14232.777777777797 
179.00426317986455 12.0 0.0 44.0 108.0 13810.551265369288 13726.303703703716 14232.777777777797 
180.00426317986455 12.0 0.0 45.0 105.0 13796.843546239794 13673.474074074082 14232.777777777797 
181.00426317986455 12.0 0.0 46.0 106.0 13782.745858282457 13655.866666666652 14232.777777777797 
182.00426317986455 12.0 0.0 47.0 106.0 13768.296457639392 13638.251851851868 14232.777777777797 
183.00426317986455 12.0 0.0 48.0 109.0 13755.291997060649 13638.251851851868 14232.777777777797 
184.00426317986455 12.0 0.0 49.0 107.0 13743.27613068792 13635.133333333348 14232.777777777797 
185.00426317986455 12.0 0.0 50.0 104.0 13730.701110211738 13617.525925925918 14232.777777777797 
186.00426317986455 12.0 0.0 50.0 105.0 13715.148036227596 13575.17037037036 14232.777777777797 
187.00426317986455 13.0 0.0 49.0 105.0 13700.837677049287 13572.044444444437 14232.777777777797 
188.00426317986455 13.0 0.0 51.0 108.0 13689.719094529535 13589.651851851844 14232.777777777797 
189.00426317986455 13.0 0.0 52.0 107.0 13677.95162952102 13572.044444444437 14232.777777777797 
190.00426317986455 13.0 0.0 53.0 104.0 13660.317207309663 13501.607407407426 14232.777777777797 
191.00426317986455 13.0 0.0 54.0 105.0 13642.684745837965 13483.992592592596 14232.777777777797 
192.00426317986455 14.0 0.0 53.0 105.0 13628.576271254175 13501.600000000002 14232.777777777797 
193.00426317986455 14.0 0.0 53.0 108.0 13614.640866350977 13489.222222222203 14232.777777777797 
194.00426317986455 14.0 0.0 53.0 107.0 13602.099001938086 13489.222222222203 14232.777777777797 
195.00426317986455 14.0 0.0 53.0 104.0 13589.049842485036 13471.607407407426 14232.777777777797 
196.00426317986455 14.0 0.0 54.0 105.0 13577.305598977264 13471.607407407426 14232.777777777797 
197.00426317986455 14.0 0.0 56.0 105.0 13564.975039079525 13454.0 14232.777777777797 
198.00426317986455 14.0 0.0 57.0 108.0 13552.116794430824 13436.392592592574 14232.777777777797 
199.00426317986455 14.0 0.0 57.0 107.0 13537.546596469243 13406.414814814807 14232.777777777797 
200.00426317986455 14.0 0.0 60.0 104.0 13522.672677563065 13388.807407407405 14232.777777777797 
201.00426317986455 15.0 0.0 62.0 105.0 13507.524669065988 13371.192592592595 14232.777777777797 
202.00426317986455 15.0 0.0 62.0 105.0 13491.104054011263 13343.318518518547 14232.777777777797 
203.00426317986455 15.0 0.0 62.0 107.0 13475.088463424954 13330.94814814816 14232.777777777797 
204.00426317986455 15.0 0.0 62.0 106.0 13460.674431897281 13330.94814814816 14232.777777777797 
205.00426317986455 16.0 0.0 61.0 103.0 13442.418840559378 13278.11851851852 14232.777777777797 
206.00426317986455 17.0 0.0 60.0 104.0 13428.27251205903 13300.955555555565 14232.777777777797 
207.00426317986455 18.0 0.0 59.0 104.0 13414.916371964218 13294.711111111119 14232.777777777797 
208.00426317986455 18.0 0.0 59.0 107.0 13405.895105138155 13324.703703703713 14232.777777777797 
209.00426317986455 18.0 0.0 60.0 109.0 13397.775964994735 13324.703703703713 14232.777777777797 
210.00426317986455 18.0 0.0 60.0 104.0 13388.707257384143 13307.088888888855 14232.777777777797 
211.00426317986455 19.0 0.0 60.0 104.0 13380.545420534598 13307.088888888855 14232.777777777797 
212.00426317986455 19.0 0.0 61.0 103.0 13373.200508110782 13307.096296296286 14232.777777777797 
213.00426317986455 19.0 0.0 63.0 106.0 13365.353049892292 13294.725925925946 14232.777777777797 
214.00426317986455 19.0 0.0 67.0 108.0 13356.217004162325 13273.992592592593 14232.777777777797 
215.00426317986455 19.0 0.0 68.0 103.0 13344.15974819053 13235.644444444439 14232.777777777797 
216.00426317986455 19.0 0.0 69.0 103.0 13329.78599559369 13200.422222222236 14232.777777777797 
217.00426317986455 20.0 0.0 70.0 103.0 13315.088136775072 13182.807407407401 14232.777777777797 
218.00426317986455 20.0 0.0 71.0 105.0 13301.860063838312 13182.807407407401 14232.777777777797 
219.00426317986455 20.0 0.0 71.0 108.0 13288.194057454471 13165.200000000024 14232.777777777797 
220.00426317986455 21.0 0.0 70.0 103.0 13274.133910968285 13147.592592592599 14232.777777777797 
221.00426317986455 21.0 0.0 71.0 103.0 13263.240519871455 13165.200000000024 14232.777777777797 
222.00426317986455 21.0 0.0 71.0 112.0 13251.675727143578 13147.592592592599 14232.777777777797 
223.00426317986455 21.0 0.0 71.0 108.0 13239.506672947733 13129.985185185164 14232.777777777797 
224.00426317986455 21.0 0.0 73.0 103.0 13214.941931578884 12993.859259259245 14232.777777777797 
225.00426317986455 21.0 2.0 74.0 103.0 13191.072923606187 12976.251851851868 14232.777777777797 
226.00426317986455 21.0 2.0 76.0 112.0 13166.591557171485 12946.259259259274 14232.777777777797 
227.00426317986455 21.0 2.0 78.0 108.0 13142.485734787677 12925.533333333331 14232.777777777797 
228.00426317986455 22.0 2.0 79.0 102.0 13117.479383531134 12892.422222222236 14232.777777777797 
229.00426317986455 22.0 2.0 80.0 102.0 13092.498111844687 12867.666666666677 14232.777777777797 
230.00426317986455 23.0 2.0 79.0 111.0 13068.253485845398 12850.05185185184 14232.777777777797 
231.00426317986455 23.0 2.0 80.0 107.0 13045.196285409012 12837.681481481455 14232.777777777797 
232.00426317986455 23.0 2.0 80.0 102.0 13020.923323534782 12802.466666666667 14232.777777777797 
233.00426317986455 23.0 2.0 83.0 102.0 12997.839880070187 12790.088888888857 14232.777777777797 
234.00426317986455 23.0 2.0 83.0 111.0 12974.066262433542 12760.103703703684 14232.777777777797 
235.00426317986455 23.0 2.0 83.0 107.0 12951.432969523521 12747.733333333354 14232.777777777797 
236.00426317986455 24.0 2.0 84.0 102.0 12926.303005904496 12700.133333333348 14232.777777777797 
237.00426317986455 24.0 2.0 85.0 102.0 12900.476409017734 12668.037037037016 14232.777777777797 
238.00426317986455 25.0 2.0 85.0 111.0 12877.232471819665 12668.037037037016 14232.777777777797 
239.00426317986455 26.0 2.0 86.0 106.0 12858.073669082165 12685.644444444439 14232.777777777797 
240.00426317986455 27.0 2.0 87.0 102.0 12836.593709581364 12643.274074074054 14232.777777777797 
241.00426317986455 27.0 2.0 88.0 102.0 12816.024708993578 12630.903703703718 14232.777777777797 
242.00426317986455 28.0 2.0 89.0 111.0 12795.127423279397 12607.05185185184 14232.777777777797 
243.00426317986455 29.0 2.0 90.0 105.0 12776.319125395896 12607.044444444427 14232.777777777797 
244.00426317986455 30.0 2.0 91.0 101.0 12756.392398041498 12577.05185185184 14232.777777777797 
245.00426317986455 30.0 2.0 92.0 101.0 12736.698343422557 12559.451851851838 14232.777777777797 
246.00426317986455 30.0 2.0 94.0 110.0 12718.973694265467 12559.451851851838 14232.777777777797 
247.00426317986455 30.0 2.0 97.0 105.0 12699.500028542636 12524.23703703704 14232.777777777797 
248.00426317986455 31.0 2.0 96.0 101.0 12676.501136799481 12469.511111111093 14232.777777777797 
249.00426317986455 31.0 2.0 96.0 101.0 12655.088060156566 12462.370370370387 14232.777777777797 
250.00426317986455 31.0 2.0 98.0 110.0 12635.816291177936 12462.370370370387 14232.777777777797 
251.00426317986455 31.0 2.0 100.0 105.0 12618.471699097188 12462.370370370387 14232.777777777797 
252.00426317986455 32.0 2.0 101.0 100.0 12595.102306965238 12384.777777777796 14232.777777777797 
253.00426317986455 33.0 2.0 101.0 100.0 12572.11800219464 12365.25925925928 14232.777777777797 
254.00426317986455 34.0 2.0 102.0 109.0 12532.583979752964 12176.777777777796 14232.777777777797 
255.00426317986455 34.0 2.0 102.0 104.0 12490.995952148049 12116.703703703703 14232.777777777797 
256.00426317986455 34.0 2.0 104.0 100.0 12452.328949525821 12104.3259259259 14232.777777777797 
257.00426317986455 34.0 2.0 105.0 99.0 12416.291610128794 12091.955555555576 14232.777777777797 
258.00426317986455 34.0 2.0 105.0 99.0 12380.133560227041 12054.711111111119 14232.777777777797 
259.00426317986455 35.0 2.0 104.0 93.0 12347.591315315434 12054.711111111119 14232.777777777797 
260.00426317986455 35.0 2.0 105.0 98.0 12320.06403563573 12072.318518518543 14232.777777777797 
261.00426317986455 36.0 2.0 104.0 95.0 12276.742817257375 11886.85185185187 14232.777777777797 
262.00426317986455 36.0 2.0 106.0 96.0 12234.029276272353 11849.607407407424 14232.777777777797 
263.00426317986455 36.0 2.0 107.0 92.0 12195.587089385883 11849.607407407424 14232.777777777797 
264.00426317986455 37.0 2.0 107.0 94.0 12130.76615822507 11547.377777777801 14232.777777777797 
265.00426317986455 37.0 2.0 109.0 89.0 12069.940653513671 11522.511111111095 14232.777777777797 
266.00426317986455 37.0 2.0 112.0 89.0 12012.19992149563 11492.53333333334 14232.777777777797 
267.00426317986455 37.0 2.0 115.0 85.0 11952.987336753464 11420.074074074086 14232.777777777797 
268.00426317986455 38.0 2.0 115.0 78.0 11886.84489937443 11291.56296296294 14232.777777777797 
269.00426317986455 40.0 2.0 114.0 88.0 11827.316705733267 11291.56296296294 14232.777777777797 
270.00426317986455 41.0 2.0 116.0 86.0 11774.265035159931 11296.799999999977 14232.777777777797 
271.00426317986455 42.0 2.0 116.0 89.0 11711.194087199507 11143.555555555578 14232.777777777797 
272.00426317986455 43.0 2.0 116.0 85.0 11653.182085886974 11131.074074074086 14232.777777777797 
273.00426317986455 43.0 2.0 119.0 86.0 11596.734988409395 11088.711111111119 14232.777777777797 
274.00426317986455 43.0 2.0 120.0 90.0 11525.609637716603 10885.481481481496 14232.777777777797 
275.00426317986455 43.0 2.0 120.0 88.0 11456.313118389386 10832.644444444439 14232.777777777797 
276.00426317986455 45.0 2.0 118.0 85.0 11391.994399143032 10813.125925925937 14232.777777777797 
277.00426317986455 45.0 2.0 119.0 79.0 11335.345329599093 10825.50370370368 14232.777777777797 
278.00426317986455 46.0 2.0 118.0 88.0 11284.36116700955 10825.50370370368 14232.777777777797 
279.00426317986455 46.0 2.0 121.0 87.0 11240.236902160457 10843.11851851852 14232.777777777797 
280.00426317986455 48.0 4.0 121.0 84.0 11194.004323055531 10777.911111111138 14232.777777777797 
281.00426317986455 48.0 4.0 122.0 83.0 11154.156483342573 10795.525925925918 14232.777777777797 
282.00426317986455 48.0 4.0 124.0 79.0 11101.196390563866 10624.555555555578 14232.777777777797 
283.00426317986455 49.0 4.0 125.0 76.0 11054.245640396357 10631.688888888875 14232.777777777797 
284.00426317986455 49.0 4.0 127.0 82.0 11006.707002282668 10578.859259259241 14232.777777777797 
285.00426317986455 49.0 4.0 129.0 84.0 10963.922227980307 10578.859259259241 14232.777777777797 
286.00426317986455 50.0 4.0 132.0 79.0 10898.097412589688 10305.674074074097 14232.777777777797 
287.00426317986455 53.0 4.0 133.0 76.0 10841.32915281219 10330.41481481482 14232.777777777797 
288.00426317986455 54.0 4.0 133.0 75.0 10784.76438567912 10275.68148148146 14232.777777777797 
289.00426317986455 54.0 4.0 136.0 74.0 10733.85609525938 10275.68148148146 14232.777777777797 
290.00426317986455 55.0 4.0 137.0 74.0 10686.801596844534 10263.311111111123 14232.777777777797 
291.00426317986455 57.0 4.0 135.0 69.0 10642.691807530453 10245.7037037037 14232.777777777797 
292.00426317986455 57.0 4.0 135.0 80.0 10604.753737888519 10263.311111111123 14232.777777777797 
293.00426317986455 58.0 4.0 134.0 84.0 10570.597623358923 10263.192592592604 14232.777777777797 
294.00426317986455 59.0 4.0 134.0 87.0 10539.857120282304 10263.192592592604 14232.777777777797 
295.00426317986455 60.0 4.0 134.0 77.0 10512.713630476297 10268.422222222236 14232.777777777797 
296.00426317986455 60.0 4.0 136.0 75.0 10483.001526687929 10215.5925925926 14232.777777777797 
297.00426317986455 60.0 4.0 139.0 76.0 10457.497670315417 10227.962962962978 14232.777777777797 
298.00426317986455 60.0 4.0 142.0 75.0 10431.544940320924 10197.970370370344 14232.777777777797 
299.00426317986455 61.0 4.0 143.0 70.0 10388.388224066612 9999.977777777764 14232.777777777797 
300.00426317986455 63.0 4.0 143.0 83.0 10322.513105363632 9729.637037037024 14232.777777777797 
301.00426317986455 63.0 4.0 147.0 73.0 10264.986239271737 9747.244444444457 14232.777777777797 
302.00426317986455 63.0 4.0 148.0 77.0 10205.453541270488 9669.659259259275 14232.777777777797 
303.00426317986455 64.0 4.0 148.0 69.0 10151.87411306935 9669.659259259275 14232.777777777797 
304.00426317986455 65.0 4.0 151.0 70.0 10104.788923984652 9681.022222222235 14232.777777777797 
305.00426317986455 65.0 4.0 153.0 68.0 10052.881142697286 9585.711111111119 14232.777777777797 
306.00426317986455 68.0 4.0 150.0 77.0 9990.827102501633 9432.340740740725 14232.777777777797 
307.00426317986455 69.0 4.0 150.0 54.0 9903.850318177409 9121.059259259258 14232.777777777797 
308.00426317986455 70.0 4.0 150.0 67.0 9827.332693767074 9138.674074074092 14232.777777777797 
309.00426317986455 72.0 4.0 151.0 66.0 9736.715720686669 8921.162962962944 14232.777777777797 
310.00426317986455 72.0 4.0 152.0 54.0 9658.158963432812 8951.148148148137 14232.777777777797 
311.00426317986455 72.0 4.0 155.0 61.0 9568.582326348791 8762.392592592587 14232.777777777797 
312.00426317986455 74.0 4.0 155.0 55.0 9471.890019639823 8601.659259259273 14232.777777777797 
313.00426317986455 74.0 4.0 156.0 61.0 9388.388425083263 8636.874074074065 14232.777777777797 
314.00426317986455 74.0 4.0 157.0 61.0 9260.92958257494 8113.7999999999965 14232.777777777797 
315.00426317986455 74.0 4.0 161.0 45.0 9143.519587280409 8086.8296296296385 14232.777777777797 
316.00426317986455 75.0 4.0 160.0 40.0 9037.85059151533 8086.8296296296385 14232.777777777797 
317.00426317986455 75.0 4.0 160.0 46.0 8922.323310141568 7882.577777777766 14232.777777777797 
318.00426317986455 76.0 4.0 160.0 59.0 8796.312460608888 7662.214814814814 14232.777777777797 
319.00426317986455 76.0 4.0 160.0 54.0 8671.764918251713 7550.837037037051 14232.777777777797 
320.00426317986455 76.0 4.0 161.0 63.0 8559.672130130244 7550.837037037051 14232.777777777797 
321.00426317986455 76.0 4.0 162.0 45.0 8421.664176376466 7179.592592592598 14232.777777777797 
322.00426317986455 77.0 4.0 166.0 47.0 8297.45701799809 7179.592592592598 14232.777777777797 
323.00426317986455 80.0 4.0 166.0 38.0 8179.864649531605 7121.533333333338 14232.777777777797 
324.00426317986455 81.0 4.0 167.0 41.0 8070.5100364303 7086.318518518516 14232.777777777797 
325.00426317986455 82.0 4.0 168.0 56.0 7960.239032787273 6967.800000000005 14232.777777777797 
326.00426317986455 82.0 4.0 174.0 42.0 7862.75587024929 6985.407407407402 14232.777777777797 
327.00426317986455 83.0 5.0 175.0 31.0 7773.459542483619 6969.792592592594 14232.777777777797 
328.00426317986455 83.0 5.0 175.0 57.0 7680.7172919389595 6846.03703703704 14232.777777777797 
329.00426317986455 84.0 5.0 178.0 49.0 7595.487784967284 6828.422222222232 14232.777777777797 
330.0009649917898 84.0 5.0 179.0 42.0 7467.422897087935 6312.488888888882 14232.777777777797 
331.00426317986455 84.0 5.0 180.0 50.0 7338.105402119795 6176.3629629629695 14232.777777777797 
332.00426317986455 84.0 5.0 181.0 31.0 7214.263010055962 6099.681481481488 14232.777777777797 
333.00426317986455 84.0 5.0 183.0 37.0 7083.195968309627 5903.592592592598 14232.777777777797 
334.00426317986455 84.0 6.0 186.0 40.0 6965.235630737925 5903.592592592598 14232.777777777797 
335.00426317986455 86.0 6.0 186.0 42.0 6858.758734330796 5900.466666666662 14232.777777777797 
336.00426317986455 88.0 6.0 186.0 34.0 6759.096194231049 5862.133333333326 14232.777777777797 
337.00426317986455 89.0 6.0 189.0 45.0 6668.162871104243 5849.76296296296 14232.777777777797 
338.00426317986455 92.0 6.0 188.0 34.0 6582.800658067892 5814.540740740747 14232.777777777797 
339.00426317986455 92.0 6.0 190.0 31.0 6505.9746663351825 5814.540740740747 14232.777777777797 
340.00426317986455 93.0 6.0 191.0 35.0 6414.053495997953 5586.76296296296 14232.777777777797 
341.00426317986455 93.0 6.0 192.0 47.0 6330.075553805568 5574.274074074077 14232.777777777797 
342.00426317986455 94.0 6.0 196.0 32.0 6255.319850276863 5582.518518518514 14232.777777777797 
343.00426317986455 96.0 6.0 196.0 26.0 6177.473791175102 5476.859259259267 14232.777777777797 
344.00426317986455 98.0 6.0 196.0 37.0 6093.324930576108 5335.985185185177 14232.777777777797 
345.00426317986455 98.0 6.0 198.0 38.0 6017.779844925905 5337.874074074073 14232.777777777797 
346.00426317986455 100.0 6.0 197.0 45.0 5940.984082655544 5249.822222222219 14232.777777777797 
347.00426317986455 101.0 8.0 200.0 27.0 5876.716785501095 5298.311111111105 14232.777777777797 
348.00426317986455 104.0 8.0 199.0 29.0 5820.102884728766 5310.577777777773 14232.777777777797 
349.00426317986455 104.0 8.0 203.0 36.0 5765.628892552188 5275.362962962967 14232.777777777797 
350.00426317986455 104.0 8.0 203.0 34.0 5719.0778551488165 5300.11851851852 14232.777777777797 
351.00426317986455 104.0 8.0 205.0 26.0 5648.195254819124 5010.251851851847 14232.777777777797 
352.00426317986455 104.0 8.0 207.0 24.0 5580.677210818692 4973.014814814823 14232.777777777797 
353.00426317986455 106.0 8.0 206.0 25.0 5518.150230477563 4955.407407407403 14232.777777777797 
354.00426317986455 107.0 8.0 207.0 19.0 5458.666318540916 4923.311111111107 14232.777777777797 
355.00426317986455 107.0 8.0 210.0 17.0 5407.817464464605 4950.17777777778 14232.777777777797 
356.00426317986455 109.0 8.0 213.0 11.0 5349.203125425549 4821.674074074071 14232.777777777797 
357.00426317986455 111.0 8.0 211.0 28.0 5291.167257327443 4768.844444444444 14232.777777777797 
358.00426317986455 112.0 8.0 211.0 21.0 5232.403124187284 4703.525925925921 14232.777777777797 
359.00426317986455 112.0 8.0 213.0 16.0 5167.188737694487 4580.259259259255 14232.777777777797 
360.00426317986455 112.0 8.0 216.0 21.0 5108.495789850966 4580.259259259255 14232.777777777797 
361.00426317986455 112.0 8.0 218.0 18.0 5053.286951606607 4556.407407407404 14232.777777777797 
362.00426317986455 112.0 8.0 221.0 8.0 5005.360478668166 4574.022222222215 14232.777777777797 
363.00426317986455 112.0 8.0 223.0 17.0 4945.853319690244 4410.288888888885 14232.777777777797 
364.00426317986455 114.0 8.0 224.0 13.0 4891.047987721216 4397.800000000006 14232.777777777797 
365.00426317986455 115.0 8.0 225.0 7.0 4846.169855615761 4442.266666666669 14232.777777777797 
366.00426317986455 116.0 8.0 227.0 12.0 4748.179536720852 3866.266666666669 14232.777777777797 
367.00426317986455 117.0 8.0 229.0 22.0 4662.986027493214 3896.2444444444427 14232.777777777797 
368.00426317986455 117.0 9.0 230.0 17.0 4584.238535855 3875.5111111111078 14232.777777777797 
369.00426317986455 117.0 9.0 231.0 12.0 4511.080608195427 3852.659259259258 14232.777777777797 
370.00426317986455 117.0 11.0 233.0 9.0 4445.238473301811 3852.659259259258 14232.777777777797 
371.00426317986455 118.0 11.0 233.0 16.0 4371.130922267928 3704.1629629629647 14232.777777777797 
372.00426317986455 119.0 11.0 235.0 12.0 4312.19190411521 3781.740740740744 14232.777777777797 
373.00426317986455 119.0 11.0 238.0 12.0 4258.623084074055 3776.5037037037087 14232.777777777797 
374.00426317986455 119.0 11.0 239.0 20.0 4210.922997888873 3781.6222222222254 14232.777777777797 
375.00426317986455 119.0 11.0 241.0 7.0 4167.681068470359 3778.5037037037087 14232.777777777797 
376.00426317986455 119.0 13.0 242.0 9.0 4129.478146808503 3785.6518518518556 14232.777777777797 
377.00426317986455 119.0 13.0 243.0 28.0 4095.095517312842 3785.6518518518556 14232.777777777797 
378.00426317986455 120.0 13.0 245.0 1.0 4064.663002618595 3790.7703703703746 14232.777777777797 
379.00426317986455 120.0 14.0 245.0 3.0 4028.468554208589 3702.7185185185167 14232.777777777797 
380.00426317986455 121.0 14.0 249.0 15.0 3994.1328098988406 3685.1111111111068 14232.777777777797 
381.00426317986455 123.0 15.0 250.0 20.0 3952.141751131177 3574.222222222225 14232.777777777797 
382.00426317986455 124.0 15.0 255.0 8.0 3906.992761203244 3500.651851851854 14232.777777777797 
383.00426317986455 125.0 15.0 254.0 0.0 3853.7186702681065 3374.251851851855 14232.777777777797 
384.00426317986455 125.0 15.0 254.0 2.0 3811.769025463518 3434.222222222225 14232.777777777797 
385.00426317986455 127.0 16.0 252.0 11.0 3775.2521229171666 3446.5999999999963 14232.777777777797 
386.00426317986455 127.0 16.0 253.0 13.0 3748.3832069217456 3506.562962962965 14232.777777777797 
387.00426317986455 127.0 16.0 253.0 8.0 3706.069330674015 3325.244444444442 14232.777777777797 
388.00426317986455 128.0 16.0 253.0 2.0 3664.2742494584677 3288.11851851852 14232.777777777797 
389.00426317986455 131.0 17.0 251.0 5.0 3624.708305994099 3268.6148148148113 14232.777777777797 
390.00426317986455 132.0 17.0 253.0 16.0 3593.3337716909864 3310.9629629629662 14232.777777777797 
391.00426317986455 134.0 17.0 253.0 14.0 3554.720394521888 3207.199999999997 14232.777777777797 
392.00426317986455 135.0 17.0 254.0 7.0 3512.924651365996 3136.76296296296 14232.777777777797 
393.00426317986455 136.0 17.0 255.0 4.0 3476.44477882199 3148.1259259259227 14232.777777777797 
394.00426317986455 138.0 17.0 255.0 1.0 3446.611412050901 3178.1111111111077 14232.777777777797 
395.00426317986455 138.0 18.0 259.0 1.0 3421.5221226976623 3195.7185185185162 14232.777777777797 
396.00426317986455 140.0 19.0 258.0 12.0 3401.941021539008 3225.7111111111144 14232.777777777797 
397.00426317986455 140.0 19.0 261.0 8.0 3361.4261786443676 2996.79259259259 14232.777777777797 
398.00426317986455 140.0 19.0 265.0 12.0 3321.4405978169684 2961.570370370366 14232.777777777797 
399.00426317986455 142.0 19.0 265.0 2.0 3278.4098713686026 2891.1333333333346 14232.777777777797 
400.00426317986455 142.0 19.0 268.0 1.0 3227.830365713227 2772.6148148148122 14232.777777777797 
401.00426317986455 142.0 19.0 271.0 6.0 3182.308810623383 2772.6148148148122 14232.777777777797 
402.00426317986455 143.0 20.0 271.0 23.0 3141.027559190677 2769.4962962962923 14232.777777777797 
403.00426317986455 144.0 20.0 274.0 2.0 3094.498136604943 2675.7333333333318 14232.777777777797 
404.00426317986455 145.0 20.0 274.0 3.0 3052.6216562777813 2675.7333333333318 14232.777777777797 
405.00426317986455 147.0 20.0 274.0 6.0 3020.2157869462994 2728.5629629629634 14232.777777777797 
406.00426317986455 150.0 20.0 272.0 10.0 2992.8112452887067 2746.1703703703683 14232.777777777797 
407.00426317986455 152.0 20.0 271.0 7.0 2948.2538244635384 2547.2370370370395 14232.777777777797 
408.00426317986455 152.0 20.0 271.0 11.0 2907.2151086838517 2537.8666666666654 14232.777777777797 
409.00426317986455 152.0 20.0 271.0 3.0 2857.429894111764 2409.3629629629636 14232.777777777797 
410.00426317986455 153.0 20.0 271.0 3.0 2815.6217195154027 2439.348148148149 14232.777777777797 
411.00426317986455 154.0 20.0 271.0 17.0 2779.232140156456 2451.725925925926 14232.777777777797 
412.00426317986455 157.0 20.0 268.0 8.0 2750.0044816963623 2486.9555555555553 14232.777777777797 
413.00426317986455 158.0 20.0 267.0 2.0 2727.9351446378405 2529.3111111111134 14232.777777777797 
414.00426317986455 158.0 20.0 267.0 1.0 2677.183852396279 2220.4222222222243 14232.777777777797 
415.00426317986455 160.0 20.0 265.0 3.0 2627.795837527019 2183.303703703705 14232.777777777797 
416.00426317986455 160.0 20.0 267.0 13.0 2585.1073648854294 2200.91111111111 14232.777777777797 
417.00426317986455 160.0 20.0 268.0 18.0 2544.9262580265163 2183.2962962962974 14232.777777777797 
418.00426317986455 160.0 20.0 268.0 1.0 2475.3995581497898 1849.6592592592583 14232.777777777797 
419.00426317986455 162.0 20.0 266.0 12.0 2412.825528260738 1849.6592592592583 14232.777777777797 
420.00426317986455 163.0 20.0 266.0 7.0 2358.26964210133 1867.2666666666669 14232.777777777797 
421.00426317986455 163.0 20.0 267.0 8.0 2300.36490011342 1779.2222222222238 14232.777777777797 
422.00426317986455 164.0 20.0 267.0 3.0 2248.2506323243 1779.2222222222238 14232.777777777797 
423.00426317986455 164.0 20.0 268.0 1.0 2201.6492727955733 1782.2370370370388 14232.777777777797 
424.00426317986455 164.0 20.0 268.0 5.0 2145.620641812312 1641.362962962963 14232.777777777797 
425.00426317986455 164.0 20.0 270.0 16.0 2096.955614668119 1658.97037037037 14232.777777777797 
426.00426317986455 165.0 20.0 269.0 11.0 2053.1570902383446 1658.97037037037 14232.777777777797 
427.00426317986455 166.0 20.0 268.0 2.0 2009.9036034367318 1620.6222222222232 14232.777777777797 
428.00426317986455 166.0 20.0 268.0 2.0 1959.8858356856515 1509.7259259259272 14232.777777777797 
429.00426317986455 168.0 20.0 266.0 3.0 1900.7824373022706 1368.8518518518515 14232.777777777797 
430.00426317986455 168.0 20.0 266.0 3.0 1849.350119497969 1386.4592592592587 14232.777777777797 
431.00426317986455 168.0 20.0 267.0 8.0 1803.0610334740993 1386.4592592592587 14232.777777777797 
432.00426317986455 169.0 20.0 266.0 2.0 1747.313448645208 1245.5851851851858 14232.777777777797 
433.00426317986455 169.0 20.0 267.0 6.0 1697.140622299205 1245.5851851851858 14232.777777777797 
434.00426317986455 170.0 20.0 266.0 29.0 1651.9850785878034 1245.5851851851858 14232.777777777797 
435.00426317986455 171.0 20.0 265.0 9.0 1606.5747188771716 1197.8814814814807 14232.777777777797 
436.00426317986455 173.0 20.0 264.0 1.0 1553.5216914338987 1076.0444444444447 14232.777777777797 
437.00426317986455 175.0 20.0 263.0 1.0 1495.2080408090276 970.3851851851853 14232.777777777797 
438.00426317986455 178.0 20.0 260.0 2.0 1444.4864959873842 987.9925925925925 14232.777777777797 
439.00426317986455 179.0 20.0 259.0 8.0 1398.8371056479043 987.9925925925925 14232.777777777797 
440.00426317986455 179.0 20.0 259.0 22.0 1362.5119136016333 1035.585185185185 14232.777777777797 
441.00426317986455 180.0 20.0 259.0 10.0 1329.5066481673957 1032.4592592592592 14232.777777777797 
442.00426317986455 182.0 20.0 257.0 2.0 1291.1396870543595 945.8370370370369 14232.777777777797 
443.00426317986455 186.0 20.0 253.0 1.0 1258.370162793368 963.4444444444445 14232.777777777797 
444.00426317986455 186.0 20.0 253.0 1.0 1230.6383316992165 981.0518518518519 14232.777777777797 
445.00426317986455 188.0 20.0 251.0 2.0 1205.6796837144802 981.0518518518519 14232.777777777797 
446.00426317986455 188.0 20.0 252.0 21.0 1184.9783820096986 998.6666666666667 14232.777777777797 
447.00426317986455 189.0 20.0 251.0 1.0 1159.703506771692 932.2296296296295 14232.777777777797 
448.00426317986455 189.0 20.0 251.0 1.0 1131.6738968352636 879.4074074074075 14232.777777777797 
449.00426317986455 192.0 20.0 248.0 4.0 1108.2087293739592 897.0222222222222 14232.777777777797 
450.00426317986455 194.0 20.0 246.0 27.0 1087.0900786587858 897.0222222222222 14232.777777777797 
451.00426317986455 194.0 20.0 246.0 9.0 1068.0832930151294 897.0222222222222 14232.777777777797 
452.00426317986455 195.0 20.0 245.0 8.0 1049.216445195098 879.4148148148149 14232.777777777797 
453.00426317986455 195.0 20.0 245.0 2.0 1032.2362821570696 879.4148148148149 14232.777777777797 
454.00426317986455 196.0 20.0 244.0 2.0 1009.9104317191404 808.9777777777776 14232.777777777797 
455.00426317986455 196.0 20.0 244.0 3.0 982.7734626213006 738.540740740741 14232.777777777797 
456.00426317986455 197.0 20.0 243.0 14.0 960.1109311739853 756.1481481481484 14232.777777777797 
457.00426317986455 197.0 20.0 243.0 2.0 938.7783565751054 746.7851851851854 14232.777777777797 
458.00426317986455 199.0 20.0 241.0 1.0 919.5790394361134 746.7851851851854 14232.777777777797 
459.00426317986455 201.0 20.0 239.0 1.0 902.2996540110206 746.7851851851854 14232.777777777797 
460.00426317986455 203.0 20.0 237.0 20.0 886.748207128437 746.7851851851854 14232.777777777797 
461.00426317986455 203.0 20.0 237.0 2.0 872.7519049341118 746.7851851851854 14232.777777777797 
462.00426317986455 203.0 20.0 237.0 1.0 858.3944922184785 729.1777777777781 14232.777777777797 
463.00426317986455 203.0 20.0 238.0 1.0 845.4728207744084 729.1777777777781 14232.777777777797 
464.00426317986455 204.0 20.0 237.0 11.0 832.0825757340046 711.57037037037 14232.777777777797 
465.00426317986455 205.0 20.0 236.0 17.0 820.0313551976411 711.57037037037 14232.777777777797 
466.00426317986455 205.0 20.0 238.0 3.0 809.1852567149141 711.57037037037 14232.777777777797 
467.00426317986455 205.0 20.0 238.0 1.0 794.1415458582375 658.7481481481482 14232.777777777797 
468.00426317986455 206.0 20.0 237.0 5.0 780.6022060872286 658.7481481481482 14232.777777777797 
469.00426317986455 207.0 20.0 236.0 10.0 768.4168002933206 658.7481481481482 14232.777777777797 
470.00426317986455 210.0 20.0 233.0 15.0 757.4499350788035 658.7481481481482 14232.777777777797 
471.00426317986455 211.0 20.0 232.0 1.0 747.1545712005527 654.4962962962964 14232.777777777797 
472.00426317986455 211.0 20.0 232.0 1.0 739.6494844508678 672.1037037037036 14232.777777777797 
473.00426317986455 213.0 20.0 230.0 1.0 734.6556471168922 689.711111111111 14232.777777777797 
474.00426317986455 213.0 20.0 230.0 2.0 730.1611935163141 689.711111111111 14232.777777777797 
475.00426317986455 213.0 20.0 230.0 1.0 726.1161852757937 689.711111111111 14232.777777777797 
476.00426317986455 213.0 20.0 230.0 1.0 722.4756778593255 689.711111111111 14232.777777777797 
477.00426317986455 214.0 20.0 229.0 21.0 713.9169989622819 636.8888888888888 14232.777777777797 
478.00426317986455 214.0 20.0 230.0 12.0 704.9652990660536 624.3999999999999 14232.777777777797 
479.00426317986455 216.0 20.0 228.0 5.0 696.5961765668557 621.2740740740743 14232.777777777797 
480.00426317986455 218.0 20.0 226.0 2.0 689.0639663175778 621.2740740740743 14232.777777777797 
481.00426317986455 219.0 20.0 225.0 1.0 681.0360882043384 608.7851851851856 14232.777777777797 
482.00426317986455 219.0 20.0 225.0 1.0 673.8109979024231 608.7851851851856 14232.777777777797 
483.00426317986455 221.0 20.0 223.0 12.0 667.3084166306993 608.7851851851856 14232.777777777797 
484.00426317986455 223.0 20.0 221.0 4.0 661.4560934861481 608.7851851851856 14232.777777777797 
485.00426317986455 223.0 20.0 222.0 1.0 655.5645582116073 602.5407407407411 14232.777777777797 
486.00426317986455 225.0 20.0 220.0 1.0 650.7740283163723 607.6592592592594 14232.777777777797 
487.00426317986455 227.0 20.0 218.0 1.0 646.4625514106611 607.6592592592594 14232.777777777797 
488.00426317986455 227.0 20.0 218.0 16.0 642.582222195521 607.6592592592594 14232.777777777797 
489.00426317986455 229.0 20.0 216.0 7.0 639.0899259018947 607.6592592592594 14232.777777777797 
490.00426317986455 229.0 20.0 216.0 1.0 635.6342666450387 604.5333333333336 14232.777777777797 
491.00426317986455 230.0 20.0 215.0 1.0 632.5241733138681 604.5333333333336 14232.777777777797 
492.00426317986455 232.0 20.0 213.0 1.0 630.2369411676666 609.651851851852 14232.777777777797 
493.00426317986455 233.0 20.0 212.0 2.0 628.178432236085 609.651851851852 14232.777777777797 
494.00426317986455 234.0 20.0 211.0 1.0 629.8472556791434 644.8666666666666 14232.777777777797 
495.00426317986455 237.0 20.0 208.0 1.0 626.0669745556734 592.0444444444446 14232.777777777797 
496.00426317986455 240.0 20.0 205.0 15.0 624.4254622852912 609.651851851852 14232.777777777797 
497.00426317986455 241.0 20.0 204.0 13.0 623.4599530937992 614.7703703703705 14232.777777777797 
498.00426317986455 241.0 20.0 204.0 6.0 622.5909948214563 614.7703703703705 14232.777777777797 
499.00426317986455 242.0 20.0 203.0 3.0 624.2830064504218 639.5111111111112 14232.777777777797 
500.00426317986455 244.0 20.0 201.0 1.0 627.0435946942684 651.888888888889 14232.777777777797 
501.00426317986455 245.0 20.0 200.0 1.0 626.0066426322492 616.6740740740742 14232.777777777797 
502.00426317986455 246.0 20.0 199.0 1.0 626.8341265171723 634.2814814814817 14232.777777777797 
503.00426317986455 248.0 20.0 197.0 12.0 628.816639791381 646.6592592592594 14232.777777777797 
504.00426317986455 248.0 20.0 197.0 8.0 630.6009017381689 646.6592592592594 14232.777777777797 
505.00426317986455 250.0 20.0 195.0 1.0 631.5822930458335 640.4148148148149 14232.777777777797 
506.00426317986455 250.0 20.0 195.0 9.0 634.2262859634724 658.0222222222222 14232.777777777797 
507.00426317986455 250.0 20.0 195.0 1.0 636.6058795893473 658.0222222222222 14232.777777777797 
508.00426317986455 250.0 20.0 195.0 2.0 638.7475138526348 658.0222222222222 14232.777777777797 
509.00426317986455 251.0 20.0 195.0 9.0 638.2001698747788 633.2740740740742 14232.777777777797 
510.00426317986455 251.0 20.0 195.0 1.0 634.1860788132269 598.0592592592594 14232.777777777797 
511.00426317986455 252.0 20.0 194.0 2.0 631.8104338948672 610.4296296296296 14232.777777777797 
512.0042631798646 252.0 20.0 194.0 1.0 629.6723534683434 610.4296296296296 14232.777777777797 
513.0042631798646 252.0 20.0 194.0 1.0 625.2732662696574 585.6814814814815 14232.777777777797 
514.0042631798646 253.0 20.0 193.0 6.0 621.3140877908398 585.6814814814815 14232.777777777797 
515.0042631798646 254.0 20.0 192.0 20.0 616.5137901228668 573.3111111111114 14232.777777777797 
516.0042631798646 254.0 20.0 192.0 3.0 611.8809296290988 570.1851851851849 14232.777777777797 
517.0042631798646 254.0 20.0 192.0 0.0 605.9506144439666 552.5777777777778 14232.777777777797 
518.0042631798646 255.0 20.0 191.0 1.0 600.6133307773479 552.5777777777778 14232.777777777797 
519.0042631798646 255.0 20.0 191.0 19.0 597.5705162181315 570.1851851851849 14232.777777777797 
520.0042631798646 255.0 20.0 191.0 1.0 594.8319831148369 570.1851851851849 14232.777777777797 
521.0042631798646 257.0 20.0 189.0 1.0 592.3673033218719 570.1851851851849 14232.777777777797 
522.0042631798646 257.0 20.0 189.0 1.0 590.660943360055 575.3037037037038 14232.777777777797 
523.0042631798646 257.0 20.0 189.0 4.0 589.1252193944199 575.3037037037038 14232.777777777797 
524.0042631798646 257.0 20.0 189.0 17.0 587.7430678253482 575.3037037037038 14232.777777777797 
525.0042631798646 257.0 20.0 189.0 12.0 586.4991314131837 575.3037037037038 14232.777777777797 
526.0042631798646 258.0 20.0 188.0 1.0 584.130699753347 562.814814814815 14232.777777777797 
527.0042631798646 258.0 20.0 188.0 2.0 581.9991112594938 562.814814814815 14232.777777777797 
528.0042631798646 258.0 20.0 188.0 13.0 580.0806816150258 562.814814814815 14232.777777777797 
529.0042631798646 258.0 20.0 188.0 10.0 578.3540949350048 562.814814814815 14232.777777777797 
530.0042631798646 258.0 20.0 188.0 5.0 575.8638706266895 553.4518518518518 14232.777777777797 
531.0042631798646 259.0 20.0 188.0 1.0 573.6226687492057 553.4518518518518 14232.777777777797 
532.0042631798646 259.0 20.0 188.0 7.0 571.6055870594704 553.4518518518518 14232.777777777797 
533.0042631798646 260.0 20.0 187.0 2.0 569.7902135387086 553.4518518518518 14232.777777777797 
534.0042631798646 262.0 20.0 185.0 21.0 569.9171181107638 571.0592592592594 14232.777777777797 
535.0042631798646 263.0 20.0 185.0 8.0 570.0313322256131 571.0592592592594 14232.777777777797 
536.0042631798646 263.0 20.0 185.0 3.0 569.8215323363853 567.9333333333334 14232.777777777797 
537.0042631798646 263.0 20.0 185.0 2.0 568.695675399043 558.5629629629631 14232.777777777797 
538.0042631798646 263.0 20.0 186.0 6.0 567.682404155435 558.5629629629631 14232.777777777797 
539.0042631798646 263.0 20.0 186.0 13.0 566.770460036188 558.5629629629631 14232.777777777797 
540.0042631798646 265.0 20.0 184.0 5.0 565.9497103288654 558.5629629629631 14232.777777777797 
541.0042631798646 267.0 20.0 182.0 7.0 566.9717763330159 576.1703703703704 14232.777777777797 
542.0042631798646 269.0 20.0 180.0 3.0 567.8916357367515 576.1703703703704 14232.777777777797 
543.0042631798646 272.0 20.0 177.0 4.0 570.480249940854 593.7777777777779 14232.777777777797 
544.0042631798646 274.0 20.0 175.0 11.0 572.8100027245465 593.7777777777779 14232.777777777797 
545.0042631798646 274.0 20.0 175.0 2.0 574.9067802298696 593.7777777777779 14232.777777777797 
546.0042631798646 275.0 20.0 174.0 1.0 576.7938799846605 593.7777777777779 14232.777777777797 
547.0042631798646 277.0 20.0 172.0 10.0 578.4922697639721 593.7777777777779 14232.777777777797 
548.0042631798646 279.0 20.0 170.0 6.0 580.0208205653528 593.7777777777779 14232.777777777797 
549.0042631798646 280.0 20.0 169.0 2.0 581.3965162865953 593.7777777777779 14232.777777777797 
550.0042631798646 282.0 20.0 167.0 1.0 582.6346424357135 593.7777777777779 14232.777777777797 
551.0042631798646 282.0 20.0 167.0 2.0 583.74895596992 593.7777777777779 14232.777777777797 
552.0042631798646 284.0 20.0 165.0 16.0 584.7518381507058 593.7777777777779 14232.777777777797 
553.0042631798646 285.0 20.0 164.0 1.0 585.654432113413 593.7777777777779 14232.777777777797 
554.0042631798646 286.0 20.0 163.0 1.0 586.4667666798496 593.7777777777779 14232.777777777797 
555.0042631798646 287.0 20.0 162.0 1.0 587.1978677896424 593.7777777777779 14232.777777777797 
556.0042631798646 288.0 20.0 161.0 16.0 589.6165995291967 611.3851851851853 14232.777777777797 
557.0042631798646 288.0 20.0 162.0 9.0 591.7934580947956 611.3851851851853 14232.777777777797 
558.0042631798646 288.0 20.0 162.0 2.0 594.9896678408716 623.7555555555556 14232.777777777797 
559.0042631798646 290.0 20.0 160.0 1.0 597.86625661234 623.7555555555556 14232.777777777797 
560.0042631798646 290.0 20.0 160.0 7.0 600.4551865066616 623.7555555555556 14232.777777777797 
561.0042631798646 290.0 20.0 160.0 3.0 597.5030011893288 570.9333333333334 14232.777777777797 
562.0042631798646 290.0 20.0 160.0 1.0 594.8460344037293 570.9333333333334 14232.777777777797 
563.0042631798646 290.0 20.0 160.0 1.0 592.4547642966896 570.9333333333334 14232.777777777797 
564.0042631798646 292.0 20.0 158.0 5.0 590.302621200354 570.9333333333334 14232.777777777797 
565.0042631798646 292.0 20.0 158.0 22.0 589.6034701914298 583.3111111111112 14232.777777777797 
566.0042631798646 293.0 20.0 157.0 2.0 589.8986787278424 592.5555555555555 14232.777777777797 
567.0042631798646 294.0 20.0 156.0 1.0 591.9251071513544 610.162962962963 14232.777777777797 
568.0042631798646 295.0 20.0 155.0 1.0 594.9859297695523 622.5333333333335 14232.777777777797 
569.0042631798646 295.0 20.0 155.0 5.0 597.7406701259305 622.5333333333335 14232.777777777797 
570.0042631798646 296.0 20.0 155.0 9.0 598.45919570593 604.9259259259259 14232.777777777797 
571.0042631798646 297.0 20.0 154.0 2.0 597.3451279871889 587.3185185185185 14232.777777777797 
572.0042631798646 297.0 20.0 154.0 1.0 596.3424670403218 587.3185185185185 14232.777777777797 
573.0042631798646 299.0 20.0 152.0 1.0 595.4400721881416 587.3185185185185 14232.777777777797 
574.0042631798646 301.0 20.0 150.0 8.0 594.6279168211793 587.3185185185185 14232.777777777797 
575.0042631798646 302.0 20.0 149.0 2.0 595.134754768691 599.6962962962964 14232.777777777797 
576.0042631798646 303.0 20.0 148.0 1.0 596.8286866992294 612.0740740740741 14232.777777777797 
577.0042631798646 304.0 20.0 147.0 1.0 599.5910032144916 624.451851851852 14232.777777777797 
578.0042631798646 307.0 20.0 144.0 20.0 603.8370880782276 642.0518518518518 14232.777777777797 
579.0042631798646 308.0 20.0 143.0 4.0 605.1837496407753 617.3037037037036 14232.777777777797 
580.0042631798646 310.0 20.0 141.0 1.0 608.870559861883 642.0518518518518 14232.777777777797 
581.0042631798646 311.0 20.0 140.0 1.0 615.1864668386577 672.0296296296299 14232.777777777797 
582.0042631798646 311.0 20.0 140.0 1.0 620.8707831177549 672.0296296296299 14232.777777777797 
583.0042631798646 312.0 20.0 139.0 10.0 628.4622233244979 696.7851851851851 14232.777777777797 
584.0042631798646 313.0 20.0 138.0 1.0 639.0063713624186 733.9037037037041 14232.777777777797 
585.0042631798646 313.0 20.0 138.0 2.0 649.7338823743248 746.2814814814819 14232.777777777797 
586.0042631798646 313.0 20.0 138.0 1.0 660.6264200628183 758.6592592592597 14232.777777777797 
587.0042631798646 313.0 20.0 138.0 1.0 674.1415558343142 795.7777777777782 14232.777777777797 
588.0042631798646 314.0 20.0 138.0 1.0 686.3051780286606 795.7777777777782 14232.777777777797 
589.0042631798646 315.0 20.0 137.0 1.0 696.0146602257946 783.4000000000001 14232.777777777797 
590.0042631798646 315.0 20.0 137.0 1.0 705.2761571661781 788.6296296296296 14232.777777777797 
591.0042631798646 315.0 20.0 137.0 9.0 714.8492821903011 801.0074074074075 14232.777777777797 
592.0042631798646 315.0 20.0 137.0 1.0 723.4650947120117 801.0074074074075 14232.777777777797 
593.0042631798646 316.0 20.0 136.0 1.0 732.9800667222921 818.6148148148151 14232.777777777797 
594.0042631798646 316.0 20.0 137.0 1.0 740.3057637537667 806.2370370370368 14232.777777777797 
595.0042631798646 316.0 20.0 137.0 1.0 744.4240762672789 781.4888888888888 14232.777777777797 
596.0042631798646 317.0 20.0 136.0 1.0 749.3675945664769 793.8592592592593 14232.777777777797 
597.0042631798646 318.0 20.0 135.0 1.0 756.1012054801997 816.7037037037032 14232.777777777797 
598.0042631798646 318.0 20.0 135.0 1.0 763.3992330803277 829.0814814814814 14232.777777777797 
599.0042631798646 320.0 20.0 133.0 1.0 775.9637542167395 889.044444444445 14232.777777777797 
600.0042631798646 321.0 20.0 132.0 1.0 787.2718232395102 889.044444444445 14232.777777777797 
#####################################################################
# End of data export. Simulation finished at: 2020-02-04T09:19+0000 #
#####################################################################
