#####################################################################
# Alchemist log file - simulation started at: 2020-02-12T05:51+0000 #
#####################################################################
# longseed = 19.0, meanTaskSize = 100, peakFrequency = 0.01
#
# The columns have the following meaning: 
# time done[Sum] drop[Sum] waiting[Sum] isLeader[Sum] capacity[Mean] freeCapacity[Mean] maxCapacity[Mean] 
0.0 NaN 0.0 NaN NaN NaN NaN NaN 
1.0122395795003578 0.0 0.0 0.0 135.0 14232.777777777797 14232.777777777797 14232.777777777797 
2.012239579500358 0.0 0.0 0.0 135.0 14232.777777777797 14232.777777777797 14232.777777777797 
3.012239579500358 0.0 0.0 0.0 135.0 14232.777777777797 14232.777777777797 14232.777777777797 
4.012239579500358 0.0 0.0 0.0 135.0 14232.777777777797 14232.777777777797 14232.777777777797 
5.012239579500358 0.0 0.0 0.0 135.0 14232.777777777797 14232.777777777797 14232.777777777797 
6.012239579500358 0.0 0.0 0.0 135.0 14232.777777777797 14232.777777777797 14232.777777777797 
7.012239579500358 0.0 0.0 0.0 135.0 14232.777777777797 14232.777777777797 14232.777777777797 
8.012239579500358 0.0 0.0 0.0 135.0 14232.777777777797 14232.777777777797 14232.777777777797 
9.012239579500358 0.0 0.0 0.0 135.0 14232.777777777797 14232.777777777797 14232.777777777797 
10.012239579500358 0.0 0.0 0.0 135.0 14232.777777777797 14232.777777777797 14232.777777777797 
11.012239579500358 0.0 0.0 0.0 135.0 14232.777777777797 14232.777777777797 14232.777777777797 
12.012239579500358 0.0 0.0 0.0 135.0 14232.777777777797 14232.777777777797 14232.777777777797 
13.012239579500358 0.0 0.0 0.0 135.0 14232.777777777797 14232.777777777797 14232.777777777797 
14.012239579500358 0.0 0.0 0.0 135.0 14232.777777777797 14232.777777777797 14232.777777777797 
15.012239579500358 0.0 0.0 0.0 135.0 14232.777777777797 14232.777777777797 14232.777777777797 
16.01223957950036 0.0 0.0 0.0 135.0 14232.777777777797 14232.777777777797 14232.777777777797 
17.01223957950036 0.0 0.0 1.0 135.0 14232.777777777797 14232.777777777797 14232.777777777797 
18.01223957950036 0.0 0.0 1.0 135.0 14232.465185185178 14229.651851851839 14232.777777777797 
19.01223957950036 0.0 0.0 1.0 135.0 14232.183851851854 14229.651851851839 14232.777777777797 
20.01223957950036 0.0 0.0 1.0 135.0 14231.930651851852 14229.651851851839 14232.777777777797 
21.01223957950036 0.0 0.0 1.0 135.0 14231.702771851888 14229.651851851839 14232.777777777797 
22.01223957950036 0.0 0.0 2.0 135.0 14231.497679851847 14229.651851851839 14232.777777777797 
23.01223957950036 0.0 0.0 2.0 134.0 14231.000504459264 14226.525925925918 14232.777777777797 
24.01223957950036 1.0 0.0 1.0 134.0 14230.553046605928 14226.525925925918 14232.777777777797 
25.01223957950036 1.0 0.0 1.0 134.0 14230.46292713052 14229.651851851839 14232.777777777797 
26.01223957950036 1.0 0.0 1.0 135.0 14230.381819602655 14229.651851851839 14232.777777777797 
27.01223957950036 1.0 0.0 1.0 135.0 14230.308822827576 14229.651851851839 14232.777777777797 
28.01223957950036 1.0 0.0 1.0 134.0 14230.24312573002 14229.651851851839 14232.777777777797 
29.01223957950036 1.0 0.0 2.0 134.0 14230.183998342212 14229.651851851839 14232.777777777797 
30.01223957950036 1.0 0.0 2.0 134.0 14229.81819110053 14226.525925925918 14232.777777777797 
31.01223957950036 1.0 0.0 2.0 134.0 14229.48896458309 14226.525925925918 14232.777777777797 
32.01223957950036 1.0 0.0 2.0 134.0 14229.192660717383 14226.525925925918 14232.777777777797 
33.01223957950036 1.0 0.0 2.0 134.0 14228.92598723824 14226.525925925918 14232.777777777797 
34.01223957950036 1.0 0.0 2.0 134.0 14228.685981107006 14226.525925925918 14232.777777777797 
35.01223957950036 1.0 0.0 2.0 133.0 14228.469975588925 14226.525925925918 14232.777777777797 
36.01223957950036 1.0 0.0 2.0 133.0 14228.275570622573 14226.525925925918 14232.777777777797 
37.01223957950036 1.0 0.0 2.0 133.0 14228.100606152932 14226.525925925918 14232.777777777797 
38.01223957950036 1.0 0.0 3.0 133.0 14227.943138130222 14226.525925925918 14232.777777777797 
39.01223957950036 1.0 0.0 3.0 133.0 14227.48882431719 14223.400000000001 14232.777777777797 
40.01223957950036 2.0 0.0 2.0 133.0 14227.079941885453 14223.400000000001 14232.777777777797 
41.01223957950036 2.0 0.0 2.0 133.0 14227.024540289525 14226.525925925918 14232.777777777797 
42.01223957950036 2.0 0.0 2.0 133.0 14226.974678853187 14226.525925925918 14232.777777777797 
43.01223957950036 3.0 0.0 1.0 133.0 14226.929803560422 14226.525925925918 14232.777777777797 
44.01223957950036 3.0 0.0 1.0 133.0 14227.202008389559 14229.651851851839 14232.777777777797 
45.01223957950036 3.0 0.0 1.0 134.0 14227.446992735799 14229.651851851839 14232.777777777797 
46.01223957950036 3.0 0.0 1.0 134.0 14227.667478647425 14229.651851851839 14232.777777777797 
47.01223957950036 4.0 0.0 0.0 134.0 14227.865915967868 14229.651851851839 14232.777777777797 
48.01223957950036 4.0 0.0 0.0 134.0 14228.357102148851 14232.777777777797 14232.777777777797 
49.01223957950036 4.0 0.0 1.0 134.0 14228.799169711727 14232.777777777797 14232.777777777797 
50.01223957950036 4.0 0.0 1.0 134.0 14228.88443792577 14229.651851851839 14232.777777777797 
51.01223957950036 4.0 0.0 1.0 134.0 14228.96117931836 14229.651851851839 14232.777777777797 
52.01223957950036 4.0 0.0 2.0 134.0 14229.030246571712 14229.651851851839 14232.777777777797 
53.01223957950036 5.0 0.0 1.0 134.0 14227.330925618216 14212.037037037013 14232.777777777797 
54.01223957950036 5.0 0.0 1.0 134.0 14227.563018241575 14229.651851851839 14232.777777777797 
55.01223957950036 5.0 0.0 1.0 134.0 14227.771901602637 14229.651851851839 14232.777777777797 
56.01223957950036 5.0 0.0 1.0 134.0 14227.959896627532 14229.651851851839 14232.777777777797 
57.01223957950036 5.0 0.0 1.0 134.0 14228.129092149984 14229.651851851839 14232.777777777797 
58.01223957950036 5.0 0.0 1.0 134.0 14228.281368120173 14229.651851851839 14232.777777777797 
59.01223957950036 5.0 0.0 2.0 134.0 14228.418416493338 14229.651851851839 14232.777777777797 
60.01223957950036 6.0 0.0 1.0 134.0 14226.78027854773 14212.037037037013 14232.777777777797 
61.01223957950036 7.0 0.0 0.0 134.0 14227.067435878143 14229.651851851839 14232.777777777797 
62.01223957950036 7.0 0.0 0.0 134.0 14227.638470068077 14232.777777777797 14232.777777777797 
63.01223957950036 7.0 0.0 0.0 134.0 14228.15240083905 14232.777777777797 14232.777777777797 
64.01223957950036 7.0 0.0 0.0 134.0 14228.614938532928 14232.777777777797 14232.777777777797 
65.01223957950036 7.0 0.0 0.0 134.0 14229.031222457394 14232.777777777797 14232.777777777797 
66.01223957950036 7.0 0.0 1.0 135.0 14229.405877989433 14232.777777777797 14232.777777777797 
67.01223957950036 7.0 0.0 1.0 135.0 14229.430475375688 14229.651851851839 14232.777777777797 
68.01223957950036 7.0 0.0 1.0 135.0 14229.452613023288 14229.651851851839 14232.777777777797 
69.01223957950036 7.0 0.0 1.0 135.0 14229.472536906182 14229.651851851839 14232.777777777797 
70.01223957950036 8.0 0.0 0.0 135.0 14229.490468400712 14229.651851851839 14232.777777777797 
71.01223957950036 8.0 0.0 0.0 135.0 14229.819199338453 14232.777777777797 14232.777777777797 
72.01223957950036 8.0 0.0 0.0 135.0 14230.115057182378 14232.777777777797 14232.777777777797 
73.01223957950036 8.0 0.0 0.0 135.0 14230.381329241915 14232.777777777797 14232.777777777797 
74.01223957950036 8.0 0.0 0.0 135.0 14230.620974095471 14232.777777777797 14232.777777777797 
75.01223957950036 8.0 0.0 0.0 135.0 14230.836654463694 14232.777777777797 14232.777777777797 
76.01223957950036 8.0 0.0 0.0 135.0 14231.030766795111 14232.777777777797 14232.777777777797 
77.01223957950036 8.0 0.0 0.0 135.0 14231.205467893415 14232.777777777797 14232.777777777797 
78.01223957950036 8.0 0.0 0.0 135.0 14231.362698881801 14232.777777777797 14232.777777777797 
79.01223957950036 8.0 0.0 0.0 135.0 14231.504206771433 14232.777777777797 14232.777777777797 
80.01223957950036 8.0 0.0 0.0 135.0 14231.631563872044 14232.777777777797 14232.777777777797 
81.01223957950036 8.0 0.0 0.0 135.0 14231.746185262604 14232.777777777797 14232.777777777797 
82.01223957950036 8.0 0.0 0.0 135.0 14231.849344514147 14232.777777777797 14232.777777777797 
83.01223957950036 8.0 0.0 0.0 135.0 14231.942187840512 14232.777777777797 14232.777777777797 
84.01223957950036 8.0 0.0 0.0 135.0 14232.025746834244 14232.777777777797 14232.777777777797 
85.01223957950036 8.0 0.0 1.0 135.0 14232.100949928572 14232.777777777797 14232.777777777797 
86.01223957950036 8.0 0.0 1.0 135.0 14231.856040120922 14229.651851851839 14232.777777777797 
87.01223957950036 8.0 0.0 1.0 135.0 14231.635621294019 14229.651851851839 14232.777777777797 
88.01223957950036 8.0 0.0 1.0 135.0 14231.437244349792 14229.651851851839 14232.777777777797 
89.01223957950036 8.0 0.0 1.0 135.0 14231.258705099974 14229.651851851839 14232.777777777797 
90.01223957950036 8.0 0.0 1.0 135.0 14231.098019775158 14229.651851851839 14232.777777777797 
91.01223957950036 8.0 0.0 1.0 134.0 14230.953402982854 14229.651851851839 14232.777777777797 
92.01223957950036 8.0 0.0 1.0 134.0 14230.823247869766 14229.651851851839 14232.777777777797 
93.01223957950036 8.0 0.0 1.0 134.0 14230.706108267963 14229.651851851839 14232.777777777797 
94.01223957950036 8.0 0.0 1.0 134.0 14230.600682626364 14229.651851851839 14232.777777777797 
95.01223957950036 8.0 0.0 1.0 134.0 14230.505799548884 14229.651851851839 14232.777777777797 
96.01223957950036 8.0 0.0 2.0 134.0 14230.420404779205 14229.651851851839 14232.777777777797 
97.01223957950036 8.0 0.0 2.0 134.0 14230.030956893836 14226.525925925918 14232.777777777797 
98.01223957950036 8.0 0.0 2.0 134.0 14229.680453797057 14226.525925925918 14232.777777777797 
99.01223957950036 9.0 0.0 1.0 134.0 14229.365001009934 14226.525925925918 14232.777777777797 
100.01223957950036 10.0 0.0 0.0 134.0 14229.39368609415 14229.651851851839 14232.777777777797 
101.01223957950036 10.0 0.0 0.0 134.0 14229.73209526252 14232.777777777797 14232.777777777797 
102.01223957950036 10.0 0.0 0.0 134.0 14230.036663514009 14232.777777777797 14232.777777777797 
103.01223957950036 10.0 0.0 0.0 134.0 14230.31077494043 14232.777777777797 14232.777777777797 
104.01223957950036 10.0 0.0 0.0 134.0 14230.55747522416 14232.777777777797 14232.777777777797 
105.01223957950036 10.0 0.0 0.0 135.0 14230.7795054795 14232.777777777797 14232.777777777797 
106.01223957950036 10.0 0.0 0.0 135.0 14230.979332709358 14232.777777777797 14232.777777777797 
107.01223957950036 10.0 0.0 0.0 135.0 14231.159177216156 14232.777777777797 14232.777777777797 
108.01223957950036 10.0 0.0 0.0 135.0 14231.32103727232 14232.777777777797 14232.777777777797 
109.01223957950036 10.0 0.0 0.0 135.0 14231.4667113229 14232.777777777797 14232.777777777797 
110.01223957950036 10.0 0.0 0.0 135.0 14231.597817968395 14232.777777777797 14232.777777777797 
111.01223957950036 10.0 0.0 0.0 135.0 14231.715813949315 14232.777777777797 14232.777777777797 
112.01223957950036 10.0 0.0 0.0 135.0 14231.82201033216 14232.777777777797 14232.777777777797 
113.01223957950036 10.0 0.0 0.0 135.0 14231.917587076692 14232.777777777797 14232.777777777797 
114.01223957950036 10.0 0.0 0.0 135.0 14232.003606146834 14232.777777777797 14232.777777777797 
115.01223957950036 10.0 0.0 0.0 135.0 14232.081023309924 14232.777777777797 14232.777777777797 
116.01223957950036 10.0 0.0 1.0 135.0 14232.150698756708 14232.777777777797 14232.777777777797 
117.01223957950036 10.0 0.0 1.0 135.0 14231.90081406625 14229.651851851839 14232.777777777797 
118.01223957950036 10.0 0.0 1.0 135.0 14231.675917844801 14229.651851851839 14232.777777777797 
119.01223957950036 10.0 0.0 2.0 135.0 14231.473511245493 14229.651851851839 14232.777777777797 
120.01223957950036 10.0 0.0 2.0 135.0 14230.97875271352 14226.525925925918 14232.777777777797 
121.01223957950036 10.0 0.0 2.0 135.0 14230.533470034745 14226.525925925918 14232.777777777797 
122.01223957950036 11.0 0.0 1.0 134.0 14230.132715623884 14226.525925925918 14232.777777777797 
123.01223957950036 11.0 0.0 1.0 134.0 14230.084629246663 14229.651851851839 14232.777777777797 
124.01223957950036 11.0 0.0 1.0 134.0 14230.041351507214 14229.651851851839 14232.777777777797 
125.01223957950036 11.0 0.0 1.0 134.0 14230.002401541657 14229.651851851839 14232.777777777797 
126.01223957950036 11.0 0.0 1.0 134.0 14229.967346572677 14229.651851851839 14232.777777777797 
127.01223957950036 11.0 0.0 1.0 134.0 14229.935797100576 14229.651851851839 14232.777777777797 
128.01223957950037 11.0 0.0 1.0 134.0 14229.907402575738 14229.651851851839 14232.777777777797 
129.01223957950037 11.0 0.0 2.0 134.0 14229.881847503322 14229.651851851839 14232.777777777797 
130.01223957950037 11.0 0.0 2.0 134.0 14229.546255345596 14226.525925925918 14232.777777777797 
131.01223957950037 11.0 0.0 2.0 134.0 14229.244222403619 14226.525925925918 14232.777777777797 
132.01223957950037 13.0 0.0 0.0 134.0 14228.972392755857 14226.525925925918 14232.777777777797 
133.01223957950037 13.0 0.0 0.0 134.0 14229.352931258061 14232.777777777797 14232.777777777797 
134.01223957950037 13.0 0.0 0.0 134.0 14229.695415910024 14232.777777777797 14232.777777777797 
135.01223957950037 13.0 0.0 0.0 134.0 14230.003652096799 14232.777777777797 14232.777777777797 
136.01223957950037 13.0 0.0 0.0 134.0 14230.281064664876 14232.777777777797 14232.777777777797 
137.01223957950037 13.0 0.0 0.0 134.0 14230.530735976172 14232.777777777797 14232.777777777797 
138.01223957950037 13.0 0.0 0.0 135.0 14230.75544015634 14232.777777777797 14232.777777777797 
139.01223957950037 13.0 0.0 0.0 135.0 14230.957673918507 14232.777777777797 14232.777777777797 
140.01223957950037 13.0 0.0 0.0 135.0 14231.139684304448 14232.777777777797 14232.777777777797 
141.01223957950037 13.0 0.0 0.0 135.0 14231.30349365173 14232.777777777797 14232.777777777797 
142.01223957950037 13.0 0.0 0.0 135.0 14231.450922064367 14232.777777777797 14232.777777777797 
143.01223957950037 13.0 0.0 0.0 135.0 14231.583607635699 14232.777777777797 14232.777777777797 
144.01223957950037 13.0 0.0 0.0 135.0 14231.703024649905 14232.777777777797 14232.777777777797 
145.01223957950037 13.0 0.0 0.0 135.0 14231.81049996271 14232.777777777797 14232.777777777797 
146.01223957950037 13.0 0.0 0.0 135.0 14231.907227744205 14232.777777777797 14232.777777777797 
147.01223957950037 13.0 0.0 0.0 135.0 14231.994282747566 14232.777777777797 14232.777777777797 
148.01223957950037 13.0 0.0 0.0 135.0 14232.072632250562 14232.777777777797 14232.777777777797 
149.01223957950037 13.0 0.0 0.0 135.0 14232.143146803304 14232.777777777797 14232.777777777797 
150.01223957950037 13.0 0.0 0.0 135.0 14232.206609900717 14232.777777777797 14232.777777777797 
151.01223957950037 13.0 0.0 0.0 135.0 14232.263726688447 14232.777777777797 14232.777777777797 
152.01223957950037 13.0 0.0 0.0 135.0 14232.315131797388 14232.777777777797 14232.777777777797 
153.01223957950037 13.0 0.0 0.0 135.0 14232.361396395454 14232.777777777797 14232.777777777797 
154.01223957950037 13.0 0.0 0.0 135.0 14232.403034533689 14232.777777777797 14232.777777777797 
155.01223957950037 13.0 0.0 0.0 135.0 14232.440508858072 14232.777777777797 14232.777777777797 
156.01223957950037 13.0 0.0 0.0 135.0 14232.474235750045 14232.777777777797 14232.777777777797 
157.01223957950037 13.0 0.0 0.0 135.0 14232.50458995284 14232.777777777797 14232.777777777797 
158.01223957950037 13.0 0.0 0.0 135.0 14232.531908735311 14232.777777777797 14232.777777777797 
159.01223957950037 13.0 0.0 0.0 135.0 14232.556495639554 14232.777777777797 14232.777777777797 
160.01223957950037 13.0 0.0 1.0 135.0 14232.578623853371 14232.777777777797 14232.777777777797 
161.01223957950037 13.0 0.0 1.0 135.0 14232.285946653232 14229.651851851839 14232.777777777797 
162.01223957950037 13.0 0.0 2.0 135.0 14232.022537173094 14229.651851851839 14232.777777777797 
163.01223957950037 13.0 0.0 2.0 135.0 14231.472876048354 14226.525925925918 14232.777777777797 
164.01223957950037 13.0 0.0 2.0 135.0 14230.978181036135 14226.525925925918 14232.777777777797 
165.01223957950037 14.0 0.0 1.0 135.0 14230.532955525096 14226.525925925918 14232.777777777797 
166.01223957950037 14.0 0.0 1.0 135.0 14230.444845157795 14229.651851851839 14232.777777777797 
167.01223957950037 14.0 0.0 1.0 135.0 14230.365545827184 14229.651851851839 14232.777777777797 
168.01223957950037 14.0 0.0 1.0 134.0 14230.294176429654 14229.651851851839 14232.777777777797 
169.01223957950037 14.0 0.0 2.0 134.0 14230.229943971892 14229.651851851839 14232.777777777797 
170.01223957950037 14.0 0.0 3.0 134.0 14229.859542167282 14226.525925925918 14232.777777777797 
171.01223957950037 14.0 0.0 4.0 134.0 14229.213587950562 14223.400000000001 14232.777777777797 
172.01223957950037 14.0 0.0 5.0 134.0 14228.319636562897 14220.274074074052 14232.777777777797 
173.01223957950037 14.0 0.0 6.0 134.0 14227.20248772143 14217.14814814815 14232.777777777797 
174.01223957950037 16.0 0.0 5.0 133.0 14225.885201912264 14214.029629629666 14232.777777777797 
175.01223957950037 17.0 0.0 4.0 132.0 14225.01223727658 14217.155555555531 14232.777777777797 
176.01223957950037 17.0 0.0 4.0 133.0 14224.53916169709 14220.281481481483 14232.777777777797 
177.01223957950037 17.0 0.0 5.0 133.0 14224.113393675496 14220.281481481483 14232.777777777797 
178.01223957950037 18.0 0.0 5.0 131.0 14223.418350604245 14217.162962962962 14232.777777777797 
179.01223957950037 18.0 0.0 5.0 132.0 14222.79207109938 14217.155555555531 14232.777777777797 
180.01223957950037 18.0 0.0 5.0 132.0 14222.228419544992 14217.155555555531 14232.777777777797 
181.01223957950037 18.0 0.0 7.0 132.0 14221.721133146058 14217.155555555531 14232.777777777797 
182.01223957950037 18.0 0.0 8.0 131.0 14220.640130942578 14210.911111111145 14232.777777777797 
183.01223957950037 19.0 0.0 7.0 131.0 14217.90574747796 14193.296296296277 14232.777777777797 
184.01223957950037 19.0 0.0 7.0 131.0 14217.206283841237 14210.911111111145 14232.777777777797 
185.01223957950037 20.0 0.0 7.0 131.0 14216.57676656824 14210.911111111145 14232.777777777797 
186.01223957950037 20.0 0.0 8.0 131.0 14216.00946028177 14210.903703703707 14232.777777777797 
187.01223957950037 20.0 0.0 9.0 130.0 14215.186292031383 14207.777777777797 14232.777777777797 
188.01223957950037 20.0 0.0 10.0 130.0 14214.132848013436 14204.651851851839 14232.777777777797 
189.01223957950037 21.0 0.0 10.0 130.0 14213.184748397269 14204.651851851839 14232.777777777797 
190.01223957950037 22.0 0.0 9.0 130.0 14210.569236520503 14187.029629629666 14232.777777777797 
191.01223957950037 24.0 0.0 7.0 129.0 14208.527868424015 14190.155555555531 14232.777777777797 
192.01223957950037 26.0 0.0 5.0 129.0 14207.315822322338 14196.407407407401 14232.777777777797 
193.01223957950037 28.0 0.0 3.0 129.0 14206.850166016055 14202.659259259277 14232.777777777797 
194.01223957950037 28.0 0.0 3.0 129.0 14208.505149414439 14223.400000000001 14232.777777777797 
195.01223957950037 28.0 0.0 3.0 129.0 14209.994634472992 14223.400000000001 14232.777777777797 
196.01223957950037 28.0 0.0 4.0 129.0 14211.335171025687 14223.400000000001 14232.777777777797 
197.01223957950037 30.0 0.0 2.0 129.0 14210.78017244166 14205.785185185186 14232.777777777797 
198.01223957950037 31.0 0.0 1.0 129.0 14210.905858901187 14212.037037037013 14232.777777777797 
199.01223957950037 32.0 0.0 0.0 130.0 14212.780458196226 14229.651851851839 14232.777777777797 
200.01223957950037 32.0 0.0 0.0 131.0 14214.780190154383 14232.777777777797 14232.777777777797 
201.01223957950037 32.0 0.0 0.0 132.0 14216.579948916713 14232.777777777797 14232.777777777797 
202.01223957950037 32.0 0.0 0.0 133.0 14218.199731802866 14232.777777777797 14232.777777777797 
203.01223957950037 32.0 0.0 1.0 133.0 14219.65753640034 14232.777777777797 14232.777777777797 
204.01223957950037 32.0 0.0 1.0 133.0 14220.656967945491 14229.651851851839 14232.777777777797 
205.01223957950037 32.0 0.0 2.0 133.0 14221.556456336126 14229.651851851839 14232.777777777797 
206.00889735402794 32.0 0.0 2.0 134.0 14222.053403295098 14226.525925925918 14232.777777777797 
207.01223957950037 33.0 0.0 2.0 135.0 14222.500655558179 14226.525925925918 14232.777777777797 
208.01223957950037 33.0 0.0 2.0 135.0 14222.903182594964 14226.525925925918 14232.777777777797 
209.01223957950037 33.0 0.0 4.0 135.0 14223.265456928073 14226.525925925918 14232.777777777797 
210.01223957950037 34.0 0.0 3.0 134.0 14221.518170494512 14205.792592592627 14232.777777777797 
211.01223957950037 35.0 0.0 3.0 134.0 14221.707094185824 14223.407407407401 14232.777777777797 
212.01223957950037 35.0 0.0 3.0 134.0 14221.877125507983 14223.407407407401 14232.777777777797 
213.01223957950037 36.0 0.0 2.0 134.0 14222.03015369791 14223.407407407401 14232.777777777797 
214.01223957950037 36.0 0.0 2.0 133.0 14222.479730920708 14226.525925925918 14232.777777777797 
215.01223957950037 36.0 0.0 3.0 133.0 14222.884350421231 14226.525925925918 14232.777777777797 
216.01223957950037 36.0 0.0 3.0 133.0 14222.935915379123 14223.400000000001 14232.777777777797 
217.01223957950037 36.0 0.0 3.0 133.0 14222.982323841197 14223.400000000001 14232.777777777797 
218.01223957950037 36.0 0.0 4.0 133.0 14223.024091457068 14223.400000000001 14232.777777777797 
219.01223957950037 36.0 0.0 4.0 133.0 14222.749089718765 14220.274074074052 14232.777777777797 
220.0080090661978 36.0 0.0 4.0 133.0 14222.501588154284 14220.274074074052 14232.777777777797 
221.01223957950037 36.0 0.0 5.0 132.0 14222.278836746307 14220.274074074052 14232.777777777797 
222.01223957950037 36.0 0.0 5.0 132.0 14221.76576788647 14217.14814814815 14232.777777777797 
223.01223957950037 36.0 0.0 5.0 132.0 14221.304005912625 14217.14814814815 14232.777777777797 
224.01223957950037 36.0 0.0 5.0 131.0 14220.888420136194 14217.14814814815 14232.777777777797 
225.01223957950037 37.0 0.0 4.0 131.0 14220.514392937386 14217.14814814815 14232.777777777797 
226.01223957950037 37.0 0.0 4.0 131.0 14220.49036105104 14220.274074074052 14232.777777777797 
227.01223957950037 38.0 0.0 3.0 130.0 14220.468732353382 14220.274074074052 14232.777777777797 
228.01223957950037 38.0 0.0 4.0 131.0 14220.761859118027 14223.400000000001 14232.777777777797 
229.01223957950037 39.0 0.0 3.0 131.0 14220.713080613612 14220.274074074052 14232.777777777797 
230.01223957950037 40.0 0.0 2.0 131.0 14220.981772552279 14223.400000000001 14232.777777777797 
231.01223957950037 40.0 0.0 3.0 131.0 14221.536187889642 14226.525925925918 14232.777777777797 
232.01223957950037 41.0 0.0 2.0 131.0 14221.722569100675 14223.400000000001 14232.777777777797 
233.01223957950037 41.0 0.0 2.0 132.0 14222.202904783197 14226.525925925918 14232.777777777797 
234.01223957950037 42.0 0.0 1.0 131.0 14222.635206897441 14226.525925925918 14232.777777777797 
235.01223957950037 42.0 0.0 1.0 133.0 14223.33687139292 14229.651851851839 14232.777777777797 
236.01223957950037 42.0 0.0 1.0 133.0 14223.968369438808 14229.651851851839 14232.777777777797 
237.01223957950037 42.0 0.0 2.0 133.0 14224.536717680126 14229.651851851839 14232.777777777797 
238.01223957950037 42.0 0.0 3.0 133.0 14224.735638504682 14226.525925925918 14232.777777777797 
239.01223957950037 43.0 0.0 2.0 133.0 14223.153185765328 14208.911111111145 14232.777777777797 
240.01223957950037 43.0 0.0 2.0 133.0 14223.4904597814 14226.525925925918 14232.777777777797 
241.01223957950037 44.0 0.0 1.0 133.0 14223.794006395841 14226.525925925918 14232.777777777797 
242.01223957950037 44.0 0.0 1.0 134.0 14224.379790941422 14229.651851851839 14232.777777777797 
243.01223957950037 45.0 0.0 0.0 134.0 14224.906997032493 14229.651851851839 14232.777777777797 
244.01223957950037 45.0 0.0 1.0 134.0 14225.694075107005 14232.777777777797 14232.777777777797 
245.01223957950037 45.0 0.0 2.0 134.0 14226.089852781497 14229.651851851839 14232.777777777797 
246.01223957950037 46.0 0.0 1.0 134.0 14224.68457120706 14212.037037037013 14232.777777777797 
247.01223957950037 46.0 0.0 1.0 134.0 14225.181299271526 14229.651851851839 14232.777777777797 
248.01223957950037 46.0 0.0 2.0 134.0 14225.628354529537 14229.651851851839 14232.777777777797 
249.01223957950037 46.0 0.0 2.0 135.0 14225.718111669212 14226.525925925918 14232.777777777797 
250.01223957950037 46.0 0.0 2.0 134.0 14225.798893094885 14226.525925925918 14232.777777777797 
251.01223957950037 46.0 0.0 2.0 134.0 14225.871596377981 14226.525925925918 14232.777777777797 
252.01223957950037 46.0 0.0 2.0 134.0 14225.937029332768 14226.525925925918 14232.777777777797 
253.01223957950037 46.0 0.0 3.0 134.0 14225.995918992103 14226.525925925918 14232.777777777797 
254.01223957950037 46.0 0.0 3.0 133.0 14225.736327092889 14223.400000000001 14232.777777777797 
255.01223957950037 46.0 0.0 4.0 133.0 14225.502694383591 14223.400000000001 14232.777777777797 
256.0122395795004 46.0 0.0 4.0 133.0 14224.979832352656 14220.274074074052 14232.777777777797 
257.0122395795004 47.0 0.0 3.0 133.0 14224.509256524805 14220.274074074052 14232.777777777797 
258.0122395795004 47.0 0.0 3.0 133.0 14224.39833087229 14223.400000000001 14232.777777777797 
259.0122395795004 47.0 0.0 3.0 132.0 14224.298497785057 14223.400000000001 14232.777777777797 
260.0122395795004 48.0 0.0 3.0 132.0 14224.208648006557 14223.400000000001 14232.777777777797 
261.0122395795004 48.0 0.0 3.0 132.0 14224.12778320591 14223.400000000001 14232.777777777797 
262.0122395795004 48.0 0.0 3.0 132.0 14224.05500488531 14223.400000000001 14232.777777777797 
263.0122395795004 48.0 0.0 4.0 132.0 14223.989504396799 14223.400000000001 14232.777777777797 
264.0122395795004 48.0 0.0 4.0 132.0 14223.617961364494 14220.274074074052 14232.777777777797 
265.0122395795004 48.0 0.0 4.0 133.0 14223.283572635472 14220.274074074052 14232.777777777797 
266.0122395795004 48.0 0.0 5.0 132.0 14222.98262277932 14220.274074074052 14232.777777777797 
267.0122395795004 48.0 0.0 5.0 132.0 14222.399175316199 14217.14814814815 14232.777777777797 
268.0122395795004 48.0 0.0 6.0 132.0 14221.874072599387 14217.14814814815 14232.777777777797 
269.0122395795004 48.0 0.0 7.0 131.0 14221.088887561702 14214.022222222226 14232.777777777797 
270.0122395795004 48.0 0.0 7.0 131.0 14220.069628435129 14210.896296296318 14232.777777777797 
271.0122395795004 51.0 0.0 5.0 131.0 14219.152295221264 14210.896296296318 14232.777777777797 
272.0122395795004 52.0 0.0 5.0 131.0 14218.951880513965 14217.14814814815 14232.777777777797 
273.0122395795004 53.0 0.0 4.0 131.0 14218.771507277363 14217.14814814815 14232.777777777797 
274.0122395795004 53.0 0.0 5.0 131.0 14218.921763957054 14220.274074074052 14232.777777777797 
275.0122395795004 54.0 0.0 5.0 131.0 14218.744402376153 14217.14814814815 14232.777777777797 
276.0122395795004 55.0 0.0 4.0 131.0 14218.584776953361 14217.14814814815 14232.777777777797 
277.0122395795004 56.0 0.0 4.0 131.0 14218.753706665397 14220.274074074052 14232.777777777797 
278.0122395795004 56.0 0.0 4.0 131.0 14218.905743406282 14220.274074074052 14232.777777777797 
279.0122395795004 58.0 0.0 2.0 132.0 14219.04257647307 14220.274074074052 14232.777777777797 
280.0122395795004 58.0 0.0 2.0 131.0 14219.790911418339 14226.525925925918 14232.777777777797 
281.0122395795004 58.0 0.0 2.0 132.0 14220.46441286911 14226.525925925918 14232.777777777797 
282.0122395795004 58.0 0.0 2.0 133.0 14221.07056417479 14226.525925925918 14232.777777777797 
283.0122395795004 59.0 0.0 3.0 132.0 14221.616100349887 14226.525925925918 14232.777777777797 
284.0122395795004 59.0 0.0 3.0 132.0 14221.794490314905 14223.400000000001 14232.777777777797 
285.0122395795004 59.0 0.0 5.0 132.0 14221.955041283423 14223.400000000001 14232.777777777797 
286.0122395795004 59.0 0.0 5.0 132.0 14221.474351969879 14217.14814814815 14232.777777777797 
287.0122395795004 59.0 0.0 5.0 134.0 14221.041731587733 14217.14814814815 14232.777777777797 
288.0122395795004 60.0 0.0 5.0 134.0 14220.652373243769 14217.14814814815 14232.777777777797 
289.0122395795004 61.0 0.0 4.0 131.0 14218.853061845326 14202.659259259277 14232.777777777797 
290.0122395795004 61.0 0.0 5.0 131.0 14218.995163068203 14220.274074074052 14232.777777777797 
291.0122395795004 62.0 0.0 4.0 130.0 14218.810461576182 14217.14814814815 14232.777777777797 
292.0122395795004 63.0 0.0 3.0 130.0 14218.956822825976 14220.274074074052 14232.777777777797 
293.0122395795004 63.0 0.0 4.0 131.0 14219.401140543367 14223.400000000001 14232.777777777797 
294.0122395795004 63.0 0.0 4.0 132.0 14219.488433896435 14220.274074074052 14232.777777777797 
295.0122395795004 63.0 0.0 7.0 132.0 14219.566997914213 14220.274074074052 14232.777777777797 
296.0122395795004 64.0 0.0 6.0 132.0 14217.251038863511 14196.407407407401 14232.777777777797 
297.0122395795004 64.0 0.0 7.0 132.0 14215.479268310508 14199.533333333318 14232.777777777797 
298.0122395795004 67.0 0.0 4.0 132.0 14215.64615629427 14217.14814814815 14232.777777777797 
299.0122395795004 68.0 0.0 4.0 131.0 14214.66005918336 14205.785185185186 14232.777777777797 
300.0122395795004 69.0 0.0 3.0 131.0 14213.772571783562 14205.785185185186 14232.777777777797 
301.0122395795004 70.0 0.0 4.0 130.0 14213.286425716324 14208.911111111145 14232.777777777797 
302.0122395795004 70.0 0.0 4.0 133.0 14212.53630166321 14205.785185185186 14232.777777777797 
303.0122395795004 72.0 0.0 3.0 133.0 14211.861190015394 14205.785185185186 14232.777777777797 
304.0122395795004 72.0 0.0 3.0 134.0 14213.015071013853 14223.400000000001 14232.777777777797 
305.0122395795004 72.0 0.0 4.0 134.0 14214.053563912461 14223.400000000001 14232.777777777797 
306.0122395795004 72.0 0.0 4.0 134.0 14214.67561492864 14220.274074074052 14232.777777777797 
307.0122395795004 72.0 0.0 5.0 133.0 14215.23546084316 14220.274074074052 14232.777777777797 
308.0122395795004 72.0 0.0 5.0 133.0 14215.426729573677 14217.14814814815 14232.777777777797 
309.0122395795004 73.0 0.0 4.0 132.0 14215.598871431132 14217.14814814815 14232.777777777797 
310.0122395795004 74.0 0.0 3.0 132.0 14216.0663916954 14220.274074074052 14232.777777777797 
311.0122395795004 75.0 0.0 3.0 132.0 14216.799752525856 14223.400000000001 14232.777777777797 
312.0122395795004 76.0 0.0 2.0 132.0 14217.459777273303 14223.400000000001 14232.777777777797 
313.0122395795004 77.0 0.0 3.0 132.0 14218.366392138541 14226.525925925918 14232.777777777797 
314.0122395795004 78.0 0.0 2.0 132.0 14218.87049366544 14223.407407407401 14232.777777777797 
315.0122395795004 78.0 0.0 2.0 134.0 14219.636036891477 14226.525925925918 14232.777777777797 
316.0122395795004 78.0 0.0 2.0 133.0 14220.325025794922 14226.525925925918 14232.777777777797 
317.0122395795004 80.0 0.0 0.0 133.0 14220.945115808034 14226.525925925918 14232.777777777797 
318.0122395795004 80.0 0.0 1.0 133.0 14222.128382004985 14232.777777777797 14232.777777777797 
319.0122395795004 80.0 0.0 1.0 134.0 14222.88072898969 14229.651851851839 14232.777777777797 
320.0122395795004 80.0 0.0 1.0 135.0 14223.557841275908 14229.651851851839 14232.777777777797 
321.0122395795004 80.0 0.0 2.0 135.0 14224.167242333484 14229.651851851839 14232.777777777797 
322.0122395795004 80.0 0.0 3.0 135.0 14224.403110692738 14226.525925925918 14232.777777777797 
323.0122395795004 81.0 0.0 2.0 134.0 14222.853910734584 14208.911111111145 14232.777777777797 
324.0122395795004 81.0 0.0 2.0 134.0 14223.221112253721 14226.525925925918 14232.777777777797 
325.0122395795004 81.0 0.0 2.0 134.0 14223.551593620934 14226.525925925918 14232.777777777797 
326.0122395795004 81.0 0.0 2.0 134.0 14223.849026851434 14226.525925925918 14232.777777777797 
327.0122395795004 81.0 0.0 2.0 133.0 14224.116716758877 14226.525925925918 14232.777777777797 
328.0122395795004 81.0 0.0 4.0 133.0 14224.357637675595 14226.525925925918 14232.777777777797 
329.0122395795004 81.0 0.0 5.0 133.0 14223.949281315427 14220.274074074052 14232.777777777797 
330.0122395795004 82.0 0.0 4.0 133.0 14223.2691679987 14217.14814814815 14232.777777777797 
331.0122395795004 82.0 0.0 6.0 133.0 14222.969658606258 14220.274074074052 14232.777777777797 
332.0122395795004 83.0 0.0 5.0 133.0 14222.074914967825 14214.022222222226 14232.777777777797 
333.0122395795004 83.0 0.0 5.0 133.0 14221.582238285864 14217.14814814815 14232.777777777797 
334.0122395795004 83.0 0.0 5.0 132.0 14221.138829272099 14217.14814814815 14232.777777777797 
335.0122395795004 84.0 0.0 4.0 131.0 14220.739761159679 14217.14814814815 14232.777777777797 
336.0122395795004 84.0 0.0 5.0 131.0 14220.693192451128 14220.274074074052 14232.777777777797 
337.0122395795004 85.0 0.0 4.0 129.0 14220.338688020849 14217.14814814815 14232.777777777797 
338.0122395795004 85.0 0.0 4.0 131.0 14220.332226626166 14220.274074074052 14232.777777777797 
339.0122395795004 86.0 0.0 3.0 131.0 14220.326411370956 14220.274074074052 14232.777777777797 
340.0122395795004 86.0 0.0 3.0 131.0 14220.633770233857 14223.400000000001 14232.777777777797 
341.0122395795004 86.0 0.0 4.0 132.0 14220.91039321046 14223.400000000001 14232.777777777797 
342.0122395795004 87.0 0.0 3.0 131.0 14220.846761296843 14220.274074074052 14232.777777777797 
343.0122395795004 87.0 0.0 3.0 131.0 14221.102085167147 14223.400000000001 14232.777777777797 
344.0122395795004 87.0 0.0 4.0 132.0 14221.331876650427 14223.400000000001 14232.777777777797 
345.0122395795004 88.0 0.0 3.0 132.0 14219.777207503921 14205.785185185186 14232.777777777797 
346.0122395795004 89.0 0.0 2.0 132.0 14220.139486753513 14223.400000000001 14232.777777777797 
347.0122395795004 89.0 0.0 2.0 132.0 14220.778130670751 14226.525925925918 14232.777777777797 
348.0122395795004 89.0 0.0 3.0 132.0 14221.352910196283 14226.525925925918 14232.777777777797 
349.0122395795004 90.0 0.0 2.0 132.0 14220.10873028776 14208.911111111145 14232.777777777797 
350.0122395795004 90.0 0.0 2.0 132.0 14220.750449851563 14226.525925925918 14232.777777777797 
351.0122395795004 90.0 0.0 2.0 132.0 14221.327997459008 14226.525925925918 14232.777777777797 
352.0122395795004 90.0 0.0 2.0 132.0 14221.84779030569 14226.525925925918 14232.777777777797 
353.0122395795004 90.0 0.0 2.0 133.0 14222.315603867724 14226.525925925918 14232.777777777797 
354.0122395795004 90.0 0.0 2.0 133.0 14222.736636073541 14226.525925925918 14232.777777777797 
355.0122395795004 90.0 0.0 2.0 133.0 14223.115565058784 14226.525925925918 14232.777777777797 
356.0122395795004 90.0 0.0 2.0 133.0 14223.456601145519 14226.525925925918 14232.777777777797 
357.0122395795004 90.0 0.0 3.0 133.0 14223.763533623553 14226.525925925918 14232.777777777797 
358.0122395795004 90.0 0.0 4.0 133.0 14223.727180261192 14223.400000000001 14232.777777777797 
359.0122395795004 91.0 0.0 3.0 133.0 14223.38186964245 14220.274074074052 14232.777777777797 
360.0122395795004 92.0 0.0 2.0 133.0 14223.38368267823 14223.400000000001 14232.777777777797 
361.0122395795004 92.0 0.0 3.0 133.0 14223.697907002987 14226.525925925918 14232.777777777797 
362.0122395795004 92.0 0.0 4.0 133.0 14223.668116302699 14223.400000000001 14232.777777777797 
363.0122395795004 92.0 0.0 4.0 132.0 14223.328712079836 14220.274074074052 14232.777777777797 
364.0122395795004 92.0 0.0 5.0 132.0 14223.023248279267 14220.274074074052 14232.777777777797 
365.0122395795004 92.0 0.0 5.0 131.0 14222.43573826615 14217.14814814815 14232.777777777797 
366.0122395795004 92.0 0.0 5.0 132.0 14221.906979254341 14217.14814814815 14232.777777777797 
367.0122395795004 92.0 0.0 5.0 132.0 14221.431096143704 14217.14814814815 14232.777777777797 
368.0122395795004 93.0 0.0 5.0 131.0 14221.00280134417 14217.14814814815 14232.777777777797 
369.0122395795004 93.0 0.0 7.0 131.0 14220.617336024581 14217.14814814815 14232.777777777797 
370.0122395795004 93.0 0.0 7.0 130.0 14219.645232051733 14210.896296296318 14232.777777777797 
371.0122395795004 93.0 0.0 7.0 130.0 14218.770338476212 14210.896296296318 14232.777777777797 
372.0122395795004 94.0 0.0 7.0 130.0 14217.982934258216 14210.896296296318 14232.777777777797 
373.0122395795004 95.0 0.0 6.0 130.0 14217.27427046201 14210.896296296318 14232.777777777797 
374.0122395795004 95.0 0.0 6.0 129.0 14216.949065638051 14214.022222222226 14232.777777777797 
375.0122395795004 96.0 0.0 5.0 127.0 14216.65638129645 14214.022222222226 14232.777777777797 
376.0122395795004 96.0 0.0 5.0 129.0 14216.705557981633 14217.14814814815 14232.777777777797 
377.0122395795004 96.0 0.0 5.0 130.0 14216.749816998274 14217.14814814815 14232.777777777797 
378.0122395795004 97.0 0.0 5.0 129.0 14216.78965011324 14217.14814814815 14232.777777777797 
379.0122395795004 97.0 0.0 5.0 129.0 14216.825499916744 14217.14814814815 14232.777777777797 
380.0122395795004 98.0 0.0 4.0 129.0 14216.85776473988 14217.14814814815 14232.777777777797 
381.0122395795004 100.0 0.0 5.0 130.0 14217.199395673295 14220.274074074052 14232.777777777797 
382.0122395795004 101.0 0.0 4.0 130.0 14215.745382031906 14202.659259259277 14232.777777777797 
383.0122395795004 101.0 0.0 4.0 131.0 14214.74936234725 14205.785185185186 14232.777777777797 
384.0122395795004 102.0 0.0 3.0 130.0 14213.852944631022 14205.785185185186 14232.777777777797 
385.0122395795004 102.0 0.0 3.0 131.0 14213.358761279027 14208.911111111145 14232.777777777797 
386.0122395795004 103.0 0.0 2.0 132.0 14212.60140366964 14205.785185185186 14232.777777777797 
387.0122395795004 105.0 0.0 0.0 133.0 14213.993855895287 14226.525925925918 14232.777777777797 
388.0122395795004 105.0 0.0 0.0 133.0 14215.559655490928 14229.651851851839 14232.777777777797 
389.0122395795004 105.0 0.0 0.0 133.0 14216.968875127037 14229.651851851839 14232.777777777797 
390.0122395795004 105.0 0.0 1.0 133.0 14218.237172799512 14229.651851851839 14232.777777777797 
391.0122395795004 105.0 0.0 1.0 134.0 14219.06604811215 14226.525925925918 14232.777777777797 
392.0122395795004 105.0 0.0 3.0 134.0 14219.812035893516 14226.525925925918 14232.777777777797 
393.0122395795004 105.0 0.0 4.0 134.0 14219.858239711582 14220.274074074052 14232.777777777797 
394.0122395795004 105.0 0.0 4.0 134.0 14219.587230555238 14217.14814814815 14232.777777777797 
395.0122395795004 105.0 0.0 4.0 134.0 14219.343322314517 14217.14814814815 14232.777777777797 
396.0122395795004 106.0 0.0 4.0 133.0 14219.123804897883 14217.14814814815 14232.777777777797 
397.0122395795004 106.0 0.0 4.0 133.0 14218.926239222918 14217.14814814815 14232.777777777797 
398.0122395795004 106.0 0.0 4.0 132.0 14218.748430115455 14217.14814814815 14232.777777777797 
399.0122395795004 106.0 0.0 4.0 131.0 14218.588401918685 14217.14814814815 14232.777777777797 
400.0122395795004 107.0 0.0 4.0 131.0 14218.444376541645 14217.14814814815 14232.777777777797 
401.0122395795004 108.0 0.0 3.0 131.0 14218.314753702305 14217.14814814815 14232.777777777797 
402.0122395795004 108.0 0.0 3.0 131.0 14218.510685739477 14220.274074074052 14232.777777777797 
403.0122395795004 108.0 0.0 3.0 131.0 14218.687024572937 14220.274074074052 14232.777777777797 
404.0122395795004 108.0 0.0 3.0 131.0 14218.845729523035 14220.274074074052 14232.777777777797 
405.0122395795004 108.0 0.0 3.0 130.0 14218.988563978166 14220.274074074052 14232.777777777797 
406.0122395795004 108.0 0.0 3.0 131.0 14219.117114987761 14220.274074074052 14232.777777777797 
407.0122395795004 108.0 0.0 3.0 131.0 14219.232810896388 14220.274074074052 14232.777777777797 
408.0122395795004 109.0 0.0 2.0 131.0 14219.33693721414 14220.274074074052 14232.777777777797 
409.0122395795004 109.0 0.0 4.0 131.0 14219.743243492729 14223.400000000001 14232.777777777797 
410.0122395795004 109.0 0.0 4.0 131.0 14219.79632655086 14220.274074074052 14232.777777777797 
411.0122395795004 109.0 0.0 5.0 131.0 14219.844101303192 14220.274074074052 14232.777777777797 
412.0122395795004 109.0 0.0 5.0 131.0 14219.574505987688 14217.14814814815 14232.777777777797 
413.0122395795004 110.0 0.0 4.0 131.0 14219.33187020372 14217.14814814815 14232.777777777797 
414.0122395795004 110.0 0.0 5.0 132.0 14219.42609059077 14220.274074074052 14232.777777777797 
415.0122395795004 110.0 0.0 6.0 130.0 14219.198296346518 14217.14814814815 14232.777777777797 
416.0122395795004 111.0 0.0 5.0 130.0 14218.68068893407 14214.022222222226 14232.777777777797 
417.0122395795004 111.0 0.0 6.0 130.0 14218.52743485549 14217.14814814815 14232.777777777797 
418.0122395795004 112.0 0.0 7.0 131.0 14216.628024703272 14199.533333333318 14232.777777777797 
419.0122395795004 113.0 0.0 6.0 131.0 14214.605962973672 14196.407407407401 14232.777777777797 
420.0122395795004 114.0 0.0 5.0 131.0 14214.547588898526 14214.022222222226 14232.777777777797 
421.0122395795004 114.0 0.0 6.0 130.0 14214.8076448235 14217.14814814815 14232.777777777797 
422.0122395795004 116.0 0.0 4.0 130.0 14214.729102563377 14214.022222222226 14232.777777777797 
423.0122395795004 117.0 0.0 3.0 130.0 14215.283599714436 14220.274074074052 14232.777777777797 
424.0122395795004 117.0 0.0 3.0 129.0 14216.095239743001 14223.400000000001 14232.777777777797 
425.0122395795004 117.0 0.0 4.0 131.0 14216.825715768695 14223.400000000001 14232.777777777797 
426.0122395795004 118.0 0.0 3.0 132.0 14215.721662710346 14205.785185185186 14232.777777777797 
427.0122395795004 119.0 0.0 2.0 131.0 14216.489496439308 14223.400000000001 14232.777777777797 
428.0122395795004 119.0 0.0 2.0 132.0 14217.493139387976 14226.525925925918 14232.777777777797 
429.0122395795004 120.0 0.0 1.0 133.0 14218.396418041759 14226.525925925918 14232.777777777797 
430.0122395795004 120.0 0.0 1.0 133.0 14219.521961422774 14229.651851851839 14232.777777777797 
431.0122395795004 120.0 0.0 1.0 133.0 14220.534950465692 14229.651851851839 14232.777777777797 
432.0122395795004 121.0 0.0 0.0 133.0 14221.446640604288 14229.651851851839 14232.777777777797 
433.0122395795004 121.0 0.0 0.0 133.0 14222.579754321661 14232.777777777797 14232.777777777797 
434.0122395795004 121.0 0.0 0.0 133.0 14223.599556667257 14232.777777777797 14232.777777777797 
435.0122395795004 121.0 0.0 0.0 133.0 14224.517378778319 14232.777777777797 14232.777777777797 
436.0122395795004 121.0 0.0 0.0 134.0 14225.343418678254 14232.777777777797 14232.777777777797 
437.0122395795004 121.0 0.0 0.0 134.0 14226.086854588193 14232.777777777797 14232.777777777797 
438.0122395795004 121.0 0.0 0.0 135.0 14226.755946907148 14232.777777777797 14232.777777777797 
439.0122395795004 121.0 0.0 0.0 135.0 14227.35812999422 14232.777777777797 14232.777777777797 
440.0122395795004 121.0 0.0 0.0 135.0 14227.90009477258 14232.777777777797 14232.777777777797 
441.0122395795004 121.0 0.0 0.0 135.0 14228.387863073098 14232.777777777797 14232.777777777797 
442.0122395795004 121.0 0.0 0.0 135.0 14228.826854543584 14232.777777777797 14232.777777777797 
443.0122395795004 121.0 0.0 0.0 135.0 14229.221946867006 14232.777777777797 14232.777777777797 
444.0122395795004 121.0 0.0 0.0 135.0 14229.577529958071 14232.777777777797 14232.777777777797 
445.0122395795004 121.0 0.0 0.0 135.0 14229.897554740024 14232.777777777797 14232.777777777797 
446.0122395795004 121.0 0.0 0.0 135.0 14230.18557704382 14232.777777777797 14232.777777777797 
447.0122395795004 121.0 0.0 1.0 135.0 14230.44479711719 14232.777777777797 14232.777777777797 
448.0122395795004 121.0 0.0 2.0 135.0 14230.365502590666 14229.651851851839 14232.777777777797 
449.0122395795004 122.0 0.0 1.0 135.0 14228.532656035313 14212.037037037013 14232.777777777797 
450.0122395795004 122.0 0.0 1.0 135.0 14228.644575616963 14229.651851851839 14232.777777777797 
451.0122395795004 123.0 0.0 0.0 135.0 14228.74530324045 14229.651851851839 14232.777777777797 
452.0122395795004 123.0 0.0 1.0 135.0 14229.14855069418 14232.777777777797 14232.777777777797 
453.0122395795004 123.0 0.0 1.0 135.0 14229.198880809943 14229.651851851839 14232.777777777797 
454.0122395795004 123.0 0.0 2.0 135.0 14229.244177914139 14229.651851851839 14232.777777777797 
455.0122395795004 124.0 0.0 1.0 135.0 14228.97235271533 14226.525925925918 14232.777777777797 
456.0122395795004 124.0 0.0 1.0 135.0 14229.040302628971 14229.651851851839 14232.777777777797 
457.0122395795004 124.0 0.0 2.0 135.0 14229.10145755126 14229.651851851839 14232.777777777797 
458.0122395795004 125.0 0.0 1.0 135.0 14228.843904388716 14226.525925925918 14232.777777777797 
459.0122395795004 126.0 0.0 0.0 135.0 14228.92469913504 14229.651851851839 14232.777777777797 
460.0122395795004 126.0 0.0 1.0 135.0 14229.310006999309 14232.777777777797 14232.777777777797 
461.0122395795004 126.0 0.0 1.0 135.0 14229.344191484546 14229.651851851839 14232.777777777797 
462.0122395795004 126.0 0.0 1.0 135.0 14229.374957521293 14229.651851851839 14232.777777777797 
463.0122395795004 126.0 0.0 3.0 135.0 14229.402646954328 14229.651851851839 14232.777777777797 
464.0122395795004 126.0 0.0 4.0 135.0 14228.802382258908 14223.400000000001 14232.777777777797 
465.0122395795004 127.0 0.0 3.0 135.0 14226.500662551558 14205.785185185186 14232.777777777797 
466.0122395795004 127.0 0.0 3.0 134.0 14226.190596296396 14223.400000000001 14232.777777777797 
467.0122395795004 127.0 0.0 4.0 134.0 14225.911536666728 14223.400000000001 14232.777777777797 
468.0122395795004 127.0 0.0 4.0 134.0 14225.34779040748 14220.274074074052 14232.777777777797 
469.0122395795004 127.0 0.0 5.0 132.0 14224.840418774127 14220.274074074052 14232.777777777797 
470.0122395795004 127.0 0.0 5.0 132.0 14224.071191711524 14217.14814814815 14232.777777777797 
471.0122395795004 127.0 0.0 5.0 132.0 14223.378887355208 14217.14814814815 14232.777777777797 
472.0122395795004 127.0 0.0 6.0 132.0 14222.7558134345 14217.14814814815 14232.777777777797 
473.0122395795004 127.0 0.0 6.0 131.0 14221.882454313274 14214.022222222226 14232.777777777797 
474.0122395795004 128.0 0.0 6.0 131.0 14221.096431104168 14214.022222222226 14232.777777777797 
475.0122395795004 128.0 0.0 6.0 130.0 14220.389010215973 14214.022222222226 14232.777777777797 
476.0122395795004 128.0 0.0 7.0 131.0 14219.752331416597 14214.022222222226 14232.777777777797 
477.0122395795004 128.0 0.0 7.0 131.0 14218.866727904564 14210.896296296318 14232.777777777797 
478.0122395795004 130.0 0.0 6.0 130.0 14218.069684743741 14210.896296296318 14232.777777777797 
479.0122395795004 131.0 0.0 6.0 130.0 14216.216049602683 14199.533333333318 14232.777777777797 
480.0122395795004 131.0 0.0 6.0 129.0 14215.996666864648 14214.022222222226 14232.777777777797 
481.0122395795004 131.0 0.0 6.0 129.0 14215.799222400397 14214.022222222226 14232.777777777797 
482.0122395795004 131.0 0.0 6.0 129.0 14215.621522382582 14214.022222222226 14232.777777777797 
483.0122395795004 133.0 0.0 4.0 129.0 14215.46159236655 14214.022222222226 14232.777777777797 
484.0122395795004 133.0 0.0 4.0 130.0 14215.94284053731 14220.274074074052 14232.777777777797 
485.0122395795004 133.0 0.0 4.0 129.0 14216.375963890996 14220.274074074052 14232.777777777797 
486.0122395795004 133.0 0.0 6.0 129.0 14216.76577490928 14220.274074074052 14232.777777777797 
487.0122395795004 134.0 0.0 5.0 129.0 14216.491419640573 14214.022222222226 14232.777777777797 
488.0122395795004 135.0 0.0 4.0 129.0 14216.557092491352 14217.14814814815 14232.777777777797 
489.0122395795004 135.0 0.0 4.0 129.0 14216.928790649605 14220.274074074052 14232.777777777797 
490.0122395795004 135.0 0.0 4.0 131.0 14217.263318992054 14220.274074074052 14232.777777777797 
491.0122395795004 135.0 0.0 4.0 131.0 14217.564394500265 14220.274074074052 14232.777777777797 
492.0122395795004 135.0 0.0 4.0 130.0 14217.835362457632 14220.274074074052 14232.777777777797 
493.0122395795004 135.0 0.0 4.0 130.0 14218.079233619279 14220.274074074052 14232.777777777797 
494.0122395795004 137.0 0.0 2.0 131.0 14218.298717664748 14220.274074074052 14232.777777777797 
495.0122395795004 137.0 0.0 3.0 131.0 14219.121438490862 14226.525925925918 14232.777777777797 
496.0122395795004 138.0 0.0 3.0 131.0 14218.100405752906 14208.911111111145 14232.777777777797 
497.0122395795004 138.0 0.0 5.0 132.0 14218.630365177612 14223.400000000001 14232.777777777797 
498.0122395795004 139.0 0.0 5.0 132.0 14217.033254585776 14202.659259259277 14232.777777777797 
499.0122395795004 140.0 0.0 4.0 132.0 14215.596595793864 14202.666666666668 14232.777777777797 
500.0122395795004 140.0 0.0 4.0 131.0 14216.065084362624 14220.281481481483 14232.777777777797 
501.0122395795004 141.0 0.0 4.0 132.0 14216.486724074532 14220.281481481483 14232.777777777797 
502.0122395795004 141.0 0.0 4.0 132.0 14216.866199815217 14220.281481481483 14232.777777777797 
503.0122395795004 142.0 0.0 3.0 132.0 14217.207727981844 14220.281481481483 14232.777777777797 
504.0122395795004 143.0 0.0 2.0 132.0 14217.82769592439 14223.407407407401 14232.777777777797 
505.0122395795004 143.0 0.0 2.0 133.0 14218.69751892454 14226.525925925918 14232.777777777797 
506.0122395795004 143.0 0.0 2.0 133.0 14219.480359624682 14226.525925925918 14232.777777777797 
507.0122395795004 143.0 0.0 2.0 132.0 14220.184916254799 14226.525925925918 14232.777777777797 
508.0122395795004 143.0 0.0 3.0 132.0 14220.819017221917 14226.525925925918 14232.777777777797 
509.0122395795004 143.0 0.0 4.0 132.0 14221.077115499724 14223.400000000001 14232.777777777797 
510.0122395795004 146.0 0.0 1.0 132.0 14219.54792246827 14205.785185185186 14232.777777777797 
511.0122395795004 146.0 0.0 1.0 133.0 14220.558315406632 14229.651851851839 14232.777777777797 
512.0122395795004 146.0 0.0 2.0 133.0 14221.467669051157 14229.651851851839 14232.777777777797 
513.0122395795004 146.0 0.0 2.0 133.0 14221.973494738651 14226.525925925918 14232.777777777797 
514.0122395795004 146.0 0.0 2.0 133.0 14222.428737857348 14226.525925925918 14232.777777777797 
515.0122395795004 146.0 0.0 2.0 133.0 14222.838456664209 14226.525925925918 14232.777777777797 
516.0122395795004 147.0 0.0 1.0 133.0 14223.20720359039 14226.525925925918 14232.777777777797 
517.0122395795004 147.0 0.0 1.0 133.0 14223.851668416542 14229.651851851839 14232.777777777797 
518.0122395795004 147.0 0.0 1.0 133.0 14224.431686760068 14229.651851851839 14232.777777777797 
519.0122395795004 147.0 0.0 1.0 134.0 14224.95370326923 14229.651851851839 14232.777777777797 
520.0122395795004 147.0 0.0 1.0 134.0 14225.42351812749 14229.651851851839 14232.777777777797 
521.0122395795004 147.0 0.0 1.0 134.0 14225.846351499955 14229.651851851839 14232.777777777797 
522.0122395795004 147.0 0.0 1.0 134.0 14226.226901535116 14229.651851851839 14232.777777777797 
523.0122395795004 147.0 0.0 1.0 134.0 14226.569396566792 14229.651851851839 14232.777777777797 
524.0122395795004 147.0 0.0 1.0 134.0 14226.877642095296 14229.651851851839 14232.777777777797 
525.0122395795004 147.0 0.0 3.0 134.0 14227.15506307096 14229.651851851839 14232.777777777797 
526.0122395795004 147.0 0.0 3.0 134.0 14226.77955676388 14223.400000000001 14232.777777777797 
527.0122395795004 147.0 0.0 4.0 134.0 14226.441601087477 14223.400000000001 14232.777777777797 
528.0122395795004 147.0 0.0 4.0 134.0 14225.824848386139 14220.274074074052 14232.777777777797 
529.0122395795004 147.0 0.0 4.0 134.0 14225.26977095492 14220.274074074052 14232.777777777797 
530.0122395795004 147.0 0.0 5.0 134.0 14224.770201266849 14220.274074074052 14232.777777777797 
531.0122395795004 149.0 0.0 3.0 132.0 14222.55910706607 14202.659259259277 14232.777777777797 
532.0122395795004 150.0 0.0 2.0 132.0 14222.643196359466 14223.400000000001 14232.777777777797 
533.0122395795004 150.0 0.0 2.0 132.0 14223.031469316122 14226.525925925918 14232.777777777797 
534.0122395795004 151.0 0.0 1.0 132.0 14223.380914977122 14226.525925925918 14232.777777777797 
535.0122395795004 151.0 0.0 1.0 132.0 14224.008008664587 14229.651851851839 14232.777777777797 
536.0122395795004 151.0 0.0 1.0 132.0 14224.572392983313 14229.651851851839 14232.777777777797 
537.0122395795004 151.0 0.0 1.0 132.0 14225.080338870146 14229.651851851839 14232.777777777797 
538.0122395795004 151.0 0.0 1.0 134.0 14225.53749016832 14229.651851851839 14232.777777777797 
539.0122395795004 151.0 0.0 1.0 134.0 14225.948926336681 14229.651851851839 14232.777777777797 
540.0122395795004 151.0 0.0 1.0 134.0 14226.319218888206 14229.651851851839 14232.777777777797 
541.0122395795004 151.0 0.0 1.0 134.0 14226.652482184556 14229.651851851839 14232.777777777797 
542.0122395795004 151.0 0.0 1.0 134.0 14226.952419151276 14229.651851851839 14232.777777777797 
543.0122395795004 151.0 0.0 1.0 134.0 14227.22236242134 14229.651851851839 14232.777777777797 
544.0122395795004 151.0 0.0 1.0 134.0 14227.46531136439 14229.651851851839 14232.777777777797 
545.0122395795004 151.0 0.0 1.0 134.0 14227.68396541315 14229.651851851839 14232.777777777797 
546.0122395795004 151.0 0.0 1.0 134.0 14227.880754057012 14229.651851851839 14232.777777777797 
547.0122395795004 151.0 0.0 1.0 134.0 14228.0578638365 14229.651851851839 14232.777777777797 
548.0122395795004 151.0 0.0 1.0 134.0 14228.217262638023 14229.651851851839 14232.777777777797 
549.0122395795004 151.0 0.0 1.0 134.0 14228.360721559413 14229.651851851839 14232.777777777797 
550.0122395795004 151.0 0.0 1.0 134.0 14228.489834588636 14229.651851851839 14232.777777777797 
551.0122395795004 152.0 0.0 1.0 134.0 14228.606036314983 14229.651851851839 14232.777777777797 
552.0122395795004 152.0 0.0 1.0 134.0 14228.710617868654 14229.651851851839 14232.777777777797 
553.0122395795004 152.0 0.0 1.0 134.0 14228.804741266988 14229.651851851839 14232.777777777797 
554.0122395795004 152.0 0.0 1.0 134.0 14228.889452325491 14229.651851851839 14232.777777777797 
555.0122395795004 152.0 0.0 2.0 134.0 14228.965692278118 14229.651851851839 14232.777777777797 
556.0122395795004 153.0 0.0 1.0 134.0 14228.721715642905 14226.525925925918 14232.777777777797 
557.0122395795004 153.0 0.0 1.0 134.0 14228.81472926379 14229.651851851839 14232.777777777797 
558.0122395795004 153.0 0.0 1.0 134.0 14228.898441522584 14229.651851851839 14232.777777777797 
559.0122395795004 153.0 0.0 1.0 135.0 14228.97378255552 14229.651851851839 14232.777777777797 
560.0122395795004 153.0 0.0 1.0 135.0 14229.041589485149 14229.651851851839 14232.777777777797 
561.0122395795004 153.0 0.0 1.0 134.0 14229.10261572184 14229.651851851839 14232.777777777797 
562.0122395795004 153.0 0.0 1.0 134.0 14229.157539334818 14229.651851851839 14232.777777777797 
563.0122395795004 153.0 0.0 1.0 134.0 14229.206970586529 14229.651851851839 14232.777777777797 
564.0122395795004 153.0 0.0 1.0 134.0 14229.251458713052 14229.651851851839 14232.777777777797 
565.0122395795004 153.0 0.0 2.0 134.0 14229.291498026929 14229.651851851839 14232.777777777797 
566.0122395795004 153.0 0.0 2.0 134.0 14229.014940816836 14226.525925925918 14232.777777777797 
567.0122395795004 153.0 0.0 2.0 134.0 14228.766039327762 14226.525925925918 14232.777777777797 
568.0122395795004 153.0 0.0 2.0 134.0 14228.542027987574 14226.525925925918 14232.777777777797 
569.0122395795004 153.0 0.0 2.0 134.0 14228.340417781408 14226.525925925918 14232.777777777797 
570.0122395795004 153.0 0.0 3.0 134.0 14228.15896859585 14226.525925925918 14232.777777777797 
571.0122395795004 154.0 0.0 2.0 133.0 14227.683071736277 14223.400000000001 14232.777777777797 
572.0122395795004 155.0 0.0 1.0 133.0 14227.567357155218 14226.525925925918 14232.777777777797 
573.0122395795004 155.0 0.0 1.0 133.0 14227.775806624886 14229.651851851839 14232.777777777797 
574.0122395795004 155.0 0.0 2.0 134.0 14227.963411147579 14229.651851851839 14232.777777777797 
575.0122395795004 155.0 0.0 2.0 134.0 14227.819662625418 14226.525925925918 14232.777777777797 
576.0122395795004 155.0 0.0 2.0 133.0 14227.690288955464 14226.525925925918 14232.777777777797 
577.0122395795004 155.0 0.0 2.0 134.0 14227.573852652513 14226.525925925918 14232.777777777797 
578.0122395795004 155.0 0.0 2.0 134.0 14227.469059979854 14226.525925925918 14232.777777777797 
579.0122395795004 155.0 0.0 2.0 134.0 14227.374746574464 14226.525925925918 14232.777777777797 
580.0122395795004 155.0 0.0 2.0 133.0 14227.289864509616 14226.525925925918 14232.777777777797 
581.0122395795004 155.0 0.0 2.0 133.0 14227.213470651228 14226.525925925918 14232.777777777797 
582.0122395795004 156.0 0.0 1.0 133.0 14227.144716178687 14226.525925925918 14232.777777777797 
583.0122395795004 156.0 0.0 1.0 133.0 14227.39542974603 14229.651851851839 14232.777777777797 
584.0122395795004 156.0 0.0 1.0 133.0 14227.621071956617 14229.651851851839 14232.777777777797 
585.0122395795004 156.0 0.0 2.0 134.0 14227.824149946133 14229.651851851839 14232.777777777797 
586.0122395795004 156.0 0.0 2.0 134.0 14227.69432754411 14226.525925925918 14232.777777777797 
587.0122395795004 157.0 0.0 1.0 134.0 14227.57748738228 14226.525925925918 14232.777777777797 
588.0122395795004 157.0 0.0 1.0 134.0 14227.784923829258 14229.651851851839 14232.777777777797 
589.0122395795004 157.0 0.0 1.0 134.0 14227.971616631505 14229.651851851839 14232.777777777797 
590.0122395795004 157.0 0.0 1.0 134.0 14228.139640153544 14229.651851851839 14232.777777777797 
591.0122395795004 157.0 0.0 1.0 133.0 14228.290861323365 14229.651851851839 14232.777777777797 
592.0122395795004 157.0 0.0 1.0 133.0 14228.426960376213 14229.651851851839 14232.777777777797 
593.0122395795004 158.0 0.0 0.0 133.0 14228.54944952379 14229.651851851839 14232.777777777797 
594.0122395795004 158.0 0.0 0.0 134.0 14228.972282349201 14232.777777777797 14232.777777777797 
595.0122395795004 158.0 0.0 0.0 134.0 14229.352831892042 14232.777777777797 14232.777777777797 
596.0122395795004 158.0 0.0 0.0 135.0 14229.695326480612 14232.777777777797 14232.777777777797 
597.0122395795004 158.0 0.0 0.0 135.0 14230.003571610327 14232.777777777797 14232.777777777797 
598.0122395795004 158.0 0.0 0.0 135.0 14230.280992227079 14232.777777777797 14232.777777777797 
599.0122395795004 158.0 0.0 0.0 135.0 14230.530670782144 14232.777777777797 14232.777777777797 
600.0122395795004 158.0 0.0 0.0 135.0 14230.755381481706 14232.777777777797 14232.777777777797 
#####################################################################
# End of data export. Simulation finished at: 2020-02-12T07:50+0000 #
#####################################################################
