#####################################################################
# Alchemist log file - simulation started at: 2020-02-06T08:26+0000 #
#####################################################################
# seed = 9.0, meanTaskSize = 1, smoothing = 0.1, grain = 1400.0, peakFrequency = 1
#
# The columns have the following meaning: 
# time done[Sum] drop[Sum] waiting[Sum] isLeader[Sum] capacity[Mean] freeCapacity[Mean] maxCapacity[Mean] 
0.0 NaN 0.0 NaN NaN NaN NaN NaN 
1.0015323036356916 0.0 0.0 0.0 135.0 14232.777777777797 14232.777777777797 14232.777777777797 
2.001532303635692 0.0 0.0 0.0 135.0 14232.777777777797 14232.777777777797 14232.777777777797 
3.001532303635692 0.0 0.0 0.0 135.0 14232.777777777797 14232.777777777797 14232.777777777797 
4.001532303635692 0.0 0.0 0.0 135.0 14232.777777777797 14232.777777777797 14232.777777777797 
5.001532303635692 0.0 0.0 0.0 135.0 14232.777777777797 14232.777777777797 14232.777777777797 
6.001532303635692 0.0 0.0 0.0 135.0 14232.777777777797 14232.777777777797 14232.777777777797 
7.001532303635692 0.0 0.0 0.0 135.0 14232.777777777797 14232.777777777797 14232.777777777797 
8.001532303635692 0.0 0.0 0.0 135.0 14232.777777777797 14232.777777777797 14232.777777777797 
9.001532303635692 0.0 0.0 0.0 135.0 14232.777777777797 14232.777777777797 14232.777777777797 
10.001532303635692 0.0 0.0 0.0 135.0 14232.777777777797 14232.777777777797 14232.777777777797 
11.001532303635692 0.0 0.0 0.0 135.0 14232.777777777797 14232.777777777797 14232.777777777797 
12.001532303635692 0.0 0.0 0.0 135.0 14232.777777777797 14232.777777777797 14232.777777777797 
13.001532303635692 0.0 0.0 0.0 135.0 14232.777777777797 14232.777777777797 14232.777777777797 
14.001532303635692 0.0 0.0 0.0 135.0 14232.777777777797 14232.777777777797 14232.777777777797 
15.001532303635692 0.0 0.0 0.0 135.0 14232.777777777797 14232.777777777797 14232.777777777797 
16.001532303635692 0.0 0.0 0.0 135.0 14232.777777777797 14232.777777777797 14232.777777777797 
17.001532303635692 0.0 0.0 0.0 135.0 14232.777777777797 14232.777777777797 14232.777777777797 
18.001532303635692 0.0 0.0 0.0 135.0 14232.777777777797 14232.777777777797 14232.777777777797 
19.001532303635692 0.0 0.0 0.0 135.0 14232.777777777797 14232.777777777797 14232.777777777797 
20.001532303635692 0.0 0.0 2.0 135.0 14232.777777777797 14232.777777777797 14232.777777777797 
21.001532303635692 2.0 0.0 0.0 135.0 14232.152592592565 14226.525925925918 14232.777777777797 
22.001532303635692 2.0 0.0 0.0 135.0 14232.215111111142 14232.777777777797 14232.777777777797 
23.001532303635692 2.0 0.0 0.0 135.0 14232.271377777783 14232.777777777797 14232.777777777797 
24.001532303635692 2.0 0.0 0.0 135.0 14232.322017777771 14232.777777777797 14232.777777777797 
25.001532303635692 2.0 0.0 0.0 135.0 14232.367593777744 14232.777777777797 14232.777777777797 
26.001532303635692 2.0 0.0 0.0 135.0 14232.408612177771 14232.777777777797 14232.777777777797 
27.001532303635692 2.0 0.0 0.0 135.0 14232.4455287378 14232.777777777797 14232.777777777797 
28.001532303635692 2.0 0.0 0.0 135.0 14232.478753641772 14232.777777777797 14232.777777777797 
29.001532303635692 2.0 0.0 0.0 135.0 14232.508656055343 14232.777777777797 14232.777777777797 
30.001532303635692 2.0 0.0 0.0 135.0 14232.53556822762 14232.777777777797 14232.777777777797 
31.001532303635692 2.0 0.0 0.0 135.0 14232.559789182646 14232.777777777797 14232.777777777797 
32.00153230363569 2.0 0.0 0.0 135.0 14232.581588042118 14232.777777777797 14232.777777777797 
33.00153230363569 2.0 0.0 2.0 135.0 14232.60120701571 14232.777777777797 14232.777777777797 
34.00153230363569 4.0 0.0 0.0 135.0 14230.54479001782 14212.037037037013 14232.777777777797 
35.00153230363569 4.0 0.0 0.0 135.0 14230.76808879383 14232.777777777797 14232.777777777797 
36.00153230363569 4.0 0.0 0.0 135.0 14230.969057692242 14232.777777777797 14232.777777777797 
37.00153230363569 4.0 0.0 0.0 135.0 14231.14992970078 14232.777777777797 14232.777777777797 
38.00153230363569 4.0 0.0 0.0 135.0 14231.31271450847 14232.777777777797 14232.777777777797 
39.00153230363569 4.0 0.0 0.0 135.0 14231.459220835413 14232.777777777797 14232.777777777797 
40.00153230363569 4.0 0.0 0.0 135.0 14231.591076529641 14232.777777777797 14232.777777777797 
41.00153230363569 4.0 0.0 0.0 135.0 14231.709746654464 14232.777777777797 14232.777777777797 
42.00153230363569 4.0 0.0 0.0 135.0 14231.816549766783 14232.777777777797 14232.777777777797 
43.00153230363569 4.0 0.0 0.0 135.0 14231.912672567905 14232.777777777797 14232.777777777797 
44.00153230363569 4.0 0.0 0.0 135.0 14231.999183088896 14232.777777777797 14232.777777777797 
45.00153230363569 4.0 0.0 0.0 135.0 14232.077042557776 14232.777777777797 14232.777777777797 
46.00153230363569 4.0 0.0 2.0 135.0 14232.147116079772 14232.777777777797 14232.777777777797 
47.00153230363569 6.0 0.0 0.0 135.0 14230.136108175517 14212.037037037013 14232.777777777797 
48.00153230363569 6.0 0.0 0.0 135.0 14230.400275135727 14232.777777777797 14232.777777777797 
49.00153230363569 6.0 0.0 0.0 135.0 14230.63802539994 14232.777777777797 14232.777777777797 
50.00153230363569 6.0 0.0 0.0 135.0 14230.852000637735 14232.777777777797 14232.777777777797 
51.00153230363569 6.0 0.0 0.0 135.0 14231.04457835169 14232.777777777797 14232.777777777797 
52.00153230363569 6.0 0.0 0.0 135.0 14231.217898294322 14232.777777777797 14232.777777777797 
53.00153230363569 6.0 0.0 0.0 135.0 14231.373886242678 14232.777777777797 14232.777777777797 
54.00153230363569 6.0 0.0 0.0 135.0 14231.51427539618 14232.777777777797 14232.777777777797 
55.00153230363569 6.0 0.0 0.0 135.0 14231.64062563436 14232.777777777797 14232.777777777797 
56.00153230363569 6.0 0.0 0.0 135.0 14231.754340848705 14232.777777777797 14232.777777777797 
57.00153230363569 6.0 0.0 0.0 135.0 14231.856684541617 14232.777777777797 14232.777777777797 
58.00153230363569 6.0 0.0 1.0 135.0 14231.948793865224 14232.777777777797 14232.777777777797 
59.00153230363569 7.0 0.0 0.0 135.0 14231.719099663864 14229.651851851839 14232.777777777797 
60.00153230363569 7.0 0.0 0.0 135.0 14231.824967475257 14232.777777777797 14232.777777777797 
61.00153230363569 7.0 0.0 0.0 135.0 14231.92024850552 14232.777777777797 14232.777777777797 
62.00153230363569 7.0 0.0 0.0 135.0 14232.006001432748 14232.777777777797 14232.777777777797 
63.00153230363569 7.0 0.0 0.0 135.0 14232.083179067236 14232.777777777797 14232.777777777797 
64.00153230363568 7.0 0.0 0.0 135.0 14232.152638938316 14232.777777777797 14232.777777777797 
65.00153230363568 7.0 0.0 0.0 135.0 14232.215152822271 14232.777777777797 14232.777777777797 
66.00153230363568 7.0 0.0 0.0 135.0 14232.2714153178 14232.777777777797 14232.777777777797 
67.00153230363568 7.0 0.0 0.0 135.0 14232.322051563815 14232.777777777797 14232.777777777797 
68.00153230363568 7.0 0.0 0.0 135.0 14232.367624185194 14232.777777777797 14232.777777777797 
69.00153230363568 7.0 0.0 0.0 135.0 14232.40863954445 14232.777777777797 14232.777777777797 
70.00153230363568 7.0 0.0 0.0 135.0 14232.44555336778 14232.777777777797 14232.777777777797 
71.00153230363568 7.0 0.0 0.0 135.0 14232.478775808766 14232.777777777797 14232.777777777797 
72.00153230363568 7.0 0.0 0.0 135.0 14232.508676005686 14232.777777777797 14232.777777777797 
73.00153230363568 7.0 0.0 0.0 135.0 14232.535586182903 14232.777777777797 14232.777777777797 
74.00153230363568 7.0 0.0 1.0 135.0 14232.559805342382 14232.777777777797 14232.777777777797 
75.00153230363568 8.0 0.0 0.0 135.0 14230.820121104442 14215.162962962962 14232.777777777797 
76.00153230363568 8.0 0.0 0.0 135.0 14231.0158867718 14232.777777777797 14232.777777777797 
77.00153230363568 8.0 0.0 0.0 135.0 14231.1920758724 14232.777777777797 14232.777777777797 
78.00153230363568 8.0 0.0 0.0 135.0 14231.35064606292 14232.777777777797 14232.777777777797 
79.00153230363568 8.0 0.0 0.0 135.0 14231.493359234388 14232.777777777797 14232.777777777797 
80.00153230363568 8.0 0.0 0.0 135.0 14231.621801088708 14232.777777777797 14232.777777777797 
81.00153230363568 8.0 0.0 0.0 135.0 14231.737398757665 14232.777777777797 14232.777777777797 
82.00153230363568 8.0 0.0 0.0 135.0 14231.841436659637 14232.777777777797 14232.777777777797 
83.00153230363568 8.0 0.0 0.0 135.0 14231.935070771453 14232.777777777797 14232.777777777797 
84.00153230363568 8.0 0.0 0.0 135.0 14232.01934147212 14232.777777777797 14232.777777777797 
85.00153230363568 8.0 0.0 0.0 135.0 14232.095185102671 14232.777777777797 14232.777777777797 
86.00153230363568 8.0 0.0 0.0 135.0 14232.163444370175 14232.777777777797 14232.777777777797 
87.00153230363568 8.0 0.0 0.0 135.0 14232.224877710949 14232.777777777797 14232.777777777797 
88.00153230363568 8.0 0.0 0.0 135.0 14232.280167717616 14232.777777777797 14232.777777777797 
89.00153230363568 8.0 0.0 0.0 135.0 14232.329928723642 14232.777777777797 14232.777777777797 
90.00153230363568 8.0 0.0 0.0 135.0 14232.374713629068 14232.777777777797 14232.777777777797 
91.00153230363568 8.0 0.0 0.0 135.0 14232.415020043905 14232.777777777797 14232.777777777797 
92.00153230363568 8.0 0.0 0.0 135.0 14232.451295817329 14232.777777777797 14232.777777777797 
93.00153230363568 8.0 0.0 1.0 135.0 14232.483944013367 14232.777777777797 14232.777777777797 
94.00153230363568 9.0 0.0 0.0 135.0 14232.200734797225 14229.651851851839 14232.777777777797 
95.00153230363568 9.0 0.0 0.0 135.0 14232.258439095285 14232.777777777797 14232.777777777797 
96.00153230363568 9.0 0.0 0.0 135.0 14232.310372963499 14232.777777777797 14232.777777777797 
97.00153230363568 9.0 0.0 0.0 135.0 14232.357113444934 14232.777777777797 14232.777777777797 
98.00153230363568 9.0 0.0 0.0 135.0 14232.399179878246 14232.777777777797 14232.777777777797 
99.00153230363568 9.0 0.0 0.0 135.0 14232.43703966816 14232.777777777797 14232.777777777797 
100.00153230363568 9.0 0.0 0.0 135.0 14232.47111347914 14232.777777777797 14232.777777777797 
101.00153230363568 9.0 0.0 0.0 135.0 14232.501779908996 14232.777777777797 14232.777777777797 
102.00153230363568 9.0 0.0 0.0 135.0 14232.529379695872 14232.777777777797 14232.777777777797 
103.00153230363568 9.0 0.0 0.0 135.0 14232.554219504045 14232.777777777797 14232.777777777797 
104.00153230363568 9.0 0.0 0.0 135.0 14232.57657533147 14232.777777777797 14232.777777777797 
105.00153230363568 9.0 0.0 0.0 135.0 14232.59669557606 14232.777777777797 14232.777777777797 
106.00153230363568 9.0 0.0 1.0 135.0 14232.614803796245 14232.777777777797 14232.777777777797 
107.00153230363568 10.0 0.0 0.0 135.0 14232.318508601837 14229.651851851839 14232.777777777797 
108.00153230363568 10.0 0.0 1.0 135.0 14232.364435519401 14232.777777777797 14232.777777777797 
109.00153230363568 11.0 0.0 0.0 135.0 14232.09317715265 14229.651851851839 14232.777777777797 
110.00153230363568 11.0 0.0 1.0 135.0 14232.16163721515 14232.777777777797 14232.777777777797 
111.00153230363568 12.0 0.0 1.0 135.0 14231.910658678828 14229.651851851839 14232.777777777797 
112.00153230363568 13.0 0.0 1.0 135.0 14231.684777996135 14229.651851851839 14232.777777777797 
113.00153230363568 14.0 0.0 1.0 135.0 14231.481485381693 14229.651851851839 14232.777777777797 
114.00153230363568 15.0 0.0 1.0 135.0 14231.298522028732 14229.651851851839 14232.777777777797 
115.00153230363568 16.0 0.0 1.0 135.0 14231.133855011007 14229.651851851839 14232.777777777797 
116.00153230363568 17.0 0.0 0.0 135.0 14230.985654695112 14229.651851851839 14232.777777777797 
117.00153230363568 17.0 0.0 0.0 135.0 14231.164867003388 14232.777777777797 14232.777777777797 
118.00153230363568 17.0 0.0 6.0 135.0 14231.326158080828 14232.777777777797 14232.777777777797 
119.00153230363568 23.0 0.0 2.0 135.0 14229.597986717154 14214.044444444442 14232.777777777797 
120.00153230363568 25.0 0.0 1.0 134.0 14229.291521378802 14226.533333333318 14232.777777777797 
121.00153230363568 26.0 0.0 4.0 135.0 14229.327554426078 14229.651851851839 14232.777777777797 
122.00153230363568 30.0 0.0 5.0 134.0 14228.423687872382 14220.288888888881 14232.777777777797 
123.00153230363568 34.0 0.0 3.0 134.0 14225.848726492522 14202.674074074106 14232.777777777797 
124.00153230363568 37.0 0.0 3.0 133.0 14225.604594584009 14223.407407407401 14232.777777777797 
125.00153230363568 37.0 0.0 8.0 133.0 14222.799690681186 14197.555555555586 14232.777777777797 
126.00153230363568 40.0 0.0 5.0 133.0 14216.753054946385 14162.333333333332 14232.777777777797 
127.00153230363568 45.0 0.0 5.0 135.0 14214.833305007323 14197.555555555586 14232.777777777797 
128.00153230363568 50.0 0.0 2.0 133.0 14215.065530062118 14217.155555555531 14232.777777777797 
129.00153230363568 51.0 0.0 3.0 134.0 14216.524162241112 14229.651851851839 14232.777777777797 
130.00153230363568 53.0 0.0 5.0 134.0 14216.075449720693 14212.037037037013 14232.777777777797 
131.00153230363568 57.0 0.0 2.0 134.0 14215.047164007903 14205.792592592627 14232.777777777797 
132.00153230363568 59.0 0.0 5.0 135.0 14214.433558718212 14208.911111111145 14232.777777777797 
133.00153230363568 64.0 0.0 4.0 133.0 14214.706499142705 14217.162962962962 14232.777777777797 
134.00153230363568 66.0 0.0 7.0 133.0 14214.439552932125 14212.037037037013 14232.777777777797 
135.00153230363568 71.0 0.0 8.0 135.0 14208.916338379657 14159.207407407373 14232.777777777797 
136.00153230363568 79.0 0.0 4.0 134.0 14202.383963800932 14143.592592592599 14232.777777777797 
137.00153230363568 81.0 0.0 9.0 134.0 14204.798900754186 14226.533333333318 14232.777777777797 
138.00153230363568 89.0 0.0 6.0 133.0 14200.75160327137 14164.325925925894 14232.777777777797 
139.00153230363568 92.0 0.0 8.0 135.0 14201.567554055338 14208.911111111145 14232.777777777797 
140.00141180628492 100.0 0.0 5.0 132.0 14194.008576427574 14125.977777777774 14232.777777777797 
141.00153230363568 103.0 0.0 8.0 134.0 14195.499570636668 14208.918518518494 14232.777777777797 
142.00153230363568 109.0 0.0 3.0 131.0 14190.933317276736 14149.83703703704 14232.777777777797 
143.00153230363568 111.0 0.0 7.0 135.0 14189.834059623136 14179.940740740722 14232.777777777797 
144.00153230363568 118.0 0.0 2.0 132.0 14189.043986994135 14181.933333333322 14232.777777777797 
145.00153230363568 119.0 0.0 5.0 133.0 14193.10477347991 14229.651851851839 14232.777777777797 
146.00153230363568 124.0 0.0 6.0 134.0 14193.749110946725 14199.54814814815 14232.777777777797 
147.00153230363568 130.0 0.0 7.0 132.0 14194.329014666895 14199.54814814815 14232.777777777797 
148.00153230363568 132.0 0.0 8.0 132.0 14190.504261348333 14156.081481481506 14232.777777777797 
149.00153230363568 138.0 0.0 8.0 133.0 14189.447909287575 14179.940740740722 14232.777777777797 
150.00153230363568 145.0 0.0 6.0 134.0 14185.487562803264 14149.844444444469 14232.777777777797 
151.00153230363568 150.0 0.0 11.0 133.0 14188.654362078476 14217.155555555531 14232.777777777797 
152.00153230363568 160.0 0.0 7.0 133.0 14187.045222166946 14172.562962962935 14232.777777777797 
153.00153230363568 166.0 0.0 11.0 134.0 14185.085144394687 14167.444444444414 14232.777777777797 
154.00153230363568 174.0 0.0 8.0 134.0 14180.935148473738 14143.5851851852 14232.777777777797 
155.00153230363568 182.0 0.0 10.0 133.0 14182.171263255985 14193.296296296277 14232.777777777797 
156.00153230363568 186.0 0.0 13.0 134.0 14180.698581374834 14167.444444444414 14232.777777777797 
157.00153230363568 198.0 0.0 6.0 133.0 14174.60353805216 14119.748148148132 14232.777777777797 
158.00153230363568 202.0 0.0 8.0 133.0 14179.483924987679 14223.407407407401 14232.777777777797 
159.00153230363568 208.0 0.0 9.0 134.0 14178.279976933378 14167.444444444414 14232.777777777797 
160.00153230363568 217.0 0.0 6.0 130.0 14179.469016277064 14190.17037037036 14232.777777777797 
161.00153230363568 218.0 0.0 12.0 134.0 14181.277670204941 14197.555555555586 14232.777777777797 
162.00153230363568 230.0 0.0 16.0 133.0 14174.496569851095 14113.46666666668 14232.777777777797 
163.00153230363568 243.0 0.0 13.0 131.0 14173.366172125241 14163.19259259259 14232.777777777797 
164.00153230363568 252.0 0.0 15.0 132.0 14166.353999357143 14103.244444444439 14232.777777777797 
165.00153230363568 266.0 0.0 10.0 129.0 14161.378599421449 14116.599999999999 14232.777777777797 
166.00153230363568 271.0 0.0 16.0 132.0 14159.713332071893 14144.725925925948 14232.777777777797 
167.00153230363568 282.0 0.0 13.0 132.0 14154.576813679529 14108.348148148161 14232.777777777797 
168.00153230363568 294.0 0.0 13.0 132.0 14146.12061379305 14070.014814814838 14232.777777777797 
169.00153230363568 304.0 0.0 17.0 131.0 14145.554478339693 14140.459259259243 14232.777777777797 
170.00153230363568 318.0 0.0 16.0 131.0 14141.523474950163 14105.244444444439 14232.777777777797 
171.00153230363568 330.0 0.0 13.0 132.0 14135.310386714393 14079.392592592572 14232.777777777797 
172.00153230363568 341.0 0.0 15.0 132.0 14132.615644339254 14108.362962962958 14232.777777777797 
173.00153230363568 351.0 0.0 22.0 131.0 14133.086672497924 14137.325925925896 14232.777777777797 
174.00153230363568 367.0 0.0 16.0 130.0 14126.978745988863 14072.0074074074 14232.777777777797 
175.00153230363568 379.0 0.0 18.0 131.0 14123.043093612208 14087.622222222213 14232.777777777797 
176.00153230363568 389.0 0.0 17.0 129.0 14121.886191658363 14111.474074074082 14232.777777777797 
177.00153230363568 401.0 0.0 14.0 132.0 14111.842016937004 14021.444444444414 14232.777777777797 
178.00153230363568 413.0 0.0 9.0 133.0 14109.731148576642 14090.733333333343 14232.777777777797 
179.00153230363568 422.0 0.0 8.0 133.0 14112.803959644909 14140.459259259243 14232.777777777797 
180.00153230363568 429.0 0.0 15.0 131.0 14121.165045161883 14196.414814814798 14232.777777777797 
181.00153230363568 441.0 0.0 12.0 130.0 14123.919651756827 14148.711111111119 14232.777777777797 
182.00153230363568 449.0 0.0 13.0 130.0 14129.408427321885 14178.80740740741 14232.777777777797 
183.00153230363568 459.0 0.0 16.0 131.0 14125.541658663758 14090.740740740734 14232.777777777797 
184.00015252277024 467.0 0.0 12.0 129.0 14127.033418723306 14140.459259259243 14232.777777777797 
185.00153230363568 477.0 0.0 13.0 132.0 14126.416743517648 14120.86666666665 14232.777777777797 
186.00153230363568 486.0 0.0 18.0 132.0 14127.821735832551 14140.46666666668 14232.777777777797 
187.00153230363568 504.0 0.0 12.0 131.0 14120.16845113818 14051.288888888881 14232.777777777797 
188.00153230363568 511.0 0.0 19.0 130.0 14122.822717135477 14146.711111111119 14232.777777777797 
189.00153230363568 520.0 0.0 26.0 131.0 14123.762667644138 14132.222222222203 14232.777777777797 
190.00153230363568 541.0 0.0 16.0 130.0 14104.811586064923 13934.251851851868 14232.777777777797 
191.00153230363568 551.0 0.0 18.0 131.0 14104.031168199177 14097.0074074074 14232.777777777797 
192.00153230363568 566.0 0.0 11.0 128.0 14103.213977305155 14095.859259259254 14232.777777777797 
193.00029613082384 575.0 0.0 18.0 130.0 14104.665912907973 14117.733333333343 14232.777777777797 
194.00153230363568 585.0 0.0 27.0 133.0 14106.171914209792 14119.725925925948 14232.777777777797 
195.00153230363568 610.0 0.0 16.0 125.0 14092.901389455492 13973.46666666668 14232.777777777797 
196.00153230363568 616.0 0.0 25.0 127.0 14094.247546806217 14106.362962962958 14232.777777777797 
197.00077238435284 633.0 0.0 22.0 130.0 14085.406495829287 14005.83703703704 14232.777777777797 
198.00153230363568 647.0 0.0 18.0 129.0 14077.646586987115 14007.807407407408 14232.777777777797 
199.00153230363568 660.0 0.0 19.0 129.0 14073.985631992102 14041.037037037015 14232.777777777797 
200.00153230363568 672.0 0.0 22.0 131.0 14074.524105829947 14079.370370370389 14232.777777777797 
201.00153230363568 692.0 0.0 10.0 131.0 14067.85317672841 14007.814814814803 14232.777777777797 
202.00153230363568 698.0 0.0 15.0 133.0 14077.811562759258 14167.437037037065 14232.777777777797 
203.00153230363568 711.0 0.0 14.0 133.0 14083.1385546315 14131.081481481506 14232.777777777797 
204.00153230363568 723.0 0.0 15.0 130.0 14089.381736205376 14145.570370370371 14232.777777777797 
205.00153230363568 735.0 0.0 24.0 130.0 14089.205784807069 14087.622222222213 14232.777777777797 
206.00153230363568 750.0 0.0 25.0 131.0 14086.662243363384 14063.77037037036 14232.777777777797 
207.00153230363568 773.0 0.0 19.0 129.0 14081.05157458262 14030.555555555586 14232.777777777797 
208.00153230363568 785.0 0.0 28.0 128.0 14084.917528235472 14119.711111111119 14232.777777777797 
209.00153230363568 805.0 0.0 22.0 129.0 14075.75762726378 13993.318518518547 14232.777777777797 
210.00153230363568 818.0 0.0 25.0 128.0 14064.30408675962 13961.222222222203 14232.777777777797 
211.00153230363568 835.0 0.0 19.0 129.0 14067.46034475031 14095.86666666665 14232.777777777797 
212.00153230363568 850.0 0.0 20.0 127.0 14060.55875471971 13998.444444444414 14232.777777777797 
213.00153230363568 860.0 0.0 23.0 127.0 14060.368064432942 14058.651851851839 14232.777777777797 
214.00153230363568 875.0 0.0 20.0 128.0 14054.087554285925 13997.562962962935 14232.777777777797 
215.00153230363568 889.0 0.0 18.0 132.0 14054.230650709187 14055.518518518522 14232.777777777797 
216.00153230363568 905.0 0.0 18.0 129.0 14054.24684489756 14054.392592592572 14232.777777777797 
217.00153230363568 915.0 0.0 18.0 130.0 14059.345123370762 14105.22962962964 14232.777777777797 
218.00153230363568 931.0 0.0 18.0 129.0 14057.08987029294 14036.792592592625 14232.777777777797 
219.00153230363568 943.0 0.0 20.0 130.0 14060.454957337715 14090.740740740734 14232.777777777797 
220.00153230363568 958.0 0.0 17.0 131.0 14053.742054196533 13993.325925925896 14232.777777777797 
221.00153230363568 973.0 0.0 15.0 127.0 14055.881182110234 14075.13333333335 14232.777777777797 
222.00153230363568 982.0 0.0 16.0 133.0 14062.066397232547 14117.733333333343 14232.777777777797 
223.00153230363568 998.0 0.0 14.0 130.0 14061.611609361118 14057.518518518522 14232.777777777797 
224.00153230363568 1009.0 0.0 20.0 133.0 14069.80896694354 14143.585185185202 14232.777777777797 
225.00153230363568 1026.0 0.0 13.0 130.0 14075.51177395288 14126.837037037038 14232.777777777797 
226.00153230363568 1035.0 0.0 31.0 131.0 14082.318374335367 14143.577777777764 14232.777777777797 
227.00153230363568 1061.0 0.0 27.0 126.0 14076.715425790713 14026.288888888881 14232.777777777797 
228.00153230363568 1082.0 0.0 20.0 129.0 14070.963142470902 14019.192592592592 14232.777777777797 
229.00153230363568 1100.0 0.0 19.0 128.0 14066.92016155715 14030.53333333332 14232.777777777797 
230.00153230363568 1114.0 0.0 22.0 124.0 14074.786663919967 14145.585185185202 14232.777777777797 
231.00153230363568 1126.0 0.0 27.0 126.0 14064.990219750165 13976.82222222224 14232.777777777797 
232.00153230363568 1142.0 0.0 31.0 132.0 14060.20749407147 14017.16296296296 14232.777777777797 
233.00153230363568 1165.0 0.0 27.0 127.0 14047.499337256919 13933.125925925919 14232.777777777797 
234.00153230363568 1180.0 0.0 38.0 129.0 14044.15607019786 14014.066666666678 14232.777777777797 
235.00153230363568 1211.0 0.0 25.0 126.0 14037.08638910403 13973.459259259243 14232.777777777797 
236.00153230363568 1230.0 0.0 19.0 125.0 14038.818490934373 14054.407407407401 14232.777777777797 
237.00153230363568 1245.0 0.0 23.0 123.0 14038.615160359439 14036.785185185188 14232.777777777797 
238.00153230363568 1253.0 0.0 31.0 128.0 14044.764755434617 14100.11111111112 14232.777777777797 
239.00153230363568 1278.0 0.0 29.0 128.0 14029.877168780036 13895.888888888881 14232.777777777797 
240.00153230363568 1301.0 0.0 26.0 127.0 14027.86945190204 14009.799999999974 14232.777777777797 
241.00153230363568 1319.0 0.0 24.0 129.0 14023.278062267382 13981.95555555556 14232.777777777797 
242.00153230363568 1338.0 0.0 26.0 128.0 14019.344330114727 13983.940740740722 14232.777777777797 
243.00153230363568 1356.0 0.0 23.0 125.0 14020.777304510655 14033.674074074104 14232.777777777797 
244.00153230363568 1374.0 0.0 33.0 129.0 14009.226240726253 13905.266666666656 14232.777777777797 
245.00153230363568 1399.0 0.0 25.0 125.0 14011.243616653648 14029.400000000001 14232.777777777797 
246.00153230363568 1415.0 0.0 30.0 125.0 14009.451847580856 13993.325925925896 14232.777777777797 
247.00153230363568 1438.0 0.0 31.0 126.0 14009.799255415379 14012.925925925929 14232.777777777797 
248.00153230363568 1459.0 0.0 28.0 129.0 14006.080811355327 13972.614814814824 14232.777777777797 
249.00153230363568 1484.0 0.0 27.0 126.0 14003.13050799756 13976.577777777764 14232.777777777797 
250.00153230363568 1498.0 0.0 31.0 130.0 14002.773753494095 13999.562962962935 14232.777777777797 
251.00153230363568 1524.0 0.0 33.0 124.0 13999.328970737273 13968.325925925896 14232.777777777797 
252.00153230363568 1546.0 0.0 33.0 127.0 13994.269406996878 13948.733333333344 14232.777777777797 
253.00153230363568 1569.0 0.0 32.0 126.0 13992.611355186094 13977.688888888892 14232.777777777797 
254.00153230363568 1591.0 0.0 42.0 127.0 13992.568738185983 13992.185185185197 14232.777777777797 
255.00153230363568 1623.0 0.0 35.0 125.0 13985.062234737772 13917.503703703696 14232.777777777797 
256.0015323036357 1646.0 0.0 35.0 123.0 13983.191566819536 13966.355555555561 14232.777777777797 
257.0015323036357 1670.0 0.0 37.0 126.0 13968.042780507969 13831.703703703719 14232.777777777797 
258.0015323036357 1696.0 0.0 46.0 127.0 13964.549613568293 13933.111111111119 14232.777777777797 
259.0015323036357 1727.0 0.0 43.0 121.0 13954.250207766998 13861.555555555586 14232.777777777797 
260.0015323036357 1756.0 0.0 45.0 124.0 13941.684446249545 13828.592592592599 14232.777777777797 
261.0015323036357 1786.0 0.0 37.0 123.0 13936.368594217198 13888.525925925918 14232.777777777797 
262.0015323036357 1815.0 0.0 29.0 120.0 13936.244327388065 13935.125925925919 14232.777777777797 
263.0015323036357 1832.0 0.0 34.0 122.0 13932.947302056658 13903.274074074052 14232.777777777797 
264.0015323036357 1854.0 0.0 38.0 126.0 13932.253312591762 13926.007407407402 14232.777777777797 
265.0015323036357 1887.0 0.0 33.0 123.0 13931.91390725848 13928.859259259254 14232.777777777797 
266.0015323036357 1910.0 0.0 35.0 122.0 13937.94103505118 13992.185185185197 14232.777777777797 
267.0015323036357 1931.0 0.0 37.0 127.0 13934.67359821274 13905.266666666654 14232.777777777797 
268.0015323036357 1962.0 0.0 34.0 125.0 13935.029942095149 13938.23703703704 14232.777777777797 
269.0015323036357 1989.0 0.0 32.0 121.0 13937.737318255995 13962.103703703682 14232.777777777797 
270.0015323036357 2004.0 0.0 62.0 124.0 13952.412475319274 14084.488888888909 14232.777777777797 
271.0015323036357 2051.0 0.0 43.0 126.0 13926.028264824401 13688.57037037037 14232.777777777797 
272.0015323036357 2083.0 0.0 39.0 124.0 13921.652845749355 13882.274074074052 14232.777777777797 
273.0015323036357 2112.0 0.0 49.0 117.0 13922.4868204337 13929.992592592598 14232.777777777797 
274.0015323036357 2131.0 0.0 54.0 123.0 13917.04258283477 13868.04444444444 14232.777777777797 
275.0008342547924 2175.0 0.0 29.0 125.0 13892.74647269944 13674.081481481506 14232.777777777797 
276.0015323036357 2195.0 0.0 31.0 122.0 13894.199973577648 13907.281481481481 14232.777777777797 
277.0015323036357 2218.0 0.0 50.0 122.0 13907.832568812486 14030.525925925918 14232.777777777797 
278.0015323036357 2247.0 0.0 48.0 122.0 13901.869311931223 13848.200000000026 14232.777777777797 
279.0015323036357 2283.0 0.0 35.0 124.0 13883.547565923276 13718.65185185184 14232.777777777797 
280.0015323036357 2304.0 0.0 44.0 122.0 13894.413550071715 13992.207407407375 14232.777777777797 
281.0015323036357 2333.0 0.0 40.0 121.0 13889.476639508975 13845.04444444444 14232.777777777797 
282.0015323036357 2358.0 0.0 32.0 126.0 13884.834160743249 13843.05185185184 14232.777777777797 
283.0015323036357 2386.0 0.0 24.0 121.0 13889.660374298568 13933.096296296291 14232.777777777797 
284.0015323036357 2396.0 0.0 36.0 125.0 13913.603966498358 14129.096296296291 14232.777777777797 
285.0015323036357 2420.0 0.0 38.0 128.0 13910.073199478142 13878.29629629628 14232.777777777797 
286.0015323036357 2449.0 0.0 34.0 126.0 13910.81773138217 13917.51851851852 14232.777777777797 
287.0015323036357 2475.0 0.0 31.0 123.0 13917.705587873577 13979.696296296284 14232.777777777797 
288.0015323036357 2496.0 0.0 31.0 122.0 13926.091325382542 14001.562962962935 14232.777777777797 
289.0015323036357 2516.0 0.0 30.0 124.0 13933.125155807225 13996.429629629629 14232.777777777797 
290.0015323036357 2538.0 0.0 31.0 128.0 13935.823010596867 13960.103703703682 14232.777777777797 
291.0015323036357 2567.0 0.0 25.0 124.0 13934.30070953718 13920.599999999999 14232.777777777797 
292.0015323036357 2581.0 0.0 43.0 125.0 13949.007675620516 14081.370370370389 14232.777777777797 
293.0015323036357 2613.0 0.0 34.0 125.0 13941.510611762164 13874.037037037015 14232.777777777797 
294.0015323036357 2639.0 0.0 33.0 124.0 13941.292143178538 13939.325925925896 14232.777777777797 
295.0015323036357 2660.0 0.0 40.0 126.0 13941.524410342157 13943.614814814826 14232.777777777797 
296.00130215793786 2688.0 0.0 35.0 124.0 13939.747524863513 13923.755555555561 14232.777777777797 
297.0015323036357 2716.0 0.0 39.0 126.0 13928.631290895692 13828.585185185197 14232.777777777797 
298.0015323036357 2745.0 0.0 40.0 123.0 13936.63630995426 14008.681481481453 14232.777777777797 
299.0015323036357 2778.0 0.0 31.0 123.0 13937.423049329189 13944.503703703696 14232.777777777797 
300.0015323036357 2796.0 0.0 43.0 128.0 13938.864448099977 13951.83703703704 14232.777777777797 
301.0015323036357 2833.0 0.0 39.0 120.0 13929.572818104805 13845.94814814816 14232.777777777797 
302.0015323036357 2850.0 0.0 52.0 121.0 13938.844425183192 14022.288888888881 14232.777777777797 
303.0015323036357 2884.0 0.0 43.0 125.0 13912.479982664881 13675.200000000026 14232.777777777797 
304.0015323036357 2919.0 0.0 27.0 118.0 13900.855688102114 13796.23703703704 14232.777777777797 
305.0015323036357 2933.0 0.0 35.0 122.0 13905.756045217804 13949.859259259252 14232.777777777797 
306.0015323036357 2960.0 0.0 35.0 124.0 13912.32488514048 13971.444444444414 14232.777777777797 
307.0015323036357 2989.0 0.0 27.0 126.0 13910.879804033862 13897.874074074081 14232.777777777797 
308.0015323036357 3005.0 0.0 32.0 125.0 13925.854045852673 14060.622222222213 14232.777777777797 
309.0015323036357 3029.0 0.0 42.0 128.0 13927.316789415554 13940.48148148148 14232.777777777797 
310.0015323036357 3061.0 0.0 38.0 124.0 13930.170295659176 13955.85185185185 14232.777777777797 
311.0015323036357 3091.0 0.0 42.0 124.0 13917.313266093266 13801.6 14232.777777777797 
312.0015323036357 3125.0 0.0 35.0 125.0 13920.229346891327 13946.474074074082 14232.777777777797 
313.0015323036357 3147.0 0.0 50.0 121.0 13924.726412202208 13965.200000000026 14232.777777777797 
314.0015323036357 3175.0 0.0 49.0 123.0 13916.248585796804 13839.94814814816 14232.777777777797 
315.0015323036357 3213.0 0.0 42.0 123.0 13895.554838328231 13709.31111111111 14232.777777777797 
316.0015323036357 3237.0 0.0 39.0 120.0 13903.768984125061 13977.696296296284 14232.777777777797 
317.0015323036357 3267.0 0.0 35.0 122.0 13894.689122749573 13812.970370370334 14232.777777777797 
318.0015323036357 3292.0 0.0 45.0 124.0 13889.525395659803 13843.05185185184 14232.777777777797 
319.0015323036357 3328.0 0.0 33.0 123.0 13887.978041279013 13874.05185185184 14232.777777777797 
320.0015323036357 3346.0 0.0 45.0 121.0 13901.920977891832 14027.407407407401 14232.777777777797 
321.0015323036357 3377.0 0.0 32.0 122.0 13888.677768991549 13769.488888888909 14232.777777777797 
322.0015323036357 3399.0 0.0 45.0 126.0 13896.129992092401 13963.200000000026 14232.777777777797 
323.0015323036357 3430.0 0.0 48.0 121.0 13895.882178068323 13893.65185185184 14232.777777777797 
324.0015323036357 3466.0 0.0 45.0 119.0 13891.313960261508 13850.200000000026 14232.777777777797 
325.0015323036357 3493.0 0.0 53.0 127.0 13882.968490161302 13807.859259259252 14232.777777777797 
326.0004084350618 3535.0 0.0 39.0 121.0 13862.278307811825 13676.066666666678 14232.777777777797 
327.0015323036357 3556.0 0.0 50.0 119.0 13872.371217771362 13963.207407407375 14232.777777777797 
328.0015323036357 3588.0 0.0 48.0 125.0 13870.06446636462 13849.303703703716 14232.777777777797 
329.0015323036357 3628.0 0.0 35.0 121.0 13853.563204913344 13705.05185185184 14232.777777777797 
330.0015323036357 3651.0 0.0 46.0 120.0 13865.976514051617 13977.696296296284 14232.777777777797 
331.0015323036357 3683.0 0.0 49.0 120.0 13869.48034412795 13901.014814814838 14232.777777777797 
332.0015323036357 3717.0 0.0 46.0 124.0 13850.675272678116 13681.42962962963 14232.777777777797 
333.0015323036357 3752.0 0.0 39.0 122.0 13854.146263928813 13885.385185185176 14232.777777777797 
334.0015323036357 3777.0 0.0 40.0 121.0 13855.422748647048 13866.911111111145 14232.777777777797 
335.0015323036357 3805.0 0.0 42.0 126.0 13854.697510819376 13848.17037037036 14232.777777777797 
336.0015323036357 3835.0 0.0 42.0 123.0 13871.230722700422 14020.029629629666 14232.777777777797 
337.0015323036357 3867.0 0.0 38.0 120.0 13867.67505783779 13835.674074074104 14232.777777777797 
338.00041461448666 3891.0 0.0 41.0 124.0 13869.985329831792 13890.777777777797 14232.777777777797 
339.0015323036357 3921.0 0.0 37.0 126.0 13867.917167218973 13849.303703703716 14232.777777777797 
340.0015323036357 3952.0 0.0 35.0 121.0 13863.756561608181 13826.31111111111 14232.777777777797 
341.0015323036357 3971.0 0.0 44.0 126.0 13888.417201743647 14110.362962962958 14232.777777777797 
342.0015323036357 4006.0 0.0 42.0 125.0 13873.202148235961 13736.266666666654 14232.777777777797 
343.0015323036357 4035.0 0.0 38.0 122.0 13869.452303782744 13835.703703703719 14232.777777777797 
344.0015323036357 4056.0 0.0 53.0 126.0 13880.077443774848 13975.70370370372 14232.777777777797 
345.0015323036357 4095.0 0.0 43.0 124.0 13869.105995693653 13770.36296296296 14232.777777777797 
346.0015323036357 4126.0 0.0 50.0 122.0 13860.167247976118 13779.71851851852 14232.777777777797 
347.0015323036357 4159.0 0.0 38.0 122.0 13861.55570836372 13874.05185185184 14232.777777777797 
348.0015323036357 4189.0 0.0 44.0 119.0 13860.72976715695 13853.29629629628 14232.777777777797 
349.0015323036357 4215.0 0.0 48.0 125.0 13867.144197848696 13924.874074074081 14232.777777777797 
350.0015323036357 4258.0 0.0 32.0 121.0 13853.320148434183 13728.903703703709 14232.777777777797 
351.0015323036357 4277.0 0.0 41.0 121.0 13868.456281738903 14004.681481481453 14232.777777777797 
352.0015323036357 4304.0 0.0 39.0 123.0 13868.815838750195 13872.05185185184 14232.777777777797 
353.0015323036357 4336.0 0.0 35.0 124.0 13873.795736356682 13918.614814814824 14232.777777777797 
354.0015323036357 4360.0 0.0 48.0 128.0 13871.34579235064 13849.29629629628 14232.777777777797 
355.0015323036357 4401.0 0.0 34.0 123.0 13870.25121311557 13860.400000000001 14232.777777777797 
356.0015323036357 4424.0 0.0 42.0 120.0 13885.653499211412 14024.274074074052 14232.777777777797 
357.0015323036357 4452.0 0.0 47.0 122.0 13885.430371512488 13883.422222222236 14232.777777777797 
358.0015323036357 4483.0 0.0 48.0 123.0 13877.24585287978 13803.5851851852 14232.777777777797 
359.0015323036357 4520.0 0.0 46.0 123.0 13873.290156480667 13837.68888888889 14232.777777777797 
360.0015323036357 4552.0 0.0 52.0 120.0 13870.978918610395 13850.17777777776 14232.777777777797 
361.0010444358191 4584.0 0.0 46.0 118.0 13871.087693416 13872.066666666678 14232.777777777797 
362.0015323036357 4615.0 0.0 47.0 125.0 13854.82114629663 13708.422222222236 14232.777777777797 
363.0015323036357 4651.0 0.0 39.0 124.0 13856.740513148443 13874.014814814838 14232.777777777797 
364.0015323036357 4679.0 0.0 39.0 122.0 13852.873869241032 13818.074074074071 14232.777777777797 
365.0015323036357 4708.0 0.0 34.0 126.0 13858.311667502108 13907.251851851868 14232.777777777797 
366.0015323036357 4732.0 0.0 34.0 123.0 13871.896797048199 13994.16296296296 14232.777777777797 
367.0015323036357 4760.0 0.0 46.0 126.0 13873.3589691952 13886.51851851852 14232.777777777797 
368.0015323036357 4798.0 0.0 37.0 125.0 13885.329738942368 13993.066666666678 14232.777777777797 
369.0015323036357 4824.0 0.0 45.0 125.0 13886.896765048112 13901.0 14232.777777777797 
370.0015323036357 4858.0 0.0 33.0 122.0 13880.527088543316 13823.200000000026 14232.777777777797 
371.0015323036357 4883.0 0.0 46.0 121.0 13891.380305614903 13989.059259259278 14232.777777777797 
372.0015323036357 4911.0 0.0 43.0 125.0 13887.885238016373 13856.42962962963 14232.777777777797 
373.0012361569052 4948.0 0.0 36.0 125.0 13885.25078828882 13861.540740740757 14232.777777777797 
374.0015323036357 4978.0 0.0 43.0 119.0 13893.757561311771 13970.318518518547 14232.777777777797 
375.0015323036357 5000.0 0.0 54.0 124.0 13886.72699036579 13823.451851851849 14232.777777777797 
376.0015323036357 5045.0 0.0 44.0 124.0 13881.197254292167 13831.42962962963 14232.777777777797 
377.0015323036357 5076.0 0.0 60.0 123.0 13874.6856770111 13816.081481481506 14232.777777777797 
378.0015323036357 5116.0 0.0 61.0 123.0 13862.493405606294 13752.76296296296 14232.777777777797 
379.0000608040036 5167.0 0.0 47.0 116.0 13850.158139119747 13739.140740740748 14232.777777777797 
380.0015323036357 5193.0 0.0 60.0 121.0 13848.000843726268 13828.585185185198 14232.777777777797 
381.0015323036357 5237.0 0.0 48.0 119.0 13828.845944538834 13656.451851851849 14232.777777777797 
382.0015323036357 5275.0 0.0 45.0 120.0 13819.276164899753 13733.148148148148 14232.777777777797 
383.0015323036357 5306.0 0.0 49.0 123.0 13817.505585446836 13801.57037037037 14232.777777777797 
384.0015323036357 5342.0 0.0 34.0 124.0 13824.604656531772 13888.496296296304 14232.777777777797 
385.0015323036357 5373.0 0.0 32.0 121.0 13837.726413100821 13955.82222222224 14232.777777777797 
386.0015323036357 5395.0 0.0 43.0 122.0 13852.858956975937 13989.05185185184 14232.777777777797 
387.0015323036357 5432.0 0.0 45.0 120.0 13861.906394611664 13943.333333333332 14232.777777777797 
388.0015323036357 5463.0 0.0 52.0 117.0 13862.183162557914 13864.674074074104 14232.777777777797 
389.0015323036357 5494.0 0.0 52.0 122.0 13859.333735190994 13833.68888888889 14232.777777777797 
390.0015323036357 5534.0 0.0 49.0 119.0 13840.495176486731 13670.94814814816 14232.777777777797 
391.0015323036357 5566.0 0.0 48.0 122.0 13842.713066245466 13862.674074074104 14232.777777777797 
392.0015323036357 5601.0 0.0 58.0 121.0 13832.2669448061 13738.251851851868 14232.777777777797 
393.0015323036357 5637.0 0.0 54.0 118.0 13823.178768844 13741.385185185174 14232.777777777797 
394.0015323036357 5677.0 0.0 44.0 123.0 13816.874225292931 13760.133333333348 14232.777777777797 
395.0015323036357 5713.0 0.0 38.0 120.0 13824.749765726612 13895.629629629611 14232.777777777797 
396.0015323036357 5744.0 0.0 37.0 115.0 13837.547381746519 13952.725925925948 14232.777777777797 
397.00145261418567 5762.0 0.0 65.0 122.0 13852.499310238562 13987.066666666678 14232.777777777797 
398.0015323036357 5806.0 0.0 68.0 122.0 13825.427897733229 13581.785185185192 14232.777777777797 
399.0015323036357 5861.0 0.0 49.0 113.0 13820.207330182116 13773.222222222203 14232.777777777797 
400.0015323036357 5886.0 0.0 54.0 112.0 13821.86881938612 13836.82222222224 14232.777777777797 
401.0015323036357 5918.0 0.0 51.0 121.0 13805.75453004011 13660.725925925946 14232.777777777797 
402.0015323036357 5956.0 0.0 26.0 115.0 13797.868706665739 13726.896296296318 14232.777777777797 
403.0015323036357 5973.0 0.0 14.0 125.0 13822.183317480647 14041.014814814838 14232.777777777797 
404.0015323036357 5987.0 0.0 2.0 127.0 13848.099059806631 14081.340740740723 14232.777777777797 
405.0015323036357 5989.0 0.0 0.0 134.0 13884.49285752968 14212.037037037013 14232.777777777797 
406.0015323036357 5989.0 0.0 0.0 135.0 13919.321349554502 14232.777777777797 14232.777777777797 
407.0015323036357 5989.0 0.0 0.0 135.0 13950.666992376837 14232.777777777797 14232.777777777797 
408.0015323036357 5989.0 0.0 0.0 135.0 13978.878070916922 14232.777777777797 14232.777777777797 
409.0015323036357 5989.0 0.0 0.0 135.0 14004.268041602994 14232.777777777797 14232.777777777797 
410.0015323036357 5989.0 0.0 0.0 135.0 14027.119015220485 14232.777777777797 14232.777777777797 
411.0015323036357 5989.0 0.0 0.0 135.0 14047.68489147621 14232.777777777797 14232.777777777797 
412.0015323036357 5989.0 0.0 0.0 135.0 14066.194180106364 14232.777777777797 14232.777777777797 
413.0015323036357 5989.0 0.0 0.0 135.0 14082.852539873498 14232.777777777797 14232.777777777797 
414.0015323036357 5989.0 0.0 0.0 135.0 14097.845063663934 14232.777777777797 14232.777777777797 
415.0015323036357 5989.0 0.0 0.0 135.0 14111.338335075317 14232.777777777797 14232.777777777797 
416.0015323036357 5989.0 0.0 0.0 135.0 14123.48227934557 14232.777777777797 14232.777777777797 
417.0015323036357 5989.0 0.0 1.0 135.0 14134.411829188779 14232.777777777797 14232.777777777797 
418.0015323036357 5990.0 0.0 0.0 135.0 14143.935831455106 14229.651851851839 14232.777777777797 
419.0015323036357 5990.0 0.0 0.0 135.0 14152.820026087364 14232.777777777797 14232.777777777797 
420.0015323036357 5990.0 0.0 0.0 135.0 14160.815801256398 14232.777777777797 14232.777777777797 
421.0015323036357 5990.0 0.0 0.0 135.0 14168.011998908521 14232.777777777797 14232.777777777797 
422.0015323036357 5990.0 0.0 1.0 135.0 14174.488576795471 14232.777777777797 14232.777777777797 
423.0015323036357 5991.0 0.0 0.0 135.0 14180.004904301086 14229.651851851839 14232.777777777797 
424.0015323036357 5991.0 0.0 0.0 135.0 14185.28219164877 14232.777777777797 14232.777777777797 
425.0015323036357 5991.0 0.0 0.0 135.0 14190.031750261678 14232.777777777797 14232.777777777797 
426.0015323036357 5991.0 0.0 0.0 135.0 14194.306353013288 14232.777777777797 14232.777777777797 
427.0015323036357 5991.0 0.0 0.0 135.0 14198.15349548974 14232.777777777797 14232.777777777797 
428.0015323036357 5991.0 0.0 1.0 135.0 14201.615923718524 14232.777777777797 14232.777777777797 
429.0015323036357 5992.0 0.0 0.0 135.0 14202.970627642995 14215.162962962962 14232.777777777797 
430.0015323036357 5992.0 0.0 0.0 135.0 14205.951342656435 14232.777777777797 14232.777777777797 
431.0015323036357 5992.0 0.0 0.0 135.0 14208.633986168605 14232.777777777797 14232.777777777797 
432.0015323036357 5992.0 0.0 0.0 135.0 14211.048365329518 14232.777777777797 14232.777777777797 
433.0015323036357 5992.0 0.0 0.0 135.0 14213.221306574342 14232.777777777797 14232.777777777797 
434.0015323036357 5992.0 0.0 1.0 135.0 14215.17695369467 14232.777777777797 14232.777777777797 
435.0015323036357 5993.0 0.0 0.0 135.0 14215.17555462151 14215.162962962962 14232.777777777797 
436.0015323036357 5993.0 0.0 0.0 135.0 14216.93577693713 14232.777777777797 14232.777777777797 
437.0015323036357 5993.0 0.0 0.0 135.0 14218.519977021204 14232.777777777797 14232.777777777797 
438.0015323036357 5993.0 0.0 0.0 135.0 14219.945757096848 14232.777777777797 14232.777777777797 
439.0015323036357 5993.0 0.0 0.0 135.0 14221.228959164944 14232.777777777797 14232.777777777797 
440.0015323036357 5993.0 0.0 0.0 135.0 14222.383841026221 14232.777777777797 14232.777777777797 
441.0015323036357 5993.0 0.0 1.0 135.0 14223.423234701384 14232.777777777797 14232.777777777797 
442.0015323036357 5994.0 0.0 0.0 135.0 14224.046096416443 14229.651851851839 14232.777777777797 
443.0015323036357 5994.0 0.0 0.0 135.0 14224.919264552565 14232.777777777797 14232.777777777797 
444.0015323036357 5994.0 0.0 0.0 135.0 14225.705115875087 14232.777777777797 14232.777777777797 
445.0015323036357 5994.0 0.0 0.0 135.0 14226.41238206537 14232.777777777797 14232.777777777797 
446.0015323036357 5994.0 0.0 0.0 135.0 14227.048921636617 14232.777777777797 14232.777777777797 
447.0015323036357 5994.0 0.0 0.0 135.0 14227.62180725073 14232.777777777797 14232.777777777797 
448.0015323036357 5994.0 0.0 0.0 135.0 14228.137404303412 14232.777777777797 14232.777777777797 
449.0015323036357 5994.0 0.0 0.0 135.0 14228.601441650844 14232.777777777797 14232.777777777797 
450.0015323036357 5994.0 0.0 0.0 135.0 14229.01907526356 14232.777777777797 14232.777777777797 
451.0015323036357 5994.0 0.0 0.0 135.0 14229.394945514981 14232.777777777797 14232.777777777797 
452.0015323036357 5994.0 0.0 0.0 135.0 14229.733228741261 14232.777777777797 14232.777777777797 
453.0015323036357 5994.0 0.0 0.0 135.0 14230.03768364491 14232.777777777797 14232.777777777797 
454.0015323036357 5994.0 0.0 0.0 135.0 14230.31169305819 14232.777777777797 14232.777777777797 
455.0015323036357 5994.0 0.0 1.0 135.0 14230.558301530149 14232.777777777797 14232.777777777797 
456.0015323036357 5995.0 0.0 0.0 135.0 14230.46765656231 14229.651851851839 14232.777777777797 
457.0015323036357 5995.0 0.0 0.0 135.0 14230.698668683854 14232.777777777797 14232.777777777797 
458.0015323036357 5995.0 0.0 0.0 135.0 14230.906579593277 14232.777777777797 14232.777777777797 
459.0015323036357 5995.0 0.0 0.0 135.0 14231.0936994117 14232.777777777797 14232.777777777797 
460.0015323036357 5995.0 0.0 0.0 135.0 14231.262107248303 14232.777777777797 14232.777777777797 
461.0015323036357 5995.0 0.0 0.0 135.0 14231.41367430127 14232.777777777797 14232.777777777797 
462.0015323036357 5995.0 0.0 0.0 135.0 14231.550084648923 14232.777777777797 14232.777777777797 
463.0015323036357 5995.0 0.0 1.0 135.0 14231.672853961787 14232.777777777797 14232.777777777797 
464.0015323036357 5996.0 0.0 0.0 135.0 14231.470753750815 14229.651851851839 14232.777777777797 
465.0015323036357 5996.0 0.0 0.0 135.0 14231.601456153492 14232.777777777797 14232.777777777797 
466.0015323036357 5996.0 0.0 0.0 135.0 14231.719088315918 14232.777777777797 14232.777777777797 
467.0015323036357 5996.0 0.0 0.0 135.0 14231.824957262113 14232.777777777797 14232.777777777797 
468.0015323036357 5996.0 0.0 0.0 135.0 14231.920239313686 14232.777777777797 14232.777777777797 
469.0015323036357 5996.0 0.0 0.0 135.0 14232.005993160088 14232.777777777797 14232.777777777797 
470.0015323036357 5996.0 0.0 0.0 135.0 14232.083171621844 14232.777777777797 14232.777777777797 
471.0015323036357 5996.0 0.0 0.0 135.0 14232.152632237456 14232.777777777797 14232.777777777797 
472.0015323036357 5996.0 0.0 0.0 135.0 14232.215146791501 14232.777777777797 14232.777777777797 
473.0015323036357 5996.0 0.0 0.0 135.0 14232.2714098901 14232.777777777797 14232.777777777797 
474.0015323036357 5996.0 0.0 0.0 135.0 14232.322046678875 14232.777777777797 14232.777777777797 
475.0015323036357 5996.0 0.0 0.0 135.0 14232.36761978878 14232.777777777797 14232.777777777797 
476.0015323036357 5996.0 0.0 0.0 135.0 14232.408635587664 14232.777777777797 14232.777777777797 
477.0015323036357 5996.0 0.0 0.0 135.0 14232.445549806682 14232.777777777797 14232.777777777797 
478.0015323036357 5996.0 0.0 0.0 135.0 14232.478772603778 14232.777777777797 14232.777777777797 
479.0015323036357 5996.0 0.0 1.0 135.0 14232.508673121178 14232.777777777797 14232.777777777797 
480.0015323036357 5997.0 0.0 0.0 135.0 14230.77410210536 14215.162962962962 14232.777777777797 
481.0015323036357 5997.0 0.0 0.0 135.0 14230.97446967259 14232.777777777797 14232.777777777797 
482.0015323036357 5997.0 0.0 0.0 135.0 14231.154800483124 14232.777777777797 14232.777777777797 
483.0015323036357 5997.0 0.0 0.0 135.0 14231.317098212587 14232.777777777797 14232.777777777797 
484.0015323036357 5997.0 0.0 0.0 135.0 14231.463166169098 14232.777777777797 14232.777777777797 
485.0015323036357 5997.0 0.0 0.0 135.0 14231.594627329967 14232.777777777797 14232.777777777797 
486.0015323036357 5997.0 0.0 0.0 135.0 14231.712942374761 14232.777777777797 14232.777777777797 
487.0015323036357 5997.0 0.0 0.0 135.0 14231.819425915057 14232.777777777797 14232.777777777797 
488.0015323036357 5997.0 0.0 0.0 135.0 14231.915261101323 14232.777777777797 14232.777777777797 
489.0015323036357 5997.0 0.0 0.0 135.0 14232.001512768968 14232.777777777797 14232.777777777797 
490.0015323036357 5997.0 0.0 0.0 135.0 14232.079139269843 14232.777777777797 14232.777777777797 
491.0015323036357 5997.0 0.0 0.0 135.0 14232.149003120661 14232.777777777797 14232.777777777797 
492.0015323036357 5997.0 0.0 0.0 135.0 14232.211880586367 14232.777777777797 14232.777777777797 
493.0015323036357 5997.0 0.0 0.0 135.0 14232.268470305506 14232.777777777797 14232.777777777797 
494.0015323036357 5997.0 0.0 0.0 135.0 14232.31940105271 14232.777777777797 14232.777777777797 
495.0015323036357 5997.0 0.0 0.0 135.0 14232.36523872524 14232.777777777797 14232.777777777797 
496.0015323036357 5997.0 0.0 0.0 135.0 14232.406492630487 14232.777777777797 14232.777777777797 
497.0015323036357 5997.0 0.0 0.0 135.0 14232.443621145208 14232.777777777797 14232.777777777797 
498.0015323036357 5997.0 0.0 0.0 135.0 14232.477036808476 14232.777777777797 14232.777777777797 
499.0015323036357 5997.0 0.0 0.0 135.0 14232.507110905413 14232.777777777797 14232.777777777797 
500.0015323036357 5997.0 0.0 0.0 135.0 14232.534177592643 14232.777777777797 14232.777777777797 
501.0015323036357 5997.0 0.0 0.0 135.0 14232.558537611145 14232.777777777797 14232.777777777797 
502.0015323036357 5997.0 0.0 0.0 135.0 14232.580461627816 14232.777777777797 14232.777777777797 
503.0015323036357 5997.0 0.0 1.0 135.0 14232.600193242823 14232.777777777797 14232.777777777797 
504.0015323036357 5998.0 0.0 0.0 135.0 14232.305359103711 14229.651851851839 14232.777777777797 
505.0015323036357 5998.0 0.0 0.0 135.0 14232.35260097113 14232.777777777797 14232.777777777797 
506.0015323036357 5998.0 0.0 1.0 135.0 14232.395118651795 14232.777777777797 14232.777777777797 
507.0015323036357 5999.0 0.0 0.0 135.0 14232.120791971804 14229.651851851839 14232.777777777797 
508.0015323036357 5999.0 0.0 0.0 135.0 14232.186490552385 14232.777777777797 14232.777777777797 
509.0015323036357 5999.0 0.0 0.0 135.0 14232.245619274941 14232.777777777797 14232.777777777797 
510.0015323036357 5999.0 0.0 0.0 135.0 14232.298835125215 14232.777777777797 14232.777777777797 
511.0015323036357 5999.0 0.0 0.0 135.0 14232.34672939047 14232.777777777797 14232.777777777797 
512.0015323036357 5999.0 0.0 1.0 135.0 14232.389834229198 14232.777777777797 14232.777777777797 
513.0015323036357 6000.0 0.0 0.0 135.0 14232.116035991457 14229.651851851839 14232.777777777797 
514.0015323036357 6000.0 0.0 0.0 135.0 14232.182210170091 14232.777777777797 14232.777777777797 
515.0015323036357 6000.0 0.0 0.0 135.0 14232.241766930862 14232.777777777797 14232.777777777797 
516.0015323036357 6000.0 0.0 0.0 135.0 14232.29536801556 14232.777777777797 14232.777777777797 
517.0015323036357 6000.0 0.0 0.0 135.0 14232.343608991769 14232.777777777797 14232.777777777797 
518.0015323036357 6000.0 0.0 0.0 135.0 14232.387025870376 14232.777777777797 14232.777777777797 
519.0015323036357 6000.0 0.0 0.0 135.0 14232.426101061112 14232.777777777797 14232.777777777797 
520.0015323036357 6000.0 0.0 0.0 135.0 14232.461268732779 14232.777777777797 14232.777777777797 
521.0015323036357 6000.0 0.0 0.0 135.0 14232.492919637283 14232.777777777797 14232.777777777797 
522.0015323036357 6000.0 0.0 0.0 135.0 14232.521405451333 14232.777777777797 14232.777777777797 
523.0015323036357 6000.0 0.0 0.0 135.0 14232.54704268399 14232.777777777797 14232.777777777797 
524.0015323036357 6000.0 0.0 0.0 135.0 14232.57011619336 14232.777777777797 14232.777777777797 
525.0015323036357 6000.0 0.0 0.0 135.0 14232.59088235178 14232.777777777797 14232.777777777797 
526.0015323036357 6000.0 0.0 0.0 135.0 14232.609571894393 14232.777777777797 14232.777777777797 
527.0015323036357 6000.0 0.0 0.0 135.0 14232.626392482716 14232.777777777797 14232.777777777797 
528.0015323036357 6000.0 0.0 0.0 135.0 14232.641531012227 14232.777777777797 14232.777777777797 
529.0015323036357 6000.0 0.0 0.0 135.0 14232.655155688803 14232.777777777797 14232.777777777797 
530.0015323036357 6000.0 0.0 0.0 135.0 14232.667417897686 14232.777777777797 14232.777777777797 
531.0015323036357 6000.0 0.0 0.0 135.0 14232.678453885692 14232.777777777797 14232.777777777797 
532.0015323036357 6000.0 0.0 0.0 135.0 14232.688386274887 14232.777777777797 14232.777777777797 
533.0015323036357 6000.0 0.0 0.0 135.0 14232.69732542518 14232.777777777797 14232.777777777797 
534.0015323036357 6000.0 0.0 0.0 135.0 14232.705370660464 14232.777777777797 14232.777777777797 
535.0015323036357 6000.0 0.0 0.0 135.0 14232.712611372179 14232.777777777797 14232.777777777797 
536.0015323036357 6000.0 0.0 0.0 135.0 14232.719128012743 14232.777777777797 14232.777777777797 
537.0015323036357 6000.0 0.0 0.0 135.0 14232.724992989248 14232.777777777797 14232.777777777797 
538.0015323036357 6000.0 0.0 0.0 135.0 14232.7302714681 14232.777777777797 14232.777777777797 
539.0015323036357 6000.0 0.0 1.0 135.0 14232.735022099068 14232.777777777797 14232.777777777797 
540.0015323036357 6001.0 0.0 0.0 135.0 14232.426705074342 14229.651851851839 14232.777777777797 
541.0015323036357 6001.0 0.0 0.0 135.0 14232.461812344683 14232.777777777797 14232.777777777797 
542.0015323036357 6001.0 0.0 0.0 135.0 14232.493408888005 14232.777777777797 14232.777777777797 
543.0015323036357 6001.0 0.0 0.0 135.0 14232.521845776975 14232.777777777797 14232.777777777797 
544.0015323036357 6001.0 0.0 0.0 135.0 14232.547438977053 14232.777777777797 14232.777777777797 
545.0015323036357 6001.0 0.0 0.0 135.0 14232.570472857125 14232.777777777797 14232.777777777797 
546.0015323036357 6001.0 0.0 0.0 135.0 14232.591203349197 14232.777777777797 14232.777777777797 
547.0015323036357 6001.0 0.0 0.0 135.0 14232.609860792047 14232.777777777797 14232.777777777797 
548.0015323036357 6001.0 0.0 2.0 135.0 14232.626652490637 14232.777777777797 14232.777777777797 
549.0015323036357 6003.0 0.0 0.0 135.0 14232.016579834159 14226.525925925918 14232.777777777797 
550.0015323036357 6003.0 0.0 1.0 135.0 14232.092699628503 14232.777777777797 14232.777777777797 
551.0015323036357 6004.0 0.0 0.0 135.0 14230.399725961955 14215.162962962962 14232.777777777797 
552.0015323036357 6004.0 0.0 0.0 135.0 14230.637531143542 14232.777777777797 14232.777777777797 
553.0015323036357 6004.0 0.0 0.0 135.0 14230.851555806967 14232.777777777797 14232.777777777797 
554.0015323036357 6004.0 0.0 1.0 135.0 14231.044178004036 14232.777777777797 14232.777777777797 
555.0015323036357 6005.0 0.0 0.0 135.0 14229.45605649993 14215.162962962962 14232.777777777797 
556.0015323036357 6005.0 0.0 0.0 135.0 14229.788228627707 14232.777777777797 14232.777777777797 
557.0015323036357 6005.0 0.0 0.0 135.0 14230.087183542704 14232.777777777797 14232.777777777797 
558.0015323036357 6005.0 0.0 0.0 135.0 14230.35624296623 14232.777777777797 14232.777777777797 
559.0015323036357 6005.0 0.0 0.0 135.0 14230.598396447383 14232.777777777797 14232.777777777797 
560.0015323036357 6005.0 0.0 1.0 135.0 14230.816334580417 14232.777777777797 14232.777777777797 
561.0015323036357 6006.0 0.0 0.0 135.0 14230.699886307557 14229.651851851839 14232.777777777797 
562.0015323036357 6006.0 0.0 1.0 135.0 14230.907675454575 14232.777777777797 14232.777777777797 
563.0015323036357 6007.0 0.0 0.0 135.0 14230.782093094305 14229.651851851839 14232.777777777797 
564.0015323036357 6007.0 0.0 0.0 135.0 14230.981661562659 14232.777777777797 14232.777777777797 
565.0015323036357 6007.0 0.0 0.0 135.0 14231.161273184178 14232.777777777797 14232.777777777797 
566.0015323036357 6007.0 0.0 1.0 135.0 14231.322923643542 14232.777777777797 14232.777777777797 
567.0015323036357 6008.0 0.0 0.0 135.0 14231.155816464365 14229.651851851839 14232.777777777797 
568.0015323036357 6008.0 0.0 0.0 135.0 14231.318012595715 14232.777777777797 14232.777777777797 
569.0015323036357 6008.0 0.0 0.0 135.0 14231.463989113907 14232.777777777797 14232.777777777797 
570.0015323036357 6008.0 0.0 0.0 135.0 14231.595367980302 14232.777777777797 14232.777777777797 
571.0015323036357 6008.0 0.0 0.0 135.0 14231.713608960043 14232.777777777797 14232.777777777797 
572.0015323036357 6008.0 0.0 0.0 135.0 14231.82002584181 14232.777777777797 14232.777777777797 
573.0015323036357 6008.0 0.0 0.0 135.0 14231.915801035399 14232.777777777797 14232.777777777797 
574.0015323036357 6008.0 0.0 0.0 135.0 14232.00199870965 14232.777777777797 14232.777777777797 
575.0015323036357 6008.0 0.0 0.0 135.0 14232.079576616474 14232.777777777797 14232.777777777797 
576.0015323036357 6008.0 0.0 0.0 135.0 14232.149396732602 14232.777777777797 14232.777777777797 
577.0015323036357 6008.0 0.0 0.0 135.0 14232.212234837116 14232.777777777797 14232.777777777797 
578.0015323036357 6008.0 0.0 0.0 135.0 14232.268789131169 14232.777777777797 14232.777777777797 
579.0015323036357 6008.0 0.0 0.0 135.0 14232.319687995843 14232.777777777797 14232.777777777797 
580.0015323036357 6008.0 0.0 0.0 135.0 14232.365496974024 14232.777777777797 14232.777777777797 
581.0015323036357 6008.0 0.0 0.0 135.0 14232.406725054418 14232.777777777797 14232.777777777797 
582.0015323036357 6008.0 0.0 0.0 135.0 14232.443830326742 14232.777777777797 14232.777777777797 
583.0015323036357 6008.0 0.0 0.0 135.0 14232.477225071845 14232.777777777797 14232.777777777797 
584.0015323036357 6008.0 0.0 0.0 135.0 14232.507280342441 14232.777777777797 14232.777777777797 
585.0015323036357 6008.0 0.0 0.0 135.0 14232.534330085968 14232.777777777797 14232.777777777797 
586.0015323036357 6008.0 0.0 0.0 135.0 14232.55867485515 14232.777777777797 14232.777777777797 
587.0015323036357 6008.0 0.0 0.0 135.0 14232.580585147418 14232.777777777797 14232.777777777797 
588.0015323036357 6008.0 0.0 0.0 135.0 14232.600304410445 14232.777777777797 14232.777777777797 
589.0015323036357 6008.0 0.0 0.0 135.0 14232.618051747177 14232.777777777797 14232.777777777797 
590.0015323036357 6008.0 0.0 0.0 135.0 14232.634024350255 14232.777777777797 14232.777777777797 
591.0015323036357 6008.0 0.0 0.0 135.0 14232.648399693007 14232.777777777797 14232.777777777797 
592.0015323036357 6008.0 0.0 0.0 135.0 14232.661337501477 14232.777777777797 14232.777777777797 
593.0015323036357 6008.0 0.0 0.0 135.0 14232.672981529096 14232.777777777797 14232.777777777797 
594.0015323036357 6008.0 0.0 0.0 135.0 14232.683461153973 14232.777777777797 14232.777777777797 
595.0015323036357 6008.0 0.0 0.0 135.0 14232.692892816343 14232.777777777797 14232.777777777797 
596.0015323036357 6008.0 0.0 0.0 135.0 14232.701381312505 14232.777777777797 14232.777777777797 
597.0015323036357 6008.0 0.0 0.0 135.0 14232.709020959039 14232.777777777797 14232.777777777797 
598.0015323036357 6008.0 0.0 1.0 135.0 14232.715896640893 14232.777777777797 14232.777777777797 
599.0015323036357 6009.0 0.0 0.0 135.0 14232.409492161998 14229.651851851839 14232.777777777797 
600.0015323036357 6009.0 0.0 1.0 135.0 14232.446320723586 14232.777777777797 14232.777777777797 
#####################################################################
# End of data export. Simulation finished at: 2020-02-06T11:40+0000 #
#####################################################################
