#####################################################################
# Alchemist log file - simulation started at: 2020-02-12T20:00+0000 #
#####################################################################
# longseed = 25.0, meanTaskSize = 10, peakFrequency = 0.001
#
# The columns have the following meaning: 
# time done[Sum] drop[Sum] waiting[Sum] isLeader[Sum] capacity[Mean] freeCapacity[Mean] maxCapacity[Mean] 
0.0 NaN 0.0 NaN NaN NaN NaN NaN 
1.009095541255319 0.0 0.0 0.0 135.0 14232.777777777797 14232.777777777797 14232.777777777797 
2.009095541255319 0.0 0.0 0.0 135.0 14232.777777777797 14232.777777777797 14232.777777777797 
3.009095541255319 0.0 0.0 0.0 135.0 14232.777777777797 14232.777777777797 14232.777777777797 
4.009095541255319 0.0 0.0 0.0 135.0 14232.777777777797 14232.777777777797 14232.777777777797 
5.009095541255319 0.0 0.0 0.0 135.0 14232.777777777797 14232.777777777797 14232.777777777797 
6.009095541255319 0.0 0.0 0.0 135.0 14232.777777777797 14232.777777777797 14232.777777777797 
7.009095541255319 0.0 0.0 0.0 135.0 14232.777777777797 14232.777777777797 14232.777777777797 
8.00909554125532 0.0 0.0 0.0 135.0 14232.777777777797 14232.777777777797 14232.777777777797 
9.00909554125532 0.0 0.0 0.0 135.0 14232.777777777797 14232.777777777797 14232.777777777797 
10.00909554125532 0.0 0.0 0.0 135.0 14232.777777777797 14232.777777777797 14232.777777777797 
11.00909554125532 0.0 0.0 0.0 135.0 14232.777777777797 14232.777777777797 14232.777777777797 
12.00909554125532 0.0 0.0 0.0 135.0 14232.777777777797 14232.777777777797 14232.777777777797 
13.00909554125532 0.0 0.0 0.0 135.0 14232.777777777797 14232.777777777797 14232.777777777797 
14.00909554125532 0.0 0.0 0.0 135.0 14232.777777777797 14232.777777777797 14232.777777777797 
15.00909554125532 0.0 0.0 0.0 135.0 14232.777777777797 14232.777777777797 14232.777777777797 
16.00909554125532 0.0 0.0 0.0 135.0 14232.777777777797 14232.777777777797 14232.777777777797 
17.00909554125532 0.0 0.0 0.0 135.0 14232.777777777797 14232.777777777797 14232.777777777797 
18.00909554125532 0.0 0.0 0.0 135.0 14232.777777777797 14232.777777777797 14232.777777777797 
19.00909554125532 0.0 0.0 0.0 135.0 14232.777777777797 14232.777777777797 14232.777777777797 
20.00909554125532 0.0 0.0 0.0 135.0 14232.777777777797 14232.777777777797 14232.777777777797 
21.00909554125532 0.0 0.0 0.0 135.0 14232.777777777797 14232.777777777797 14232.777777777797 
22.00909554125532 0.0 0.0 0.0 135.0 14232.777777777797 14232.777777777797 14232.777777777797 
23.00909554125532 0.0 0.0 0.0 135.0 14232.777777777797 14232.777777777797 14232.777777777797 
24.00909554125532 0.0 0.0 0.0 135.0 14232.777777777797 14232.777777777797 14232.777777777797 
25.00909554125532 0.0 0.0 0.0 135.0 14232.777777777797 14232.777777777797 14232.777777777797 
26.00909554125532 0.0 0.0 0.0 135.0 14232.777777777797 14232.777777777797 14232.777777777797 
27.00909554125532 0.0 0.0 0.0 135.0 14232.777777777797 14232.777777777797 14232.777777777797 
28.00909554125532 0.0 0.0 1.0 135.0 14232.777777777797 14232.777777777797 14232.777777777797 
29.00909554125532 1.0 0.0 0.0 135.0 14231.016296296293 14215.162962962962 14232.777777777797 
30.00909554125532 1.0 0.0 0.0 135.0 14231.192444444468 14232.777777777797 14232.777777777797 
31.00909554125532 1.0 0.0 0.0 135.0 14231.350977777802 14232.777777777797 14232.777777777797 
32.00909554125532 1.0 0.0 0.0 135.0 14231.49365777777 14232.777777777797 14232.777777777797 
33.00909554125532 1.0 0.0 0.0 135.0 14231.622069777777 14232.777777777797 14232.777777777797 
34.00909554125532 1.0 0.0 0.0 135.0 14231.737640577743 14232.777777777797 14232.777777777797 
35.00909554125532 1.0 0.0 0.0 135.0 14231.84165429776 14232.777777777797 14232.777777777797 
36.00909554125532 1.0 0.0 0.0 135.0 14231.935266645776 14232.777777777797 14232.777777777797 
37.00909554125532 1.0 0.0 0.0 135.0 14232.019517758998 14232.777777777797 14232.777777777797 
38.00909554125532 1.0 0.0 0.0 135.0 14232.095343760824 14232.777777777797 14232.777777777797 
39.00909554125532 1.0 0.0 0.0 135.0 14232.163587162577 14232.777777777797 14232.777777777797 
40.00909554125532 1.0 0.0 0.0 135.0 14232.225006224044 14232.777777777797 14232.777777777797 
41.00909554125532 1.0 0.0 0.0 135.0 14232.280283379441 14232.777777777797 14232.777777777797 
42.00909554125532 1.0 0.0 0.0 135.0 14232.330032819278 14232.777777777797 14232.777777777797 
43.00909554125532 1.0 0.0 0.0 135.0 14232.374807315095 14232.777777777797 14232.777777777797 
44.00909554125532 1.0 0.0 1.0 135.0 14232.415104361391 14232.777777777797 14232.777777777797 
45.00909554125532 2.0 0.0 1.0 135.0 14232.138779110443 14229.651851851839 14232.777777777797 
46.00909554125532 3.0 0.0 0.0 135.0 14230.441197495702 14215.162962962962 14232.777777777797 
47.00909554125532 3.0 0.0 1.0 135.0 14230.6748555239 14232.777777777797 14232.777777777797 
48.00909554125532 3.0 0.0 1.0 135.0 14230.572555156714 14229.651851851839 14232.777777777797 
49.00909554125532 4.0 0.0 0.0 135.0 14230.480484826183 14229.651851851839 14232.777777777797 
50.00909554125532 4.0 0.0 0.0 135.0 14230.710214121373 14232.777777777797 14232.777777777797 
51.00909554125532 4.0 0.0 0.0 135.0 14230.916970487022 14232.777777777797 14232.777777777797 
52.00909554125532 4.0 0.0 0.0 135.0 14231.103051216069 14232.777777777797 14232.777777777797 
53.00909554125532 4.0 0.0 1.0 135.0 14231.270523872274 14232.777777777797 14232.777777777797 
54.00909554125532 5.0 0.0 0.0 135.0 14231.108656670225 14229.651851851839 14232.777777777797 
55.00909554125532 5.0 0.0 0.0 135.0 14231.27556878098 14232.777777777797 14232.777777777797 
56.00909554125532 5.0 0.0 0.0 135.0 14231.425789680656 14232.777777777797 14232.777777777797 
57.00909554125532 5.0 0.0 0.0 135.0 14231.56098849035 14232.777777777797 14232.777777777797 
58.00909554125532 5.0 0.0 0.0 135.0 14231.682667419122 14232.777777777797 14232.777777777797 
59.00909554125532 5.0 0.0 0.0 135.0 14231.792178454976 14232.777777777797 14232.777777777797 
60.00909554125532 5.0 0.0 0.0 135.0 14231.890738387237 14232.777777777797 14232.777777777797 
61.00909554125532 5.0 0.0 0.0 135.0 14231.97944232628 14232.777777777797 14232.777777777797 
62.00909554125532 5.0 0.0 0.0 135.0 14232.05927587145 14232.777777777797 14232.777777777797 
63.00909554125532 5.0 0.0 0.0 135.0 14232.131126062082 14232.777777777797 14232.777777777797 
64.00909554125532 5.0 0.0 1.0 135.0 14232.195791233657 14232.777777777797 14232.777777777797 
65.00909554125532 5.0 0.0 1.0 135.0 14231.94139729547 14229.651851851839 14232.777777777797 
66.00909554125532 6.0 0.0 0.0 135.0 14231.712442751106 14229.651851851839 14232.777777777797 
67.00909554125532 6.0 0.0 0.0 135.0 14231.818976253802 14232.777777777797 14232.777777777797 
68.00909554125532 6.0 0.0 0.0 135.0 14231.914856406189 14232.777777777797 14232.777777777797 
69.00909554125532 6.0 0.0 0.0 135.0 14232.001148543348 14232.777777777797 14232.777777777797 
70.00909554125532 6.0 0.0 1.0 135.0 14232.078811466781 14232.777777777797 14232.777777777797 
71.00909554125532 6.0 0.0 3.0 135.0 14231.836115505272 14229.651851851839 14232.777777777797 
72.00909554125532 9.0 0.0 0.0 135.0 14230.992503954742 14223.400000000001 14232.777777777797 
73.00909554125532 9.0 0.0 0.0 135.0 14231.171031337055 14232.777777777797 14232.777777777797 
74.00909554125532 9.0 0.0 0.0 135.0 14231.331705981112 14232.777777777797 14232.777777777797 
75.00909554125532 9.0 0.0 0.0 135.0 14231.47631316079 14232.777777777797 14232.777777777797 
76.00909554125532 9.0 0.0 0.0 135.0 14231.60645962249 14232.777777777797 14232.777777777797 
77.00909554125532 9.0 0.0 0.0 135.0 14231.72359143802 14232.777777777797 14232.777777777797 
78.00909554125532 9.0 0.0 0.0 135.0 14231.829010071993 14232.777777777797 14232.777777777797 
79.00909554125532 9.0 0.0 0.0 135.0 14231.92388684259 14232.777777777797 14232.777777777797 
80.00909554125532 9.0 0.0 0.0 135.0 14232.00927593612 14232.777777777797 14232.777777777797 
81.00909554125532 9.0 0.0 0.0 135.0 14232.086126120244 14232.777777777797 14232.777777777797 
82.00909554125532 9.0 0.0 0.0 135.0 14232.155291285992 14232.777777777797 14232.777777777797 
83.00909554125532 9.0 0.0 0.0 135.0 14232.21753993522 14232.777777777797 14232.777777777797 
84.00909554125532 9.0 0.0 0.0 135.0 14232.273563719458 14232.777777777797 14232.777777777797 
85.00909554125532 9.0 0.0 0.0 135.0 14232.3239851253 14232.777777777797 14232.777777777797 
86.00909554125532 9.0 0.0 0.0 135.0 14232.36936439053 14232.777777777797 14232.777777777797 
87.00909554125532 9.0 0.0 0.0 135.0 14232.410205729231 14232.777777777797 14232.777777777797 
88.00909554125532 9.0 0.0 0.0 135.0 14232.446962934095 14232.777777777797 14232.777777777797 
89.00909554125532 9.0 0.0 0.0 135.0 14232.48004441847 14232.777777777797 14232.777777777797 
90.00909554125532 9.0 0.0 0.0 135.0 14232.509817754422 14232.777777777797 14232.777777777797 
91.00909554125532 9.0 0.0 0.0 135.0 14232.53661375672 14232.777777777797 14232.777777777797 
92.00909554125532 9.0 0.0 0.0 135.0 14232.560730158868 14232.777777777797 14232.777777777797 
93.00909554125532 9.0 0.0 0.0 135.0 14232.582434920732 14232.777777777797 14232.777777777797 
94.00909554125532 9.0 0.0 0.0 135.0 14232.601969206422 14232.777777777797 14232.777777777797 
95.00909554125532 9.0 0.0 0.0 135.0 14232.619550063573 14232.777777777797 14232.777777777797 
96.00909554125532 9.0 0.0 0.0 135.0 14232.63537283501 14232.777777777797 14232.777777777797 
97.00909554125532 9.0 0.0 0.0 135.0 14232.649613329268 14232.777777777797 14232.777777777797 
98.00909554125532 9.0 0.0 0.0 135.0 14232.662429774095 14232.777777777797 14232.777777777797 
99.00909554125532 9.0 0.0 0.0 135.0 14232.673964574507 14232.777777777797 14232.777777777797 
100.00909554125532 9.0 0.0 0.0 135.0 14232.68434589482 14232.777777777797 14232.777777777797 
101.00909554125532 9.0 0.0 0.0 135.0 14232.693689083106 14232.777777777797 14232.777777777797 
102.00909554125532 9.0 0.0 0.0 135.0 14232.702097952571 14232.777777777797 14232.777777777797 
103.00909554125532 9.0 0.0 0.0 135.0 14232.709665935101 14232.777777777797 14232.777777777797 
104.00909554125532 9.0 0.0 0.0 135.0 14232.716477119371 14232.777777777797 14232.777777777797 
105.00909554125532 9.0 0.0 0.0 135.0 14232.722607185211 14232.777777777797 14232.777777777797 
106.00909554125532 9.0 0.0 1.0 135.0 14232.728124244471 14232.777777777797 14232.777777777797 
107.00909554125532 9.0 0.0 1.0 135.0 14232.420497005214 14229.651851851839 14232.777777777797 
108.00909554125532 10.0 0.0 0.0 135.0 14232.143632489866 14229.651851851839 14232.777777777797 
109.00909554125532 10.0 0.0 0.0 135.0 14232.207047018645 14232.777777777797 14232.777777777797 
110.00909554125532 10.0 0.0 0.0 135.0 14232.264120094576 14232.777777777797 14232.777777777797 
111.00909554125532 10.0 0.0 1.0 135.0 14232.315485862897 14232.777777777797 14232.777777777797 
112.00909554125532 11.0 0.0 0.0 135.0 14230.60023357289 14215.162962962962 14232.777777777797 
113.00909554125532 11.0 0.0 0.0 135.0 14230.817987993407 14232.777777777797 14232.777777777797 
114.00909554125532 11.0 0.0 0.0 135.0 14231.013966971854 14232.777777777797 14232.777777777797 
115.00909554125532 11.0 0.0 0.0 135.0 14231.190348052422 14232.777777777797 14232.777777777797 
116.00909554125532 11.0 0.0 0.0 135.0 14231.349091024942 14232.777777777797 14232.777777777797 
117.00909554125532 11.0 0.0 0.0 135.0 14231.491959700257 14232.777777777797 14232.777777777797 
118.00909554125532 11.0 0.0 0.0 135.0 14231.62054150799 14232.777777777797 14232.777777777797 
119.00909554125532 11.0 0.0 0.0 135.0 14231.736265134954 14232.777777777797 14232.777777777797 
120.00909554125532 11.0 0.0 1.0 135.0 14231.840416399229 14232.777777777797 14232.777777777797 
121.00909554125532 11.0 0.0 2.0 135.0 14231.621559944537 14229.651851851839 14232.777777777797 
122.00909554125532 12.0 0.0 1.0 135.0 14231.111996542648 14226.525925925918 14232.777777777797 
123.00909554125532 12.0 0.0 1.0 135.0 14230.96598207359 14229.651851851839 14232.777777777797 
124.00909554125532 13.0 0.0 0.0 135.0 14230.834569051403 14229.651851851839 14232.777777777797 
125.00909554125532 13.0 0.0 0.0 135.0 14231.028889924028 14232.777777777797 14232.777777777797 
126.00909554125532 13.0 0.0 0.0 135.0 14231.203778709401 14232.777777777797 14232.777777777797 
127.00909554125532 13.0 0.0 0.0 135.0 14231.361178616227 14232.777777777797 14232.777777777797 
128.0090955412553 13.0 0.0 0.0 135.0 14231.502838532382 14232.777777777797 14232.777777777797 
129.0090955412553 13.0 0.0 0.0 135.0 14231.630332456962 14232.777777777797 14232.777777777797 
130.0090955412553 13.0 0.0 0.0 135.0 14231.745076989006 14232.777777777797 14232.777777777797 
131.0090955412553 13.0 0.0 0.0 135.0 14231.848347067891 14232.777777777797 14232.777777777797 
132.0090955412553 13.0 0.0 0.0 135.0 14231.941290138875 14232.777777777797 14232.777777777797 
133.0090955412553 13.0 0.0 0.0 135.0 14232.024938902754 14232.777777777797 14232.777777777797 
134.0090955412553 13.0 0.0 0.0 135.0 14232.100222790263 14232.777777777797 14232.777777777797 
135.0090955412553 13.0 0.0 0.0 135.0 14232.167978289006 14232.777777777797 14232.777777777797 
136.0090955412553 13.0 0.0 0.0 135.0 14232.22895823789 14232.777777777797 14232.777777777797 
137.0090955412553 13.0 0.0 0.0 135.0 14232.283840191903 14232.777777777797 14232.777777777797 
138.0090955412553 13.0 0.0 0.0 135.0 14232.333233950503 14232.777777777797 14232.777777777797 
139.0090955412553 13.0 0.0 2.0 135.0 14232.377688333234 14232.777777777797 14232.777777777797 
140.0090955412553 15.0 0.0 1.0 135.0 14231.79251209246 14226.525925925918 14232.777777777797 
141.0090955412553 16.0 0.0 0.0 135.0 14231.57844606842 14229.651851851839 14232.777777777797 
142.0090955412553 16.0 0.0 0.0 135.0 14231.69837923938 14232.777777777797 14232.777777777797 
143.0090955412553 16.0 0.0 0.0 135.0 14231.806319093199 14232.777777777797 14232.777777777797 
144.0090955412553 16.0 0.0 2.0 135.0 14231.903464961651 14232.777777777797 14232.777777777797 
145.0090955412553 17.0 0.0 3.0 135.0 14231.36571105811 14226.525925925918 14232.777777777797 
146.0090955412553 20.0 0.0 1.0 135.0 14229.120251063374 14208.911111111145 14232.777777777797 
147.0090955412553 21.0 0.0 0.0 135.0 14229.17341114223 14229.651851851839 14232.777777777797 
148.0090955412553 21.0 0.0 0.0 135.0 14229.533847805764 14232.777777777797 14232.777777777797 
149.0090955412553 21.0 0.0 0.0 135.0 14229.858240802972 14232.777777777797 14232.777777777797 
150.0090955412553 21.0 0.0 0.0 135.0 14230.150194500451 14232.777777777797 14232.777777777797 
151.0048203006221 21.0 0.0 0.0 135.0 14230.409844530926 14232.777777777797 14232.777777777797 
152.0090955412553 21.0 0.0 1.0 135.0 14230.649435323134 14232.777777777797 14232.777777777797 
153.0090955412553 22.0 0.0 0.0 135.0 14230.54967697602 14229.651851851839 14232.777777777797 
154.0090955412553 22.0 0.0 0.0 135.0 14230.772487056192 14232.777777777797 14232.777777777797 
155.0090955412553 22.0 0.0 0.0 135.0 14230.973016128331 14232.777777777797 14232.777777777797 
156.0090955412553 22.0 0.0 0.0 135.0 14231.153492293286 14232.777777777797 14232.777777777797 
157.0090955412553 22.0 0.0 0.0 135.0 14231.31592084175 14232.777777777797 14232.777777777797 
158.0090955412553 22.0 0.0 0.0 135.0 14231.462106535342 14232.777777777797 14232.777777777797 
159.0090955412553 22.0 0.0 0.0 135.0 14231.593673659601 14232.777777777797 14232.777777777797 
160.0090955412553 22.0 0.0 0.0 135.0 14231.712084071418 14232.777777777797 14232.777777777797 
161.0090955412553 22.0 0.0 0.0 135.0 14231.818653442053 14232.777777777797 14232.777777777797 
162.0090955412553 22.0 0.0 1.0 135.0 14231.914565875599 14232.777777777797 14232.777777777797 
163.0090955412553 22.0 0.0 1.0 135.0 14231.688294473242 14229.651851851839 14232.777777777797 
164.0090955412553 23.0 0.0 0.0 135.0 14231.484650211105 14229.651851851839 14232.777777777797 
165.0090955412553 23.0 0.0 1.0 135.0 14231.613962967762 14232.777777777797 14232.777777777797 
166.0090955412553 23.0 0.0 1.0 135.0 14231.41775185619 14229.651851851839 14232.777777777797 
167.0090955412553 24.0 0.0 0.0 135.0 14231.24116185576 14229.651851851839 14232.777777777797 
168.0090955412553 24.0 0.0 0.0 135.0 14231.394823447945 14232.777777777797 14232.777777777797 
169.0090955412553 24.0 0.0 0.0 135.0 14231.533118880947 14232.777777777797 14232.777777777797 
170.0090955412553 24.0 0.0 0.0 135.0 14231.657584770637 14232.777777777797 14232.777777777797 
171.0090955412553 24.0 0.0 0.0 135.0 14231.769604071358 14232.777777777797 14232.777777777797 
172.0090955412553 24.0 0.0 1.0 135.0 14231.870421441983 14232.777777777797 14232.777777777797 
173.0090955412553 25.0 0.0 0.0 135.0 14231.648564482966 14229.651851851839 14232.777777777797 
174.0090955412553 25.0 0.0 0.0 135.0 14231.761485812425 14232.777777777797 14232.777777777797 
175.0090955412553 25.0 0.0 0.0 135.0 14231.863115009008 14232.777777777797 14232.777777777797 
176.0090955412553 25.0 0.0 0.0 135.0 14231.954581285872 14232.777777777797 14232.777777777797 
177.0090955412553 25.0 0.0 0.0 135.0 14232.036900935076 14232.777777777797 14232.777777777797 
178.0090955412553 25.0 0.0 1.0 135.0 14232.110988619348 14232.777777777797 14232.777777777797 
179.0090955412553 26.0 0.0 0.0 135.0 14230.416186053686 14215.162962962962 14232.777777777797 
180.0090955412553 26.0 0.0 0.0 135.0 14230.652345226072 14232.777777777797 14232.777777777797 
181.0090955412553 26.0 0.0 0.0 135.0 14230.864888481272 14232.777777777797 14232.777777777797 
182.0090955412553 26.0 0.0 0.0 135.0 14231.056177410917 14232.777777777797 14232.777777777797 
183.0090955412553 26.0 0.0 0.0 135.0 14231.228337447588 14232.777777777797 14232.777777777797 
184.00832926338086 26.0 0.0 0.0 135.0 14231.383185424453 14232.777777777797 14232.777777777797 
185.0090955412553 26.0 0.0 1.0 135.0 14231.522731110324 14232.777777777797 14232.777777777797 
186.0090955412553 27.0 0.0 0.0 135.0 14229.886754295616 14215.162962962962 14232.777777777797 
187.0090955412553 27.0 0.0 0.0 135.0 14230.17585664381 14232.777777777797 14232.777777777797 
188.0090955412553 27.0 0.0 0.0 135.0 14230.436048757216 14232.777777777797 14232.777777777797 
189.0090955412553 27.0 0.0 0.0 135.0 14230.670221659266 14232.777777777797 14232.777777777797 
190.0090955412553 27.0 0.0 0.0 135.0 14230.880977271114 14232.777777777797 14232.777777777797 
191.0090955412553 27.0 0.0 0.0 135.0 14231.070657321783 14232.777777777797 14232.777777777797 
192.0090955412553 27.0 0.0 1.0 135.0 14231.2413693674 14232.777777777797 14232.777777777797 
193.0090955412553 27.0 0.0 1.0 135.0 14231.08241761583 14229.651851851839 14232.777777777797 
194.0090955412553 27.0 0.0 1.0 135.0 14230.939361039422 14229.651851851839 14232.777777777797 
195.0090955412553 28.0 0.0 1.0 135.0 14230.810610120687 14229.651851851839 14232.777777777797 
196.0090955412553 29.0 0.0 0.0 135.0 14230.694734293822 14229.651851851839 14232.777777777797 
197.0090955412553 29.0 0.0 0.0 135.0 14230.903038642218 14232.777777777797 14232.777777777797 
198.0090955412553 29.0 0.0 0.0 135.0 14231.090512555727 14232.777777777797 14232.777777777797 
199.0090955412553 29.0 0.0 0.0 135.0 14231.259239077955 14232.777777777797 14232.777777777797 
200.0090955412553 29.0 0.0 0.0 135.0 14231.411092947934 14232.777777777797 14232.777777777797 
201.0090955412553 29.0 0.0 0.0 135.0 14231.547761430897 14232.777777777797 14232.777777777797 
202.0090955412553 29.0 0.0 0.0 135.0 14231.67076306562 14232.777777777797 14232.777777777797 
203.0090955412553 29.0 0.0 1.0 135.0 14231.781464536822 14232.777777777797 14232.777777777797 
204.0090955412553 30.0 0.0 0.0 135.0 14231.568503268345 14229.651851851839 14232.777777777797 
205.0090955412553 30.0 0.0 0.0 135.0 14231.68943071929 14232.777777777797 14232.777777777797 
206.0090955412553 30.0 0.0 0.0 135.0 14231.798265425125 14232.777777777797 14232.777777777797 
207.0090955412553 30.0 0.0 0.0 135.0 14231.896216660401 14232.777777777797 14232.777777777797 
208.0090955412553 30.0 0.0 0.0 135.0 14231.984372772125 14232.777777777797 14232.777777777797 
209.0090955412553 30.0 0.0 0.0 135.0 14232.063713272679 14232.777777777797 14232.777777777797 
210.0090955412553 30.0 0.0 0.0 135.0 14232.13511972322 14232.777777777797 14232.777777777797 
211.0090955412553 30.0 0.0 0.0 135.0 14232.199385528644 14232.777777777797 14232.777777777797 
212.0090955412553 30.0 0.0 0.0 135.0 14232.257224753566 14232.777777777797 14232.777777777797 
213.0090955412553 30.0 0.0 0.0 135.0 14232.309280055966 14232.777777777797 14232.777777777797 
214.0090955412553 30.0 0.0 0.0 135.0 14232.356129828182 14232.777777777797 14232.777777777797 
215.0090955412553 30.0 0.0 1.0 135.0 14232.398294623115 14232.777777777797 14232.777777777797 
216.0090955412553 31.0 0.0 0.0 135.0 14230.674761457098 14215.162962962962 14232.777777777797 
217.0090955412553 31.0 0.0 0.0 135.0 14230.88506308917 14232.777777777797 14232.777777777797 
218.0090955412553 31.0 0.0 0.0 135.0 14231.074334558012 14232.777777777797 14232.777777777797 
219.0090955412553 31.0 0.0 0.0 135.0 14231.244678880017 14232.777777777797 14232.777777777797 
220.0090955412553 31.0 0.0 0.0 135.0 14231.397988769793 14232.777777777797 14232.777777777797 
221.0090955412553 31.0 0.0 0.0 135.0 14231.535967670576 14232.777777777797 14232.777777777797 
222.0090955412553 31.0 0.0 1.0 135.0 14231.660148681312 14232.777777777797 14232.777777777797 
223.0090955412553 32.0 0.0 0.0 135.0 14230.010430109485 14215.162962962962 14232.777777777797 
224.0090955412553 32.0 0.0 0.0 135.0 14230.2871648763 14232.777777777797 14232.777777777797 
225.0090955412553 32.0 0.0 0.0 135.0 14230.536226166472 14232.777777777797 14232.777777777797 
226.0090955412553 32.0 0.0 0.0 135.0 14230.760381327593 14232.777777777797 14232.777777777797 
227.0090955412553 32.0 0.0 1.0 135.0 14230.962120972616 14232.777777777797 14232.777777777797 
228.0090955412553 33.0 0.0 1.0 135.0 14229.382205171629 14215.162962962962 14232.777777777797 
229.0090955412553 33.0 0.0 2.0 135.0 14229.409169839646 14229.651851851839 14232.777777777797 
230.0090955412553 35.0 0.0 1.0 135.0 14227.671956559387 14212.037037037013 14232.777777777797 
231.0090955412553 35.0 0.0 1.0 135.0 14227.86994608864 14229.651851851839 14232.777777777797 
232.0090955412553 36.0 0.0 0.0 135.0 14228.048136664938 14229.651851851839 14232.777777777797 
233.0090955412553 36.0 0.0 0.0 135.0 14228.521100776234 14232.777777777797 14232.777777777797 
234.0090955412553 36.0 0.0 0.0 135.0 14228.946768476399 14232.777777777797 14232.777777777797 
235.0090955412553 36.0 0.0 0.0 135.0 14229.329869406538 14232.777777777797 14232.777777777797 
236.0090955412553 36.0 0.0 1.0 135.0 14229.674660243669 14232.777777777797 14232.777777777797 
237.0090955412553 37.0 0.0 0.0 135.0 14228.223490515598 14215.162962962962 14232.777777777797 
238.0090955412553 37.0 0.0 0.0 135.0 14228.678919241831 14232.777777777797 14232.777777777797 
239.0090955412553 37.0 0.0 0.0 135.0 14229.088805095415 14232.777777777797 14232.777777777797 
240.0090955412553 37.0 0.0 0.0 135.0 14229.45770236366 14232.777777777797 14232.777777777797 
241.0090955412553 37.0 0.0 1.0 135.0 14229.789709905051 14232.777777777797 14232.777777777797 
242.0090955412553 37.0 0.0 1.0 135.0 14229.775924099727 14229.651851851839 14232.777777777797 
243.0090955412553 37.0 0.0 2.0 135.0 14229.763516874933 14229.651851851839 14232.777777777797 
244.0090955412553 38.0 0.0 1.0 135.0 14229.439757780056 14226.525925925918 14232.777777777797 
245.0090955412553 39.0 0.0 0.0 135.0 14229.46096718723 14229.651851851839 14232.777777777797 
246.0090955412553 39.0 0.0 0.0 135.0 14229.792648246286 14232.777777777797 14232.777777777797 
247.0090955412553 39.0 0.0 1.0 135.0 14230.091161199449 14232.777777777797 14232.777777777797 
248.0090955412553 39.0 0.0 1.0 135.0 14230.047230264685 14229.651851851839 14232.777777777797 
249.0090955412553 40.0 0.0 0.0 135.0 14230.00769242338 14229.651851851839 14232.777777777797 
250.0090955412553 40.0 0.0 0.0 135.0 14230.284700958826 14232.777777777797 14232.777777777797 
251.0090955412553 40.0 0.0 0.0 135.0 14230.534008640727 14232.777777777797 14232.777777777797 
252.0090955412553 40.0 0.0 0.0 135.0 14230.758385554433 14232.777777777797 14232.777777777797 
253.0090955412553 40.0 0.0 0.0 135.0 14230.960324776768 14232.777777777797 14232.777777777797 
254.0090955412553 40.0 0.0 0.0 135.0 14231.14207007685 14232.777777777797 14232.777777777797 
255.0090955412553 40.0 0.0 0.0 135.0 14231.305640846957 14232.777777777797 14232.777777777797 
256.0090955412553 40.0 0.0 1.0 135.0 14231.452854540035 14232.777777777797 14232.777777777797 
257.0090955412553 40.0 0.0 2.0 135.0 14231.272754271224 14229.651851851839 14232.777777777797 
258.0090955412553 42.0 0.0 0.0 135.0 14229.34918254782 14212.037037037013 14232.777777777797 
259.0090955412553 42.0 0.0 0.0 135.0 14229.69204207079 14232.777777777797 14232.777777777797 
260.0090955412553 42.0 0.0 0.0 135.0 14230.00061564151 14232.777777777797 14232.777777777797 
261.0090955412553 42.0 0.0 0.0 135.0 14230.278331855146 14232.777777777797 14232.777777777797 
262.0090955412553 42.0 0.0 0.0 135.0 14230.528276447367 14232.777777777797 14232.777777777797 
263.0090955412553 42.0 0.0 0.0 135.0 14230.753226580431 14232.777777777797 14232.777777777797 
264.0090955412553 42.0 0.0 1.0 135.0 14230.955681700161 14232.777777777797 14232.777777777797 
265.0090955412553 43.0 0.0 0.0 135.0 14230.825298715308 14229.651851851839 14232.777777777797 
266.0090955412553 43.0 0.0 0.0 135.0 14231.020546621583 14232.777777777797 14232.777777777797 
267.0090955412553 43.0 0.0 0.0 135.0 14231.196269737202 14232.777777777797 14232.777777777797 
268.0090955412553 43.0 0.0 0.0 135.0 14231.354420541256 14232.777777777797 14232.777777777797 
269.0090955412553 43.0 0.0 0.0 135.0 14231.496756264893 14232.777777777797 14232.777777777797 
270.0090955412553 43.0 0.0 0.0 135.0 14231.624858416211 14232.777777777797 14232.777777777797 
271.0090955412553 43.0 0.0 0.0 135.0 14231.740150352362 14232.777777777797 14232.777777777797 
272.0090955412553 43.0 0.0 0.0 135.0 14231.84391309492 14232.777777777797 14232.777777777797 
273.0090955412553 43.0 0.0 0.0 135.0 14231.937299563191 14232.777777777797 14232.777777777797 
274.0090955412553 43.0 0.0 0.0 135.0 14232.021347384627 14232.777777777797 14232.777777777797 
275.0090955412553 43.0 0.0 0.0 135.0 14232.096990423945 14232.777777777797 14232.777777777797 
276.0090955412553 43.0 0.0 0.0 135.0 14232.165069159328 14232.777777777797 14232.777777777797 
277.0090955412553 43.0 0.0 0.0 135.0 14232.226340021156 14232.777777777797 14232.777777777797 
278.0090955412553 43.0 0.0 0.0 135.0 14232.281483796824 14232.777777777797 14232.777777777797 
279.0090955412553 43.0 0.0 0.0 135.0 14232.331113194923 14232.777777777797 14232.777777777797 
280.0090955412553 43.0 0.0 0.0 135.0 14232.37577965323 14232.777777777797 14232.777777777797 
281.0090955412553 43.0 0.0 1.0 135.0 14232.415979465659 14232.777777777797 14232.777777777797 
282.0090955412553 44.0 0.0 0.0 135.0 14232.139566704282 14229.651851851839 14232.777777777797 
283.0090955412553 44.0 0.0 0.0 135.0 14232.20338781164 14232.777777777797 14232.777777777797 
284.0090955412553 44.0 0.0 0.0 135.0 14232.260826808253 14232.777777777797 14232.777777777797 
285.0090955412553 44.0 0.0 0.0 135.0 14232.312521905222 14232.777777777797 14232.777777777797 
286.0090955412553 44.0 0.0 0.0 135.0 14232.359047492451 14232.777777777797 14232.777777777797 
287.0090955412553 44.0 0.0 0.0 135.0 14232.400920520988 14232.777777777797 14232.777777777797 
288.0090955412553 44.0 0.0 0.0 135.0 14232.438606246671 14232.777777777797 14232.777777777797 
289.0090955412553 44.0 0.0 0.0 135.0 14232.47252339978 14232.777777777797 14232.777777777797 
290.0090955412553 44.0 0.0 0.0 135.0 14232.503048837589 14232.777777777797 14232.777777777797 
291.0090955412553 44.0 0.0 0.0 135.0 14232.53052173161 14232.777777777797 14232.777777777797 
292.0090955412553 44.0 0.0 0.0 135.0 14232.555247336211 14232.777777777797 14232.777777777797 
293.0090955412553 44.0 0.0 0.0 135.0 14232.57750038039 14232.777777777797 14232.777777777797 
294.0090955412553 44.0 0.0 0.0 135.0 14232.59752812011 14232.777777777797 14232.777777777797 
295.0090955412553 44.0 0.0 0.0 135.0 14232.615553085858 14232.777777777797 14232.777777777797 
296.0090955412553 44.0 0.0 1.0 135.0 14232.631775555079 14232.777777777797 14232.777777777797 
297.0090955412553 44.0 0.0 2.0 135.0 14232.333783184755 14229.651851851839 14232.777777777797 
298.0090955412553 46.0 0.0 0.0 135.0 14231.75299745885 14226.525925925918 14232.777777777797 
299.0090955412553 46.0 0.0 0.0 135.0 14231.855475490755 14232.777777777797 14232.777777777797 
300.0090955412553 46.0 0.0 0.0 135.0 14231.947705719456 14232.777777777797 14232.777777777797 
301.0090955412553 46.0 0.0 0.0 135.0 14232.030712925292 14232.777777777797 14232.777777777797 
302.0090955412553 46.0 0.0 1.0 135.0 14232.10541941054 14232.777777777797 14232.777777777797 
303.0090955412553 47.0 0.0 1.0 135.0 14230.411173765782 14215.162962962962 14232.777777777797 
304.0090955412553 47.0 0.0 1.0 135.0 14230.335241574381 14229.651851851839 14232.777777777797 
305.0090955412553 48.0 0.0 1.0 135.0 14230.266902602138 14229.651851851839 14232.777777777797 
306.0090955412553 49.0 0.0 0.0 135.0 14228.756508638213 14215.162962962962 14232.777777777797 
307.0090955412553 49.0 0.0 0.0 135.0 14229.158635552169 14232.777777777797 14232.777777777797 
308.0090955412553 49.0 0.0 1.0 135.0 14229.520549774741 14232.777777777797 14232.777777777797 
309.0090955412553 50.0 0.0 1.0 135.0 14229.53367998246 14229.651851851839 14232.777777777797 
310.0090955412553 50.0 0.0 1.0 135.0 14229.545497169382 14229.651851851839 14232.777777777797 
311.0090955412553 51.0 0.0 0.0 135.0 14229.556132637617 14229.651851851839 14232.777777777797 
312.0090955412553 51.0 0.0 0.0 135.0 14229.878297151656 14232.777777777797 14232.777777777797 
313.0090955412553 51.0 0.0 0.0 135.0 14230.168245214254 14232.777777777797 14232.777777777797 
314.0090955412553 51.0 0.0 0.0 135.0 14230.429198470589 14232.777777777797 14232.777777777797 
315.0090955412553 51.0 0.0 1.0 135.0 14230.664056401332 14232.777777777797 14232.777777777797 
316.0090955412553 51.0 0.0 1.0 135.0 14230.562835946386 14229.651851851839 14232.777777777797 
317.0090955412553 52.0 0.0 0.0 135.0 14230.471737536931 14229.651851851839 14232.777777777797 
318.0090955412553 52.0 0.0 0.0 135.0 14230.70234156103 14232.777777777797 14232.777777777797 
319.0090955412553 52.0 0.0 0.0 135.0 14230.909885182667 14232.777777777797 14232.777777777797 
320.0090955412553 52.0 0.0 0.0 135.0 14231.096674442195 14232.777777777797 14232.777777777797 
321.0090955412553 52.0 0.0 0.0 135.0 14231.264784775754 14232.777777777797 14232.777777777797 
322.0090955412553 52.0 0.0 0.0 135.0 14231.416084075952 14232.777777777797 14232.777777777797 
323.0090955412553 52.0 0.0 0.0 135.0 14231.552253446136 14232.777777777797 14232.777777777797 
324.0090955412553 52.0 0.0 0.0 135.0 14231.674805879278 14232.777777777797 14232.777777777797 
325.0090955412553 52.0 0.0 0.0 135.0 14231.785103069149 14232.777777777797 14232.777777777797 
326.0090955412553 52.0 0.0 0.0 135.0 14231.884370540001 14232.777777777797 14232.777777777797 
327.0090955412553 52.0 0.0 0.0 135.0 14231.973711263794 14232.777777777797 14232.777777777797 
328.0090955412553 52.0 0.0 0.0 135.0 14232.054117915173 14232.777777777797 14232.777777777797 
329.0090955412553 52.0 0.0 0.0 135.0 14232.126483901462 14232.777777777797 14232.777777777797 
330.0090955412553 52.0 0.0 0.0 135.0 14232.191613289086 14232.777777777797 14232.777777777797 
331.0090955412553 52.0 0.0 1.0 135.0 14232.250229737947 14232.777777777797 14232.777777777797 
332.0090955412553 52.0 0.0 1.0 135.0 14231.990391949335 14229.651851851839 14232.777777777797 
333.0090955412553 53.0 0.0 0.0 135.0 14231.75653793957 14229.651851851839 14232.777777777797 
334.0090955412553 53.0 0.0 0.0 135.0 14231.858661923412 14232.777777777797 14232.777777777797 
335.0090955412553 53.0 0.0 0.0 135.0 14231.950573508842 14232.777777777797 14232.777777777797 
336.0090955412553 53.0 0.0 0.0 135.0 14232.033293935752 14232.777777777797 14232.777777777797 
337.0090955412553 53.0 0.0 1.0 135.0 14232.107742319939 14232.777777777797 14232.777777777797 
338.0090955412553 54.0 0.0 0.0 135.0 14230.413264384242 14215.162962962962 14232.777777777797 
339.0090955412553 54.0 0.0 0.0 135.0 14230.649715723592 14232.777777777797 14232.777777777797 
340.0090955412553 54.0 0.0 0.0 135.0 14230.862521929033 14232.777777777797 14232.777777777797 
341.0090955412553 54.0 0.0 0.0 135.0 14231.054047513891 14232.777777777797 14232.777777777797 
342.0090955412553 54.0 0.0 0.0 135.0 14231.22642054028 14232.777777777797 14232.777777777797 
343.0090955412553 54.0 0.0 0.0 135.0 14231.381556264028 14232.777777777797 14232.777777777797 
344.0090955412553 54.0 0.0 0.0 135.0 14231.521178415403 14232.777777777797 14232.777777777797 
345.0090955412553 54.0 0.0 0.0 135.0 14231.646838351648 14232.777777777797 14232.777777777797 
346.0090955412553 54.0 0.0 0.0 135.0 14231.759932294259 14232.777777777797 14232.777777777797 
347.0090955412553 54.0 0.0 0.0 135.0 14231.861716842612 14232.777777777797 14232.777777777797 
348.0090955412553 54.0 0.0 0.0 135.0 14231.953322936137 14232.777777777797 14232.777777777797 
349.0090955412553 54.0 0.0 0.0 135.0 14232.035768420292 14232.777777777797 14232.777777777797 
350.0090955412553 54.0 0.0 0.0 135.0 14232.109969356039 14232.777777777797 14232.777777777797 
351.0090955412553 54.0 0.0 0.0 135.0 14232.176750198198 14232.777777777797 14232.777777777797 
352.0090955412553 54.0 0.0 0.0 135.0 14232.236852956172 14232.777777777797 14232.777777777797 
353.0090955412553 54.0 0.0 0.0 135.0 14232.290945438323 14232.777777777797 14232.777777777797 
354.0090955412553 54.0 0.0 0.0 135.0 14232.339628672295 14232.777777777797 14232.777777777797 
355.0090955412553 54.0 0.0 0.0 135.0 14232.383443582836 14232.777777777797 14232.777777777797 
356.0090955412553 54.0 0.0 1.0 135.0 14232.422877002333 14232.777777777797 14232.777777777797 
357.0090955412553 54.0 0.0 2.0 135.0 14232.145774487279 14229.651851851839 14232.777777777797 
358.0090955412553 55.0 0.0 1.0 135.0 14231.583789631146 14226.525925925918 14232.777777777797 
359.0090955412553 56.0 0.0 0.0 135.0 14231.3905958532 14229.651851851839 14232.777777777797 
360.0090955412553 56.0 0.0 0.0 135.0 14231.529314045676 14232.777777777797 14232.777777777797 
361.0090955412553 56.0 0.0 0.0 135.0 14231.654160418882 14232.777777777797 14232.777777777797 
362.0090955412553 56.0 0.0 0.0 135.0 14231.766522154765 14232.777777777797 14232.777777777797 
363.0090955412553 56.0 0.0 0.0 135.0 14231.867647717077 14232.777777777797 14232.777777777797 
364.0090955412553 56.0 0.0 0.0 135.0 14231.958660723127 14232.777777777797 14232.777777777797 
365.0090955412553 56.0 0.0 0.0 135.0 14232.0405724286 14232.777777777797 14232.777777777797 
366.0090955412553 56.0 0.0 0.0 135.0 14232.114292963532 14232.777777777797 14232.777777777797 
367.0090955412553 56.0 0.0 0.0 135.0 14232.180641444942 14232.777777777797 14232.777777777797 
368.0090955412553 56.0 0.0 0.0 135.0 14232.240355078236 14232.777777777797 14232.777777777797 
369.0090955412553 56.0 0.0 0.0 135.0 14232.294097348175 14232.777777777797 14232.777777777797 
370.0090955412553 56.0 0.0 0.0 135.0 14232.34246539114 14232.777777777797 14232.777777777797 
371.0090955412553 56.0 0.0 0.0 135.0 14232.385996629811 14232.777777777797 14232.777777777797 
372.0090955412553 56.0 0.0 0.0 135.0 14232.425174744616 14232.777777777797 14232.777777777797 
373.0090955412553 56.0 0.0 0.0 135.0 14232.460435047897 14232.777777777797 14232.777777777797 
374.0090955412553 56.0 0.0 0.0 135.0 14232.492169320903 14232.777777777797 14232.777777777797 
375.0090955412553 56.0 0.0 0.0 135.0 14232.520730166583 14232.777777777797 14232.777777777797 
376.0090955412553 56.0 0.0 2.0 135.0 14232.546434927699 14232.777777777797 14232.777777777797 
377.0090955412553 57.0 0.0 1.0 135.0 14231.944384027542 14226.525925925918 14232.777777777797 
378.0090955412553 57.0 0.0 1.0 135.0 14231.71513080998 14229.651851851839 14232.777777777797 
379.0090955412553 58.0 0.0 0.0 135.0 14231.508802914155 14229.651851851839 14232.777777777797 
380.0090955412553 58.0 0.0 0.0 135.0 14231.635700400511 14232.777777777797 14232.777777777797 
381.0090955412553 58.0 0.0 2.0 135.0 14231.749908138243 14232.777777777797 14232.777777777797 
382.0090955412553 60.0 0.0 0.0 135.0 14228.32973213924 14197.54814814815 14232.777777777797 
383.0090955412553 60.0 0.0 0.0 135.0 14228.774536703086 14232.777777777797 14232.777777777797 
384.0090955412553 60.0 0.0 0.0 135.0 14229.174860810559 14232.777777777797 14232.777777777797 
385.0090955412553 60.0 0.0 0.0 135.0 14229.53515250729 14232.777777777797 14232.777777777797 
386.0090955412553 60.0 0.0 1.0 135.0 14229.859415034342 14232.777777777797 14232.777777777797 
387.0090955412553 61.0 0.0 0.0 135.0 14228.389769827172 14215.162962962962 14232.777777777797 
388.0090955412553 61.0 0.0 0.0 135.0 14228.82857062225 14232.777777777797 14232.777777777797 
389.0090955412553 61.0 0.0 0.0 135.0 14229.22349133778 14232.777777777797 14232.777777777797 
390.0090955412553 61.0 0.0 0.0 135.0 14229.578919981785 14232.777777777797 14232.777777777797 
391.0090955412553 61.0 0.0 0.0 135.0 14229.898805761399 14232.777777777797 14232.777777777797 
392.0090955412553 61.0 0.0 0.0 135.0 14230.186702963032 14232.777777777797 14232.777777777797 
393.0090955412553 61.0 0.0 0.0 135.0 14230.44581044451 14232.777777777797 14232.777777777797 
394.0090955412553 61.0 0.0 0.0 135.0 14230.679007177832 14232.777777777797 14232.777777777797 
395.0090955412553 61.0 0.0 1.0 135.0 14230.888884237833 14232.777777777797 14232.777777777797 
396.0090955412553 62.0 0.0 0.0 135.0 14229.316292110334 14215.162962962962 14232.777777777797 
397.0090955412553 62.0 0.0 0.0 135.0 14229.662440677086 14232.777777777797 14232.777777777797 
398.0090955412553 62.0 0.0 0.0 135.0 14229.973974387154 14232.777777777797 14232.777777777797 
399.0090955412553 62.0 0.0 1.0 135.0 14230.254354726223 14232.777777777797 14232.777777777797 
400.0090955412553 62.0 0.0 1.0 135.0 14230.194104438779 14229.651851851839 14232.777777777797 
401.0090955412553 63.0 0.0 0.0 135.0 14230.139879180077 14229.651851851839 14232.777777777797 
402.0090955412553 63.0 0.0 0.0 135.0 14230.403669039855 14232.777777777797 14232.777777777797 
403.0090955412553 63.0 0.0 0.0 135.0 14230.641079913647 14232.777777777797 14232.777777777797 
404.0090955412553 63.0 0.0 0.0 135.0 14230.854749700069 14232.777777777797 14232.777777777797 
405.0090955412553 63.0 0.0 0.0 135.0 14231.047052507834 14232.777777777797 14232.777777777797 
406.0090955412553 63.0 0.0 0.0 135.0 14231.220125034826 14232.777777777797 14232.777777777797 
407.0090955412553 63.0 0.0 0.0 135.0 14231.375890309113 14232.777777777797 14232.777777777797 
408.0090955412553 63.0 0.0 0.0 135.0 14231.516079055986 14232.777777777797 14232.777777777797 
409.0090955412553 63.0 0.0 0.0 135.0 14231.64224892817 14232.777777777797 14232.777777777797 
410.0090955412553 63.0 0.0 0.0 135.0 14231.755801813122 14232.777777777797 14232.777777777797 
411.0090955412553 63.0 0.0 0.0 135.0 14231.857999409609 14232.777777777797 14232.777777777797 
412.0090955412553 63.0 0.0 0.0 135.0 14231.949977246411 14232.777777777797 14232.777777777797 
413.0090955412553 63.0 0.0 0.0 135.0 14232.03275729956 14232.777777777797 14232.777777777797 
414.0090955412553 63.0 0.0 1.0 135.0 14232.10725934738 14232.777777777797 14232.777777777797 
415.0090955412553 63.0 0.0 1.0 135.0 14231.861718597815 14229.651851851839 14232.777777777797 
416.0090955412553 64.0 0.0 0.0 135.0 14231.6407319232 14229.651851851839 14232.777777777797 
417.0090955412553 64.0 0.0 0.0 135.0 14231.754436508674 14232.777777777797 14232.777777777797 
418.0090955412553 64.0 0.0 0.0 135.0 14231.856770635592 14232.777777777797 14232.777777777797 
419.0090955412553 64.0 0.0 0.0 135.0 14231.948871349794 14232.777777777797 14232.777777777797 
420.0090955412553 64.0 0.0 0.0 135.0 14232.031761992588 14232.777777777797 14232.777777777797 
421.0090955412553 64.0 0.0 0.0 135.0 14232.10636357113 14232.777777777797 14232.777777777797 
422.0090955412553 64.0 0.0 1.0 135.0 14232.173504991793 14232.777777777797 14232.777777777797 
423.0090955412553 64.0 0.0 1.0 135.0 14231.921339677787 14229.651851851839 14232.777777777797 
424.0090955412553 65.0 0.0 0.0 135.0 14231.694390895182 14229.651851851839 14232.777777777797 
425.0090955412553 65.0 0.0 0.0 135.0 14231.802729583469 14232.777777777797 14232.777777777797 
426.0090955412553 65.0 0.0 0.0 135.0 14231.900234402903 14232.777777777797 14232.777777777797 
427.0090955412553 65.0 0.0 0.0 135.0 14231.987988740357 14232.777777777797 14232.777777777797 
428.0090955412553 65.0 0.0 0.0 135.0 14232.066967644121 14232.777777777797 14232.777777777797 
429.0090955412553 65.0 0.0 0.0 135.0 14232.138048657496 14232.777777777797 14232.777777777797 
430.0090955412553 65.0 0.0 0.0 135.0 14232.202021569525 14232.777777777797 14232.777777777797 
431.0090955412553 65.0 0.0 0.0 135.0 14232.259597190337 14232.777777777797 14232.777777777797 
432.0090955412553 65.0 0.0 0.0 135.0 14232.311415249076 14232.777777777797 14232.777777777797 
433.0090955412553 65.0 0.0 0.0 135.0 14232.35805150197 14232.777777777797 14232.777777777797 
434.0090955412553 65.0 0.0 0.0 135.0 14232.400024129536 14232.777777777797 14232.777777777797 
435.0090955412553 65.0 0.0 0.0 135.0 14232.437799494368 14232.777777777797 14232.777777777797 
436.0090955412553 65.0 0.0 0.0 135.0 14232.471797322702 14232.777777777797 14232.777777777797 
437.0090955412553 65.0 0.0 0.0 135.0 14232.50239536822 14232.777777777797 14232.777777777797 
438.0090955412553 65.0 0.0 0.0 135.0 14232.52993360917 14232.777777777797 14232.777777777797 
439.0090955412553 65.0 0.0 0.0 135.0 14232.554718026026 14232.777777777797 14232.777777777797 
440.0090955412553 65.0 0.0 0.0 135.0 14232.577024001217 14232.777777777797 14232.777777777797 
441.0090955412553 65.0 0.0 0.0 135.0 14232.597099378854 14232.777777777797 14232.777777777797 
442.0090955412553 65.0 0.0 1.0 135.0 14232.615167218759 14232.777777777797 14232.777777777797 
443.0090955412553 66.0 0.0 0.0 135.0 14230.869946793166 14215.162962962962 14232.777777777797 
444.0090955412553 66.0 0.0 0.0 135.0 14231.06072989164 14232.777777777797 14232.777777777797 
445.0090955412553 66.0 0.0 0.0 135.0 14231.232434680263 14232.777777777797 14232.777777777797 
446.0090955412553 66.0 0.0 0.0 135.0 14231.386968989993 14232.777777777797 14232.777777777797 
447.0090955412553 66.0 0.0 0.0 135.0 14231.52604986879 14232.777777777797 14232.777777777797 
448.0090955412553 66.0 0.0 0.0 135.0 14231.651222659677 14232.777777777797 14232.777777777797 
449.0090955412553 66.0 0.0 0.0 135.0 14231.763878171487 14232.777777777797 14232.777777777797 
450.0090955412553 66.0 0.0 0.0 135.0 14231.865268132116 14232.777777777797 14232.777777777797 
451.0090955412553 66.0 0.0 0.0 135.0 14231.956519096699 14232.777777777797 14232.777777777797 
452.0090955412553 66.0 0.0 1.0 135.0 14232.038644964783 14232.777777777797 14232.777777777797 
453.0090955412553 67.0 0.0 0.0 135.0 14231.799965653494 14229.651851851839 14232.777777777797 
454.0090955412553 67.0 0.0 0.0 135.0 14231.897746865934 14232.777777777797 14232.777777777797 
455.0090955412553 67.0 0.0 1.0 135.0 14231.985749957095 14232.777777777797 14232.777777777797 
456.0090955412553 68.0 0.0 0.0 135.0 14230.303471257703 14215.162962962962 14232.777777777797 
457.0090955412553 68.0 0.0 0.0 135.0 14230.550901909715 14232.777777777797 14232.777777777797 
458.0090955412553 68.0 0.0 0.0 135.0 14230.773589496519 14232.777777777797 14232.777777777797 
459.0090955412553 68.0 0.0 0.0 135.0 14230.97400832464 14232.777777777797 14232.777777777797 
460.0090955412553 68.0 0.0 0.0 135.0 14231.15438526996 14232.777777777797 14232.777777777797 
461.0090955412553 68.0 0.0 0.0 135.0 14231.316724520735 14232.777777777797 14232.777777777797 
462.0090955412553 68.0 0.0 1.0 135.0 14231.462829846447 14232.777777777797 14232.777777777797 
463.0090955412553 68.0 0.0 1.0 135.0 14231.281732046977 14229.651851851839 14232.777777777797 
464.0090955412553 69.0 0.0 0.0 135.0 14231.118744027455 14229.651851851839 14232.777777777797 
465.0090955412553 69.0 0.0 0.0 135.0 14231.284647402494 14232.777777777797 14232.777777777797 
466.0090955412553 69.0 0.0 0.0 135.0 14231.43396044002 14232.777777777797 14232.777777777797 
467.0090955412553 69.0 0.0 0.0 135.0 14231.568342173809 14232.777777777797 14232.777777777797 
468.0090955412553 69.0 0.0 0.0 135.0 14231.689285734199 14232.777777777797 14232.777777777797 
469.0090955412553 69.0 0.0 0.0 135.0 14231.798134938545 14232.777777777797 14232.777777777797 
470.0090955412553 69.0 0.0 0.0 135.0 14231.896099222462 14232.777777777797 14232.777777777797 
471.0090955412553 69.0 0.0 0.0 135.0 14231.984267078 14232.777777777797 14232.777777777797 
472.0090955412553 69.0 0.0 1.0 135.0 14232.06361814799 14232.777777777797 14232.777777777797 
473.0090955412553 70.0 0.0 0.0 135.0 14230.373552629479 14215.162962962962 14232.777777777797 
474.0090955412553 70.0 0.0 0.0 135.0 14230.613975144313 14232.777777777797 14232.777777777797 
475.0090955412553 70.0 0.0 0.0 135.0 14230.830355407652 14232.777777777797 14232.777777777797 
476.0090955412553 70.0 0.0 2.0 135.0 14231.025097644677 14232.777777777797 14232.777777777797 
477.0090955412553 72.0 0.0 0.0 135.0 14229.126291583903 14212.037037037013 14232.777777777797 
478.0090955412553 72.0 0.0 0.0 135.0 14229.491440203306 14232.777777777797 14232.777777777797 
479.0090955412553 72.0 0.0 0.0 135.0 14229.820073960742 14232.777777777797 14232.777777777797 
480.0090955412553 72.0 0.0 0.0 135.0 14230.115844342463 14232.777777777797 14232.777777777797 
481.0090955412553 72.0 0.0 0.0 135.0 14230.38203768599 14232.777777777797 14232.777777777797 
482.0090955412553 72.0 0.0 0.0 135.0 14230.621611695142 14232.777777777797 14232.777777777797 
483.0090955412553 72.0 0.0 0.0 135.0 14230.837228303431 14232.777777777797 14232.777777777797 
484.0090955412553 72.0 0.0 0.0 135.0 14231.031283250855 14232.777777777797 14232.777777777797 
485.0090955412553 72.0 0.0 0.0 135.0 14231.205932703535 14232.777777777797 14232.777777777797 
486.0090955412553 72.0 0.0 0.0 135.0 14231.363117210965 14232.777777777797 14232.777777777797 
487.0090955412553 72.0 0.0 0.0 135.0 14231.504583267651 14232.777777777797 14232.777777777797 
488.0090955412553 72.0 0.0 0.0 135.0 14231.63190271865 14232.777777777797 14232.777777777797 
489.0090955412553 72.0 0.0 0.0 135.0 14231.746490224577 14232.777777777797 14232.777777777797 
490.0090955412553 72.0 0.0 0.0 135.0 14231.849618979895 14232.777777777797 14232.777777777797 
491.0090955412553 72.0 0.0 0.0 135.0 14231.94243485968 14232.777777777797 14232.777777777797 
492.0090955412553 72.0 0.0 1.0 135.0 14232.025969151497 14232.777777777797 14232.777777777797 
493.0090955412553 73.0 0.0 1.0 135.0 14231.788557421542 14229.651851851839 14232.777777777797 
494.0090955412553 74.0 0.0 0.0 135.0 14231.57488686458 14229.651851851839 14232.777777777797 
495.0090955412553 74.0 0.0 0.0 135.0 14231.695175955885 14232.777777777797 14232.777777777797 
496.0090955412553 74.0 0.0 0.0 135.0 14231.803436138078 14232.777777777797 14232.777777777797 
497.0090955412553 74.0 0.0 0.0 135.0 14231.900870302059 14232.777777777797 14232.777777777797 
498.0090955412553 74.0 0.0 0.0 135.0 14231.988561049633 14232.777777777797 14232.777777777797 
499.0090955412553 74.0 0.0 0.0 135.0 14232.067482722423 14232.777777777797 14232.777777777797 
500.0090955412553 74.0 0.0 0.0 135.0 14232.13851222798 14232.777777777797 14232.777777777797 
501.0090955412553 74.0 0.0 0.0 135.0 14232.20243878296 14232.777777777797 14232.777777777797 
502.0090955412553 74.0 0.0 0.0 135.0 14232.259972682414 14232.777777777797 14232.777777777797 
503.0090955412553 74.0 0.0 1.0 135.0 14232.311753191954 14232.777777777797 14232.777777777797 
504.0090955412553 74.0 0.0 1.0 135.0 14232.045763057946 14229.651851851839 14232.777777777797 
505.0090955412553 75.0 0.0 0.0 135.0 14231.80637193734 14229.651851851839 14232.777777777797 
506.0090955412553 75.0 0.0 0.0 135.0 14231.903512521374 14232.777777777797 14232.777777777797 
507.0090955412553 75.0 0.0 0.0 135.0 14231.990939047024 14232.777777777797 14232.777777777797 
508.0090955412553 75.0 0.0 0.0 135.0 14232.06962292009 14232.777777777797 14232.777777777797 
509.0090955412553 75.0 0.0 0.0 135.0 14232.140438405868 14232.777777777797 14232.777777777797 
510.0090955412553 75.0 0.0 0.0 135.0 14232.204172343076 14232.777777777797 14232.777777777797 
511.0090955412553 75.0 0.0 0.0 135.0 14232.261532886543 14232.777777777797 14232.777777777797 
512.0090955412553 75.0 0.0 0.0 135.0 14232.313157375655 14232.777777777797 14232.777777777797 
513.0090955412553 75.0 0.0 0.0 135.0 14232.359619415878 14232.777777777797 14232.777777777797 
514.0090955412553 75.0 0.0 0.0 135.0 14232.401435252063 14232.777777777797 14232.777777777797 
515.0090955412553 75.0 0.0 0.0 135.0 14232.439069504635 14232.777777777797 14232.777777777797 
516.0090955412553 75.0 0.0 0.0 135.0 14232.47294033194 14232.777777777797 14232.777777777797 
517.0090955412553 75.0 0.0 0.0 135.0 14232.503424076529 14232.777777777797 14232.777777777797 
518.0090955412553 75.0 0.0 0.0 135.0 14232.530859446664 14232.777777777797 14232.777777777797 
519.0090955412553 75.0 0.0 0.0 135.0 14232.55555127975 14232.777777777797 14232.777777777797 
520.0090955412553 75.0 0.0 0.0 135.0 14232.57777392956 14232.777777777797 14232.777777777797 
521.0090955412553 75.0 0.0 0.0 135.0 14232.597774314387 14232.777777777797 14232.777777777797 
522.0090955412553 75.0 0.0 0.0 135.0 14232.615774660711 14232.777777777797 14232.777777777797 
523.0090955412553 75.0 0.0 1.0 135.0 14232.631974972439 14232.777777777797 14232.777777777797 
524.0090955412553 75.0 0.0 1.0 135.0 14232.333962660374 14229.651851851839 14232.777777777797 
525.0090955412553 76.0 0.0 0.0 135.0 14232.065751579521 14229.651851851839 14232.777777777797 
526.0090955412553 76.0 0.0 0.0 135.0 14232.136954199368 14232.777777777797 14232.777777777797 
527.0090955412553 76.0 0.0 0.0 135.0 14232.201036557197 14232.777777777797 14232.777777777797 
528.0090955412553 76.0 0.0 0.0 135.0 14232.258710679233 14232.777777777797 14232.777777777797 
529.0090955412553 76.0 0.0 0.0 135.0 14232.310617389077 14232.777777777797 14232.777777777797 
530.0090955412553 76.0 0.0 0.0 135.0 14232.357333427957 14232.777777777797 14232.777777777797 
531.0090955412553 76.0 0.0 0.0 135.0 14232.39937786296 14232.777777777797 14232.777777777797 
532.0090955412553 76.0 0.0 0.0 135.0 14232.437217854434 14232.777777777797 14232.777777777797 
533.0090955412553 76.0 0.0 0.0 135.0 14232.471273846762 14232.777777777797 14232.777777777797 
534.0090955412553 76.0 0.0 0.0 135.0 14232.501924239863 14232.777777777797 14232.777777777797 
535.0090955412553 76.0 0.0 0.0 135.0 14232.52950959366 14232.777777777797 14232.777777777797 
536.0090955412553 76.0 0.0 0.0 135.0 14232.554336412055 14232.777777777797 14232.777777777797 
537.0090955412553 76.0 0.0 0.0 135.0 14232.576680548636 14232.777777777797 14232.777777777797 
538.0090955412553 76.0 0.0 0.0 135.0 14232.596790271542 14232.777777777797 14232.777777777797 
539.0090955412553 76.0 0.0 0.0 135.0 14232.614889022168 14232.777777777797 14232.777777777797 
540.0090955412553 76.0 0.0 0.0 135.0 14232.631177897736 14232.777777777797 14232.777777777797 
541.0090955412553 76.0 0.0 0.0 135.0 14232.645837885719 14232.777777777797 14232.777777777797 
542.0090955412553 76.0 0.0 0.0 135.0 14232.659031874935 14232.777777777797 14232.777777777797 
543.0090955412553 76.0 0.0 0.0 135.0 14232.670906465211 14232.777777777797 14232.777777777797 
544.0090955412553 76.0 0.0 0.0 135.0 14232.681593596486 14232.777777777797 14232.777777777797 
545.0090955412553 76.0 0.0 0.0 135.0 14232.69121201461 14232.777777777797 14232.777777777797 
546.0090955412553 76.0 0.0 0.0 135.0 14232.699868590913 14232.777777777797 14232.777777777797 
547.0090955412553 76.0 0.0 0.0 135.0 14232.7076595096 14232.777777777797 14232.777777777797 
548.0090955412553 76.0 0.0 0.0 135.0 14232.714671336427 14232.777777777797 14232.777777777797 
549.0090955412553 76.0 0.0 0.0 135.0 14232.720981980547 14232.777777777797 14232.777777777797 
550.0090955412553 76.0 0.0 0.0 135.0 14232.726661560282 14232.777777777797 14232.777777777797 
551.0090955412553 76.0 0.0 1.0 135.0 14232.731773182024 14232.777777777797 14232.777777777797 
552.0090955412553 76.0 0.0 2.0 135.0 14232.423781049034 14229.651851851839 14232.777777777797 
553.0090955412553 77.0 0.0 1.0 135.0 14231.833995536723 14226.525925925918 14232.777777777797 
554.0090955412553 78.0 0.0 0.0 135.0 14231.615781168222 14229.651851851839 14232.777777777797 
555.0090955412553 78.0 0.0 0.0 135.0 14231.731980829169 14232.777777777797 14232.777777777797 
556.0090955412553 78.0 0.0 0.0 135.0 14231.83656052402 14232.777777777797 14232.777777777797 
557.0090955412553 78.0 0.0 0.0 135.0 14231.930682249427 14232.777777777797 14232.777777777797 
558.0090955412553 78.0 0.0 0.0 135.0 14232.015391802235 14232.777777777797 14232.777777777797 
559.0090955412553 78.0 0.0 0.0 135.0 14232.091630399806 14232.777777777797 14232.777777777797 
560.0090955412553 78.0 0.0 1.0 135.0 14232.16024513759 14232.777777777797 14232.777777777797 
561.0090955412553 78.0 0.0 1.0 135.0 14231.909405809009 14229.651851851839 14232.777777777797 
562.0090955412553 79.0 0.0 0.0 135.0 14231.68365041331 14229.651851851839 14232.777777777797 
563.0090955412553 79.0 0.0 0.0 135.0 14231.793063149737 14232.777777777797 14232.777777777797 
564.0090955412553 79.0 0.0 0.0 135.0 14231.89153461257 14232.777777777797 14232.777777777797 
565.0090955412553 79.0 0.0 0.0 135.0 14231.980158929073 14232.777777777797 14232.777777777797 
566.0090955412553 79.0 0.0 0.0 135.0 14232.059920813941 14232.777777777797 14232.777777777797 
567.0090955412553 79.0 0.0 0.0 135.0 14232.131706510316 14232.777777777797 14232.777777777797 
568.0090955412553 79.0 0.0 1.0 135.0 14232.196313637074 14232.777777777797 14232.777777777797 
569.0090955412553 80.0 0.0 0.0 135.0 14230.492978569659 14215.162962962962 14232.777777777797 
570.0090955412553 80.0 0.0 0.0 135.0 14230.721458490478 14232.777777777797 14232.777777777797 
571.0090955412553 80.0 0.0 0.0 135.0 14230.927090419196 14232.777777777797 14232.777777777797 
572.0090955412553 80.0 0.0 0.0 135.0 14231.112159155056 14232.777777777797 14232.777777777797 
573.0090955412553 80.0 0.0 1.0 135.0 14231.278721017345 14232.777777777797 14232.777777777797 
574.0090955412553 80.0 0.0 1.0 135.0 14231.116034100794 14229.651851851839 14232.777777777797 
575.0090955412553 81.0 0.0 1.0 135.0 14230.969615875885 14229.651851851839 14232.777777777797 
576.0090955412553 82.0 0.0 0.0 135.0 14229.388950584591 14215.162962962962 14232.777777777797 
577.0090955412553 82.0 0.0 0.0 135.0 14229.727833303914 14232.777777777797 14232.777777777797 
578.0090955412553 82.0 0.0 0.0 135.0 14230.032827751298 14232.777777777797 14232.777777777797 
579.0090955412553 82.0 0.0 0.0 135.0 14230.307322753939 14232.777777777797 14232.777777777797 
580.0090955412553 82.0 0.0 0.0 135.0 14230.55436825632 14232.777777777797 14232.777777777797 
581.0090955412553 82.0 0.0 0.0 135.0 14230.776709208463 14232.777777777797 14232.777777777797 
582.0090955412553 82.0 0.0 0.0 135.0 14230.976816065415 14232.777777777797 14232.777777777797 
583.0090955412553 82.0 0.0 0.0 135.0 14231.156912236636 14232.777777777797 14232.777777777797 
584.0090955412553 82.0 0.0 0.0 135.0 14231.318998790735 14232.777777777797 14232.777777777797 
585.0090955412553 82.0 0.0 0.0 135.0 14231.464876689446 14232.777777777797 14232.777777777797 
586.0090955412553 82.0 0.0 0.0 135.0 14231.596166798281 14232.777777777797 14232.777777777797 
587.0090955412553 82.0 0.0 0.0 135.0 14231.714327896238 14232.777777777797 14232.777777777797 
588.0090955412553 82.0 0.0 0.0 135.0 14231.820672884409 14232.777777777797 14232.777777777797 
589.0090955412553 82.0 0.0 0.0 135.0 14231.916383373713 14232.777777777797 14232.777777777797 
590.0090955412553 82.0 0.0 0.0 135.0 14232.002522814153 14232.777777777797 14232.777777777797 
591.0090955412553 82.0 0.0 0.0 135.0 14232.0800483105 14232.777777777797 14232.777777777797 
592.0090955412553 82.0 0.0 1.0 135.0 14232.149821257233 14232.777777777797 14232.777777777797 
593.0090955412553 83.0 0.0 0.0 135.0 14231.900024316672 14229.651851851839 14232.777777777797 
594.0090955412553 83.0 0.0 0.0 135.0 14231.987799662795 14232.777777777797 14232.777777777797 
595.0090955412553 83.0 0.0 0.0 135.0 14232.066797474285 14232.777777777797 14232.777777777797 
596.0090955412553 83.0 0.0 0.0 135.0 14232.137895504644 14232.777777777797 14232.777777777797 
597.0090955412553 83.0 0.0 1.0 135.0 14232.201883731954 14232.777777777797 14232.777777777797 
598.0090955412553 83.0 0.0 1.0 135.0 14231.94688054394 14229.651851851839 14232.777777777797 
599.0090955412553 84.0 0.0 0.0 135.0 14231.717377674719 14229.651851851839 14232.777777777797 
600.0090955412553 84.0 0.0 0.0 135.0 14231.823417685058 14232.777777777797 14232.777777777797 
#####################################################################
# End of data export. Simulation finished at: 2020-02-12T21:01+0000 #
#####################################################################
