#####################################################################
# Alchemist log file - simulation started at: 2020-02-02T11:00+0000 #
#####################################################################
# seed = 6.0, meanTaskSize = 100, smoothing = 0.9, grain = 1400.0, peakFrequency = 1
#
# The columns have the following meaning: 
# time done[Sum] drop[Sum] waiting[Sum] isLeader[Sum] capacity[Mean] freeCapacity[Mean] maxCapacity[Mean] 
0.0 NaN 0.0 NaN NaN NaN NaN NaN 
1.0115592716150654 0.0 0.0 0.0 135.0 14232.777777777797 14232.777777777797 14232.777777777797 
2.0115592716150656 0.0 0.0 0.0 135.0 14232.777777777797 14232.777777777797 14232.777777777797 
3.0115592716150656 0.0 0.0 0.0 135.0 14232.777777777797 14232.777777777797 14232.777777777797 
4.011559271615066 0.0 0.0 0.0 135.0 14232.777777777797 14232.777777777797 14232.777777777797 
5.011559271615066 0.0 0.0 0.0 135.0 14232.777777777797 14232.777777777797 14232.777777777797 
6.011559271615066 0.0 0.0 0.0 135.0 14232.777777777797 14232.777777777797 14232.777777777797 
7.011559271615066 0.0 0.0 0.0 135.0 14232.777777777797 14232.777777777797 14232.777777777797 
8.011559271615067 0.0 0.0 0.0 135.0 14232.777777777797 14232.777777777797 14232.777777777797 
9.011559271615067 0.0 0.0 0.0 135.0 14232.777777777797 14232.777777777797 14232.777777777797 
10.011559271615067 0.0 0.0 0.0 135.0 14232.777777777797 14232.777777777797 14232.777777777797 
11.011559271615067 0.0 0.0 0.0 135.0 14232.777777777797 14232.777777777797 14232.777777777797 
12.011559271615067 0.0 0.0 0.0 135.0 14232.777777777797 14232.777777777797 14232.777777777797 
13.011559271615067 0.0 0.0 0.0 135.0 14232.777777777797 14232.777777777797 14232.777777777797 
14.011559271615067 0.0 0.0 1.0 135.0 14232.777777777797 14232.777777777797 14232.777777777797 
15.011559271615067 0.0 0.0 1.0 134.0 14229.96444444445 14229.651851851839 14232.777777777797 
16.011559271615067 0.0 0.0 1.0 134.0 14229.683111111077 14229.651851851839 14232.777777777797 
17.011559271615067 0.0 0.0 1.0 134.0 14229.654977777798 14229.651851851839 14232.777777777797 
18.011559271615067 0.0 0.0 1.0 134.0 14229.652164444464 14229.651851851839 14232.777777777797 
19.011559271615067 0.0 0.0 1.0 134.0 14229.651883111117 14229.651851851839 14232.777777777797 
20.011559271615067 0.0 0.0 1.0 134.0 14229.65185497777 14229.651851851839 14232.777777777797 
21.011559271615067 0.0 0.0 2.0 134.0 14229.651852164465 14229.651851851839 14232.777777777797 
22.011559271615067 0.0 0.0 2.0 133.0 14226.838518549777 14226.525925925918 14232.777777777797 
23.011559271615067 0.0 0.0 2.0 133.0 14226.55718518831 14226.525925925918 14232.777777777797 
24.011559271615067 1.0 0.0 1.0 133.0 14226.529051852154 14226.525925925918 14232.777777777797 
25.011559271615067 1.0 0.0 1.0 134.0 14229.339571851902 14229.651851851839 14232.777777777797 
26.011559271615067 1.0 0.0 1.0 134.0 14229.620623851835 14229.651851851839 14232.777777777797 
27.011559271615067 1.0 0.0 2.0 134.0 14229.648729051853 14229.651851851839 14232.777777777797 
28.011559271615067 1.0 0.0 2.0 133.0 14226.838206238515 14226.525925925918 14232.777777777797 
29.011559271615067 1.0 0.0 2.0 133.0 14226.557153957176 14226.525925925918 14232.777777777797 
30.011559271615067 1.0 0.0 2.0 133.0 14226.529048729042 14226.525925925918 14232.777777777797 
31.011559271615067 1.0 0.0 2.0 133.0 14226.526238206243 14226.525925925918 14232.777777777797 
32.01155927161507 1.0 0.0 2.0 133.0 14226.525957153957 14226.525925925918 14232.777777777797 
33.01155927161507 1.0 0.0 2.0 133.0 14226.525929048727 14226.525925925918 14232.777777777797 
34.01155927161507 1.0 0.0 2.0 133.0 14226.525926238233 14226.525925925918 14232.777777777797 
35.01155927161507 2.0 0.0 1.0 133.0 14226.52592595717 14226.525925925918 14232.777777777797 
36.01155927161507 3.0 0.0 0.0 134.0 14229.339259262355 14229.651851851839 14232.777777777797 
37.01155927161507 3.0 0.0 0.0 135.0 14232.43392592625 14232.777777777797 14232.777777777797 
38.01155927161507 3.0 0.0 1.0 135.0 14232.743392592629 14232.777777777797 14232.777777777797 
39.01155927161507 3.0 0.0 1.0 134.0 14229.96100592595 14229.651851851839 14232.777777777797 
40.01155927161507 3.0 0.0 1.0 134.0 14229.682767259254 14229.651851851839 14232.777777777797 
41.01155927161507 3.0 0.0 1.0 134.0 14229.65494339258 14229.651851851839 14232.777777777797 
42.01155927161507 3.0 0.0 1.0 134.0 14229.652161005948 14229.651851851839 14232.777777777797 
43.01155927161507 3.0 0.0 1.0 134.0 14229.651882767286 14229.651851851839 14232.777777777797 
44.01155927161507 3.0 0.0 1.0 134.0 14229.651854943391 14229.651851851839 14232.777777777797 
45.01155927161507 3.0 0.0 1.0 134.0 14229.651852161009 14229.651851851839 14232.777777777797 
46.01155927161507 3.0 0.0 1.0 134.0 14229.651851882765 14229.651851851839 14232.777777777797 
47.01155927161507 4.0 0.0 0.0 134.0 14229.65185185492 14229.651851851839 14232.777777777797 
48.01155927161507 4.0 0.0 0.0 135.0 14232.465185185489 14232.777777777797 14232.777777777797 
49.01155927161507 4.0 0.0 0.0 135.0 14232.746518518557 14232.777777777797 14232.777777777797 
50.01155927161507 4.0 0.0 0.0 135.0 14232.774651851836 14232.777777777797 14232.777777777797 
51.01155927161507 4.0 0.0 0.0 135.0 14232.777465185203 14232.777777777797 14232.777777777797 
52.01155927161507 4.0 0.0 0.0 135.0 14232.777746518519 14232.777777777797 14232.777777777797 
53.01155927161507 4.0 0.0 0.0 135.0 14232.777774651855 14232.777777777797 14232.777777777797 
54.01155927161507 4.0 0.0 0.0 135.0 14232.777777465171 14232.777777777797 14232.777777777797 
55.01155927161507 4.0 0.0 0.0 135.0 14232.7777777465 14232.777777777797 14232.777777777797 
56.01155927161507 4.0 0.0 0.0 135.0 14232.777777774656 14232.777777777797 14232.777777777797 
57.01155927161507 4.0 0.0 0.0 135.0 14232.777777777434 14232.777777777797 14232.777777777797 
58.01155927161507 4.0 0.0 0.0 135.0 14232.777777777741 14232.777777777797 14232.777777777797 
59.01155927161507 4.0 0.0 0.0 135.0 14232.77777777779 14232.777777777797 14232.777777777797 
60.01155927161507 4.0 0.0 0.0 135.0 14232.777777777796 14232.777777777797 14232.777777777797 
61.01155927161507 4.0 0.0 0.0 135.0 14232.777777777797 14232.777777777797 14232.777777777797 
62.01155927161507 4.0 0.0 0.0 135.0 14232.777777777797 14232.777777777797 14232.777777777797 
63.01155927161507 4.0 0.0 1.0 135.0 14232.777777777797 14232.777777777797 14232.777777777797 
64.01155927161507 4.0 0.0 2.0 134.0 14229.96444444445 14229.651851851839 14232.777777777797 
65.01155927161507 4.0 0.0 2.0 133.0 14226.869777777778 14226.525925925918 14232.777777777797 
66.01155927161507 4.0 0.0 2.0 133.0 14226.560311111087 14226.525925925918 14232.777777777797 
67.01155927161507 4.0 0.0 2.0 133.0 14226.529364444435 14226.525925925918 14232.777777777797 
68.01155927161507 4.0 0.0 2.0 133.0 14226.526269777787 14226.525925925918 14232.777777777797 
69.01155927161507 4.0 0.0 2.0 133.0 14226.525960311139 14226.525925925918 14232.777777777797 
70.01155927161507 4.0 0.0 2.0 133.0 14226.52592936444 14226.525925925918 14232.777777777797 
71.01155927161507 4.0 0.0 2.0 133.0 14226.525926269755 14226.525925925918 14232.777777777797 
72.01155927161507 5.0 0.0 1.0 133.0 14226.52592596031 14226.525925925918 14232.777777777797 
73.01155927161507 5.0 0.0 1.0 134.0 14229.339259262717 14229.651851851839 14232.777777777797 
74.01155927161507 5.0 0.0 1.0 134.0 14229.62059259291 14229.651851851839 14232.777777777797 
75.01155927161507 5.0 0.0 1.0 134.0 14229.648725925972 14229.651851851839 14232.777777777797 
76.01155927161507 5.0 0.0 1.0 134.0 14229.651539259257 14229.651851851839 14232.777777777797 
77.01155927161507 5.0 0.0 1.0 134.0 14229.6518205926 14229.651851851839 14232.777777777797 
78.01155927161507 5.0 0.0 1.0 134.0 14229.651848725898 14229.651851851839 14232.777777777797 
79.01155927161507 5.0 0.0 1.0 134.0 14229.651851539253 14229.651851851839 14232.777777777797 
80.01155927161507 5.0 0.0 1.0 134.0 14229.651851820587 14229.651851851839 14232.777777777797 
81.01155927161507 5.0 0.0 1.0 134.0 14229.651851848746 14229.651851851839 14232.777777777797 
82.01155927161507 5.0 0.0 1.0 134.0 14229.651851851566 14229.651851851839 14232.777777777797 
83.01155927161507 5.0 0.0 3.0 134.0 14229.651851851824 14229.651851851839 14232.777777777797 
84.01155927161507 7.0 0.0 1.0 132.0 14224.025185185186 14223.400000000001 14232.777777777797 
85.01155927161507 7.0 0.0 1.0 134.0 14229.089185185185 14229.651851851839 14232.777777777797 
86.01155927161507 7.0 0.0 1.0 134.0 14229.595585185189 14229.651851851839 14232.777777777797 
87.01155927161507 7.0 0.0 2.0 134.0 14229.646225185214 14229.651851851839 14232.777777777797 
88.01155927161507 7.0 0.0 2.0 133.0 14226.837955851877 14226.525925925918 14232.777777777797 
89.01155927161507 7.0 0.0 2.0 133.0 14226.55712891852 14226.525925925918 14232.777777777797 
90.01155927161507 7.0 0.0 2.0 133.0 14226.52904622522 14226.525925925918 14232.777777777797 
91.01155927161507 7.0 0.0 2.0 133.0 14226.526237955846 14226.525925925918 14232.777777777797 
92.01155927161507 7.0 0.0 2.0 133.0 14226.525957128892 14226.525925925918 14232.777777777797 
93.01155927161507 7.0 0.0 2.0 133.0 14226.525929046215 14226.525925925918 14232.777777777797 
94.01155927161507 7.0 0.0 2.0 133.0 14226.525926237971 14226.525925925918 14232.777777777797 
95.01155927161507 8.0 0.0 1.0 133.0 14226.525925957128 14226.525925925918 14232.777777777797 
96.01155927161507 8.0 0.0 1.0 134.0 14229.33925926235 14229.651851851839 14232.777777777797 
97.01155927161507 8.0 0.0 1.0 134.0 14229.620592592904 14229.651851851839 14232.777777777797 
98.01155927161507 8.0 0.0 1.0 134.0 14229.648725925967 14229.651851851839 14232.777777777797 
99.01155927161507 8.0 0.0 2.0 134.0 14229.651539259257 14229.651851851839 14232.777777777797 
100.01155927161507 8.0 0.0 2.0 133.0 14226.838487259254 14226.525925925918 14232.777777777797 
101.01155927161507 8.0 0.0 2.0 133.0 14226.557182059267 14226.525925925918 14232.777777777797 
102.01155927161507 9.0 0.0 1.0 133.0 14226.529051539263 14226.525925925918 14232.777777777797 
103.01155927161507 9.0 0.0 1.0 134.0 14229.339571820607 14229.651851851839 14232.777777777797 
104.01155927161507 9.0 0.0 2.0 134.0 14229.620623848728 14229.651851851839 14232.777777777797 
105.01155927161507 9.0 0.0 4.0 133.0 14226.835395718193 14226.525925925918 14232.777777777797 
106.01155927161507 9.0 0.0 4.0 133.0 14226.556872905154 14226.525925925918 14232.777777777797 
107.01155927161507 11.0 0.0 3.0 133.0 14194.829020623865 14191.303703703717 14232.777777777797 
108.01155927161507 11.0 0.0 7.0 133.0 14223.356235395711 14226.525925925918 14232.777777777797 
109.01155927161507 11.0 0.0 9.0 125.0 14201.922290206267 14199.540740740757 14232.777777777797 
110.01155927161507 11.0 0.0 11.0 121.0 14183.932229020616 14181.933333333322 14232.777777777797 
111.01155927161507 12.0 0.0 13.0 125.0 14150.433222902095 14146.711111111119 14232.777777777797 
112.01155927161507 16.0 0.0 13.0 120.0 14131.236655623521 14129.103703703682 14232.777777777797 
113.01155927161507 20.0 0.0 10.0 127.0 14123.803665562384 14122.977777777774 14232.777777777797 
114.01155927161507 22.0 0.0 13.0 116.0 14095.967033222896 14092.874074074081 14232.777777777797 
115.00275703955265 24.0 0.0 15.0 109.0 14124.883369988938 14128.096296296291 14232.777777777797 
116.01155927161507 26.0 0.0 17.0 102.0 14084.935003665592 14080.496296296304 14232.777777777797 
117.00125367303569 29.0 0.0 15.0 109.0 13882.60683369991 13860.125925925919 14232.777777777797 
118.01155927161507 34.0 0.0 13.0 102.0 13894.07401670334 13895.34814814816 14232.777777777797 
119.00976623732232 38.0 0.0 12.0 112.0 13953.907401670336 13960.555555555586 14232.777777777797 
120.01155927161507 41.0 0.0 13.0 102.0 14056.704073500376 14068.125925925919 14232.777777777797 
121.01155927161507 42.0 0.0 20.0 115.0 13995.257074016707 13988.429629629629 14232.777777777797 
122.01155927161507 50.0 0.0 14.0 115.0 13936.84570740169 13930.355555555561 14232.777777777797 
123.01155927161507 55.0 0.0 9.0 115.0 13926.297904073506 13925.125925925919 14232.777777777797 
124.01155927161507 56.0 0.0 10.0 121.0 14004.496457073988 14013.185185185197 14232.777777777797 
125.01155927161507 62.0 0.0 8.0 125.0 14042.109645707409 14046.288888888881 14232.777777777797 
126.01155927161507 65.0 0.0 8.0 120.0 14110.177631237413 14117.740740740734 14232.777777777797 
127.01155927161507 68.0 0.0 10.0 133.0 14148.68442979043 14152.962962962985 14232.777777777797 
128.01155927161506 71.0 0.0 12.0 133.0 14125.53510964572 14122.962962962985 14232.777777777797 
129.01155927161506 78.0 0.0 13.0 133.0 14070.973510964586 14064.911111111145 14232.777777777797 
130.01155927161506 88.0 0.0 6.0 133.0 14052.470684429794 14050.414814814802 14232.777777777797 
131.01155927161506 90.0 0.0 7.0 134.0 14148.527068442978 14159.200000000026 14232.777777777797 
132.01155927161506 94.0 0.0 4.0 127.0 14102.1660401776 14097.014814814838 14232.777777777797 
133.01155927161506 96.0 0.0 8.0 115.0 14145.076604017768 14149.844444444469 14232.777777777797 
134.01155927161506 102.0 0.0 4.0 114.0 14114.854327068455 14111.496296296304 14232.777777777797 
135.01155927161506 103.0 0.0 5.0 114.0 14175.225432706848 14181.933333333322 14232.777777777797 
136.01155927161506 105.0 0.0 3.0 114.0 14184.069209937365 14185.05185185184 14232.777777777797 
137.01155927161506 105.0 0.0 5.0 122.0 14184.953587660399 14185.05185185184 14232.777777777797 
138.01155927161506 107.0 0.0 8.0 127.0 14182.235358766035 14181.933333333322 14232.777777777797 
139.01155927161506 111.0 0.0 8.0 114.0 14134.416869209937 14129.103703703682 14232.777777777797 
140.01155927161506 112.0 0.0 12.0 114.0 14150.188353587675 14151.940740740722 14232.777777777797 
141.01155927161506 116.0 0.0 10.0 114.0 14040.825502025433 14028.674074074104 14232.777777777797 
142.01155927161506 122.0 0.0 7.0 118.0 14088.575883535861 14093.88148148148 14232.777777777797 
143.00837267615978 125.0 0.0 8.0 127.0 14156.750921686942 14164.325925925894 14232.777777777797 
144.01155927161506 127.0 0.0 10.0 113.0 14144.895092168703 14143.577777777764 14232.777777777797 
145.01155927161506 130.0 0.0 10.0 113.0 14058.029509216869 14048.377777777787 14232.777777777797 
146.01155927161506 133.0 0.0 10.0 114.0 14052.169617588332 14051.518518518522 14232.777777777797 
147.01155927161506 138.0 0.0 13.0 113.0 14096.316961758828 14101.222222222203 14232.777777777797 
148.01155927161506 141.0 0.0 16.0 125.0 13995.411696175877 13984.200000000026 14232.777777777797 
149.01155927161506 148.0 0.0 14.0 118.0 14008.58783628425 14010.05185185184 14232.777777777797 
150.01155927161506 151.0 0.0 17.0 114.0 13990.432116961736 13988.414814814802 14232.777777777797 
151.01155927161506 160.0 0.0 18.0 117.0 13955.016545029506 13951.081481481506 14232.777777777797 
152.00885064761337 170.0 0.0 13.0 130.0 13939.241654502966 13937.488888888909 14232.777777777797 
153.01155927161506 178.0 0.0 11.0 114.0 14043.904165450318 14055.533333333322 14232.777777777797 
154.01155927161506 180.0 0.0 13.0 115.0 14073.037083211706 14076.274074074052 14232.777777777797 
155.01155927161506 184.0 0.0 15.0 115.0 14091.803708321162 14093.88888888888 14232.777777777797 
156.01155927161506 189.0 0.0 13.0 114.0 14103.900370832143 14105.244444444439 14232.777777777797 
157.01155927161506 194.0 0.0 15.0 120.0 14089.256703749894 14087.629629629611 14232.777777777797 
158.01155927161506 197.0 0.0 15.0 115.0 14087.805670374975 14087.644444444439 14232.777777777797 
159.00598630809554 201.0 0.0 15.0 114.0 14022.533900370845 14015.281481481481 14232.777777777797 
160.01155927161506 204.0 0.0 22.0 114.0 14000.160056703766 13997.674074074104 14232.777777777797 
161.01155927161506 209.0 0.0 23.0 114.0 13953.189339003682 13947.970370370334 14232.777777777797 
162.01155927161506 218.0 0.0 22.0 115.0 13869.23893390037 13859.911111111145 14232.777777777797 
163.01155927161506 227.0 0.0 17.0 127.0 13966.97722672337 13977.83703703704 14232.777777777797 
164.01155927161506 232.0 0.0 20.0 106.0 14061.511056005646 14072.014814814838 14232.777777777797 
165.0013751924941 237.0 0.0 25.0 106.0 14094.344438933891 14097.9925925926 14232.777777777797 
166.01155927161506 247.0 0.0 25.0 114.0 13998.907777226705 13988.303703703716 14232.777777777797 
167.01155927161506 254.0 0.0 28.0 118.0 13885.757444389343 13873.185185185197 14232.777777777797 
168.01155927161506 264.0 0.0 28.0 115.0 13869.809077772243 13868.037037037015 14232.777777777797 
169.01155927161506 272.0 0.0 27.0 124.0 13923.280907777233 13929.222222222203 14232.777777777797 
170.01155927161506 286.0 0.0 19.0 99.0 13873.574757444367 13868.05185185184 14232.777777777797 
171.01155927161506 289.0 0.0 31.0 94.0 13991.770809077792 14004.903703703709 14232.777777777797 
172.01155927161506 297.0 0.0 30.0 94.0 13944.903747574455 13939.696296296284 14232.777777777797 
173.0006401481554 304.0 0.0 33.0 87.0 13908.0286694241 13903.681481481453 14232.777777777797 
174.01155927161506 311.0 0.0 40.0 91.0 13894.667037475732 13893.207407407375 14232.777777777797 
175.01155927161506 322.0 0.0 38.0 101.0 13715.580037080901 13695.681481481453 14232.777777777797 
176.01155927161506 336.0 0.0 30.0 95.0 13871.824670374748 13889.185185185197 14232.777777777797 
177.01155927161506 349.0 0.0 27.0 87.0 13882.922467037472 13884.155555555531 14232.777777777797 
178.01155927161506 356.0 0.0 39.0 98.0 13909.112246703751 13912.022222222227 14232.777777777797 
179.01155927161506 374.0 0.0 33.0 88.0 13616.211224670376 13583.666666666672 14232.777777777797 
180.01155927161506 384.0 0.0 32.0 82.0 13762.967789133701 13779.274074074054 14232.777777777797 
181.01155927161506 395.0 0.0 31.0 101.0 13799.116778913349 13803.13333333335 14232.777777777797 
182.01155927161506 407.0 0.0 38.0 84.0 13866.931677891343 13874.466666666678 14232.777777777797 
183.01155927161506 419.0 0.0 42.0 72.0 13775.806501122484 13765.681481481453 14232.777777777797 
184.01155927161506 431.0 0.0 40.0 72.0 13745.953983445586 13742.63703703704 14232.777777777797 
185.01155927161506 440.0 0.0 50.0 76.0 13771.23539834456 13774.044444444438 14232.777777777797 
186.01155927161506 453.0 0.0 52.0 96.0 13699.210206501133 13691.207407407375 14232.777777777797 
187.01155927161506 465.0 0.0 54.0 83.0 13609.85435398346 13599.925925925927 14232.777777777797 
188.01155927161506 483.0 0.0 52.0 73.0 13587.152102065 13584.629629629611 14232.777777777797 
189.01155927161506 500.0 0.0 46.0 78.0 13723.701876873178 13738.87407407408 14232.777777777797 
190.01155927161506 509.0 0.0 51.0 82.0 13507.33685435397 13483.296296296283 14232.777777777797 
191.01155927161506 522.0 0.0 56.0 90.0 13504.360352102065 13504.029629629666 14232.777777777797 
192.01155927161506 538.0 0.0 56.0 91.0 13308.536035210202 13286.777777777797 14232.777777777797 
193.00732199250058 552.0 0.0 62.0 87.0 13308.109815054346 13310.637037037035 14232.777777777797 
194.01155927161506 567.0 0.0 59.0 76.0 13336.28336035209 13337.918518518494 14232.777777777797 
195.01155927161506 577.0 0.0 67.0 89.0 13359.688336035202 13362.288888888881 14232.777777777797 
196.01155927161506 600.0 0.0 61.0 68.0 13141.662166936847 13117.437037037063 14232.777777777797 
197.01155927161506 617.0 0.0 57.0 73.0 13255.692883360354 13268.362962962965 14232.777777777797 
198.0092067835413 632.0 0.0 56.0 97.0 13200.618013764812 13194.511111111091 14232.777777777797 
199.01155927161506 652.0 0.0 52.0 77.0 13153.096262166922 13147.814814814803 14232.777777777797 
200.01155927161506 670.0 0.0 49.0 79.0 13251.75629288338 13262.718518518524 14232.777777777797 
201.01155927161506 685.0 0.0 48.0 89.0 13215.175629288346 13211.111111111113 14232.777777777797 
202.01155927161506 700.0 0.0 46.0 94.0 13252.45756292885 13256.600000000004 14232.777777777797 
203.01155927161506 722.0 0.0 34.0 89.0 13502.872422959545 13530.696296296283 14232.777777777797 
204.01155927161506 728.0 0.0 44.0 91.0 13442.247242295947 13435.511111111091 14232.777777777797 
205.01155927161506 741.0 0.0 53.0 74.0 13377.384724229605 13370.177777777764 14232.777777777797 
206.01155927161506 759.0 0.0 61.0 71.0 13272.018472422968 13260.311111111114 14232.777777777797 
207.01155927161506 777.0 0.0 56.0 71.0 13259.361847242279 13257.955555555565 14232.777777777797 
208.01155927161506 795.0 0.0 56.0 87.0 13323.316184724237 13330.422222222236 14232.777777777797 
209.01155927161506 810.0 0.0 60.0 95.0 13289.531618472427 13285.777777777797 14232.777777777797 
210.01155927161506 834.0 0.0 56.0 86.0 13282.506495180583 13281.725925925946 14232.777777777797 
211.0067414747924 849.0 0.0 65.0 91.0 13136.531369160122 13120.437037037063 14232.777777777797 
212.00774280455752 868.0 0.0 62.0 73.0 13143.293136916007 13144.044444444435 14232.777777777797 
213.01155927161506 885.0 0.0 57.0 65.0 13335.181839828512 13356.377777777789 14232.777777777797 
214.01155927161506 897.0 0.0 61.0 81.0 13416.651517316164 13425.703703703715 14232.777777777797 
215.01155927161506 914.0 0.0 60.0 64.0 13471.445151731628 13477.533333333324 14232.777777777797 
216.01155927161506 930.0 0.0 57.0 55.0 13444.60451517316 13441.622222222211 14232.777777777797 
217.01155927161506 949.0 0.0 54.0 66.0 13451.327118183995 13452.074074074075 14232.777777777797 
218.01155927161506 957.0 0.0 68.0 70.0 13564.966045151745 13577.592592592599 14232.777777777797 
219.00944302076343 978.0 0.0 65.0 66.0 13333.243271069321 13307.496296296309 14232.777777777797 
220.01155927161506 987.0 0.0 70.0 72.0 13281.384327118183 13275.62222222221 14232.777777777797 
221.01155927161506 1004.0 0.0 68.0 56.0 12953.88509937848 12917.496296296313 14232.777777777797 
222.01155927161506 1021.0 0.0 71.0 72.0 12992.575176604503 12996.874074074072 14232.777777777797 
223.01155927161506 1042.0 0.0 63.0 95.0 13081.51751766046 13091.399999999992 14232.777777777797 
224.01155927161506 1067.0 0.0 55.0 76.0 13195.158418432711 13207.785185185192 14232.777777777797 
225.01155927161506 1083.0 0.0 52.0 79.0 13220.36250850994 13223.162962962955 14232.777777777797 
226.01155927161506 1101.0 0.0 49.0 65.0 13511.516250850987 13543.866666666652 14232.777777777797 
227.01155927161506 1116.0 0.0 50.0 58.0 13707.718291751753 13729.51851851852 14232.777777777797 
228.01155927161506 1122.0 0.0 58.0 62.0 13713.485162508505 13714.12592592592 14232.777777777797 
229.01155927161506 1133.0 0.0 64.0 84.0 13677.148516250849 13673.111111111117 14232.777777777797 
230.01155927161506 1152.0 0.0 63.0 65.0 13319.414851625088 13279.666666666673 14232.777777777797 
231.01155927161506 1168.0 0.0 55.0 94.0 13423.374818495839 13434.925925925925 14232.777777777797 
232.01155927161506 1184.0 0.0 56.0 79.0 13445.99081518292 13448.50370370369 14232.777777777797 
233.0092144614569 1196.0 0.0 67.0 79.0 13386.347297131628 13380.970370370334 14232.777777777797 
234.0021693349503 1211.0 0.0 74.0 76.0 13131.381396379844 13103.05185185184 14232.777777777797 
235.01155927161506 1235.0 0.0 64.0 52.0 12750.241724148515 12717.533333333333 14232.777777777797 
236.01155927161506 1247.0 0.0 71.0 52.0 12839.464172414848 12849.377777777794 14232.777777777797 
237.01155927161506 1263.0 0.0 72.0 78.0 12988.019750574811 13004.525925925918 14232.777777777797 
238.01155927161506 1286.0 0.0 67.0 35.0 13080.121975057467 13090.355555555561 14232.777777777797 
239.0047484159069 1307.0 0.0 58.0 53.0 13196.325351147298 13212.096296296288 14232.777777777797 
240.01155927161506 1326.0 0.0 54.0 43.0 13329.7085530839 13347.955555555563 14232.777777777797 
241.01155927161506 1338.0 0.0 59.0 43.0 13346.117521975058 13347.940740740729 14232.777777777797 
242.01155927161506 1356.0 0.0 58.0 57.0 13376.745085530843 13380.148148148146 14232.777777777797 
243.00214823618953 1376.0 0.0 61.0 55.0 13061.643985868459 13021.703703703712 14232.777777777797 
244.01155927161506 1389.0 0.0 68.0 41.0 13037.13545085529 13031.192592592599 14232.777777777797 
245.01155927161506 1407.0 0.0 69.0 57.0 12905.886878418862 12891.303703703716 14232.777777777797 
246.01155927161506 1430.0 0.0 67.0 44.0 12845.202021175228 12838.459259259243 14232.777777777797 
247.01155927161506 1447.0 0.0 77.0 50.0 12743.220202117507 12731.88888888889 14232.777777777797 
248.01155927161506 1466.0 0.0 85.0 75.0 12750.888686878432 12751.740740740726 14232.777777777797 
249.01155927161506 1494.0 0.0 71.0 89.0 12539.808868687847 12516.355555555561 14232.777777777797 
250.01155927161506 1514.0 0.0 76.0 48.0 12615.340886868793 12623.733333333355 14232.777777777797 
251.01155927161506 1530.0 0.0 77.0 59.0 12778.24742202022 12796.34814814815 14232.777777777797 
252.00699560577343 1546.0 0.0 83.0 72.0 12816.440038588296 12818.488888888907 14232.777777777797 
253.01155927161506 1566.0 0.0 92.0 50.0 12960.782474220214 12969.614814814833 14232.777777777797 
254.01155927161506 1595.0 0.0 86.0 52.0 12524.271580755352 12475.770370370374 14232.777777777797 
255.0089581938515 1623.0 0.0 77.0 59.0 12322.744173371917 12298.44444444442 14232.777777777797 
256.00341455943806 1643.0 0.0 85.0 69.0 12417.16108400386 12427.651851851853 14232.777777777797 
257.01155927161506 1662.0 0.0 87.0 51.0 12854.213738247427 12899.94814814816 14232.777777777797 
258.0071160578799 1684.0 0.0 90.0 52.0 12979.460277506701 12993.659259259277 14232.777777777797 
259.00548918510236 1702.0 0.0 100.0 53.0 13187.85269441733 13211.007407407405 14232.777777777797 
260.01155927161506 1720.0 0.0 105.0 48.0 13093.163880404914 13088.703703703712 14232.777777777797 
261.01155927161506 1742.0 0.0 106.0 64.0 13035.463054707156 13029.05185185184 14232.777777777797 
262.01155927161506 1764.0 0.0 117.0 57.0 12808.972972137375 12783.807407407401 14232.777777777797 
263.01155927161506 1795.0 0.0 107.0 48.0 12317.823963880404 12263.251851851866 14232.777777777797 
264.01155927161506 1825.0 0.0 101.0 55.0 12277.495729721366 12273.014814814836 14232.777777777797 
265.01155927161506 1856.0 0.0 103.0 55.0 12246.356239638819 12242.896296296316 14232.777777777797 
266.0100209506909 1885.0 0.0 92.0 55.0 12342.233007205265 12360.718518518534 14232.777777777797 
267.01155927161506 1915.0 0.0 93.0 79.0 12848.14422906305 12894.911111111143 14232.777777777797 
268.01155927161506 1944.0 0.0 90.0 40.0 13011.374422906309 13029.511111111093 14232.777777777797 
269.00862837194717 1964.0 0.0 93.0 52.0 13098.422233007199 13108.807407407403 14232.777777777797 
270.0031181761644 1990.0 0.0 96.0 55.0 12820.982223300716 12790.155555555533 14232.777777777797 
271.00494879116746 2019.0 0.0 91.0 62.0 12863.038222330075 12867.711111111119 14232.777777777797 
272.01155927161506 2041.0 0.0 110.0 39.0 12743.56034410896 12727.970370370338 14232.777777777797 
273.01155927161506 2057.0 0.0 127.0 28.0 12628.289367744228 12615.48148148149 14232.777777777797 
274.0037050495719 2085.0 0.0 129.0 29.0 12475.488704888998 12442.57037037036 14232.777777777797 
275.01155927161506 2119.0 0.0 128.0 32.0 12422.846893677432 12419.82962962964 14232.777777777797 
276.0037889411861 2161.0 0.0 115.0 33.0 12514.183553715551 12531.474074074082 14232.777777777797 
277.01155927161506 2189.0 0.0 121.0 66.0 12831.129802270114 12859.444444444418 14232.777777777797 
278.01155927161506 2212.0 0.0 127.0 34.0 12861.546313560348 12864.925925925923 14232.777777777797 
279.01155927161506 2240.0 0.0 117.0 22.0 12806.861298022708 12800.785185185196 14232.777777777797 
280.01155927161506 2268.0 0.0 108.0 28.0 12803.64612980228 12803.288888888881 14232.777777777797 
281.0032667679377 2288.0 0.0 106.0 36.0 12583.444157168879 12560.540740740757 14232.777777777797 
282.01155927161506 2306.0 0.0 120.0 19.0 12123.34246129803 12080.725925925944 14232.777777777797 
283.010423768245 2334.0 0.0 130.0 14.0 11696.473108238368 11649.429629629645 14232.777777777797 
284.01155927161506 2364.0 0.0 126.0 22.0 11828.850757946328 11838.570370370357 14232.777777777797 
285.01155927161506 2400.0 0.0 107.0 40.0 11984.14507579462 12001.399999999983 14232.777777777797 
286.01155927161506 2426.0 0.0 120.0 45.0 12321.087840912805 12358.525925925918 14232.777777777797 
287.01155927161506 2445.0 0.0 128.0 24.0 11935.382117424608 11892.525925925918 14232.777777777797 
288.01155927161506 2465.0 0.0 143.0 44.0 12049.8515450758 12062.570370370357 14232.777777777797 
289.01155927161506 2518.0 0.0 116.0 30.0 11535.998487840921 11478.903703703723 14232.777777777797 
290.01155927161506 2548.0 0.0 119.0 27.0 12176.426515450772 12247.585185185186 14232.777777777797 
291.0112134910848 2580.0 0.0 109.0 26.0 11835.042034021406 11797.1111111111 14232.777777777797 
292.01155927161506 2608.0 0.0 109.0 26.0 11702.62426515451 11687.91111111114 14232.777777777797 
293.003159046724 2639.0 0.0 112.0 26.0 12003.18242034021 12036.577777777764 14232.777777777797 
294.01155927161506 2665.0 0.0 116.0 35.0 11774.125575984886 11764.76296296296 14232.777777777797 
295.01155927161506 2696.0 0.0 127.0 56.0 12031.64589093182 12060.259259259281 14232.777777777797 
296.010896292224 2723.0 0.0 136.0 30.0 12107.194582420349 12117.037037037016 14232.777777777797 
297.01155927161506 2753.0 0.0 128.0 50.0 11964.509792242647 11948.511111111095 14232.777777777797 
298.01155927161506 2788.0 0.0 118.0 24.0 11897.884312557591 11890.481481481498 14232.777777777797 
299.01155927161506 2826.0 0.0 114.0 21.0 11861.108431255754 11857.022222222242 14232.777777777797 
300.0024004937279 2853.0 0.0 116.0 20.0 12037.682839458246 12045.311111111123 14232.777777777797 
301.01155927161506 2894.0 0.0 109.0 22.0 12309.96441764588 12335.229629629626 14232.777777777797 
302.01155927161506 2916.0 0.0 120.0 52.0 12130.716441764582 12110.799999999977 14232.777777777797 
303.01155927161506 2958.0 0.0 111.0 36.0 11675.811644176449 11625.26666666664 14232.777777777797 
304.01155927161506 2988.0 0.0 119.0 25.0 11816.961164417638 11832.644444444439 14232.777777777797 
305.00427861413885 3018.0 0.0 128.0 22.0 11718.884809495057 11713.214814814795 14232.777777777797 
306.01155927161506 3048.0 0.0 128.0 24.0 12017.740278310846 12046.711111111119 14232.777777777797 
307.01155927161506 3083.0 0.0 124.0 29.0 12404.454027831083 12447.422222222236 14232.777777777797 
308.01155927161506 3115.0 0.0 121.0 36.0 12296.332069449765 12284.318518518543 14232.777777777797 
309.0017691315876 3137.0 0.0 128.0 31.0 12484.168581814289 12474.266666666643 14232.777777777797 
310.01155927161506 3174.0 0.0 130.0 50.0 12170.921320694502 12136.718518518534 14232.777777777797 
311.01155927161506 3210.0 0.0 116.0 24.0 11892.332132069461 11861.377777777803 14232.777777777797 
312.01155927161506 3244.0 0.0 121.0 20.0 11652.493213206933 11625.844444444465 14232.777777777797 
313.0004941180686 3278.0 0.0 124.0 14.0 11937.36101019152 11970.955555555576 14232.777777777797 
314.01155927161506 3304.0 0.0 137.0 16.0 12027.801598798744 12025.281481481465 14232.777777777797 
315.01155927161506 3338.0 0.0 138.0 14.0 12247.326826546534 12271.718518518534 14232.777777777797 
316.01155927161506 3360.0 0.0 160.0 39.0 12054.659349321331 12033.251851851866 14232.777777777797 
317.00411781757686 3401.0 0.0 151.0 21.0 11879.550542767696 11861.8888888889 14232.777777777797 
318.01155927161506 3449.0 0.0 140.0 37.0 11616.156593493217 11586.711111111119 14232.777777777797 
319.00945039146575 3483.0 0.0 134.0 30.0 11769.566172094355 11786.629629629615 14232.777777777797 
320.01155927161506 3503.0 0.0 152.0 30.0 11889.324899268277 11902.629629629615 14232.777777777797 
321.01155927161506 3539.0 0.0 152.0 22.0 10894.279156593491 10783.718518518537 14232.777777777797 
322.01155927161506 3572.0 0.0 146.0 21.0 11097.434582326021 11120.00740740742 14232.777777777797 
323.01155927161506 3615.0 0.0 139.0 15.0 11505.890124899282 11551.274074074056 14232.777777777797 
324.01155927161506 3644.0 0.0 145.0 22.0 11178.429012489918 11142.044444444424 14232.777777777797 
325.01155927161506 3684.0 0.0 135.0 21.0 11587.51623458233 11632.970370370342 14232.777777777797 
326.01155927161506 3713.0 0.0 130.0 59.0 12028.924956791563 12077.970370370338 14232.777777777797 
327.01155927161506 3754.0 0.0 126.0 17.0 12133.652495679144 12145.288888888881 14232.777777777797 
328.01155927161506 3784.0 0.0 130.0 11.0 11947.811916234594 11927.162962962942 14232.777777777797 
329.01155927161506 3809.0 0.0 130.0 11.0 11713.574524956797 11687.548148148166 14232.777777777797 
330.01155927161506 3837.0 0.0 135.0 11.0 11904.717452495668 11925.955555555576 14232.777777777797 
331.01155927161506 3858.0 0.0 159.0 11.0 12027.091745249563 12040.688888888875 14232.777777777797 
332.01155927161506 3894.0 0.0 157.0 24.0 12084.129174524965 12090.466666666662 14232.777777777797 
333.00236763282066 3940.0 0.0 148.0 42.0 12219.974303387373 12216.644444444439 14232.777777777797 
334.01155927161506 3982.0 0.0 140.0 21.0 11334.965958411914 11238.474074074082 14232.777777777797 
335.0031184433129 4013.0 0.0 149.0 17.0 10811.335076367199 10755.444444444422 14232.777777777797 
336.00103645041105 4052.0 0.0 139.0 32.0 11514.993507636726 11593.177777777779 14232.777777777797 
337.01155927161506 4088.0 0.0 128.0 14.0 11773.486365958399 11799.214814814797 14232.777777777797 
338.0005320718002 4122.0 0.0 132.0 24.0 11628.431268409695 11616.325925925903 14232.777777777797 
339.0074729843745 4154.0 0.0 134.0 42.0 11649.636460174297 11651.99259259258 14232.777777777797 
340.01155927161506 4188.0 0.0 137.0 35.0 11397.990486365952 11366.029629629658 14232.777777777797 
341.01155927161506 4216.0 0.0 143.0 16.0 11238.839048636586 11221.155555555537 14232.777777777797 
342.0025495647137 4254.0 0.0 137.0 15.0 11178.789703126837 11176.488888888904 14232.777777777797 
343.01155927161506 4292.0 0.0 139.0 14.0 11669.097723819705 11728.08888888886 14232.777777777797 
344.00669877280706 4321.0 0.0 137.0 15.0 11615.935897031284 11609.577777777764 14232.777777777797 
345.0035850965039 4358.0 0.0 129.0 23.0 11648.146923036466 11651.725925925943 14232.777777777797 
346.01155927161506 4387.0 0.0 133.0 36.0 12117.349297723811 12168.125925925935 14232.777777777797 
347.01155927161506 4427.0 0.0 140.0 62.0 12454.401596439044 12491.851851851861 14232.777777777797 
348.0060019546578 4454.0 0.0 149.0 16.0 12085.116546923027 12044.222222222204 14232.777777777797 
349.01155927161506 4487.0 0.0 162.0 16.0 11729.790682631052 11689.059259259258 14232.777777777797 
350.01155927161506 4530.0 0.0 161.0 15.0 11824.072401596432 11834.548148148166 14232.777777777797 
351.01155927161506 4566.0 0.0 160.0 13.0 11761.340573492991 11754.370370370385 14232.777777777797 
352.01155927161506 4604.0 0.0 160.0 20.0 11716.807390682634 11711.85925925924 14232.777777777797 
353.0010229768212 4638.0 0.0 152.0 33.0 11808.783211832131 11822.970370370338 14232.777777777797 
354.0051503633733 4659.0 0.0 160.0 19.0 11789.744987849886 11787.629629629615 14232.777777777797 
355.01155927161506 4693.0 0.0 157.0 48.0 11686.918207390678 11671.740740740719 14232.777777777797 
356.01155927161506 4725.0 0.0 171.0 21.0 11196.338487405745 11141.82962962964 14232.777777777797 
357.01155927161506 4760.0 0.0 174.0 18.0 11320.440515407237 11334.22962962962 14232.777777777797 
358.0043569548664 4814.0 0.0 151.0 21.0 11030.728454498774 10988.629629629619 14232.777777777797 
359.0071832749547 4857.0 0.0 142.0 15.0 11024.252845449888 11023.53333333334 14232.777777777797 
360.01155927161506 4897.0 0.0 134.0 38.0 11372.618840515413 11406.103703703684 14232.777777777797 
361.01155927161506 4934.0 0.0 128.0 22.0 11542.041884051549 11560.866666666654 14232.777777777797 
362.01155927161506 4953.0 0.0 135.0 16.0 11669.28418840516 11683.422222222236 14232.777777777797 
363.01155927161506 4990.0 0.0 141.0 34.0 11743.428418840514 11751.666666666684 14232.777777777797 
364.01155927161506 5031.0 0.0 141.0 35.0 12000.382841884059 12028.933333333323 14232.777777777797 
365.0091198549183 5065.0 0.0 141.0 35.0 12586.484852719519 12658.355555555561 14232.777777777797 
366.01155927161506 5090.0 0.0 159.0 14.0 12544.271828418849 12552.518518518511 14232.777777777797 
367.01155927161506 5119.0 0.0 162.0 11.0 12083.560516175212 12032.370370370385 14232.777777777797 
368.01155927161506 5148.0 0.0 168.0 12.0 12105.496051617512 12107.933333333323 14232.777777777797 
369.01155927161506 5184.0 0.0 170.0 46.0 12053.11627182842 12047.296296296297 14232.777777777797 
370.01155927161506 5234.0 0.0 159.0 25.0 11819.32496051617 11793.348148148141 14232.777777777797 
371.00592274879983 5274.0 0.0 164.0 11.0 11245.981786351516 11174.903703703721 14232.777777777797 
372.0090890679518 5311.0 0.0 158.0 11.0 10690.118178635159 10628.355555555561 14232.777777777797 
373.01088452697905 5348.0 0.0 149.0 15.0 11052.28515119684 11092.525925925918 14232.777777777797 
374.00560072809543 5381.0 0.0 154.0 24.0 11761.228515119696 11840.0 14232.777777777797 
375.01155927161506 5418.0 0.0 148.0 37.0 12189.239682582946 12231.05185185184 14232.777777777797 
376.00450756150116 5449.0 0.0 172.0 19.0 12187.05295181787 12189.859259259241 14232.777777777797 
377.01155927161506 5489.0 0.0 177.0 10.0 12033.27106349249 12022.066666666677 14232.777777777797 
378.01155927161506 5523.0 0.0 193.0 21.0 11942.547106349244 11932.46666666666 14232.777777777797 
379.0092524713515 5563.0 0.0 195.0 40.0 11707.72145295183 11684.540740740757 14232.777777777797 
380.01155927161506 5597.0 0.0 194.0 13.0 11436.95480439682 11404.103703703682 14232.777777777797 
381.01155927161506 5636.0 0.0 185.0 16.0 10759.555480439682 10684.288888888881 14232.777777777797 
382.01155927161506 5688.0 0.0 163.0 22.0 10815.20888137729 10821.392592592581 14232.777777777797 
383.01155927161506 5731.0 0.0 153.0 5.0 10933.340888137736 10946.46666666666 14232.777777777797 
384.01155927161506 5761.0 0.0 161.0 14.0 11568.680755480445 11639.274074074057 14232.777777777797 
385.01155927161506 5796.0 0.0 161.0 22.0 11848.854742214718 11879.985185185164 14232.777777777797 
386.00463163551416 5821.0 0.0 170.0 31.0 12154.164722992156 12190.592592592599 14232.777777777797 
387.0059703741545 5857.0 0.0 182.0 14.0 11275.483138965872 11177.851851851865 14232.777777777797 
388.0030678129488 5899.0 0.0 181.0 2.0 11506.961647229911 11532.681481481459 14232.777777777797 
389.0096958679469 5917.0 0.0 204.0 22.0 11588.656164722997 11597.733333333359 14232.777777777797 
390.01155927161506 5946.0 0.0 208.0 15.0 11568.316695214078 11558.444444444422 14232.777777777797 
391.01155927161506 5993.0 0.0 195.0 4.0 11029.731669521403 10969.8888888889 14232.777777777797 
392.01155927161506 6032.0 0.0 196.0 11.0 10569.853166952138 10518.755555555543 14232.777777777797 
393.0018640556187 6068.0 0.0 189.0 3.0 10424.677065616472 10410.162962962942 14232.777777777797 
394.01155927161506 6109.0 0.0 183.0 4.0 10935.160531669524 10989.244444444457 14232.777777777797 
395.01155927161506 6138.0 0.0 184.0 3.0 11332.029386500291 11376.125925925937 14232.777777777797 
396.01155927161506 6166.0 0.0 187.0 2.0 11721.016271983355 11764.23703703704 14232.777777777797 
397.01155927161506 6210.0 0.0 176.0 1.0 12132.201627198327 12177.888888888896 14232.777777777797 
398.01155927161506 6238.0 0.0 186.0 8.0 12714.633496053171 12779.34814814815 14232.777777777797 
399.0101176284957 6271.0 0.0 198.0 16.0 12847.923103077055 12862.733333333352 14232.777777777797 
400.01155927161506 6316.0 0.0 191.0 6.0 12064.305668293871 11977.23703703704 14232.777777777797 
401.01155927161506 6351.0 0.0 195.0 6.0 11981.083900162721 11971.837037037056 14232.777777777797 
402.01155927161506 6371.0 0.0 190.0 21.0 12014.721723349594 12018.459259259243 14232.777777777797 
403.01155927161506 6418.0 0.0 150.0 6.0 11955.065505668297 11948.437037037058 14232.777777777797 
404.01155927161506 6442.0 0.0 126.0 8.0 11898.119883900164 11891.79259259262 14232.777777777797 
405.01155927161506 6473.0 0.0 96.0 32.0 11655.025321723359 11628.014814814836 14232.777777777797 
406.01155927161506 6501.0 0.0 68.0 6.0 11353.569198838992 11320.074074074084 14232.777777777797 
407.01155927161506 6517.0 0.0 52.0 1.0 11281.876919883907 11273.911111111138 14232.777777777797 
408.01155927161506 6536.0 0.0 33.0 4.0 11668.081025321717 11710.99259259258 14232.777777777797 
409.01155927161506 6553.0 0.0 16.0 7.0 12121.081435865515 12171.414814814818 14232.777777777797 
410.01155927161506 6562.0 0.0 7.0 43.0 12693.608143586545 12757.222222222204 14232.777777777797 
411.01155927161506 6565.0 0.0 4.0 18.0 13245.374147691982 13306.681481481453 14232.777777777797 
412.01155927161506 6565.0 0.0 5.0 16.0 13589.437414769194 13627.666666666668 14232.777777777797 
413.01155927161506 6565.0 0.0 5.0 16.0 13771.430408143584 13791.651851851839 14232.777777777797 
414.01155927161506 6566.0 0.0 4.0 55.0 13920.583040814347 13937.155555555531 14232.777777777797 
415.01155927161506 6567.0 0.0 3.0 21.0 13985.678304081428 13992.911111111145 14232.777777777797 
416.01155927161506 6567.0 0.0 3.0 28.0 14014.561163741477 14017.77037037036 14232.777777777797 
417.01155927161506 6568.0 0.0 2.0 29.0 14053.682783040806 14058.029629629666 14232.777777777797 
418.01155927161506 6568.0 0.0 2.0 29.0 14077.168278304081 14079.777777777797 14232.777777777797 
419.01155927161506 6568.0 0.0 2.0 73.0 14085.136827830385 14086.022222222226 14232.777777777797 
420.01155927161506 6568.0 0.0 2.0 44.0 14088.74034944972 14089.140740740746 14232.777777777797 
421.01155927161506 6568.0 0.0 2.0 29.0 14091.91403494498 14092.266666666657 14232.777777777797 
422.01155927161506 6568.0 0.0 2.0 36.0 14097.85140349449 14098.511111111091 14232.777777777797 
423.01155927161506 6568.0 0.0 2.0 42.0 14098.445140349451 14098.511111111091 14232.777777777797 
424.01155927161506 6568.0 0.0 3.0 42.0 14101.317847368262 14101.637037037042 14232.777777777797 
425.01155927161506 6568.0 0.0 3.0 87.0 14093.271784736857 14092.377777777787 14232.777777777797 
426.01155927161506 6569.0 0.0 2.0 51.0 14087.753845140358 14087.140740740746 14232.777777777797 
427.01155927161506 6569.0 0.0 2.0 42.0 14103.055384514051 14104.755555555563 14232.777777777797 
428.01155927161506 6569.0 0.0 3.0 42.0 14107.39220511808 14107.874074074083 14232.777777777797 
429.01155927161506 6569.0 0.0 3.0 43.0 14105.12588717846 14104.874074074083 14232.777777777797 
430.01155927161506 6570.0 0.0 2.0 43.0 14116.039255384514 14117.25185185187 14232.777777777797 
431.01155927161506 6570.0 0.0 2.0 85.0 14117.130592205132 14117.25185185187 14232.777777777797 
432.01155927161506 6571.0 0.0 1.0 52.0 14120.046392553832 14120.370370370389 14232.777777777797 
433.01155927161506 6571.0 0.0 1.0 44.0 14125.964639255382 14126.622222222213 14232.777777777797 
434.01155927161506 6571.0 0.0 1.0 52.0 14126.556463925535 14126.622222222213 14232.777777777797 
435.01155927161506 6571.0 0.0 1.0 53.0 14126.615646392538 14126.622222222213 14232.777777777797 
436.01155927161506 6571.0 0.0 1.0 53.0 14126.621564639248 14126.622222222213 14232.777777777797 
437.01155927161506 6571.0 0.0 1.0 80.0 14126.622156463916 14126.622222222213 14232.777777777797 
438.01155927161506 6571.0 0.0 1.0 61.0 14126.622215646394 14126.622222222213 14232.777777777797 
439.01155927161506 6571.0 0.0 1.0 53.0 14126.622221564638 14126.622222222213 14232.777777777797 
440.01155927161506 6571.0 0.0 1.0 53.0 14126.622222156446 14126.622222222213 14232.777777777797 
441.01155927161506 6571.0 0.0 1.0 53.0 14126.62222221566 14126.622222222213 14232.777777777797 
442.01155927161506 6572.0 0.0 0.0 53.0 14126.62222222158 14126.622222222213 14232.777777777797 
443.01155927161506 6572.0 0.0 0.0 80.0 14132.235555555519 14132.859259259254 14232.777777777797 
444.01155927161506 6572.0 0.0 0.0 61.0 14135.610222222223 14135.985185185162 14232.777777777797 
445.01155927161506 6572.0 0.0 0.0 53.0 14138.754355555555 14139.103703703682 14232.777777777797 
446.01155927161506 6572.0 0.0 0.0 53.0 14139.068768888856 14139.103703703682 14232.777777777797 
447.01155927161506 6572.0 0.0 0.0 53.0 14139.100210222243 14139.103703703682 14232.777777777797 
448.01155927161506 6572.0 0.0 0.0 53.0 14139.103354355559 14139.103703703682 14232.777777777797 
449.01155927161506 6572.0 0.0 1.0 83.0 14139.103668768888 14139.103703703682 14232.777777777797 
450.01155927161506 6572.0 0.0 1.0 62.0 14126.063700210223 14124.614814814822 14232.777777777797 
451.01155927161506 6572.0 0.0 2.0 56.0 14127.573036687694 14127.740740740734 14232.777777777797 
452.01155927161506 6572.0 0.0 2.0 56.0 14116.583970335421 14115.362962962958 14232.777777777797 
453.01155927161506 6572.0 0.0 2.0 56.0 14099.631730366873 14097.74814814813 14232.777777777797 
454.01155927161506 6573.0 0.0 1.0 56.0 14113.789839703353 14115.362962962958 14232.777777777797 
455.01155927161506 6573.0 0.0 1.0 99.0 14118.012317303675 14118.481481481478 14232.777777777797 
456.01155927161506 6573.0 0.0 2.0 70.0 14118.434565063693 14118.481481481478 14232.777777777797 
457.01155927161506 6574.0 0.0 1.0 55.0 14115.656789839682 14115.348148148161 14232.777777777797 
458.01155927161506 6575.0 0.0 0.0 55.0 14142.372345650629 14145.340740740723 14232.777777777797 
459.01155927161506 6575.0 0.0 0.0 56.0 14150.663901231741 14151.585185185202 14232.777777777797 
460.01155927161506 6575.0 0.0 0.0 57.0 14151.493056789846 14151.585185185202 14232.777777777797 
461.01155927161506 6575.0 0.0 0.0 91.0 14157.195972345666 14157.82962962964 14232.777777777797 
462.01155927161506 6575.0 0.0 0.0 77.0 14166.192930567884 14167.19259259259 14232.777777777797 
463.01155927161506 6575.0 0.0 0.0 80.0 14169.905959723423 14170.318518518547 14232.777777777797 
464.01155927161506 6575.0 0.0 0.0 89.0 14170.277262639007 14170.318518518547 14232.777777777797 
465.01155927161506 6575.0 0.0 0.0 90.0 14173.121059597233 14173.437037037065 14232.777777777797 
466.01155927161506 6575.0 0.0 0.0 119.0 14179.025439293064 14179.681481481453 14232.777777777797 
467.01155927161506 6575.0 0.0 0.0 96.0 14179.61587726264 14179.681481481453 14232.777777777797 
468.01155927161506 6575.0 0.0 0.0 106.0 14182.4882543929 14182.80740740741 14232.777777777797 
469.01155927161506 6575.0 0.0 1.0 96.0 14191.202158772632 14192.17037037036 14232.777777777797 
470.01155927161506 6575.0 0.0 1.0 109.0 14192.073549210616 14192.17037037036 14232.777777777797 
471.01155927161506 6575.0 0.0 1.0 121.0 14197.787354921053 14198.422222222236 14232.777777777797 
472.01155927161506 6575.0 0.0 1.0 113.0 14201.165402158773 14201.540740740757 14232.777777777797 
473.01155927161506 6575.0 0.0 1.0 111.0 14201.503206882542 14201.540740740757 14232.777777777797 
474.01155927161506 6575.0 0.0 1.0 112.0 14204.350320688276 14204.666666666668 14232.777777777797 
475.01155927161506 6576.0 0.0 0.0 112.0 14204.635032068809 14204.666666666668 14232.777777777797 
476.01155927161506 6576.0 0.0 0.0 113.0 14207.476836540185 14207.792592592627 14232.777777777797 
477.01155927161506 6576.0 0.0 0.0 123.0 14210.567683654039 14210.911111111145 14232.777777777797 
478.01155927161506 6576.0 0.0 0.0 116.0 14213.690101698734 14214.037037037013 14232.777777777797 
479.01155927161506 6576.0 0.0 0.0 114.0 14214.002343503204 14214.037037037013 14232.777777777797 
480.01155927161506 6576.0 0.0 0.0 114.0 14214.033567683637 14214.037037037013 14232.777777777797 
481.01155927161506 6576.0 0.0 0.0 115.0 14216.850023435025 14217.162962962962 14232.777777777797 
482.01155927161506 6576.0 0.0 0.0 115.0 14217.131669010163 14217.162962962962 14232.777777777797 
483.01155927161506 6576.0 0.0 0.0 125.0 14217.159833567684 14217.162962962962 14232.777777777797 
484.01155927161506 6576.0 0.0 1.0 118.0 14219.975983356739 14220.288888888881 14232.777777777797 
485.01155927161506 6576.0 0.0 1.0 115.0 14217.444265002321 14217.162962962962 14232.777777777797 
486.01155927161506 6576.0 0.0 2.0 115.0 14217.1910931669 14217.162962962962 14232.777777777797 
487.01155927161506 6576.0 0.0 2.0 114.0 14214.352442650015 14214.037037037013 14232.777777777797 
488.01155927161506 6576.0 0.0 2.0 114.0 14214.068577598351 14214.037037037013 14232.777777777797 
489.01155927161506 6576.0 0.0 2.0 124.0 14214.04019109313 14214.037037037013 14232.777777777797 
490.01155927161506 6576.0 0.0 2.0 116.0 14214.03735244265 14214.037037037013 14232.777777777797 
491.01155927161506 6576.0 0.0 2.0 114.0 14214.037068577618 14214.037037037013 14232.777777777797 
492.01155927161506 6576.0 0.0 2.0 114.0 14216.843706857766 14217.155555555531 14232.777777777797 
493.01155927161506 6576.0 0.0 2.0 131.0 14217.124370685775 14217.155555555531 14232.777777777797 
494.01155927161506 6576.0 0.0 2.0 115.0 14217.15243706861 14217.155555555531 14232.777777777797 
495.01155927161506 6576.0 0.0 2.0 131.0 14217.15524370684 14217.155555555531 14232.777777777797 
496.01155927161506 6576.0 0.0 2.0 115.0 14217.155524370664 14217.155555555531 14232.777777777797 
497.01155927161506 6576.0 0.0 3.0 131.0 14217.155552437072 14217.155555555531 14232.777777777797 
498.01155927161506 6576.0 0.0 3.0 114.0 14214.342221910381 14214.029629629666 14232.777777777797 
499.01155927161506 6576.0 0.0 3.0 130.0 14214.060888857686 14214.029629629666 14232.777777777797 
500.01155927161506 6577.0 0.0 2.0 131.0 14216.846088885753 14217.155555555531 14232.777777777797 
501.01155927161506 6577.0 0.0 2.0 133.0 14225.55794222193 14226.525925925918 14232.777777777797 
502.01155927161506 6577.0 0.0 2.0 133.0 14226.429127555497 14226.525925925918 14232.777777777797 
503.01155927161506 6577.0 0.0 2.0 133.0 14226.516246088899 14226.525925925918 14232.777777777797 
504.01155927161506 6577.0 0.0 2.0 133.0 14226.524957942223 14226.525925925918 14232.777777777797 
505.01155927161506 6577.0 0.0 2.0 133.0 14226.525829127571 14226.525925925918 14232.777777777797 
506.01155927161506 6577.0 0.0 2.0 133.0 14226.525916246088 14226.525925925918 14232.777777777797 
507.01155927161506 6578.0 0.0 1.0 133.0 14226.525924957963 14226.525925925918 14232.777777777797 
508.01155927161506 6578.0 0.0 1.0 134.0 14229.339259162458 14229.651851851839 14232.777777777797 
509.01155927161506 6579.0 0.0 0.0 134.0 14229.62059258288 14229.651851851839 14232.777777777797 
510.01155927161506 6579.0 0.0 0.0 135.0 14232.462059258314 14232.777777777797 14232.777777777797 
511.01155927161506 6579.0 0.0 0.0 135.0 14232.74620592581 14232.777777777797 14232.777777777797 
512.011559271615 6579.0 0.0 0.0 135.0 14232.774620592572 14232.777777777797 14232.777777777797 
513.011559271615 6579.0 0.0 1.0 135.0 14232.77746205926 14232.777777777797 14232.777777777797 
514.011559271615 6579.0 0.0 1.0 134.0 14229.964412872596 14229.651851851839 14232.777777777797 
515.011559271615 6580.0 0.0 0.0 134.0 14229.68310795389 14229.651851851839 14232.777777777797 
516.011559271615 6580.0 0.0 0.0 135.0 14232.468310795386 14232.777777777797 14232.777777777797 
517.011559271615 6580.0 0.0 0.0 135.0 14232.746831079541 14232.777777777797 14232.777777777797 
518.011559271615 6580.0 0.0 1.0 135.0 14232.774683107962 14232.777777777797 14232.777777777797 
519.011559271615 6581.0 0.0 0.0 135.0 14216.924134977453 14215.162962962962 14232.777777777797 
520.011559271615 6581.0 0.0 0.0 135.0 14231.192413497762 14232.777777777797 14232.777777777797 
521.011559271615 6581.0 0.0 0.0 135.0 14232.619241349776 14232.777777777797 14232.777777777797 
522.011559271615 6581.0 0.0 0.0 135.0 14232.761924134946 14232.777777777797 14232.777777777797 
523.011559271615 6581.0 0.0 0.0 135.0 14232.776192413496 14232.777777777797 14232.777777777797 
524.011559271615 6581.0 0.0 0.0 135.0 14232.777619241348 14232.777777777797 14232.777777777797 
525.011559271615 6581.0 0.0 0.0 135.0 14232.777761924168 14232.777777777797 14232.777777777797 
526.011559271615 6581.0 0.0 0.0 135.0 14232.777776192419 14232.777777777797 14232.777777777797 
527.011559271615 6581.0 0.0 0.0 135.0 14232.777777619267 14232.777777777797 14232.777777777797 
528.011559271615 6581.0 0.0 0.0 135.0 14232.77777776193 14232.777777777797 14232.777777777797 
529.011559271615 6581.0 0.0 0.0 135.0 14232.777777776188 14232.777777777797 14232.777777777797 
530.011559271615 6581.0 0.0 0.0 135.0 14232.777777777628 14232.777777777797 14232.777777777797 
531.011559271615 6581.0 0.0 1.0 135.0 14232.77777777777 14232.777777777797 14232.777777777797 
532.011559271615 6581.0 0.0 1.0 134.0 14229.964444444448 14229.651851851839 14232.777777777797 
533.011559271615 6581.0 0.0 1.0 134.0 14229.683111111077 14229.651851851839 14232.777777777797 
534.011559271615 6581.0 0.0 1.0 134.0 14229.654977777798 14229.651851851839 14232.777777777797 
535.011559271615 6581.0 0.0 2.0 134.0 14229.65216444446 14229.651851851839 14232.777777777797 
536.011559271615 6581.0 0.0 2.0 133.0 14226.83854977778 14226.525925925918 14232.777777777797 
537.011559271615 6581.0 0.0 2.0 133.0 14226.557188311099 14226.525925925918 14232.777777777797 
538.011559271615 6581.0 0.0 2.0 133.0 14226.529052164464 14226.525925925918 14232.777777777797 
539.011559271615 6582.0 0.0 1.0 133.0 14226.526238549803 14226.525925925918 14232.777777777797 
540.011559271615 6583.0 0.0 0.0 134.0 14229.339290521639 14229.651851851839 14232.777777777797 
541.011559271615 6583.0 0.0 0.0 135.0 14232.433929052142 14232.777777777797 14232.777777777797 
542.011559271615 6583.0 0.0 0.0 135.0 14232.743392905213 14232.777777777797 14232.777777777797 
543.011559271615 6583.0 0.0 0.0 135.0 14232.774339290496 14232.777777777797 14232.777777777797 
544.011559271615 6583.0 0.0 0.0 135.0 14232.777433929063 14232.777777777797 14232.777777777797 
545.011559271615 6583.0 0.0 0.0 135.0 14232.777743392933 14232.777777777797 14232.777777777797 
546.011559271615 6583.0 0.0 0.0 135.0 14232.77777433928 14232.777777777797 14232.777777777797 
547.011559271615 6583.0 0.0 0.0 135.0 14232.777777433921 14232.777777777797 14232.777777777797 
548.011559271615 6583.0 0.0 0.0 135.0 14232.777777743402 14232.777777777797 14232.777777777797 
549.011559271615 6583.0 0.0 2.0 135.0 14232.77777777434 14232.777777777797 14232.777777777797 
550.011559271615 6584.0 0.0 1.0 134.0 14214.11111111076 14212.037037037013 14232.777777777797 
551.011559271615 6584.0 0.0 1.0 134.0 14228.097777777746 14229.651851851839 14232.777777777797 
552.011559271615 6584.0 0.0 1.0 134.0 14229.496444444461 14229.651851851839 14232.777777777797 
553.011559271615 6584.0 0.0 1.0 134.0 14229.636311111108 14229.651851851839 14232.777777777797 
554.011559271615 6584.0 0.0 1.0 134.0 14229.650297777807 14229.651851851839 14232.777777777797 
555.011559271615 6584.0 0.0 1.0 134.0 14229.65169644442 14229.651851851839 14232.777777777797 
556.011559271615 6584.0 0.0 1.0 134.0 14229.651836311103 14229.651851851839 14232.777777777797 
557.0049054234925 6584.0 0.0 1.0 134.0 14229.651850297758 14229.651851851839 14232.777777777797 
558.011559271615 6584.0 0.0 2.0 134.0 14229.651851696455 14229.651851851839 14232.777777777797 
559.011559271615 6585.0 0.0 1.0 133.0 14226.838518502977 14226.525925925918 14232.777777777797 
560.011559271615 6586.0 0.0 0.0 134.0 14229.370518516953 14229.651851851839 14232.777777777797 
561.011559271615 6586.0 0.0 0.0 135.0 14232.4370518517 14232.777777777797 14232.777777777797 
562.011559271615 6586.0 0.0 0.0 135.0 14232.743705185192 14232.777777777797 14232.777777777797 
563.011559271615 6586.0 0.0 0.0 135.0 14232.77437051852 14232.777777777797 14232.777777777797 
564.011559271615 6586.0 0.0 1.0 135.0 14232.777437051855 14232.777777777797 14232.777777777797 
565.011559271615 6586.0 0.0 1.0 134.0 14229.964410371857 14229.651851851839 14232.777777777797 
566.011559271615 6586.0 0.0 2.0 134.0 14229.683107703855 14229.651851851839 14232.777777777797 
567.011559271615 6586.0 0.0 2.0 133.0 14226.841644103719 14226.525925925918 14232.777777777797 
568.011559271615 6586.0 0.0 2.0 133.0 14226.55749774368 14226.525925925918 14232.777777777797 
569.011559271615 6586.0 0.0 2.0 133.0 14226.529083107716 14226.525925925918 14232.777777777797 
570.011559271615 6586.0 0.0 2.0 133.0 14226.526241644133 14226.525925925918 14232.777777777797 
571.011559271615 6586.0 0.0 2.0 133.0 14226.525957497726 14226.525925925918 14232.777777777797 
572.011559271615 6586.0 0.0 2.0 133.0 14226.525929083102 14226.525925925918 14232.777777777797 
573.011559271615 6586.0 0.0 2.0 133.0 14226.525926241638 14226.525925925918 14232.777777777797 
574.011559271615 6586.0 0.0 2.0 133.0 14226.525925957489 14226.525925925918 14232.777777777797 
575.011559271615 6588.0 0.0 0.0 133.0 14226.525925929067 14226.525925925918 14232.777777777797 
576.011559271615 6588.0 0.0 0.0 135.0 14232.152592592929 14232.777777777797 14232.777777777797 
577.011559271615 6588.0 0.0 0.0 135.0 14232.715259259267 14232.777777777797 14232.777777777797 
578.011559271615 6588.0 0.0 0.0 135.0 14232.771525925908 14232.777777777797 14232.777777777797 
579.011559271615 6588.0 0.0 0.0 135.0 14232.777152592616 14232.777777777797 14232.777777777797 
580.011559271615 6588.0 0.0 0.0 135.0 14232.77771525928 14232.777777777797 14232.777777777797 
581.011559271615 6588.0 0.0 0.0 135.0 14232.777771525927 14232.777777777797 14232.777777777797 
582.011559271615 6588.0 0.0 0.0 135.0 14232.777777152583 14232.777777777797 14232.777777777797 
583.011559271615 6588.0 0.0 0.0 135.0 14232.777777715257 14232.777777777797 14232.777777777797 
584.011559271615 6588.0 0.0 0.0 135.0 14232.777777771516 14232.777777777797 14232.777777777797 
585.011559271615 6588.0 0.0 1.0 135.0 14232.77777777716 14232.777777777797 14232.777777777797 
586.011559271615 6588.0 0.0 1.0 134.0 14229.96444444439 14229.651851851839 14232.777777777797 
587.011559271615 6588.0 0.0 1.0 134.0 14229.683111111113 14229.651851851839 14232.777777777797 
588.011559271615 6588.0 0.0 1.0 134.0 14229.654977777798 14229.651851851839 14232.777777777797 
589.011559271615 6588.0 0.0 1.0 134.0 14229.65216444446 14229.651851851839 14232.777777777797 
590.011559271615 6588.0 0.0 2.0 134.0 14229.651883111117 14229.651851851839 14232.777777777797 
591.011559271615 6588.0 0.0 2.0 133.0 14226.838521644422 14226.525925925918 14232.777777777797 
592.011559271615 6588.0 0.0 2.0 133.0 14226.557185497744 14226.525925925918 14232.777777777797 
593.011559271615 6588.0 0.0 3.0 133.0 14226.529051883092 14226.525925925918 14232.777777777797 
594.011559271615 6588.0 0.0 3.0 132.0 14223.7129051883 14223.400000000001 14232.777777777797 
595.011559271615 6588.0 0.0 3.0 132.0 14223.431290518844 14223.400000000001 14232.777777777797 
596.011559271615 6588.0 0.0 3.0 132.0 14223.403129051867 14223.400000000001 14232.777777777797 
597.011559271615 6589.0 0.0 3.0 132.0 14223.40031290518 14223.400000000001 14232.777777777797 
598.011559271615 6589.0 0.0 4.0 132.0 14223.40003129054 14223.400000000001 14232.777777777797 
599.011559271615 6590.0 0.0 3.0 132.0 14207.546669795716 14205.785185185186 14232.777777777797 
600.011559271615 6590.0 0.0 4.0 132.0 14221.814666979571 14223.400000000001 14232.777777777797 
#####################################################################
# End of data export. Simulation finished at: 2020-02-02T14:47+0000 #
#####################################################################
