#####################################################################
# Alchemist log file - simulation started at: 2020-02-12T15:50+0000 #
#####################################################################
# longseed = 23.0, meanTaskSize = 100, peakFrequency = 1
#
# The columns have the following meaning: 
# time done[Sum] drop[Sum] waiting[Sum] isLeader[Sum] capacity[Mean] freeCapacity[Mean] maxCapacity[Mean] 
0.0 NaN 0.0 NaN NaN NaN NaN NaN 
1.0061499825585338 0.0 0.0 0.0 135.0 14232.777777777797 14232.777777777797 14232.777777777797 
2.006149982558534 0.0 0.0 0.0 135.0 14232.777777777797 14232.777777777797 14232.777777777797 
3.006149982558534 0.0 0.0 0.0 135.0 14232.777777777797 14232.777777777797 14232.777777777797 
4.006149982558534 0.0 0.0 0.0 135.0 14232.777777777797 14232.777777777797 14232.777777777797 
5.006149982558534 0.0 0.0 0.0 135.0 14232.777777777797 14232.777777777797 14232.777777777797 
6.006149982558534 0.0 0.0 0.0 135.0 14232.777777777797 14232.777777777797 14232.777777777797 
7.006149982558534 0.0 0.0 0.0 135.0 14232.777777777797 14232.777777777797 14232.777777777797 
8.006149982558533 0.0 0.0 0.0 135.0 14232.777777777797 14232.777777777797 14232.777777777797 
9.006149982558533 0.0 0.0 0.0 135.0 14232.777777777797 14232.777777777797 14232.777777777797 
10.006149982558533 0.0 0.0 0.0 135.0 14232.777777777797 14232.777777777797 14232.777777777797 
11.006149982558533 0.0 0.0 0.0 135.0 14232.777777777797 14232.777777777797 14232.777777777797 
12.006149982558533 0.0 0.0 0.0 135.0 14232.777777777797 14232.777777777797 14232.777777777797 
13.006149982558533 0.0 0.0 0.0 135.0 14232.777777777797 14232.777777777797 14232.777777777797 
14.006149982558533 0.0 0.0 0.0 135.0 14232.777777777797 14232.777777777797 14232.777777777797 
15.006149982558533 0.0 0.0 0.0 135.0 14232.777777777797 14232.777777777797 14232.777777777797 
16.006149982558533 0.0 0.0 0.0 135.0 14232.777777777797 14232.777777777797 14232.777777777797 
17.006149982558533 0.0 0.0 0.0 135.0 14232.777777777797 14232.777777777797 14232.777777777797 
18.006149982558533 0.0 0.0 0.0 135.0 14232.777777777797 14232.777777777797 14232.777777777797 
19.006149982558533 0.0 0.0 0.0 135.0 14232.777777777797 14232.777777777797 14232.777777777797 
20.006149982558533 0.0 0.0 0.0 135.0 14232.777777777797 14232.777777777797 14232.777777777797 
21.006149982558533 0.0 0.0 0.0 135.0 14232.777777777797 14232.777777777797 14232.777777777797 
22.006149982558533 0.0 0.0 2.0 135.0 14232.777777777797 14232.777777777797 14232.777777777797 
23.006149982558533 0.0 0.0 2.0 135.0 14232.152592592567 14226.525925925918 14232.777777777797 
24.006149982558533 1.0 0.0 1.0 135.0 14231.589925925913 14226.525925925918 14232.777777777797 
25.006149982558533 1.0 0.0 1.0 135.0 14231.396118518514 14229.651851851839 14232.777777777797 
26.006149982558533 2.0 0.0 1.0 135.0 14231.221691851857 14229.651851851839 14232.777777777797 
27.006149982558533 2.0 0.0 1.0 135.0 14231.064707851834 14229.651851851839 14232.777777777797 
28.006149982558533 2.0 0.0 1.0 135.0 14230.923422251868 14229.651851851839 14232.777777777797 
29.006149982558533 2.0 0.0 1.0 135.0 14230.796265211835 14229.651851851839 14232.777777777797 
30.006149982558533 2.0 0.0 1.0 135.0 14230.681823875855 14229.651851851839 14232.777777777797 
31.006149982558533 2.0 0.0 1.0 135.0 14230.578826673438 14229.651851851839 14232.777777777797 
32.00614998255853 2.0 0.0 1.0 134.0 14230.486129191322 14229.651851851839 14232.777777777797 
33.00614998255853 2.0 0.0 1.0 134.0 14230.402701457351 14229.651851851839 14232.777777777797 
34.00614998255853 2.0 0.0 1.0 134.0 14230.327616496796 14229.651851851839 14232.777777777797 
35.00614998255853 2.0 0.0 1.0 134.0 14230.260040032304 14229.651851851839 14232.777777777797 
36.00614998255853 2.0 0.0 1.0 134.0 14230.199221214245 14229.651851851839 14232.777777777797 
37.00614998255853 2.0 0.0 2.0 134.0 14230.144484277995 14229.651851851839 14232.777777777797 
38.00614998255853 3.0 0.0 1.0 134.0 14228.333739553933 14212.037037037013 14232.777777777797 
39.00614998255853 3.0 0.0 1.0 134.0 14228.465550783714 14229.651851851839 14232.777777777797 
40.00614998255853 3.0 0.0 1.0 134.0 14228.584180890495 14229.651851851839 14232.777777777797 
41.00614998255853 3.0 0.0 1.0 134.0 14228.690947986648 14229.651851851839 14232.777777777797 
42.00614998255853 3.0 0.0 1.0 134.0 14228.787038373162 14229.651851851839 14232.777777777797 
43.00614998255853 3.0 0.0 1.0 134.0 14228.87351972104 14229.651851851839 14232.777777777797 
44.00614998255853 3.0 0.0 1.0 134.0 14228.951352934135 14229.651851851839 14232.777777777797 
45.00614998255853 4.0 0.0 0.0 134.0 14229.021402825892 14229.651851851839 14232.777777777797 
46.00614998255853 4.0 0.0 0.0 134.0 14229.397040321077 14232.777777777797 14232.777777777797 
47.00614998255853 4.0 0.0 0.0 134.0 14229.735114066745 14232.777777777797 14232.777777777797 
48.00614998255853 4.0 0.0 0.0 134.0 14230.039380437867 14232.777777777797 14232.777777777797 
49.00614998255853 4.0 0.0 0.0 134.0 14230.313220171838 14232.777777777797 14232.777777777797 
50.00614998255853 4.0 0.0 0.0 134.0 14230.559675932467 14232.777777777797 14232.777777777797 
51.00614998255853 4.0 0.0 0.0 134.0 14230.78148611698 14232.777777777797 14232.777777777797 
52.00614998255853 4.0 0.0 0.0 135.0 14230.981115283055 14232.777777777797 14232.777777777797 
53.00614998255853 4.0 0.0 0.0 135.0 14231.160781532531 14232.777777777797 14232.777777777797 
54.00614998255853 4.0 0.0 0.0 135.0 14231.322481157076 14232.777777777797 14232.777777777797 
55.00614998255853 4.0 0.0 1.0 135.0 14231.468010819124 14232.777777777797 14232.777777777797 
56.00614998255853 4.0 0.0 1.0 135.0 14231.286394922407 14229.651851851839 14232.777777777797 
57.00614998255853 4.0 0.0 1.0 135.0 14231.122940615376 14229.651851851839 14232.777777777797 
58.00614998255853 4.0 0.0 1.0 135.0 14230.975831738991 14229.651851851839 14232.777777777797 
59.00614998255853 4.0 0.0 2.0 135.0 14230.843433750253 14229.651851851839 14232.777777777797 
60.00614998255853 4.0 0.0 2.0 135.0 14230.411682967875 14226.525925925918 14232.777777777797 
61.00614998255853 4.0 0.0 2.0 134.0 14230.023107263656 14226.525925925918 14232.777777777797 
62.00614998255853 4.0 0.0 2.0 134.0 14229.673389129875 14226.525925925918 14232.777777777797 
63.00614998255853 4.0 0.0 3.0 134.0 14229.35864280949 14226.525925925918 14232.777777777797 
64.00614998255853 4.0 0.0 3.0 134.0 14228.762778528557 14223.400000000001 14232.777777777797 
65.00614998255853 4.0 0.0 3.0 133.0 14228.226500675679 14223.400000000001 14232.777777777797 
66.00614998255853 4.0 0.0 3.0 133.0 14227.743850608105 14223.400000000001 14232.777777777797 
67.00614998255853 5.0 0.0 3.0 133.0 14227.30946554729 14223.400000000001 14232.777777777797 
68.00614998255853 5.0 0.0 3.0 133.0 14226.918518992557 14223.400000000001 14232.777777777797 
69.00614998255853 5.0 0.0 4.0 132.0 14226.5666670933 14223.400000000001 14232.777777777797 
70.00614998255853 5.0 0.0 4.0 133.0 14225.937407791396 14220.274074074052 14232.777777777797 
71.00614998255853 6.0 0.0 3.0 133.0 14225.371074419638 14220.274074074052 14232.777777777797 
72.00614998255853 6.0 0.0 3.0 133.0 14225.173966977667 14223.400000000001 14232.777777777797 
73.00614998255853 8.0 0.0 1.0 132.0 14224.996570279929 14223.400000000001 14232.777777777797 
74.00614998255853 9.0 0.0 0.0 134.0 14225.46209843711 14229.651851851839 14232.777777777797 
75.00614998255853 9.0 0.0 0.0 134.0 14226.193666371177 14232.777777777797 14232.777777777797 
76.00614998255853 9.0 0.0 0.0 134.0 14226.852077511849 14232.777777777797 14232.777777777797 
77.00614998255853 9.0 0.0 0.0 134.0 14227.444647538416 14232.777777777797 14232.777777777797 
78.00614998255853 9.0 0.0 0.0 134.0 14227.977960562388 14232.777777777797 14232.777777777797 
79.00614998255853 9.0 0.0 0.0 134.0 14228.457942283894 14232.777777777797 14232.777777777797 
80.00614998255853 9.0 0.0 1.0 135.0 14228.889925833277 14232.777777777797 14232.777777777797 
81.00614998255853 9.0 0.0 1.0 135.0 14228.966118435159 14229.651851851839 14232.777777777797 
82.00614998255853 9.0 0.0 2.0 135.0 14229.034691776806 14229.651851851839 14232.777777777797 
83.00614998255853 9.0 0.0 2.0 135.0 14228.783815191735 14226.525925925918 14232.777777777797 
84.00614998255853 10.0 0.0 1.0 135.0 14228.558026265173 14226.525925925918 14232.777777777797 
85.00614998255853 10.0 0.0 2.0 135.0 14228.667408823821 14229.651851851839 14232.777777777797 
86.00614998255853 10.0 0.0 2.0 135.0 14228.453260534065 14226.525925925918 14232.777777777797 
87.00614998255853 10.0 0.0 3.0 135.0 14228.260527073251 14226.525925925918 14232.777777777797 
88.00614998255853 11.0 0.0 2.0 134.0 14226.325585476987 14208.911111111145 14232.777777777797 
89.00614998255853 11.0 0.0 2.0 134.0 14226.345619521904 14226.525925925918 14232.777777777797 
90.00614998255853 11.0 0.0 2.0 134.0 14226.363650162299 14226.525925925918 14232.777777777797 
91.00614998255853 12.0 0.0 1.0 133.0 14226.379877738675 14226.525925925918 14232.777777777797 
92.00614998255853 12.0 0.0 1.0 133.0 14226.707075149987 14229.651851851839 14232.777777777797 
93.00614998255853 12.0 0.0 1.0 133.0 14227.001552820151 14229.651851851839 14232.777777777797 
94.00614998255853 12.0 0.0 1.0 133.0 14227.266582723343 14229.651851851839 14232.777777777797 
95.00614998255853 12.0 0.0 1.0 134.0 14227.505109636188 14229.651851851839 14232.777777777797 
96.00614998255853 12.0 0.0 1.0 134.0 14227.719783857745 14229.651851851839 14232.777777777797 
97.00614998255853 12.0 0.0 1.0 134.0 14227.912990657182 14229.651851851839 14232.777777777797 
98.00614998255853 13.0 0.0 0.0 134.0 14228.086876776637 14229.651851851839 14232.777777777797 
99.00614998255853 13.0 0.0 0.0 134.0 14228.555966876742 14232.777777777797 14232.777777777797 
100.00614998255853 13.0 0.0 0.0 134.0 14228.978147966845 14232.777777777797 14232.777777777797 
101.00614998255853 13.0 0.0 0.0 134.0 14229.358110947915 14232.777777777797 14232.777777777797 
102.00614998255853 13.0 0.0 0.0 134.0 14229.700077630916 14232.777777777797 14232.777777777797 
103.00614998255853 13.0 0.0 0.0 135.0 14230.007847645602 14232.777777777797 14232.777777777797 
104.00614998255853 13.0 0.0 0.0 135.0 14230.284840658856 14232.777777777797 14232.777777777797 
105.00614998255853 13.0 0.0 0.0 135.0 14230.534134370715 14232.777777777797 14232.777777777797 
106.00614998255853 13.0 0.0 1.0 135.0 14230.75849871143 14232.777777777797 14232.777777777797 
107.00614998255853 13.0 0.0 1.0 135.0 14230.647834025469 14229.651851851839 14232.777777777797 
108.00614998255853 13.0 0.0 2.0 135.0 14230.548235808108 14229.651851851839 14232.777777777797 
109.00614998255853 13.0 0.0 3.0 135.0 14230.146745560602 14226.533333333318 14232.777777777797 
110.00614998255853 13.0 0.0 4.0 134.0 14229.472811745298 14223.407407407401 14232.777777777797 
111.00614998255853 13.0 0.0 6.0 134.0 14227.104789830028 14205.792592592627 14232.777777777797 
112.00614998255853 13.0 0.0 7.0 134.0 14221.452088624821 14170.577777777764 14232.777777777797 
113.00614998255853 14.0 0.0 7.0 134.0 14216.364657540105 14170.577777777764 14232.777777777797 
114.00614998255853 19.0 0.0 4.0 134.0 14215.30745104535 14205.792592592627 14232.777777777797 
115.00614998255853 21.0 0.0 6.0 134.0 14214.355965200062 14205.792592592627 14232.777777777797 
116.00614998255853 22.0 0.0 7.0 134.0 14209.97740571709 14170.570370370371 14232.777777777797 
117.00614998255853 24.0 0.0 8.0 133.0 14208.934479960197 14199.54814814815 14232.777777777797 
118.00614998255853 28.0 0.0 9.0 133.0 14204.785476408619 14167.444444444414 14232.777777777797 
119.00614998255853 30.0 0.0 12.0 133.0 14196.081002841844 14117.740740740734 14232.777777777797 
120.00614998255853 33.0 0.0 15.0 133.0 14183.27660626137 14068.037037037015 14232.777777777797 
121.00614998255853 37.0 0.0 14.0 133.0 14171.440056746329 14064.911111111145 14232.777777777797 
122.00614998255853 41.0 0.0 14.0 133.0 14162.547902923567 14082.518518518522 14232.777777777797 
123.00614998255853 43.0 0.0 17.0 133.0 14154.233853371934 14079.407407407401 14232.777777777797 
124.00614998255853 50.0 0.0 13.0 132.0 14153.170468034778 14143.599999999999 14232.777777777797 
125.00614998255853 53.0 0.0 12.0 132.0 14148.69045826831 14108.370370370389 14232.777777777797 
126.00614998255853 57.0 0.0 12.0 132.0 14148.493264293345 14146.718518518519 14232.777777777797 
127.00614998255853 61.0 0.0 10.0 132.0 14145.104678604732 14114.607407407428 14232.777777777797 
128.00614998255853 63.0 0.0 12.0 132.0 14142.367544077615 14117.733333333343 14232.777777777797 
129.00614998255853 70.0 0.0 7.0 132.0 14143.738197077224 14156.074074074071 14232.777777777797 
130.00614998255853 71.0 0.0 7.0 133.0 14144.971784776932 14156.074074074071 14232.777777777797 
131.00614998255853 73.0 0.0 6.0 132.0 14147.53090259555 14170.562962962935 14232.777777777797 
132.00614998255853 75.0 0.0 10.0 132.0 14151.594849373032 14188.17037037036 14232.777777777797 
133.00614998255853 80.0 0.0 11.0 132.0 14146.759808880162 14103.244444444439 14232.777777777797 
134.00614998255853 85.0 0.0 11.0 133.0 14142.721605769924 14106.377777777787 14232.777777777797 
135.00614998255853 90.0 0.0 10.0 132.0 14136.388704452182 14079.392592592572 14232.777777777797 
136.00614998255853 94.0 0.0 13.0 132.0 14132.763167340303 14100.13333333335 14232.777777777797 
137.00375969100037 96.0 0.0 15.0 132.0 14121.006850606254 14015.200000000026 14232.777777777797 
138.00614998255853 105.0 0.0 13.0 132.0 14117.471350730813 14085.651851851839 14232.777777777797 
139.00614998255853 112.0 0.0 9.0 132.0 14110.766437879953 14050.422222222236 14232.777777777797 
140.00614998255853 115.0 0.0 14.0 132.0 14111.775720017902 14120.859259259254 14232.777777777797 
141.00614998255853 122.0 0.0 10.0 132.0 14105.641110979097 14050.429629629629 14232.777777777797 
142.00614998255853 125.0 0.0 13.0 132.0 14103.953296177462 14088.76296296296 14232.777777777797 
143.00614998255853 129.0 0.0 10.0 132.0 14100.673522115292 14071.155555555531 14232.777777777797 
144.00614998255853 133.0 0.0 8.0 133.0 14103.004688422254 14123.985185185162 14232.777777777797 
145.00614998255853 139.0 0.0 7.0 133.0 14108.31162698744 14156.074074074071 14232.777777777797 
146.00614998255853 141.0 0.0 11.0 132.0 14112.150834659049 14146.70370370372 14232.777777777797 
147.00614998255853 146.0 0.0 9.0 132.0 14110.323158600557 14093.874074074081 14232.777777777797 
148.00614998255853 148.0 0.0 11.0 132.0 14110.752324221998 14114.614814814824 14232.777777777797 
149.00614998255853 151.0 0.0 15.0 132.0 14109.377832540527 14097.0074074074 14232.777777777797 
150.00614998255853 160.0 0.0 10.0 132.0 14102.857827064261 14044.17777777776 14232.777777777797 
151.00614998255853 167.0 0.0 5.0 132.0 14107.867599913392 14152.95555555556 14232.777777777797 
152.00614998255853 170.0 0.0 9.0 132.0 14114.448988070175 14173.681481481453 14232.777777777797 
153.00614998255853 173.0 0.0 11.0 132.0 14111.880385559458 14088.76296296296 14232.777777777797 
154.00614998255853 177.0 0.0 16.0 132.0 14106.047161818344 14053.54814814815 14232.777777777797 
155.00614998255853 184.0 0.0 15.0 132.0 14093.751334525388 13983.088888888855 14232.777777777797 
156.00492768269578 190.0 0.0 13.0 132.0 14089.729534406175 14053.53333333332 14232.777777777797 
157.00614998255853 197.0 0.0 13.0 133.0 14089.632877261885 14088.76296296296 14232.777777777797 
158.00614998255853 204.0 0.0 8.0 132.0 14090.369589535685 14097.0 14232.777777777797 
159.00614998255853 206.0 0.0 15.0 132.0 14096.316334285833 14149.83703703704 14232.777777777797 
160.00614998255853 217.0 0.0 9.0 133.0 14092.863219375768 14061.785185185188 14232.777777777797 
161.00614998255853 221.0 0.0 8.0 132.0 14099.696156697437 14161.19259259259 14232.777777777797 
162.00614998255853 222.0 0.0 12.0 131.0 14104.08505954623 14143.5851851852 14232.777777777797 
163.00614998255853 225.0 0.0 17.0 131.0 14102.75284988788 14090.76296296296 14232.777777777797 
164.00564648289802 236.0 0.0 14.0 131.0 14094.820527862064 14023.429629629629 14232.777777777797 
165.00415830623027 240.0 0.0 20.0 131.0 14087.994771372149 14026.562962962935 14232.777777777797 
166.00614998255853 249.0 0.0 16.0 131.0 14078.641220160867 13994.459259259243 14232.777777777797 
167.00614998255853 256.0 0.0 15.0 132.0 14073.745246292918 14029.681481481453 14232.777777777797 
168.00614998255853 264.0 0.0 12.0 131.0 14073.372943885852 14070.022222222226 14232.777777777797 
169.00614998255853 270.0 0.0 13.0 132.0 14078.320093941702 14122.844444444469 14232.777777777797 
170.00614998255853 275.0 0.0 19.0 131.0 14082.148084547549 14116.599999999999 14232.777777777797 
171.00614998255853 280.0 0.0 23.0 130.0 14071.505868685364 13975.725925925948 14232.777777777797 
172.00614998255853 281.0 0.0 30.0 130.0 14059.030837372393 13946.755555555561 14232.777777777797 
173.00614998255853 293.0 0.0 27.0 130.0 14042.520346227728 13893.925925925929 14232.777777777797 
174.00614998255853 306.0 0.0 21.0 130.0 14034.704607901285 13964.36296296296 14232.777777777797 
175.00614998255853 315.0 0.0 21.0 130.0 14024.460073037066 13932.259259259268 14232.777777777797 
176.00614998255853 322.0 0.0 25.0 130.0 14029.015547214842 14070.014814814838 14232.777777777797 
177.00614998255853 330.0 0.0 30.0 130.0 14016.641399900775 13905.274074074052 14232.777777777797 
178.00614998255853 335.0 0.0 34.0 129.0 14008.715037688467 13937.377777777787 14232.777777777797 
179.0006807857355 351.0 0.0 24.0 127.0 13998.059830215921 13902.16296296296 14232.777777777797 
180.00614998255853 358.0 0.0 26.0 116.0 14005.767180527666 14075.13333333335 14232.777777777797 
181.00561194048385 363.0 0.0 27.0 127.0 13994.380092104522 13891.896296296318 14232.777777777797 
182.00614998255853 370.0 0.0 27.0 116.0 13993.448008820016 13985.059259259278 14232.777777777797 
183.00614998255853 381.0 0.0 23.0 126.0 13992.609133863927 13985.059259259278 14232.777777777797 
184.00614998255853 389.0 0.0 27.0 112.0 13989.259331588648 13959.11111111112 14232.777777777797 
185.00614998255853 398.0 0.0 28.0 113.0 13982.197102133476 13918.63703703704 14232.777777777797 
186.00614998255853 407.0 0.0 25.0 111.0 13989.928503031251 14059.511111111091 14232.777777777797 
187.00614998255853 415.0 0.0 27.0 112.0 13988.205282357747 13972.696296296284 14232.777777777797 
188.00614998255853 419.0 0.0 31.0 110.0 13991.202531899737 14018.17777777776 14232.777777777797 
189.00614998255853 428.0 0.0 30.0 111.0 13985.19487130237 13931.125925925919 14232.777777777797 
190.00614998255853 437.0 0.0 29.0 110.0 13982.90723602396 13962.318518518547 14232.777777777797 
191.00614998255853 444.0 0.0 32.0 108.0 13968.643179088247 13840.266666666654 14232.777777777797 
192.00614998255853 449.0 0.0 37.0 102.0 13965.83812043868 13940.592592592599 14232.777777777797 
193.00614998255853 460.0 0.0 31.0 121.0 13948.409863950374 13791.555555555584 14232.777777777797 
194.00614998255853 470.0 0.0 29.0 96.0 13954.57035903683 14010.014814814838 14232.777777777797 
195.00614998255853 477.0 0.0 40.0 111.0 13957.61850831833 13985.05185185184 14232.777777777797 
196.00614998255853 486.0 0.0 34.0 111.0 13954.033694523527 13921.770370370361 14232.777777777797 
197.00614998255853 496.0 0.0 43.0 107.0 13938.097732478573 13794.674074074104 14232.777777777797 
198.00614998255853 506.0 0.0 43.0 93.0 13924.992403675162 13807.044444444438 14232.777777777797 
199.00614998255853 516.0 0.0 42.0 97.0 13906.677607752075 13741.844444444467 14232.777777777797 
200.00614998255853 525.0 0.0 43.0 112.0 13892.457254384302 13764.474074074082 14232.777777777797 
201.00614998255853 540.0 0.0 38.0 107.0 13871.166343760682 13679.548148148151 14232.777777777797 
202.00614998255853 549.0 0.0 37.0 93.0 13865.882301977197 13818.325925925896 14232.777777777797 
203.00614998255853 561.0 0.0 31.0 97.0 13868.693331038749 13893.992592592598 14232.777777777797 
204.00614998255853 573.0 0.0 26.0 107.0 13874.74547941636 13929.214814814812 14232.777777777797 
205.00614998255853 580.0 0.0 28.0 93.0 13886.815375919163 13995.444444444414 14232.777777777797 
206.00614998255853 590.0 0.0 30.0 103.0 13903.274579067998 14051.407407407401 14232.777777777797 
207.00614998255853 595.0 0.0 35.0 94.0 13909.594528568592 13966.474074074082 14232.777777777797 
208.00614998255853 602.0 0.0 38.0 93.0 13908.037297933952 13894.022222222227 14232.777777777797 
209.00614998255853 613.0 0.0 44.0 108.0 13892.546901473903 13753.133333333348 14232.777777777797 
210.00614998255853 627.0 0.0 41.0 94.0 13859.546285400558 13562.540740740757 14232.777777777797 
211.00614998255853 639.0 0.0 43.0 100.0 13844.124249453114 13705.325925925896 14232.777777777797 
212.00614998255853 653.0 0.0 38.0 97.0 13827.869602285591 13681.577777777764 14232.777777777797 
213.00614998255853 663.0 0.0 39.0 93.0 13814.178197612597 13690.955555555562 14232.777777777797 
214.00614998255853 672.0 0.0 44.0 93.0 13804.283340814281 13715.229629629639 14232.777777777797 
215.00614998255853 686.0 0.0 42.0 108.0 13788.332043769884 13644.770370370363 14232.777777777797 
216.00075586649356 700.0 0.0 40.0 95.0 13764.124024578072 13546.251851851868 14232.777777777797 
217.00614998255853 713.0 0.0 41.0 106.0 13742.325696194372 13546.14074074075 14232.777777777797 
218.00017316570217 724.0 0.0 44.0 110.0 13715.14127472306 13470.481481481484 14232.777777777797 
219.00614998255853 740.0 0.0 38.0 97.0 13710.444925028547 13668.177777777762 14232.777777777797 
220.00614998255853 751.0 0.0 40.0 106.0 13701.135988081236 13617.355555555561 14232.777777777797 
221.00614998255853 760.0 0.0 36.0 92.0 13704.036463347198 13730.140740740748 14232.777777777797 
222.00614998255853 768.0 0.0 47.0 92.0 13697.248372568014 13636.155555555533 14232.777777777797 
223.00614998255853 779.0 0.0 51.0 100.0 13684.808720496412 13572.851851851858 14232.777777777797 
224.00614998255853 794.0 0.0 43.0 96.0 13666.156737335663 13498.288888888881 14232.777777777797 
225.00614998255853 813.0 0.0 34.0 78.0 13681.458841379868 13819.17777777776 14232.777777777797 
226.00614998255853 819.0 0.0 42.0 76.0 13703.512957241888 13902.0 14232.777777777797 
227.00614998255853 829.0 0.0 45.0 80.0 13716.62906892509 13834.674074074104 14232.777777777797 
228.0019087456545 837.0 0.0 53.0 92.0 13717.98912499555 13730.229629629637 14232.777777777797 
229.00614998255853 854.0 0.0 50.0 104.0 13709.483545829347 13632.933333333322 14232.777777777797 
230.00614998255853 874.0 0.0 41.0 77.0 13716.105561616776 13775.703703703719 14232.777777777797 
231.00614998255853 879.0 0.0 56.0 77.0 13731.183153603248 13866.88148148148 14232.777777777797 
232.00614998255853 891.0 0.0 62.0 100.0 13708.227060465137 13501.62222222221 14232.777777777797 
233.00614998255853 910.0 0.0 53.0 76.0 13674.00213219639 13365.977777777769 14232.777777777797 
234.00614998255853 924.0 0.0 56.0 81.0 13661.835993050841 13552.340740740723 14232.777777777797 
235.00614998255853 943.0 0.0 55.0 70.0 13657.406467819834 13617.540740740757 14232.777777777797 
236.00614998255853 958.0 0.0 50.0 63.0 13657.899895111912 13662.340740740723 14232.777777777797 
237.00614998255853 965.0 0.0 54.0 60.0 13669.354350045169 13772.444444444416 14232.777777777797 
238.00614998255853 977.0 0.0 61.0 72.0 13660.223359485079 13578.044444444437 14232.777777777797 
239.00614998255853 985.0 0.0 66.0 74.0 13633.66176427731 13394.607407407426 14232.777777777797 
240.00614998255853 998.0 0.0 66.0 72.0 13601.474106368103 13311.785185185194 14232.777777777797 
241.00614998255853 1010.0 0.0 69.0 59.0 13571.077066101672 13297.50370370369 14232.777777777797 
242.00614998255853 1030.0 0.0 63.0 66.0 13561.330100232235 13473.607407407428 14232.777777777797 
243.00614998255853 1044.0 0.0 62.0 68.0 13543.594867986783 13383.977777777769 14232.777777777797 
244.00614998255853 1057.0 0.0 64.0 51.0 13526.05019600293 13368.148148148144 14232.777777777797 
245.00614998255853 1064.0 0.0 68.0 88.0 13480.888139365605 13074.429629629636 14232.777777777797 
246.00614998255853 1087.0 0.0 59.0 77.0 13437.277843947571 13044.785185185194 14232.777777777797 
247.00614998255853 1097.0 0.0 66.0 49.0 13417.35968918243 13238.096296296288 14232.777777777797 
248.00614998255853 1113.0 0.0 65.0 59.0 13384.107423967891 13084.837037037047 14232.777777777797 
249.00614998255853 1126.0 0.0 68.0 75.0 13379.861126015547 13341.644444444439 14232.777777777797 
250.00614998255853 1138.0 0.0 67.0 59.0 13410.715013413992 13688.399999999998 14232.777777777797 
251.00614998255853 1151.0 0.0 74.0 62.0 13408.973882442977 13393.303703703716 14232.777777777797 
252.00614998255853 1161.0 0.0 81.0 54.0 13382.47204975423 13143.955555555565 14232.777777777797 
253.00614998255853 1177.0 0.0 82.0 53.0 13372.866326260284 13286.414814814807 14232.777777777797 
254.00614998255853 1196.0 0.0 77.0 52.0 13356.109323263896 13205.296296296287 14232.777777777797 
255.00614998255853 1212.0 0.0 71.0 68.0 13380.320613159718 13598.222222222203 14232.777777777797 
256.00614998255855 1233.0 0.0 65.0 63.0 13389.782625917827 13474.940740740725 14232.777777777797 
257.00614998255855 1243.0 0.0 67.0 47.0 13410.191770733454 13593.87407407408 14232.777777777797 
258.00614998255855 1249.0 0.0 75.0 55.0 13405.026667734188 13358.540740740757 14232.777777777797 
259.00614998255855 1258.0 0.0 88.0 82.0 13396.806223182994 13322.822222222236 14232.777777777797 
260.00431313937196 1274.0 0.0 94.0 58.0 13343.621156420242 12864.955555555569 14232.777777777797 
261.00614998255855 1288.0 0.0 100.0 33.0 13312.868670407848 13036.096296296286 14232.777777777797 
262.00614998255855 1305.0 0.0 100.0 39.0 13289.381062626306 13077.992592592593 14232.777777777797 
263.00614998255855 1328.0 0.0 92.0 62.0 13278.216289697031 13177.73333333335 14232.777777777797 
264.00614998255855 1345.0 0.0 93.0 77.0 13244.307253319917 12939.125925925928 14232.777777777797 
265.00614998255855 1364.0 0.0 104.0 43.0 13230.109120580511 13102.325925925896 14232.777777777797 
266.00614998255855 1383.0 0.0 103.0 41.0 13242.82043074469 13357.222222222203 14232.777777777797 
267.00614998255855 1409.0 0.0 95.0 65.0 13227.940609892437 13094.022222222231 14232.777777777797 
268.0046768615238 1427.0 0.0 96.0 63.0 13209.022104458752 13038.755555555552 14232.777777777797 
269.00614998255855 1444.0 0.0 97.0 56.0 13137.333968086945 12492.140740740759 14232.777777777797 
270.00614998255855 1459.0 0.0 103.0 53.0 13085.213904611603 12616.133333333348 14232.777777777797 
271.00614998255855 1479.0 0.0 95.0 53.0 13055.57103266895 12788.785185185197 14232.777777777797 
272.00614998255855 1506.0 0.0 89.0 46.0 13050.757633105759 13007.437037037063 14232.777777777797 
273.00614998255855 1526.0 0.0 96.0 66.0 13040.721129054442 12950.392592592574 14232.777777777797 
274.00614998255855 1551.0 0.0 93.0 56.0 13045.376423556414 13087.274074074054 14232.777777777797 
275.00614998255855 1568.0 0.0 97.0 54.0 13022.649892311874 12818.11111111111 14232.777777777797 
276.00230850405484 1593.0 0.0 90.0 56.0 12996.653791969582 12762.68888888888 14232.777777777797 
277.00614998255855 1612.0 0.0 92.0 60.0 12996.228412772613 12992.399999999992 14232.777777777797 
278.00245705631664 1635.0 0.0 93.0 60.0 12981.125571495351 12845.200000000024 14232.777777777797 
279.00614998255855 1661.0 0.0 88.0 67.0 12990.928569901382 13079.155555555533 14232.777777777797 
280.00614998255855 1680.0 0.0 90.0 49.0 13016.59423142976 13247.585185185193 14232.777777777797 
281.00614998255855 1698.0 0.0 92.0 46.0 13045.954808286784 13310.200000000026 14232.777777777797 
282.00614998255855 1726.0 0.0 86.0 50.0 13061.72969782847 13203.703703703713 14232.777777777797 
283.00130359740035 1746.0 0.0 83.0 43.0 13082.024135453034 13264.674074074104 14232.777777777797 
284.00614998255855 1759.0 0.0 96.0 56.0 13046.629129315144 12728.07407407408 14232.777777777797 
285.00614998255855 1778.0 0.0 95.0 57.0 13026.243994161403 12842.777777777796 14232.777777777797 
286.00614998255855 1800.0 0.0 93.0 47.0 13027.425520671188 13038.05925925927 14232.777777777797 
287.00614998255855 1815.0 0.0 104.0 63.0 13023.396301937408 12987.133333333348 14232.777777777797 
288.00614998255855 1844.0 0.0 95.0 55.0 12996.373708780693 12753.17037037036 14232.777777777797 
289.00614998255855 1862.0 0.0 106.0 61.0 12992.058560124859 12953.222222222203 14232.777777777797 
290.00614998255855 1883.0 0.0 112.0 64.0 12964.124555964212 12712.71851851853 14232.777777777797 
291.00614998255855 1908.0 0.0 108.0 78.0 12903.01580407151 12353.037037037016 14232.777777777797 
292.00614998255855 1936.0 0.0 107.0 55.0 12863.11422366434 12504.0 14232.777777777797 
293.00614998255855 1965.0 0.0 99.0 44.0 12803.861319816431 12270.585185185182 14232.777777777797 
294.00614998255855 1984.0 0.0 102.0 63.0 12767.206298945894 12437.311111111121 14232.777777777797 
295.00614998255855 2012.0 0.0 89.0 46.0 12744.850854236493 12543.651851851851 14232.777777777797 
296.00614998255855 2038.0 0.0 86.0 47.0 12762.405028072108 12920.392592592574 14232.777777777797 
297.00614998255855 2057.0 0.0 82.0 57.0 12817.93119193156 13317.66666666667 14232.777777777797 
298.00614998255855 2073.0 0.0 90.0 35.0 12846.680294960626 13105.422222222236 14232.777777777797 
299.0015607207605 2089.0 0.0 100.0 31.0 12840.124117316409 12781.11851851852 14232.777777777797 
300.00614998255855 2116.0 0.0 103.0 53.0 12833.771705584762 12776.60000000001 14232.777777777797 
301.00614998255855 2137.0 0.0 105.0 40.0 12824.81305354481 12744.185185185197 14232.777777777797 
302.00614998255855 2158.0 0.0 118.0 45.0 12811.488044486636 12691.562962962937 14232.777777777797 
303.00614998255855 2192.0 0.0 107.0 26.0 12773.369610408345 12430.303703703716 14232.777777777797 
304.00614998255855 2216.0 0.0 102.0 58.0 12737.017834552693 12409.851851851867 14232.777777777797 
305.00614998255855 2240.0 0.0 99.0 67.0 12686.580495541853 12232.644444444439 14232.777777777797 
306.00614998255855 2269.0 0.0 91.0 38.0 12695.680964506191 12777.58518518519 14232.777777777797 
307.00614998255855 2292.0 0.0 91.0 34.0 12700.789905092626 12746.77037037037 14232.777777777797 
308.00614998255855 2315.0 0.0 87.0 34.0 12712.390173842603 12816.792592592625 14232.777777777797 
309.00614998255855 2337.0 0.0 84.0 35.0 12704.676341643531 12635.251851851868 14232.777777777797 
310.00614998255855 2353.0 0.0 89.0 50.0 12726.725744516214 12925.17037037036 14232.777777777797 
311.00614998255855 2382.0 0.0 77.0 74.0 12758.373170064591 13043.200000000026 14232.777777777797 
312.00614998255855 2402.0 0.0 88.0 63.0 12806.901038243323 13243.651851851846 14232.777777777797 
313.00614998255855 2420.0 0.0 99.0 37.0 12832.250193678257 13060.392592592572 14232.777777777797 
314.00614998255855 2437.0 0.0 104.0 54.0 12860.299989125246 13112.748148148132 14232.777777777797 
315.00614998255855 2469.0 0.0 96.0 59.0 12843.913693916424 12696.437037037063 14232.777777777797 
316.00614998255855 2490.0 0.0 94.0 68.0 12822.265287487733 12627.429629629638 14232.777777777797 
317.00614998255855 2517.0 0.0 91.0 74.0 12818.802462442669 12787.637037037031 14232.777777777797 
318.00571807853396 2546.0 0.0 85.0 44.0 12838.053327309513 13011.311111111117 14232.777777777797 
319.00614998255855 2569.0 0.0 88.0 55.0 12834.087253837812 12798.392592592574 14232.777777777797 
320.00614998255855 2587.0 0.0 96.0 54.0 12838.902232157736 12882.23703703704 14232.777777777797 
321.00614998255855 2610.0 0.0 97.0 55.0 12853.469045979014 12984.570370370366 14232.777777777797 
322.00614998255855 2645.0 0.0 84.0 45.0 12844.942141381114 12768.200000000024 14232.777777777797 
323.00614998255855 2662.0 0.0 91.0 50.0 12859.272371687432 12988.244444444445 14232.777777777797 
324.00614998255855 2672.0 0.0 111.0 74.0 12863.651060444621 12903.05925925927 14232.777777777797 
325.00614998255855 2700.0 0.0 113.0 51.0 12833.581509955724 12562.95555555557 14232.777777777797 
326.00614998255855 2720.0 0.0 123.0 62.0 12773.995210812007 12237.718518518534 14232.777777777797 
327.00353862478994 2754.0 0.0 118.0 49.0 12695.344578619692 11987.488888888905 14232.777777777797 
328.00614998255855 2792.0 0.0 103.0 41.0 12667.30641705401 12414.962962962984 14232.777777777797 
329.00614998255855 2817.0 0.0 106.0 69.0 12605.787627200463 12052.11851851852 14232.777777777797 
330.00614998255855 2851.0 0.0 102.0 56.0 12558.505160776725 12132.962962962984 14232.777777777797 
331.00614998255855 2880.0 0.0 95.0 47.0 12559.027978032382 12563.733333333355 14232.777777777797 
332.0033621340331 2900.0 0.0 98.0 48.0 12565.883698747664 12627.585185185188 14232.777777777797 
333.00614998255855 2924.0 0.0 97.0 58.0 12579.31014368769 12700.148148148137 14232.777777777797 
334.00377281415984 2953.0 0.0 88.0 83.0 12601.204314504113 12798.251851851868 14232.777777777797 
335.00614998255855 2980.0 0.0 87.0 58.0 12578.672771942604 12375.888888888896 14232.777777777797 
336.0010888419195 2999.0 0.0 102.0 58.0 12569.55956882242 12487.540740740757 14232.777777777797 
337.00614998255855 3024.0 0.0 106.0 67.0 12524.519908236472 12119.162962962942 14232.777777777797 
338.00614998255855 3047.0 0.0 103.0 66.0 12472.004954449867 11999.370370370385 14232.777777777797 
339.00614998255855 3081.0 0.0 97.0 62.0 12480.316310856728 12555.11851851852 14232.777777777797 
340.00614998255855 3111.0 0.0 93.0 66.0 12528.447642734012 12961.629629629613 14232.777777777797 
341.00614998255855 3136.0 0.0 94.0 56.0 12548.179915497649 12725.770370370372 14232.777777777797 
342.00614998255855 3165.0 0.0 96.0 65.0 12563.355998021954 12699.940740740733 14232.777777777797 
343.00614998255855 3193.0 0.0 96.0 87.0 12548.291509330877 12412.711111111119 14232.777777777797 
344.0037300825704 3228.0 0.0 87.0 66.0 12557.029025064463 12635.666666666677 14232.777777777797 
345.00614998255855 3245.0 0.0 107.0 57.0 12597.768344780237 12964.422222222236 14232.777777777797 
346.00614998255855 3267.0 0.0 106.0 60.0 12609.164843635543 12711.733333333354 14232.777777777797 
347.00614998255855 3301.0 0.0 98.0 78.0 12588.089840753468 12398.414814814814 14232.777777777797 
348.00614998255855 3330.0 0.0 95.0 92.0 12578.941597418865 12496.607407407426 14232.777777777797 
349.00614998255855 3358.0 0.0 88.0 66.0 12587.016326565868 12659.68888888888 14232.777777777797 
350.00614998255855 3378.0 0.0 97.0 58.0 12596.123582798165 12678.088888888857 14232.777777777797 
351.00614998255855 3407.0 0.0 95.0 55.0 12595.357150444273 12588.459259259243 14232.777777777797 
352.00614998255855 3426.0 0.0 105.0 75.0 12607.494768733193 12716.733333333354 14232.777777777797 
353.00614998255855 3457.0 0.0 92.0 84.0 12606.434921489505 12596.896296296316 14232.777777777797 
354.00614998255855 3484.0 0.0 87.0 64.0 12589.492170081296 12437.007407407415 14232.777777777797 
355.00614998255855 3505.0 0.0 85.0 57.0 12596.380730850933 12658.377777777796 14232.777777777797 
356.00293999436667 3533.0 0.0 83.0 64.0 12615.532287395474 12787.896296296316 14232.777777777797 
357.0021227307353 3560.0 0.0 86.0 59.0 12608.96128087814 12549.822222222227 14232.777777777797 
358.00614998255855 3583.0 0.0 93.0 58.0 12637.517745382916 12894.525925925918 14232.777777777797 
359.00614998255855 3610.0 0.0 93.0 50.0 12645.9637486224 12721.977777777764 14232.777777777797 
360.00614998255855 3632.0 0.0 102.0 65.0 12671.328114500899 12899.607407407426 14232.777777777797 
361.00614998255855 3666.0 0.0 89.0 47.0 12668.808636384145 12646.133333333348 14232.777777777797 
362.00614998255855 3686.0 0.0 96.0 66.0 12679.413698671675 12774.859259259245 14232.777777777797 
363.00614998255855 3707.0 0.0 109.0 73.0 12686.218995471174 12747.466666666669 14232.777777777797 
364.00614998255855 3739.0 0.0 109.0 53.0 12687.2178366648 12696.207407407377 14232.777777777797 
365.00614998255855 3758.0 0.0 117.0 57.0 12704.29160855387 12857.955555555569 14232.777777777797 
366.00614998255855 3788.0 0.0 119.0 45.0 12656.646151402185 12227.837037037054 14232.777777777797 
367.0035752265056 3810.0 0.0 118.0 58.0 12605.976351076788 12149.94814814816 14232.777777777797 
368.00614998255855 3846.0 0.0 110.0 52.0 12574.251308561701 12288.725925925946 14232.777777777797 
369.0011814296632 3880.0 0.0 105.0 61.0 12539.276548075884 12224.503703703684 14232.777777777797 
370.00614998255855 3916.0 0.0 96.0 60.0 12536.243708083108 12508.94814814816 14232.777777777797 
371.0009387742832 3946.0 0.0 105.0 57.0 12560.308966904448 12776.896296296316 14232.777777777797 
372.00328195684506 3976.0 0.0 101.0 49.0 12606.983255399187 13027.05185185184 14232.777777777797 
373.00614998255855 3996.0 0.0 114.0 50.0 12642.59233726667 12963.074074074078 14232.777777777797 
374.00614998255855 4031.0 0.0 111.0 68.0 12647.510140577027 12691.77037037037 14232.777777777797 
375.00614998255855 4058.0 0.0 118.0 74.0 12631.983570963786 12492.244444444452 14232.777777777797 
376.00614998255855 4092.0 0.0 114.0 69.0 12632.256324978503 12634.711111111119 14232.777777777797 
377.00614998255855 4120.0 0.0 110.0 71.0 12641.861062851032 12728.303703703716 14232.777777777797 
378.00614998255855 4153.0 0.0 113.0 65.0 12647.437919528888 12697.629629629613 14232.777777777797 
379.00614998255855 4189.0 0.0 110.0 75.0 12654.982275724144 12722.88148148148 14232.777777777797 
380.00614998255855 4220.0 0.0 105.0 61.0 12674.066270373953 12845.82222222223 14232.777777777797 
381.00099591667146 4251.0 0.0 110.0 63.0 12673.270754447673 12666.11111111111 14232.777777777797 
382.00614998255855 4283.0 0.0 102.0 54.0 12676.086641965861 12701.429629629638 14232.777777777797 
383.001433671679 4306.0 0.0 109.0 60.0 12665.680940732247 12572.029629629664 14232.777777777797 
384.00103735987005 4334.0 0.0 111.0 65.0 12662.157291103462 12630.444444444416 14232.777777777797 
385.00614998255855 4363.0 0.0 105.0 70.0 12632.588228659783 12366.466666666665 14232.777777777797 
386.00614998255855 4399.0 0.0 96.0 61.0 12644.176072460472 12748.466666666669 14232.777777777797 
387.00614998255855 4425.0 0.0 94.0 68.0 12623.38365039961 12436.251851851866 14232.777777777797 
388.00614998255855 4446.0 0.0 91.0 59.0 12646.580100174479 12855.34814814815 14232.777777777797 
389.00614998255855 4478.0 0.0 96.0 82.0 12639.97912719407 12580.570370370362 14232.777777777797 
390.00614998255855 4503.0 0.0 111.0 60.0 12636.91602928946 12609.348148148149 14232.777777777797 
391.00614998255855 4522.0 0.0 123.0 61.0 12606.606648582749 12333.822222222225 14232.777777777797 
392.00614998255855 4551.0 0.0 123.0 87.0 12591.634872613358 12456.888888888894 14232.777777777797 
393.00614998255855 4585.0 0.0 127.0 56.0 12546.072866833496 12136.014814814836 14232.777777777797 
394.00614998255855 4612.0 0.0 130.0 60.0 12522.848543113123 12313.82962962964 14232.777777777797 
395.00614998255855 4653.0 0.0 113.0 72.0 12472.628133246257 12020.644444444439 14232.777777777797 
396.00614998255855 4678.0 0.0 128.0 65.0 12460.65494955126 12352.896296296316 14232.777777777797 
397.00614998255855 4709.0 0.0 136.0 73.0 12440.630936077621 12260.414814814818 14232.777777777797 
398.00614998255855 4748.0 0.0 128.0 71.0 12428.463398025411 12318.955555555574 14232.777777777797 
399.00614998255855 4784.0 0.0 119.0 61.0 12443.976317482136 12583.592592592599 14232.777777777797 
400.00614998255855 4808.0 0.0 128.0 58.0 12438.257204252433 12386.785185185201 14232.777777777797 
401.00614998255855 4836.0 0.0 130.0 62.0 12455.167780123478 12607.36296296297 14232.777777777797 
402.00614998255855 4868.0 0.0 112.0 69.0 12445.059150259292 12354.081481481504 14232.777777777797 
403.00614998255855 4902.0 0.0 83.0 61.0 12447.313975974095 12467.607407407426 14232.777777777797 
404.00614998255855 4926.0 0.0 62.0 72.0 12473.79813393223 12712.155555555533 14232.777777777797 
405.00614998255855 4947.0 0.0 43.0 55.0 12518.119802020505 12917.014814814836 14232.777777777797 
406.00614998255855 4958.0 0.0 32.0 56.0 12581.69671070733 13153.888888888883 14232.777777777797 
407.00614998255855 4964.0 0.0 26.0 57.0 12652.581113710681 13290.540740740757 14232.777777777797 
408.00614998255855 4974.0 0.0 16.0 76.0 12737.377817154435 13500.54814814815 14232.777777777797 
409.00614998255855 4975.0 0.0 15.0 62.0 12840.091146550087 13764.511111111093 14232.777777777797 
410.00614998255855 4979.0 0.0 11.0 59.0 12942.987957821017 13869.059259259278 14232.777777777797 
411.00614998255855 4980.0 0.0 10.0 65.0 13049.361013890773 14006.718518518517 14232.777777777797 
412.00614998255855 4981.0 0.0 9.0 58.0 13148.50861620539 14040.837037037038 14232.777777777797 
413.00614998255855 4982.0 0.0 8.0 63.0 13237.217754584854 14035.599999999999 14232.777777777797 
414.00614998255855 4983.0 0.0 8.0 83.0 13319.230793941184 14057.348148148161 14232.777777777797 
415.00614998255855 4984.0 0.0 7.0 56.0 13398.317344176698 14110.096296296293 14232.777777777797 
416.00614998255855 4984.0 0.0 7.0 59.0 13471.569313462727 14130.837037037038 14232.777777777797 
417.00614998255855 4984.0 0.0 8.0 77.0 13540.194604338672 14157.82222222224 14232.777777777797 
418.00614998255855 4984.0 0.0 9.0 81.0 13601.957366127026 14157.82222222224 14232.777777777797 
419.00614998255855 4984.0 0.0 9.0 87.0 13654.332740625436 14125.711111111119 14232.777777777797 
420.00614998255855 4985.0 0.0 8.0 90.0 13704.169836933268 14152.703703703723 14232.777777777797 
421.00614998255855 4986.0 0.0 8.0 85.0 13749.335075462162 14155.82222222224 14232.777777777797 
422.00614998255855 4986.0 0.0 10.0 79.0 13792.056382730761 14176.54814814815 14232.777777777797 
423.00614998255855 4987.0 0.0 9.0 78.0 13830.505559272495 14176.54814814815 14232.777777777797 
424.00614998255855 4987.0 0.0 9.0 86.0 13863.660188530435 14162.05185185184 14232.777777777797 
425.00614998255855 4987.0 0.0 9.0 80.0 13894.124540047776 14168.303703703717 14232.777777777797 
426.00614998255855 4989.0 0.0 7.0 83.0 13921.542456413345 14168.303703703717 14232.777777777797 
427.00614998255855 4989.0 0.0 7.0 88.0 13947.367470031275 14179.792592592627 14232.777777777797 
428.00614998255855 4990.0 0.0 6.0 87.0 13970.609982287404 14179.792592592627 14232.777777777797 
429.00614998255855 4990.0 0.0 6.0 102.0 13991.840835910518 14182.918518518494 14232.777777777797 
430.00614998255855 4990.0 0.0 6.0 89.0 14011.261196763908 14186.044444444442 14232.777777777797 
431.00614998255855 4992.0 0.0 4.0 89.0 14030.289151161596 14201.540740740757 14232.777777777797 
432.00614998255855 4992.0 0.0 4.0 89.0 14048.352087897298 14210.918518518494 14232.777777777797 
433.00614998255855 4992.0 0.0 4.0 103.0 14065.233175403844 14217.162962962962 14232.777777777797 
434.00614998255855 4992.0 0.0 4.0 106.0 14080.426154159772 14217.162962962962 14232.777777777797 
435.00614998255855 4992.0 0.0 4.0 95.0 14094.099835040095 14217.162962962962 14232.777777777797 
436.00614998255855 4993.0 0.0 3.0 109.0 14106.406147832371 14217.162962962962 14232.777777777797 
437.00614998255855 4993.0 0.0 3.0 96.0 14117.481829345421 14217.162962962962 14232.777777777797 
438.00614998255855 4993.0 0.0 3.0 95.0 14127.44994270719 14217.162962962962 14232.777777777797 
439.00614998255855 4993.0 0.0 3.0 95.0 14136.421244732755 14217.162962962962 14232.777777777797 
440.00614998255855 4993.0 0.0 3.0 110.0 14144.495416555785 14217.162962962962 14232.777777777797 
441.00614998255855 4993.0 0.0 3.0 120.0 14151.762171196491 14217.162962962962 14232.777777777797 
442.00614998255855 4993.0 0.0 4.0 116.0 14158.30225037314 14217.162962962962 14232.777777777797 
443.00614998255855 4993.0 0.0 4.0 114.0 14163.87572903953 14214.037037037013 14232.777777777797 
444.00614998255855 4993.0 0.0 5.0 115.0 14168.891859839285 14214.037037037013 14232.777777777797 
445.00614998255855 4994.0 0.0 4.0 115.0 14171.64489607757 14196.422222222236 14232.777777777797 
446.00614998255855 4994.0 0.0 5.0 117.0 14175.884110173525 14214.037037037013 14232.777777777797 
447.00614998255855 4994.0 0.0 5.0 128.0 14179.386810267279 14210.911111111145 14232.777777777797 
448.00614998255855 4994.0 0.0 6.0 114.0 14182.539240351673 14210.911111111145 14232.777777777797 
449.00614998255855 4995.0 0.0 5.0 114.0 14183.614945946134 14193.296296296277 14232.777777777797 
450.00614998255855 4995.0 0.0 6.0 114.0 14186.656414314477 14214.029629629666 14232.777777777797 
451.00614998255855 4995.0 0.0 6.0 116.0 14189.081143253396 14210.903703703707 14232.777777777797 
452.00614998255855 4998.0 0.0 3.0 127.0 14191.263399298432 14210.903703703707 14232.777777777797 
453.00614998255855 4998.0 0.0 3.0 113.0 14194.165207516733 14220.281481481483 14232.777777777797 
454.00614998255855 4999.0 0.0 2.0 113.0 14196.77683491321 14220.281481481483 14232.777777777797 
455.00614998255855 4999.0 0.0 3.0 117.0 14199.439892162629 14223.407407407401 14232.777777777797 
456.00614998255855 4999.0 0.0 4.0 127.0 14201.835902946377 14223.400000000001 14232.777777777797 
457.00614998255855 4999.0 0.0 4.0 118.0 14203.679720059139 14220.274074074052 14232.777777777797 
458.00614998255855 5000.0 0.0 3.0 128.0 14205.33915546063 14220.274074074052 14232.777777777797 
459.00614998255855 5001.0 0.0 2.0 114.0 14207.145239914567 14223.400000000001 14232.777777777797 
460.00614998255855 5001.0 0.0 2.0 114.0 14209.0833085157 14226.525925925918 14232.777777777797 
461.00614998255855 5001.0 0.0 2.0 117.0 14210.827570256712 14226.525925925918 14232.777777777797 
462.00614998255855 5001.0 0.0 2.0 131.0 14212.397405823638 14226.525925925918 14232.777777777797 
463.00614998255855 5002.0 0.0 2.0 132.0 14213.810257833871 14226.525925925918 14232.777777777797 
464.00614998255855 5002.0 0.0 3.0 132.0 14213.63293575419 14212.037037037013 14232.777777777797 
465.00614998255855 5003.0 0.0 2.0 133.0 14214.922234771358 14226.525925925918 14232.777777777797 
466.00614998255855 5003.0 0.0 2.0 133.0 14216.082603886824 14226.525925925918 14232.777777777797 
467.00614998255855 5003.0 0.0 2.0 133.0 14217.126936090735 14226.525925925918 14232.777777777797 
468.00614998255855 5003.0 0.0 2.0 133.0 14218.066835074254 14226.525925925918 14232.777777777797 
469.00614998255855 5003.0 0.0 2.0 133.0 14218.912744159412 14226.525925925918 14232.777777777797 
470.00614998255855 5003.0 0.0 2.0 132.0 14219.674062336064 14226.525925925918 14232.777777777797 
471.00614998255855 5003.0 0.0 2.0 132.0 14220.359248695055 14226.525925925918 14232.777777777797 
472.00614998255855 5003.0 0.0 2.0 132.0 14220.975916418134 14226.525925925918 14232.777777777797 
473.00614998255855 5003.0 0.0 3.0 132.0 14221.530917368918 14226.525925925918 14232.777777777797 
474.00614998255855 5004.0 0.0 2.0 132.0 14221.717825632017 14223.400000000001 14232.777777777797 
475.00614998255855 5004.0 0.0 2.0 132.0 14222.19863566141 14226.525925925918 14232.777777777797 
476.00614998255855 5004.0 0.0 2.0 132.0 14222.63136468788 14226.525925925918 14232.777777777797 
477.00614998255855 5004.0 0.0 2.0 132.0 14223.020820811682 14226.525925925918 14232.777777777797 
478.00614998255855 5005.0 0.0 2.0 133.0 14223.3713313231 14226.525925925918 14232.777777777797 
479.00614998255855 5005.0 0.0 2.0 133.0 14223.686790783373 14226.525925925918 14232.777777777797 
480.00614998255855 5006.0 0.0 1.0 133.0 14223.970704297637 14226.525925925918 14232.777777777797 
481.00614998255855 5006.0 0.0 1.0 133.0 14224.538819053063 14229.651851851839 14232.777777777797 
482.00614998255855 5006.0 0.0 1.0 133.0 14225.05012233293 14229.651851851839 14232.777777777797 
483.00614998255855 5006.0 0.0 1.0 133.0 14225.510295284825 14229.651851851839 14232.777777777797 
484.00614998255855 5006.0 0.0 1.0 133.0 14225.92445094153 14229.651851851839 14232.777777777797 
485.00614998255855 5006.0 0.0 1.0 133.0 14226.297191032556 14229.651851851839 14232.777777777797 
486.00614998255855 5006.0 0.0 1.0 133.0 14226.632657114491 14229.651851851839 14232.777777777797 
487.00614998255855 5006.0 0.0 1.0 133.0 14226.93457658823 14229.651851851839 14232.777777777797 
488.00614998255855 5006.0 0.0 1.0 134.0 14227.206304114603 14229.651851851839 14232.777777777797 
489.00614998255855 5006.0 0.0 1.0 134.0 14227.450858888315 14229.651851851839 14232.777777777797 
490.00614998255855 5006.0 0.0 1.0 134.0 14227.670958184679 14229.651851851839 14232.777777777797 
491.00614998255855 5006.0 0.0 1.0 134.0 14227.869047551389 14229.651851851839 14232.777777777797 
492.00614998255855 5006.0 0.0 1.0 134.0 14228.047327981438 14229.651851851839 14232.777777777797 
493.00614998255855 5006.0 0.0 1.0 134.0 14228.20778036848 14229.651851851839 14232.777777777797 
494.00614998255855 5007.0 0.0 0.0 134.0 14228.352187516799 14229.651851851839 14232.777777777797 
495.00614998255855 5007.0 0.0 0.0 134.0 14228.79474654291 14232.777777777797 14232.777777777797 
496.00614998255855 5007.0 0.0 0.0 134.0 14229.193049666392 14232.777777777797 14232.777777777797 
497.00614998255855 5007.0 0.0 0.0 134.0 14229.551522477535 14232.777777777797 14232.777777777797 
498.00614998255855 5007.0 0.0 0.0 134.0 14229.874148007562 14232.777777777797 14232.777777777797 
499.00614998255855 5007.0 0.0 0.0 134.0 14230.164510984574 14232.777777777797 14232.777777777797 
500.00614998255855 5007.0 0.0 1.0 135.0 14230.425837663899 14232.777777777797 14232.777777777797 
501.00614998255855 5007.0 0.0 1.0 135.0 14230.348439082689 14229.651851851839 14232.777777777797 
502.00614998255855 5007.0 0.0 1.0 135.0 14230.278780359607 14229.651851851839 14232.777777777797 
503.00614998255855 5007.0 0.0 1.0 135.0 14230.216087508828 14229.651851851839 14232.777777777797 
504.00614998255855 5007.0 0.0 1.0 135.0 14230.15966394314 14229.651851851839 14232.777777777797 
505.00614998255855 5007.0 0.0 1.0 135.0 14230.108882734006 14229.651851851839 14232.777777777797 
506.00614998255855 5007.0 0.0 1.0 134.0 14230.063179645796 14229.651851851839 14232.777777777797 
507.00614998255855 5007.0 0.0 1.0 134.0 14230.022046866403 14229.651851851839 14232.777777777797 
508.00614998255855 5007.0 0.0 1.0 134.0 14229.985027364952 14229.651851851839 14232.777777777797 
509.00614998255855 5007.0 0.0 1.0 134.0 14229.951709813626 14229.651851851839 14232.777777777797 
510.00614998255855 5007.0 0.0 2.0 134.0 14229.921724017451 14229.651851851839 14232.777777777797 
511.00614998255855 5007.0 0.0 2.0 134.0 14229.582144208312 14226.525925925918 14232.777777777797 
512.0061499825586 5007.0 0.0 2.0 134.0 14229.276522380063 14226.525925925918 14232.777777777797 
513.0061499825586 5007.0 0.0 2.0 134.0 14229.001462734645 14226.525925925918 14232.777777777797 
514.0061499825586 5008.0 0.0 1.0 134.0 14228.753909053781 14226.525925925918 14232.777777777797 
515.0061499825586 5008.0 0.0 1.0 134.0 14228.843703333596 14229.651851851839 14232.777777777797 
516.0061499825586 5008.0 0.0 1.0 133.0 14228.924518185408 14229.651851851839 14232.777777777797 
517.0061499825586 5009.0 0.0 0.0 133.0 14228.99725155205 14229.651851851839 14232.777777777797 
518.0061499825586 5009.0 0.0 0.0 133.0 14229.375304174633 14232.777777777797 14232.777777777797 
519.0061499825586 5009.0 0.0 0.0 134.0 14229.715551534951 14232.777777777797 14232.777777777797 
520.0061499825586 5009.0 0.0 0.0 135.0 14230.021774159231 14232.777777777797 14232.777777777797 
521.0061499825586 5009.0 0.0 0.0 135.0 14230.297374521078 14232.777777777797 14232.777777777797 
522.0061499825586 5009.0 0.0 0.0 135.0 14230.545414846743 14232.777777777797 14232.777777777797 
523.0061499825586 5009.0 0.0 0.0 135.0 14230.768651139853 14232.777777777797 14232.777777777797 
524.0061499825586 5009.0 0.0 0.0 135.0 14230.969563803646 14232.777777777797 14232.777777777797 
525.0061499825586 5009.0 0.0 0.0 135.0 14231.150385201061 14232.777777777797 14232.777777777797 
526.0061499825586 5009.0 0.0 0.0 135.0 14231.313124458726 14232.777777777797 14232.777777777797 
527.0061499825586 5009.0 0.0 0.0 135.0 14231.459589790635 14232.777777777797 14232.777777777797 
528.0061499825586 5009.0 0.0 0.0 135.0 14231.59140858934 14232.777777777797 14232.777777777797 
529.0061499825586 5009.0 0.0 0.0 135.0 14231.710045508198 14232.777777777797 14232.777777777797 
530.0061499825586 5009.0 0.0 0.0 135.0 14231.816818735158 14232.777777777797 14232.777777777797 
531.0061499825586 5009.0 0.0 0.0 135.0 14231.91291463941 14232.777777777797 14232.777777777797 
532.0061499825586 5009.0 0.0 0.0 135.0 14231.999400953238 14232.777777777797 14232.777777777797 
533.0061499825586 5009.0 0.0 0.0 135.0 14232.077238635706 14232.777777777797 14232.777777777797 
534.0061499825586 5009.0 0.0 0.0 135.0 14232.147292549902 14232.777777777797 14232.777777777797 
535.0061499825586 5009.0 0.0 1.0 135.0 14232.2103410727 14232.777777777797 14232.777777777797 
536.0061499825586 5009.0 0.0 1.0 135.0 14231.954492150615 14229.651851851839 14232.777777777797 
537.0061499825586 5009.0 0.0 1.0 135.0 14231.724228120733 14229.651851851839 14232.777777777797 
538.0061499825586 5009.0 0.0 1.0 135.0 14231.516990493848 14229.651851851839 14232.777777777797 
539.0061499825586 5009.0 0.0 2.0 135.0 14231.330476629646 14229.651851851839 14232.777777777797 
540.0061499825586 5009.0 0.0 2.0 135.0 14230.850021559272 14226.525925925918 14232.777777777797 
541.0061499825586 5009.0 0.0 2.0 134.0 14230.41761199594 14226.525925925918 14232.777777777797 
542.0061499825586 5009.0 0.0 2.0 134.0 14230.028443388932 14226.525925925918 14232.777777777797 
543.0061499825586 5009.0 0.0 2.0 134.0 14229.678191642635 14226.525925925918 14232.777777777797 
544.0061499825586 5009.0 0.0 2.0 134.0 14229.362965070968 14226.525925925918 14232.777777777797 
545.0061499825586 5009.0 0.0 2.0 133.0 14229.079261156456 14226.525925925918 14232.777777777797 
546.0061499825586 5009.0 0.0 2.0 133.0 14228.823927633399 14226.525925925918 14232.777777777797 
547.0061499825586 5009.0 0.0 2.0 133.0 14228.594127462655 14226.525925925918 14232.777777777797 
548.0061499825586 5010.0 0.0 1.0 133.0 14228.387307308985 14226.525925925918 14232.777777777797 
549.0061499825586 5010.0 0.0 2.0 133.0 14228.513761763279 14229.651851851839 14232.777777777797 
550.0061499825586 5010.0 0.0 2.0 133.0 14228.314978179544 14226.525925925918 14232.777777777797 
551.0061499825586 5010.0 0.0 2.0 133.0 14228.136072954185 14226.525925925918 14232.777777777797 
552.0061499825586 5010.0 0.0 2.0 134.0 14227.975058251362 14226.525925925918 14232.777777777797 
553.0061499825586 5011.0 0.0 1.0 134.0 14227.830145018814 14226.525925925918 14232.777777777797 
554.0061499825586 5011.0 0.0 1.0 134.0 14228.012315702106 14229.651851851839 14232.777777777797 
555.0061499825586 5011.0 0.0 1.0 133.0 14228.17626931709 14229.651851851839 14232.777777777797 
556.0061499825586 5011.0 0.0 1.0 133.0 14228.323827570566 14229.651851851839 14232.777777777797 
557.0061499825586 5011.0 0.0 1.0 133.0 14228.45662999868 14229.651851851839 14232.777777777797 
558.0061499825586 5011.0 0.0 1.0 133.0 14228.576152184 14229.651851851839 14232.777777777797 
559.0061499825586 5011.0 0.0 1.0 133.0 14228.683722150796 14229.651851851839 14232.777777777797 
560.0061499825586 5012.0 0.0 1.0 134.0 14228.780535120892 14229.651851851839 14232.777777777797 
561.0061499825586 5012.0 0.0 1.0 133.0 14228.86766679399 14229.651851851839 14232.777777777797 
562.0061499825586 5012.0 0.0 1.0 133.0 14228.946085299773 14229.651851851839 14232.777777777797 
563.0061499825586 5012.0 0.0 1.0 133.0 14229.016661954984 14229.651851851839 14232.777777777797 
564.0061499825586 5012.0 0.0 1.0 133.0 14229.080180944684 14229.651851851839 14232.777777777797 
565.0061499825586 5013.0 0.0 0.0 134.0 14229.137348035392 14229.651851851839 14232.777777777797 
566.0061499825586 5013.0 0.0 0.0 134.0 14229.501391009622 14232.777777777797 14232.777777777797 
567.0061499825586 5013.0 0.0 0.0 134.0 14229.829029686445 14232.777777777797 14232.777777777797 
568.0061499825586 5013.0 0.0 0.0 134.0 14230.123904495578 14232.777777777797 14232.777777777797 
569.0061499825586 5013.0 0.0 0.0 135.0 14230.389291823789 14232.777777777797 14232.777777777797 
570.0061499825586 5013.0 0.0 0.0 135.0 14230.628140419196 14232.777777777797 14232.777777777797 
571.0061499825586 5013.0 0.0 0.0 135.0 14230.843104155065 14232.777777777797 14232.777777777797 
572.0061499825586 5013.0 0.0 0.0 135.0 14231.03657151732 14232.777777777797 14232.777777777797 
573.0061499825586 5013.0 0.0 0.0 135.0 14231.210692143366 14232.777777777797 14232.777777777797 
574.0061499825586 5013.0 0.0 1.0 135.0 14231.367400706811 14232.777777777797 14232.777777777797 
575.0061499825586 5014.0 0.0 0.0 135.0 14229.746956932428 14215.162962962962 14232.777777777797 
576.0061499825586 5014.0 0.0 1.0 135.0 14230.050039016956 14232.777777777797 14232.777777777797 
577.0061499825586 5015.0 0.0 1.0 135.0 14228.561331411558 14215.162962962962 14232.777777777797 
578.0061499825586 5015.0 0.0 1.0 135.0 14228.670383455586 14229.651851851839 14232.777777777797 
579.0061499825586 5015.0 0.0 1.0 135.0 14228.768530295212 14229.651851851839 14232.777777777797 
580.0061499825586 5015.0 0.0 1.0 135.0 14228.856862450877 14229.651851851839 14232.777777777797 
581.0061499825586 5015.0 0.0 1.0 135.0 14228.936361390968 14229.651851851839 14232.777777777797 
582.0061499825586 5015.0 0.0 1.0 135.0 14229.00791043707 14229.651851851839 14232.777777777797 
583.0061499825586 5015.0 0.0 1.0 134.0 14229.072304578547 14229.651851851839 14232.777777777797 
584.0061499825586 5015.0 0.0 1.0 134.0 14229.130259305874 14229.651851851839 14232.777777777797 
585.0061499825586 5015.0 0.0 1.0 134.0 14229.182418560471 14229.651851851839 14232.777777777797 
586.0061499825586 5015.0 0.0 1.0 134.0 14229.229361889602 14229.651851851839 14232.777777777797 
587.0061499825586 5015.0 0.0 1.0 134.0 14229.271610885826 14229.651851851839 14232.777777777797 
588.0061499825586 5015.0 0.0 1.0 134.0 14229.309634982448 14229.651851851839 14232.777777777797 
589.0061499825586 5015.0 0.0 1.0 134.0 14229.343856669371 14229.651851851839 14232.777777777797 
590.0061499825586 5015.0 0.0 1.0 134.0 14229.374656187634 14229.651851851839 14232.777777777797 
591.0061499825586 5015.0 0.0 2.0 134.0 14229.402375754044 14229.651851851839 14232.777777777797 
592.0061499825586 5017.0 0.0 0.0 134.0 14227.665841882344 14212.037037037013 14232.777777777797 
593.0061499825586 5017.0 0.0 1.0 134.0 14228.17703547188 14232.777777777797 14232.777777777797 
594.0061499825586 5017.0 0.0 1.0 134.0 14228.324517109882 14229.651851851839 14232.777777777797 
595.0061499825586 5017.0 0.0 1.0 134.0 14228.457250584088 14229.651851851839 14232.777777777797 
596.0061499825586 5017.0 0.0 1.0 134.0 14228.576710710857 14229.651851851839 14232.777777777797 
597.0061499825586 5017.0 0.0 1.0 134.0 14228.684224824949 14229.651851851839 14232.777777777797 
598.0061499825586 5017.0 0.0 1.0 135.0 14228.780987527642 14229.651851851839 14232.777777777797 
599.0061499825586 5017.0 0.0 1.0 134.0 14228.868073960062 14229.651851851839 14232.777777777797 
600.0061499825586 5017.0 0.0 1.0 134.0 14228.94645174924 14229.651851851839 14232.777777777797 
#####################################################################
# End of data export. Simulation finished at: 2020-02-13T17:44+0000 #
#####################################################################
