#####################################################################
# Alchemist log file - simulation started at: 2020-02-03T23:22+0000 #
#####################################################################
# seed = 7.0, meanTaskSize = 100, smoothing = 0.3, grain = 1700.0, peakFrequency = 0.03
#
# The columns have the following meaning: 
# time done[Sum] drop[Sum] waiting[Sum] isLeader[Sum] capacity[Mean] freeCapacity[Mean] maxCapacity[Mean] 
0.0 NaN 0.0 NaN NaN NaN NaN NaN 
1.0042631798645665 0.0 0.0 0.0 134.0 14232.777777777797 14232.777777777797 14232.777777777797 
2.0042631798645667 0.0 0.0 0.0 35.0 14232.777777777797 14232.777777777797 14232.777777777797 
3.0042631798645667 0.0 0.0 0.0 35.0 14232.777777777797 14232.777777777797 14232.777777777797 
4.004263179864567 0.0 0.0 0.0 35.0 14232.777777777797 14232.777777777797 14232.777777777797 
5.004263179864567 0.0 0.0 0.0 35.0 14232.777777777797 14232.777777777797 14232.777777777797 
6.004263179864567 0.0 0.0 0.0 35.0 14232.777777777797 14232.777777777797 14232.777777777797 
7.004263179864567 0.0 0.0 0.0 35.0 14232.777777777797 14232.777777777797 14232.777777777797 
8.004263179864566 0.0 0.0 0.0 35.0 14232.777777777797 14232.777777777797 14232.777777777797 
9.004263179864566 0.0 0.0 0.0 35.0 14232.777777777797 14232.777777777797 14232.777777777797 
10.004263179864566 0.0 0.0 0.0 35.0 14232.777777777797 14232.777777777797 14232.777777777797 
11.004263179864566 0.0 0.0 0.0 35.0 14232.777777777797 14232.777777777797 14232.777777777797 
12.004263179864566 0.0 0.0 0.0 35.0 14232.777777777797 14232.777777777797 14232.777777777797 
13.004263179864566 0.0 0.0 0.0 35.0 14232.777777777797 14232.777777777797 14232.777777777797 
14.004263179864566 0.0 0.0 0.0 35.0 14232.777777777797 14232.777777777797 14232.777777777797 
15.004263179864566 0.0 0.0 0.0 35.0 14232.777777777797 14232.777777777797 14232.777777777797 
16.004263179864566 0.0 0.0 0.0 35.0 14232.777777777797 14232.777777777797 14232.777777777797 
17.004263179864566 0.0 0.0 1.0 35.0 14232.777777777797 14232.777777777797 14232.777777777797 
18.004263179864566 1.0 0.0 0.0 35.0 14227.493333333337 14215.162962962962 14232.777777777797 
19.004263179864566 1.0 0.0 1.0 35.0 14229.078666666668 14232.777777777797 14232.777777777797 
20.004263179864566 1.0 0.0 1.0 35.0 14224.903955555574 14215.162962962962 14232.777777777797 
21.004263179864566 1.0 0.0 1.0 35.0 14221.981657777784 14215.162962962962 14232.777777777797 
22.004263179864566 2.0 0.0 0.0 35.0 14225.22049377776 14232.777777777797 14232.777777777797 
23.004263179864566 2.0 0.0 0.0 35.0 14227.487678977797 14232.777777777797 14232.777777777797 
24.004263179864566 2.0 0.0 0.0 35.0 14229.07470861779 14232.777777777797 14232.777777777797 
25.004263179864566 2.0 0.0 1.0 35.0 14230.185629365802 14232.777777777797 14232.777777777797 
26.004263179864566 2.0 0.0 1.0 35.0 14225.678829444923 14215.162962962962 14232.777777777797 
27.004263179864566 3.0 0.0 1.0 35.0 14227.808513944814 14232.777777777797 14232.777777777797 
28.004263179864566 3.0 0.0 1.0 35.0 14224.01484865026 14215.162962962962 14232.777777777797 
29.004263179864566 3.0 0.0 1.0 35.0 14221.359282944066 14215.162962962962 14232.777777777797 
30.004263179864566 3.0 0.0 2.0 35.0 14219.500386949738 14215.162962962962 14232.777777777797 
31.004263179864566 4.0 0.0 1.0 35.0 14218.19915975368 14215.162962962962 14232.777777777797 
32.004263179864566 5.0 0.0 0.0 35.0 14217.28830071648 14215.162962962962 14232.777777777797 
33.004263179864566 5.0 0.0 0.0 35.0 14221.935143834844 14232.777777777797 14232.777777777797 
34.004263179864566 5.0 0.0 0.0 35.0 14225.187934017742 14232.777777777797 14232.777777777797 
35.004263179864566 5.0 0.0 0.0 35.0 14227.464887145748 14232.777777777797 14232.777777777797 
36.004263179864566 5.0 0.0 0.0 35.0 14229.058754335336 14232.777777777797 14232.777777777797 
37.004263179864566 5.0 0.0 0.0 35.0 14230.174461368084 14232.777777777797 14232.777777777797 
38.004263179864566 5.0 0.0 0.0 35.0 14230.955456290985 14232.777777777797 14232.777777777797 
39.004263179864566 5.0 0.0 0.0 35.0 14231.502152737046 14232.777777777797 14232.777777777797 
40.004263179864566 5.0 0.0 1.0 35.0 14231.88484024926 14232.777777777797 14232.777777777797 
41.004263179864566 6.0 0.0 0.0 35.0 14226.868277063371 14215.162962962962 14232.777777777797 
42.004263179864566 6.0 0.0 0.0 35.0 14228.641127277722 14232.777777777797 14232.777777777797 
43.004263179864566 6.0 0.0 0.0 35.0 14229.882122427733 14232.777777777797 14232.777777777797 
44.004263179864566 6.0 0.0 0.0 35.0 14230.75081903271 14232.777777777797 14232.777777777797 
45.004263179864566 6.0 0.0 0.0 35.0 14231.35890665623 14232.777777777797 14232.777777777797 
46.004263179864566 6.0 0.0 0.0 35.0 14231.784567992725 14232.777777777797 14232.777777777797 
47.004263179864566 6.0 0.0 0.0 35.0 14232.082530928223 14232.777777777797 14232.777777777797 
48.004263179864566 6.0 0.0 0.0 35.0 14232.29110498311 14232.777777777797 14232.777777777797 
49.004263179864566 6.0 0.0 0.0 35.0 14232.43710682152 14232.777777777797 14232.777777777797 
50.004263179864566 6.0 0.0 0.0 35.0 14232.539308108377 14232.777777777797 14232.777777777797 
51.004263179864566 6.0 0.0 0.0 35.0 14232.610849009197 14232.777777777797 14232.777777777797 
52.004263179864566 6.0 0.0 0.0 35.0 14232.660927639754 14232.777777777797 14232.777777777797 
53.004263179864566 6.0 0.0 0.0 35.0 14232.695982681202 14232.777777777797 14232.777777777797 
54.004263179864566 6.0 0.0 0.0 35.0 14232.72052121016 14232.777777777797 14232.777777777797 
55.004263179864566 6.0 0.0 0.0 35.0 14232.73769818044 14232.777777777797 14232.777777777797 
56.004263179864566 6.0 0.0 0.0 35.0 14232.749722059643 14232.777777777797 14232.777777777797 
57.004263179864566 6.0 0.0 0.0 35.0 14232.758138775062 14232.777777777797 14232.777777777797 
58.004263179864566 6.0 0.0 0.0 35.0 14232.764030475904 14232.777777777797 14232.777777777797 
59.004263179864566 6.0 0.0 0.0 35.0 14232.768154666466 14232.777777777797 14232.777777777797 
60.004263179864566 6.0 0.0 0.0 35.0 14232.771041599884 14232.777777777797 14232.777777777797 
61.004263179864566 6.0 0.0 0.0 35.0 14232.77306245323 14232.777777777797 14232.777777777797 
62.004263179864566 6.0 0.0 0.0 35.0 14232.77447705057 14232.777777777797 14232.777777777797 
63.004263179864566 6.0 0.0 0.0 35.0 14232.775467268752 14232.777777777797 14232.777777777797 
64.00426317986457 6.0 0.0 0.0 35.0 14232.776160421457 14232.777777777797 14232.777777777797 
65.00426317986457 6.0 0.0 0.0 35.0 14232.776645628357 14232.777777777797 14232.777777777797 
66.00426317986457 6.0 0.0 0.0 35.0 14232.776985273156 14232.777777777797 14232.777777777797 
67.00426317986457 6.0 0.0 1.0 35.0 14232.777223024581 14232.777777777797 14232.777777777797 
68.00426317986457 6.0 0.0 1.0 35.0 14227.49294500606 14215.162962962962 14232.777777777797 
69.00426317986457 7.0 0.0 0.0 35.0 14229.078394837594 14232.777777777797 14232.777777777797 
70.00426317986457 7.0 0.0 0.0 35.0 14230.188209719645 14232.777777777797 14232.777777777797 
71.00426317986457 7.0 0.0 2.0 35.0 14230.965080137063 14232.777777777797 14232.777777777797 
72.00426317986457 8.0 0.0 1.0 35.0 14220.9400005404 14197.54814814815 14232.777777777797 
73.00426317986457 9.0 0.0 0.0 35.0 14224.49133371159 14232.777777777797 14232.777777777797 
74.00426317986457 9.0 0.0 0.0 35.0 14226.977266931483 14232.777777777797 14232.777777777797 
75.00426317986457 9.0 0.0 0.0 35.0 14228.71742018536 14232.777777777797 14232.777777777797 
76.00426317986457 9.0 0.0 0.0 35.0 14229.935527463093 14232.777777777797 14232.777777777797 
77.00426317986457 9.0 0.0 0.0 35.0 14230.7882025575 14232.777777777797 14232.777777777797 
78.00426317986457 9.0 0.0 1.0 35.0 14231.385075123571 14232.777777777797 14232.777777777797 
79.00426317986457 9.0 0.0 2.0 35.0 14226.5184414754 14215.162962962962 14232.777777777797 
80.00426317986457 9.0 0.0 3.0 35.0 14223.111797921663 14215.162962962962 14232.777777777797 
81.00426317986457 10.0 0.0 2.0 35.0 14220.72714743405 14215.162962962962 14232.777777777797 
82.00426317986457 11.0 0.0 1.0 35.0 14213.773447648271 14197.54814814815 14232.777777777797 
83.00426317986457 12.0 0.0 1.0 35.0 14214.190302242689 14215.162962962962 14232.777777777797 
84.00426317986457 13.0 0.0 1.0 35.0 14214.482100458743 14215.162962962962 14232.777777777797 
85.00426317986457 13.0 0.0 1.0 35.0 14219.970803654449 14232.777777777797 14232.777777777797 
86.00426317986457 14.0 0.0 0.0 35.0 14218.528451447031 14215.162962962962 14232.777777777797 
87.00426317986457 14.0 0.0 0.0 35.0 14222.803249346245 14232.777777777797 14232.777777777797 
88.00426317986457 14.0 0.0 0.0 35.0 14225.795607875703 14232.777777777797 14232.777777777797 
89.00426317986457 14.0 0.0 1.0 35.0 14227.890258846319 14232.777777777797 14232.777777777797 
90.00426317986457 14.0 0.0 1.0 35.0 14224.072070081313 14215.162962962962 14232.777777777797 
91.00426317986457 14.0 0.0 2.0 35.0 14221.399337945808 14215.162962962962 14232.777777777797 
92.00426317986457 15.0 0.0 2.0 35.0 14219.528425450986 14215.162962962962 14232.777777777797 
93.00426317986457 15.0 0.0 2.0 35.0 14212.934342260127 14197.54814814815 14232.777777777797 
94.00426317986457 15.0 0.0 2.0 35.0 14208.318484026548 14197.54814814815 14232.777777777797 
95.00426317986457 17.0 0.0 0.0 35.0 14215.6562721519 14232.777777777797 14232.777777777797 
96.00426317986457 17.0 0.0 1.0 35.0 14220.79272383968 14232.777777777797 14232.777777777797 
97.00426317986457 17.0 0.0 1.0 35.0 14224.388240021097 14232.777777777797 14232.777777777797 
98.00426317986457 17.0 0.0 1.0 35.0 14221.620656903684 14215.162962962962 14232.777777777797 
99.00426317986457 17.0 0.0 1.0 35.0 14219.683348721452 14215.162962962962 14232.777777777797 
100.00426317986457 17.0 0.0 1.0 35.0 14218.327232993899 14215.162962962962 14232.777777777797 
101.00426317986457 18.0 0.0 0.0 35.0 14217.377951984625 14215.162962962962 14232.777777777797 
102.00426317986457 18.0 0.0 0.0 35.0 14221.99789972259 14232.777777777797 14232.777777777797 
103.00426317986457 18.0 0.0 0.0 35.0 14225.231863139135 14232.777777777797 14232.777777777797 
104.00426317986457 18.0 0.0 0.0 35.0 14227.495637530743 14232.777777777797 14232.777777777797 
105.00426317986457 18.0 0.0 0.0 35.0 14229.08027960484 14232.777777777797 14232.777777777797 
106.00426317986457 18.0 0.0 0.0 35.0 14230.189529056715 14232.777777777797 14232.777777777797 
107.00426317986457 18.0 0.0 0.0 35.0 14230.966003673024 14232.777777777797 14232.777777777797 
108.00426317986457 18.0 0.0 1.0 35.0 14231.509535904437 14232.777777777797 14232.777777777797 
109.00426317986457 18.0 0.0 1.0 35.0 14231.890008466453 14232.777777777797 14232.777777777797 
110.00426317986457 18.0 0.0 2.0 35.0 14226.871894815411 14215.162962962962 14232.777777777797 
111.00426317986457 18.0 0.0 2.0 35.0 14223.35921525966 14215.162962962962 14232.777777777797 
112.00426317986457 19.0 0.0 1.0 35.0 14215.618117348433 14197.555555555586 14232.777777777797 
113.00426317986457 20.0 0.0 0.0 35.0 14215.481571032784 14215.162962962962 14232.777777777797 
114.00426317986457 20.0 0.0 0.0 35.0 14220.670433056279 14232.777777777797 14232.777777777797 
115.00426317986457 20.0 0.0 0.0 35.0 14224.302636472734 14232.777777777797 14232.777777777797 
116.00426317986457 20.0 0.0 0.0 35.0 14226.845178864276 14232.777777777797 14232.777777777797 
117.00426317986457 20.0 0.0 0.0 35.0 14228.62495853831 14232.777777777797 14232.777777777797 
118.00426317986457 20.0 0.0 0.0 35.0 14229.870804310145 14232.777777777797 14232.777777777797 
119.00426317986457 20.0 0.0 0.0 35.0 14230.742896350444 14232.777777777797 14232.777777777797 
120.00426317986457 20.0 0.0 0.0 35.0 14231.35336077863 14232.777777777797 14232.777777777797 
121.00426317986457 20.0 0.0 0.0 35.0 14231.780685878397 14232.777777777797 14232.777777777797 
122.00426317986457 20.0 0.0 0.0 35.0 14232.079813448176 14232.777777777797 14232.777777777797 
123.00426317986457 20.0 0.0 0.0 35.0 14232.28920274707 14232.777777777797 14232.777777777797 
124.00426317986457 20.0 0.0 0.0 35.0 14232.435775256303 14232.777777777797 14232.777777777797 
125.00426317986457 20.0 0.0 1.0 35.0 14232.538376012728 14232.777777777797 14232.777777777797 
126.00426317986457 21.0 0.0 1.0 35.0 14227.325752097799 14215.162962962962 14232.777777777797 
127.00426317986457 21.0 0.0 1.0 35.0 14223.676915357348 14215.162962962962 14232.777777777797 
128.00426317986455 21.0 0.0 1.0 35.0 14221.122729639019 14215.162962962962 14232.777777777797 
129.00426317986455 22.0 0.0 0.0 35.0 14224.619244080654 14232.777777777797 14232.777777777797 
130.00426317986455 22.0 0.0 0.0 35.0 14227.066804189795 14232.777777777797 14232.777777777797 
131.00426317986455 22.0 0.0 0.0 35.0 14228.780096266191 14232.777777777797 14232.777777777797 
132.00426317986455 22.0 0.0 0.0 35.0 14229.97940071966 14232.777777777797 14232.777777777797 
133.00426317986455 22.0 0.0 0.0 35.0 14230.818913837093 14232.777777777797 14232.777777777797 
134.00426317986455 22.0 0.0 1.0 35.0 14231.406573019302 14232.777777777797 14232.777777777797 
135.00426317986455 22.0 0.0 1.0 35.0 14231.817934446859 14232.777777777797 14232.777777777797 
136.00426317986455 23.0 0.0 0.0 35.0 14226.821443001652 14215.162962962962 14232.777777777797 
137.00426317986455 23.0 0.0 0.0 35.0 14228.608343434502 14232.777777777797 14232.777777777797 
138.00426317986455 23.0 0.0 0.0 35.0 14229.859173737505 14232.777777777797 14232.777777777797 
139.00426317986455 23.0 0.0 0.0 35.0 14230.734754949575 14232.777777777797 14232.777777777797 
140.00426317986455 23.0 0.0 1.0 35.0 14231.34766179803 14232.777777777797 14232.777777777797 
141.00426317986455 23.0 0.0 1.0 35.0 14231.776696591958 14232.777777777797 14232.777777777797 
142.00426317986455 23.0 0.0 1.0 35.0 14226.79257650327 14215.162962962962 14232.777777777797 
143.00426317986455 24.0 0.0 0.0 35.0 14223.303692441155 14215.162962962962 14232.777777777797 
144.00426317986455 24.0 0.0 0.0 35.0 14226.14591804214 14232.777777777797 14232.777777777797 
145.00426317986455 24.0 0.0 0.0 35.0 14228.135475962816 14232.777777777797 14232.777777777797 
146.00426317986455 24.0 0.0 0.0 35.0 14229.528166507296 14232.777777777797 14232.777777777797 
147.00426317986455 24.0 0.0 1.0 35.0 14230.50304988848 14232.777777777797 14232.777777777797 
148.00426317986455 25.0 0.0 0.0 35.0 14225.90102381081 14215.162962962962 14232.777777777797 
149.00426317986455 25.0 0.0 0.0 35.0 14227.96405000089 14232.777777777797 14232.777777777797 
150.00426317986455 25.0 0.0 1.0 35.0 14229.408168333957 14232.777777777797 14232.777777777797 
151.00426317986455 25.0 0.0 1.0 35.0 14225.13460672266 14215.162962962962 14232.777777777797 
152.00426317986455 25.0 0.0 1.0 35.0 14222.143113594764 14215.162962962962 14232.777777777797 
153.00426317986455 26.0 0.0 1.0 35.0 14225.333512849673 14232.777777777797 14232.777777777797 
154.00426317986455 26.0 0.0 1.0 35.0 14222.282347883653 14215.162962962962 14232.777777777797 
155.00426317986455 26.0 0.0 1.0 35.0 14220.146532407418 14215.162962962962 14232.777777777797 
156.00426317986455 26.0 0.0 1.0 35.0 14218.651461574105 14215.162962962962 14232.777777777797 
157.00426317986455 27.0 0.0 0.0 35.0 14222.889356435204 14232.777777777797 14232.777777777797 
158.00426317986455 27.0 0.0 0.0 35.0 14225.855882837974 14232.777777777797 14232.777777777797 
159.00426317986455 27.0 0.0 0.0 35.0 14227.932451319934 14232.777777777797 14232.777777777797 
160.00426317986455 27.0 0.0 1.0 35.0 14229.38604925727 14232.777777777797 14232.777777777797 
161.00426317986455 27.0 0.0 1.0 35.0 14230.403567813431 14232.777777777797 14232.777777777797 
162.00426317986455 27.0 0.0 1.0 35.0 14225.831386358308 14215.162962962962 14232.777777777797 
163.00426317986455 27.0 0.0 2.0 35.0 14222.630859339692 14215.162962962962 14232.777777777797 
164.00426317986455 28.0 0.0 1.0 35.0 14215.106045982211 14197.54814814815 14232.777777777797 
165.00426317986455 29.0 0.0 0.0 35.0 14220.407565520914 14232.777777777797 14232.777777777797 
166.00426317986455 29.0 0.0 0.0 35.0 14224.11862919795 14232.777777777797 14232.777777777797 
167.00426317986455 29.0 0.0 0.0 35.0 14226.716373771913 14232.777777777797 14232.777777777797 
168.00426317986455 29.0 0.0 1.0 35.0 14228.53479497366 14232.777777777797 14232.777777777797 
169.00426317986455 29.0 0.0 2.0 35.0 14229.807689814894 14232.777777777797 14232.777777777797 
170.00426317986455 29.0 0.0 3.0 35.0 14225.414271759308 14215.162962962962 14232.777777777797 
171.00426317986455 31.0 0.0 2.0 35.0 14211.772212453745 14179.940740740722 14232.777777777797 
172.00426317986455 32.0 0.0 1.0 35.0 14212.789437606532 14215.162962962962 14232.777777777797 
173.00426317986455 32.0 0.0 2.0 35.0 14213.501495213426 14215.162962962962 14232.777777777797 
174.00426317986455 32.0 0.0 2.0 35.0 14208.715491093855 14197.54814814815 14232.777777777797 
175.00426317986455 33.0 0.0 1.0 35.0 14205.365288210163 14197.54814814815 14232.777777777797 
176.00426317986455 34.0 0.0 0.0 35.0 14213.589035080433 14232.777777777797 14232.777777777797 
177.00426317986455 34.0 0.0 0.0 35.0 14219.345657889635 14232.777777777797 14232.777777777797 
178.00426317986455 34.0 0.0 0.0 35.0 14223.375293856072 14232.777777777797 14232.777777777797 
179.00426317986455 34.0 0.0 0.0 35.0 14226.196039032591 14232.777777777797 14232.777777777797 
180.00426317986455 34.0 0.0 0.0 35.0 14228.17056065616 14232.777777777797 14232.777777777797 
181.00426317986455 34.0 0.0 0.0 35.0 14229.552725792639 14232.777777777797 14232.777777777797 
182.00426317986455 34.0 0.0 0.0 35.0 14230.520241388202 14232.777777777797 14232.777777777797 
183.00426317986455 34.0 0.0 0.0 35.0 14231.197502305075 14232.777777777797 14232.777777777797 
184.00426317986455 34.0 0.0 0.0 35.0 14231.671584946875 14232.777777777797 14232.777777777797 
185.00426317986455 34.0 0.0 0.0 35.0 14232.00344279613 14232.777777777797 14232.777777777797 
186.00426317986455 34.0 0.0 0.0 35.0 14232.235743290617 14232.777777777797 14232.777777777797 
187.00426317986455 34.0 0.0 0.0 35.0 14232.3983536368 14232.777777777797 14232.777777777797 
188.00426317986455 34.0 0.0 0.0 35.0 14232.512180879072 14232.777777777797 14232.777777777797 
189.00426317986455 34.0 0.0 0.0 35.0 14232.591859948698 14232.777777777797 14232.777777777797 
190.00426317986455 34.0 0.0 0.0 35.0 14232.64763529743 14232.777777777797 14232.777777777797 
191.00426317986455 34.0 0.0 0.0 35.0 14232.686678041544 14232.777777777797 14232.777777777797 
192.00426317986455 34.0 0.0 0.0 35.0 14232.714007962395 14232.777777777797 14232.777777777797 
193.00426317986455 34.0 0.0 0.0 35.0 14232.733138907022 14232.777777777797 14232.777777777797 
194.00426317986455 34.0 0.0 1.0 35.0 14232.746530568254 14232.777777777797 14232.777777777797 
195.00426317986455 34.0 0.0 1.0 35.0 14227.471460286648 14215.162962962962 14232.777777777797 
196.00426317986455 35.0 0.0 0.0 35.0 14229.06335553398 14232.777777777797 14232.777777777797 
197.00426317986455 35.0 0.0 0.0 35.0 14230.17768220713 14232.777777777797 14232.777777777797 
198.00426317986455 35.0 0.0 0.0 35.0 14230.957710878332 14232.777777777797 14232.777777777797 
199.00426317986455 35.0 0.0 1.0 35.0 14231.503730948161 14232.777777777797 14232.777777777797 
200.00426317986455 35.0 0.0 2.0 35.0 14231.885944997051 14232.777777777797 14232.777777777797 
201.00426317986455 36.0 0.0 1.0 35.0 14221.584605942366 14197.54814814815 14232.777777777797 
202.00426317986455 36.0 0.0 2.0 35.0 14219.658113048548 14215.162962962962 14232.777777777797 
203.00426317986455 37.0 0.0 1.0 35.0 14213.02512357843 14197.54814814815 14232.777777777797 
204.00426317986455 37.0 0.0 1.0 35.0 14213.666475393777 14215.162962962962 14232.777777777797 
205.00426317986455 37.0 0.0 1.0 35.0 14214.115421664548 14215.162962962962 14232.777777777797 
206.00426317986455 38.0 0.0 0.0 35.0 14219.714128498505 14232.777777777797 14232.777777777797 
207.00426317986455 38.0 0.0 1.0 35.0 14223.633223282275 14232.777777777797 14232.777777777797 
208.00426317986455 38.0 0.0 1.0 35.0 14226.376589630921 14232.777777777797 14232.777777777797 
209.00426317986455 39.0 0.0 0.0 35.0 14223.012501630546 14215.162962962962 14232.777777777797 
210.00426317986455 39.0 0.0 0.0 35.0 14225.94208447471 14232.777777777797 14232.777777777797 
211.00426317986455 39.0 0.0 0.0 35.0 14227.992792465631 14232.777777777797 14232.777777777797 
212.00426317986455 39.0 0.0 0.0 35.0 14229.42828805926 14232.777777777797 14232.777777777797 
213.00426317986455 39.0 0.0 1.0 35.0 14230.433134974828 14232.777777777797 14232.777777777797 
214.00426317986455 39.0 0.0 5.0 35.0 14231.136527815723 14232.777777777797 14232.777777777797 
215.00426317986455 40.0 0.0 4.0 35.0 14215.775569471 14179.933333333322 14232.777777777797 
216.00426317986455 41.0 0.0 3.0 35.0 14199.738454185283 14162.318518518547 14232.777777777797 
217.00426317986455 42.0 0.0 2.0 35.0 14193.796917929669 14179.933333333322 14232.777777777797 
218.00426317986455 43.0 0.0 1.0 35.0 14200.206731439668 14215.162962962962 14232.777777777797 
219.00426317986455 44.0 0.0 0.0 35.0 14204.693600896653 14215.162962962962 14232.777777777797 
220.00426317986455 44.0 0.0 0.0 35.0 14213.118853960996 14232.777777777797 14232.777777777797 
221.00426317986455 44.0 0.0 0.0 35.0 14219.016531105995 14232.777777777797 14232.777777777797 
222.00426317986455 44.0 0.0 2.0 35.0 14223.144905107545 14232.777777777797 14232.777777777797 
223.00426317986455 44.0 0.0 2.0 35.0 14220.75032246419 14215.162962962962 14232.777777777797 
224.00426317986455 45.0 0.0 1.0 35.0 14213.789670169377 14197.54814814815 14232.777777777797 
225.00426317986455 46.0 0.0 0.0 35.0 14219.486102451896 14232.777777777797 14232.777777777797 
226.00426317986455 46.0 0.0 2.0 35.0 14223.473605049638 14232.777777777797 14232.777777777797 
227.00426317986455 46.0 0.0 3.0 35.0 14226.264856868087 14232.777777777797 14232.777777777797 
228.00426317986455 47.0 0.0 2.0 35.0 14217.649844252108 14197.54814814815 14232.777777777797 
229.00426317986455 48.0 0.0 1.0 35.0 14211.61933542094 14197.54814814815 14232.777777777797 
230.00426317986455 49.0 0.0 0.0 35.0 14212.682423683511 14215.162962962962 14232.777777777797 
231.00426317986455 49.0 0.0 0.0 35.0 14218.711029911807 14232.777777777797 14232.777777777797 
232.00426317986455 49.0 0.0 0.0 35.0 14222.931054271596 14232.777777777797 14232.777777777797 
233.00426317986455 49.0 0.0 1.0 35.0 14225.885071323435 14232.777777777797 14232.777777777797 
234.00426317986455 50.0 0.0 0.0 35.0 14222.668438815323 14215.162962962962 14232.777777777797 
235.00426317986455 50.0 0.0 0.0 35.0 14225.70124050403 14232.777777777797 14232.777777777797 
236.00426317986455 50.0 0.0 0.0 35.0 14227.82420168617 14232.777777777797 14232.777777777797 
237.00426317986455 50.0 0.0 0.0 35.0 14229.310274513631 14232.777777777797 14232.777777777797 
238.00426317986455 50.0 0.0 0.0 35.0 14230.350525492893 14232.777777777797 14232.777777777797 
239.00426317986455 50.0 0.0 0.0 35.0 14231.078701178378 14232.777777777797 14232.777777777797 
240.00426317986455 50.0 0.0 2.0 35.0 14231.588424158175 14232.777777777797 14232.777777777797 
241.00426317986455 51.0 0.0 1.0 35.0 14226.660785799619 14215.162962962962 14232.777777777797 
242.00426317986455 52.0 0.0 0.0 35.0 14223.211438948629 14215.162962962962 14232.777777777797 
243.00426317986455 52.0 0.0 1.0 35.0 14226.08134059735 14232.777777777797 14232.777777777797 
244.00426317986455 53.0 0.0 1.0 35.0 14222.805827307042 14215.162962962962 14232.777777777797 
245.00426317986455 53.0 0.0 2.0 35.0 14225.797412448266 14232.777777777797 14232.777777777797 
246.00426317986455 54.0 0.0 2.0 35.0 14217.322633158252 14197.54814814815 14232.777777777797 
247.00426317986455 54.0 0.0 2.0 35.0 14216.67473209964 14215.162962962962 14232.777777777797 
248.00426317986455 55.0 0.0 1.0 35.0 14210.936756914174 14197.54814814815 14232.777777777797 
249.00426317986455 55.0 0.0 1.0 35.0 14212.204618728836 14215.162962962962 14232.777777777797 
250.00426317986455 56.0 0.0 2.0 35.0 14218.376566443509 14232.777777777797 14232.777777777797 
251.00426317986455 56.0 0.0 3.0 35.0 14222.696929843793 14232.777777777797 14232.777777777797 
252.00426317986455 56.0 0.0 3.0 35.0 14215.152295335092 14197.54814814815 14232.777777777797 
253.00426317986455 57.0 0.0 3.0 35.0 14204.588828956796 14179.940740740722 14232.777777777797 
254.00426317986455 59.0 0.0 1.0 35.0 14197.19440249197 14179.940740740722 14232.777777777797 
255.00426317986455 59.0 0.0 1.0 35.0 14202.584970633276 14215.162962962962 14232.777777777797 
256.00426317986455 59.0 0.0 1.0 35.0 14206.35836833218 14215.162962962962 14232.777777777797 
257.00426317986455 60.0 0.0 0.0 35.0 14214.28419116588 14232.777777777797 14232.777777777797 
258.00426317986455 60.0 0.0 0.0 35.0 14219.832267149437 14232.777777777797 14232.777777777797 
259.00426317986455 60.0 0.0 0.0 35.0 14223.715920337934 14232.777777777797 14232.777777777797 
260.00426317986455 60.0 0.0 0.0 35.0 14226.434477569872 14232.777777777797 14232.777777777797 
261.00426317986455 60.0 0.0 0.0 35.0 14228.337467632253 14232.777777777797 14232.777777777797 
262.00426317986455 60.0 0.0 0.0 35.0 14229.669560675917 14232.777777777797 14232.777777777797 
263.00426317986455 60.0 0.0 0.0 35.0 14230.60202580649 14232.777777777797 14232.777777777797 
264.00426317986455 60.0 0.0 1.0 35.0 14231.254751397872 14232.777777777797 14232.777777777797 
265.00426317986455 60.0 0.0 1.0 35.0 14231.711659311864 14232.777777777797 14232.777777777797 
266.00426317986455 61.0 0.0 0.0 35.0 14226.747050407168 14215.162962962962 14232.777777777797 
267.00426317986455 61.0 0.0 1.0 35.0 14228.556268618353 14232.777777777797 14232.777777777797 
268.00426317986455 62.0 0.0 0.0 35.0 14224.53827692175 14215.162962962962 14232.777777777797 
269.00426317986455 62.0 0.0 0.0 35.0 14227.01012717855 14232.777777777797 14232.777777777797 
270.00426317986455 62.0 0.0 0.0 35.0 14228.74042235834 14232.777777777797 14232.777777777797 
271.00426317986455 62.0 0.0 1.0 35.0 14229.951628984141 14232.777777777797 14232.777777777797 
272.00426317986455 62.0 0.0 1.0 35.0 14230.79947362223 14232.777777777797 14232.777777777797 
273.00426317986455 63.0 0.0 0.0 35.0 14226.108520424457 14215.162962962962 14232.777777777797 
274.00426317986455 63.0 0.0 1.0 35.0 14228.109297630455 14232.777777777797 14232.777777777797 
275.00426317986455 64.0 0.0 1.0 35.0 14224.225397230206 14215.162962962962 14232.777777777797 
276.00426317986455 64.0 0.0 2.0 35.0 14221.506666950037 14215.162962962962 14232.777777777797 
277.00426317986455 65.0 0.0 1.0 35.0 14224.88800019833 14232.777777777797 14232.777777777797 
278.00426317986455 66.0 0.0 1.0 35.0 14221.970489027766 14215.162962962962 14232.777777777797 
279.00426317986455 66.0 0.0 2.0 35.0 14225.212675652772 14232.777777777797 14232.777777777797 
280.00426317986455 66.0 0.0 3.0 35.0 14222.197761845833 14215.162962962962 14232.777777777797 
281.00426317986455 66.0 0.0 3.0 35.0 14214.805099958712 14197.555555555586 14232.777777777797 
282.00426317986455 68.0 0.0 2.0 35.0 14204.345792193335 14179.940740740722 14232.777777777797 
283.00426317986455 69.0 0.0 3.0 35.0 14207.590943424208 14215.162962962962 14232.777777777797 
284.00426317986455 69.0 0.0 3.0 35.0 14209.86254928583 14215.162962962962 14232.777777777797 
285.00426317986455 69.0 0.0 4.0 35.0 14200.886006722316 14179.940740740722 14232.777777777797 
286.00426317986455 70.0 0.0 3.0 35.0 14194.60242692784 14179.940740740722 14232.777777777797 
287.00426317986455 73.0 0.0 0.0 35.0 14190.203921071707 14179.940740740722 14232.777777777797 
288.00426317986455 73.0 0.0 1.0 35.0 14202.976078083551 14232.777777777797 14232.777777777797 
289.00426317986455 73.0 0.0 1.0 35.0 14211.916587991807 14232.777777777797 14232.777777777797 
290.00426317986455 74.0 0.0 0.0 35.0 14212.890500483174 14215.162962962962 14232.777777777797 
291.00426317986455 74.0 0.0 0.0 35.0 14218.856683671534 14232.777777777797 14232.777777777797 
292.00426317986455 74.0 0.0 0.0 35.0 14223.033011903397 14232.777777777797 14232.777777777797 
293.00426317986455 74.0 0.0 0.0 35.0 14225.9564416657 14232.777777777797 14232.777777777797 
294.00426317986455 74.0 0.0 0.0 35.0 14228.00284249934 14232.777777777797 14232.777777777797 
295.00426317986455 74.0 0.0 3.0 35.0 14229.435323082893 14232.777777777797 14232.777777777797 
296.00426317986455 74.0 0.0 3.0 35.0 14225.153615046893 14215.162962962962 14232.777777777797 
297.00426317986455 75.0 0.0 3.0 35.0 14211.587530532812 14179.933333333322 14232.777777777797 
298.00426317986455 75.0 0.0 3.0 35.0 14207.375715817432 14197.54814814815 14232.777777777797 
299.00426317986455 76.0 0.0 4.0 35.0 14199.145223294438 14179.940740740722 14232.777777777797 
300.00426317986455 77.0 0.0 3.0 35.0 14198.666100750543 14197.54814814815 14232.777777777797 
301.00426317986455 78.0 0.0 2.0 35.0 14193.046270525405 14179.933333333322 14232.777777777797 
302.00426317986455 79.0 0.0 2.0 35.0 14194.39683381221 14197.54814814815 14232.777777777797 
303.00426317986455 80.0 0.0 1.0 35.0 14205.911117001862 14232.777777777797 14232.777777777797 
304.00426317986455 80.0 0.0 1.0 35.0 14208.68667079021 14215.162962962962 14232.777777777797 
305.00426317986455 81.0 0.0 3.0 35.0 14210.629558442039 14215.162962962962 14232.777777777797 
306.00426317986455 82.0 0.0 2.0 35.0 14206.70735757607 14197.555555555586 14232.777777777797 
307.00426317986455 84.0 0.0 1.0 35.0 14209.244039192177 14215.162962962962 14232.777777777797 
308.00426317986455 84.0 0.0 2.0 35.0 14211.019716323413 14215.162962962962 14232.777777777797 
309.00426317986455 84.0 0.0 2.0 35.0 14206.978245870821 14197.54814814815 14232.777777777797 
310.00426317986455 84.0 0.0 3.0 35.0 14204.149216554004 14197.54814814815 14232.777777777797 
311.00426317986455 86.0 0.0 1.0 35.0 14202.171118254482 14197.555555555586 14232.777777777797 
312.00426317986455 86.0 0.0 1.0 35.0 14206.068671667032 14215.162962962962 14232.777777777797 
313.00426317986455 87.0 0.0 0.0 35.0 14214.081403500255 14232.777777777797 14232.777777777797 
314.00426317986455 87.0 0.0 1.0 35.0 14219.690315783522 14232.777777777797 14232.777777777797 
315.00426317986455 88.0 0.0 4.0 35.0 14218.332109937333 14215.162962962962 14232.777777777797 
316.00426317986455 89.0 0.0 3.0 35.0 14212.096921400564 14197.54814814815 14232.777777777797 
317.00426317986455 90.0 0.0 3.0 35.0 14207.732289424848 14197.54814814815 14232.777777777797 
318.00426317986455 91.0 0.0 2.0 35.0 14204.677047041834 14197.54814814815 14232.777777777797 
319.00426317986455 91.0 0.0 2.0 35.0 14202.538377373749 14197.54814814815 14232.777777777797 
320.00426317986455 93.0 0.0 0.0 35.0 14201.041308606069 14197.54814814815 14232.777777777797 
321.00426317986455 93.0 0.0 2.0 35.0 14210.562249357568 14232.777777777797 14232.777777777797 
322.00426317986455 93.0 0.0 4.0 35.0 14217.226907883643 14232.777777777797 14232.777777777797 
323.00426317986455 93.0 0.0 5.0 35.0 14206.038835518555 14179.933333333322 14232.777777777797 
324.00426317986455 93.0 0.0 5.0 35.0 14192.92496264077 14162.325925925896 14232.777777777797 
325.00426317986455 96.0 0.0 2.0 35.0 14183.745251626307 14162.325925925896 14232.777777777797 
326.00426317986455 98.0 0.0 0.0 35.0 14187.88612058286 14197.54814814815 14232.777777777797 
327.00426317986455 98.0 0.0 0.0 35.0 14201.353617741337 14232.777777777797 14232.777777777797 
328.00426317986455 98.0 0.0 0.0 35.0 14210.78086575226 14232.777777777797 14232.777777777797 
329.00426317986455 98.0 0.0 0.0 35.0 14217.379939359922 14232.777777777797 14232.777777777797 
330.00426317986455 98.0 0.0 1.0 35.0 14221.999290885287 14232.777777777797 14232.777777777797 
331.00426317986455 98.0 0.0 2.0 35.0 14225.232836953015 14232.777777777797 14232.777777777797 
332.00426317986455 98.0 0.0 3.0 35.0 14222.21187475599 14215.162962962962 14232.777777777797 
333.00426317986455 100.0 0.0 2.0 35.0 14214.814978995893 14197.555555555586 14232.777777777797 
334.00426317986455 100.0 0.0 3.0 35.0 14209.63492974158 14197.54814814815 14232.777777777797 
335.00426317986455 100.0 0.0 3.0 35.0 14200.724450819078 14179.933333333322 14232.777777777797 
336.00426317986455 101.0 0.0 2.0 35.0 14194.487115573356 14179.933333333322 14232.777777777797 
337.00426317986455 102.0 0.0 1.0 35.0 14200.689869790236 14215.162962962962 14232.777777777797 
338.00426317986455 103.0 0.0 1.0 35.0 14210.3162421865 14232.777777777797 14232.777777777797 
339.00426317986455 103.0 0.0 3.0 35.0 14211.770258419436 14215.162962962962 14232.777777777797 
340.00426317986455 104.0 0.0 3.0 35.0 14207.50584756029 14197.555555555586 14232.777777777797 
341.00426317986455 105.0 0.0 4.0 35.0 14209.802982181085 14215.162962962962 14232.777777777797 
342.00426317986455 105.0 0.0 4.0 35.0 14200.842087526733 14179.933333333322 14232.777777777797 
343.00426317986455 108.0 0.0 2.0 35.0 14189.285016824302 14162.318518518547 14232.777777777797 
344.00426317986455 108.0 0.0 3.0 35.0 14197.048400665903 14215.162962962962 14232.777777777797 
345.00426317986455 110.0 0.0 1.0 35.0 14202.482769355003 14215.162962962962 14232.777777777797 
346.00426317986455 110.0 0.0 1.0 35.0 14206.286827437418 14215.162962962962 14232.777777777797 
347.00426317986455 111.0 0.0 2.0 35.0 14208.949668095063 14215.162962962962 14232.777777777797 
348.00426317986455 112.0 0.0 1.0 35.0 14210.813656555407 14215.162962962962 14232.777777777797 
349.00426317986455 113.0 0.0 0.0 35.0 14212.118448477686 14215.162962962962 14232.777777777797 
350.00426317986455 113.0 0.0 1.0 35.0 14218.316247267716 14232.777777777797 14232.777777777797 
351.00426317986455 113.0 0.0 1.0 35.0 14222.654706420724 14232.777777777797 14232.777777777797 
352.00426317986455 113.0 0.0 1.0 35.0 14220.407183383422 14215.162962962962 14232.777777777797 
353.00426317986455 113.0 0.0 3.0 35.0 14218.833917257263 14215.162962962962 14232.777777777797 
354.00426317986455 115.0 0.0 2.0 35.0 14207.163742080083 14179.933333333322 14232.777777777797 
355.00426317986455 116.0 0.0 2.0 35.0 14209.563508344945 14215.162962962962 14232.777777777797 
356.00426317986455 116.0 0.0 2.0 35.0 14205.958900285925 14197.54814814815 14232.777777777797 
357.00426317986455 117.0 0.0 2.0 35.0 14208.720119089025 14215.162962962962 14232.777777777797 
358.00426317986455 117.0 0.0 2.0 35.0 14210.652972251228 14215.162962962962 14232.777777777797 
359.00426317986455 118.0 0.0 1.0 35.0 14212.005969464712 14215.162962962962 14232.777777777797 
360.00426317986455 118.0 0.0 1.0 35.0 14212.953067514209 14215.162962962962 14232.777777777797 
361.00426317986455 119.0 0.0 0.0 35.0 14213.616036148835 14215.162962962962 14232.777777777797 
362.00426317986455 119.0 0.0 0.0 35.0 14219.364558637515 14232.777777777797 14232.777777777797 
363.00426317986455 119.0 0.0 1.0 35.0 14223.388524379603 14232.777777777797 14232.777777777797 
364.00426317986455 119.0 0.0 2.0 35.0 14226.205300399022 14232.777777777797 14232.777777777797 
365.00426317986455 119.0 0.0 4.0 35.0 14217.608154723765 14197.54814814815 14232.777777777797 
366.00426317986455 120.0 0.0 5.0 35.0 14206.305708306661 14179.933333333322 14232.777777777797 
367.00426317986455 121.0 0.0 4.0 35.0 14203.678440259113 14197.54814814815 14232.777777777797 
368.00426317986455 123.0 0.0 2.0 35.0 14196.557130403595 14179.940740740722 14232.777777777797 
369.00426317986455 124.0 0.0 2.0 35.0 14196.85665794917 14197.555555555586 14232.777777777797 
370.00426317986455 125.0 0.0 2.0 35.0 14202.348549453322 14215.162962962962 14232.777777777797 
371.00426317986455 125.0 0.0 2.0 35.0 14206.192873506216 14215.162962962962 14232.777777777797 
372.00426317986455 126.0 0.0 1.0 35.0 14203.599455898791 14197.54814814815 14232.777777777797 
373.00426317986455 127.0 0.0 0.0 35.0 14207.068508018041 14215.162962962962 14232.777777777797 
374.00426317986455 127.0 0.0 1.0 35.0 14214.781288945958 14232.777777777797 14232.777777777797 
375.00426317986455 127.0 0.0 2.0 35.0 14220.1802355955 14232.777777777797 14232.777777777797 
376.00426317986455 129.0 0.0 0.0 35.0 14213.390609361295 14197.54814814815 14232.777777777797 
377.00426317986455 129.0 0.0 0.0 35.0 14219.20675988623 14232.777777777797 14232.777777777797 
378.00426317986455 129.0 0.0 1.0 35.0 14223.27806525368 14232.777777777797 14232.777777777797 
379.00426317986455 130.0 0.0 0.0 35.0 14220.843534566493 14215.162962962962 14232.777777777797 
380.00426317986455 130.0 0.0 1.0 35.0 14224.423807529867 14232.777777777797 14232.777777777797 
381.00426317986455 131.0 0.0 2.0 35.0 14221.64555415981 14215.162962962962 14232.777777777797 
382.00426317986455 131.0 0.0 4.0 35.0 14214.416332356299 14197.54814814815 14232.777777777797 
383.00426317986455 131.0 0.0 4.0 35.0 14204.071432649424 14179.933333333322 14232.777777777797 
384.00426317986455 132.0 0.0 3.0 35.0 14191.54555841014 14162.318518518547 14232.777777777797 
385.00426317986455 132.0 0.0 4.0 35.0 14188.061890887104 14179.933333333322 14232.777777777797 
386.00426317986455 133.0 0.0 5.0 35.0 14185.623323620954 14179.933333333322 14232.777777777797 
387.00426317986455 135.0 0.0 3.0 35.0 14183.916326534665 14179.933333333322 14232.777777777797 
388.00426317986455 137.0 0.0 3.0 35.0 14182.721428574258 14179.933333333322 14232.777777777797 
389.00426317986455 139.0 0.0 2.0 35.0 14187.169444446426 14197.54814814815 14232.777777777797 
390.00426317986455 140.0 0.0 2.0 35.0 14190.283055556965 14197.54814814815 14232.777777777797 
391.00426317986455 140.0 0.0 3.0 35.0 14192.4625833343 14197.54814814815 14232.777777777797 
392.00426317986455 140.0 0.0 4.0 35.0 14193.988252778463 14197.54814814815 14232.777777777797 
393.00426317986455 141.0 0.0 3.0 35.0 14189.771776944948 14179.933333333322 14232.777777777797 
394.00426317986455 144.0 0.0 0.0 35.0 14197.389132750346 14215.162962962962 14232.777777777797 
395.00426317986455 144.0 0.0 1.0 35.0 14208.005726258561 14232.777777777797 14232.777777777797 
396.00426317986455 144.0 0.0 1.0 35.0 14210.152897269862 14215.162962962962 14232.777777777797 
397.00426317986455 144.0 0.0 1.0 35.0 14211.655916977803 14215.162962962962 14232.777777777797 
398.00426317986455 145.0 0.0 0.0 35.0 14217.992475217787 14232.777777777797 14232.777777777797 
399.00426317986455 145.0 0.0 1.0 35.0 14222.428065985776 14232.777777777797 14232.777777777797 
400.00426317986455 145.0 0.0 3.0 35.0 14225.53297952339 14232.777777777797 14232.777777777797 
401.00426317986455 146.0 0.0 2.0 35.0 14217.137530110833 14197.54814814815 14232.777777777797 
402.00426317986455 147.0 0.0 1.0 35.0 14211.26071552202 14197.54814814815 14232.777777777797 
403.00426317986455 147.0 0.0 3.0 35.0 14212.431389754287 14215.162962962962 14232.777777777797 
404.00426317986455 148.0 0.0 3.0 35.0 14207.966417272466 14197.54814814815 14232.777777777797 
405.00426317986455 149.0 0.0 2.0 35.0 14199.556492090736 14179.933333333322 14232.777777777797 
406.00426317986455 150.0 0.0 2.0 35.0 14204.238433352368 14215.162962962962 14232.777777777797 
407.00426317986455 151.0 0.0 1.0 35.0 14202.231347791105 14197.54814814815 14232.777777777797 
408.00426317986455 151.0 0.0 1.0 35.0 14206.110832342689 14215.162962962962 14232.777777777797 
409.00426317986455 151.0 0.0 2.0 35.0 14208.826471528773 14215.162962962962 14232.777777777797 
410.00426317986455 153.0 0.0 0.0 35.0 14210.72741895903 14215.162962962962 14232.777777777797 
411.00426317986455 153.0 0.0 1.0 35.0 14217.342526604642 14232.777777777797 14232.777777777797 
412.00426317986455 153.0 0.0 4.0 35.0 14221.97310195661 14232.777777777797 14232.777777777797 
413.00426317986455 155.0 0.0 2.0 35.0 14209.361171369614 14179.933333333322 14232.777777777797 
414.00426317986455 157.0 0.0 0.0 35.0 14205.817264403147 14197.54814814815 14232.777777777797 
415.00426317986455 157.0 0.0 0.0 35.0 14213.905418415556 14232.777777777797 14232.777777777797 
416.00426317986455 157.0 0.0 2.0 35.0 14219.567126224223 14232.777777777797 14232.777777777797 
417.00426317986455 157.0 0.0 4.0 35.0 14218.245877245849 14215.162962962962 14232.777777777797 
418.00426317986455 157.0 0.0 4.0 35.0 14206.752114072102 14179.933333333322 14232.777777777797 
419.00426317986455 159.0 0.0 2.0 35.0 14193.422035406018 14162.318518518547 14232.777777777797 
420.00426317986455 160.0 0.0 1.0 35.0 14199.944313673115 14215.162962962962 14232.777777777797 
421.00426317986455 161.0 0.0 0.0 35.0 14209.794352904504 14232.777777777797 14232.777777777797 
422.00426317986455 161.0 0.0 1.0 35.0 14216.689380366477 14232.777777777797 14232.777777777797 
423.00426317986455 161.0 0.0 1.0 35.0 14216.231455145451 14215.162962962962 14232.777777777797 
424.00426317986455 161.0 0.0 1.0 35.0 14215.91090749071 14215.162962962962 14232.777777777797 
425.00426317986455 162.0 0.0 0.0 35.0 14220.9709685768 14232.777777777797 14232.777777777797 
426.00426317986455 162.0 0.0 1.0 35.0 14224.513011337107 14232.777777777797 14232.777777777797 
427.00426317986455 162.0 0.0 1.0 35.0 14221.707996824867 14215.162962962962 14232.777777777797 
428.00426317986455 163.0 0.0 0.0 35.0 14225.028931110743 14232.777777777797 14232.777777777797 
429.00426317986455 163.0 0.0 0.0 35.0 14227.353585110854 14232.777777777797 14232.777777777797 
430.00426317986455 163.0 0.0 1.0 35.0 14228.980842910916 14232.777777777797 14232.777777777797 
431.00426317986455 163.0 0.0 2.0 35.0 14224.83547892653 14215.162962962962 14232.777777777797 
432.00426317986455 165.0 0.0 0.0 35.0 14221.93372413745 14215.162962962962 14232.777777777797 
433.00426317986455 165.0 0.0 0.0 35.0 14225.186940229552 14232.777777777797 14232.777777777797 
434.00426317986455 165.0 0.0 0.0 35.0 14227.464191494011 14232.777777777797 14232.777777777797 
435.00426317986455 165.0 0.0 0.0 35.0 14229.05826737913 14232.777777777797 14232.777777777797 
436.00426317986455 165.0 0.0 1.0 35.0 14230.174120498734 14232.777777777797 14232.777777777797 
437.00426317986455 165.0 0.0 4.0 35.0 14225.670773238 14215.162962962962 14232.777777777797 
438.00426317986455 166.0 0.0 3.0 35.0 14211.949541266598 14179.933333333322 14232.777777777797 
439.00426317986455 168.0 0.0 1.0 35.0 14207.629123331079 14197.54814814815 14232.777777777797 
440.00426317986455 168.0 0.0 1.0 35.0 14209.88927522061 14215.162962962962 14232.777777777797 
441.00426317986455 169.0 0.0 1.0 35.0 14216.75582598777 14232.777777777797 14232.777777777797 
442.00426317986455 169.0 0.0 2.0 35.0 14221.56241152476 14232.777777777797 14232.777777777797 
443.00426317986455 169.0 0.0 3.0 35.0 14219.642576956254 14215.162962962962 14232.777777777797 
444.00426317986455 170.0 0.0 2.0 35.0 14213.01424831379 14197.54814814815 14232.777777777797 
445.00426317986455 170.0 0.0 3.0 35.0 14208.374418264108 14197.54814814815 14232.777777777797 
446.00426317986455 171.0 0.0 3.0 35.0 14205.126537229318 14197.54814814815 14232.777777777797 
447.00426317986455 172.0 0.0 3.0 35.0 14202.85302050497 14197.54814814815 14232.777777777797 
448.00426317986455 173.0 0.0 3.0 35.0 14195.977114353474 14179.933333333322 14232.777777777797 
449.00426317986455 175.0 0.0 1.0 35.0 14201.732868936297 14215.162962962962 14232.777777777797 
450.00426317986455 175.0 0.0 1.0 35.0 14205.761897144284 14215.162962962962 14232.777777777797 
451.00426317986455 175.0 0.0 1.0 35.0 14208.582216889909 14215.162962962962 14232.777777777797 
452.00426317986455 176.0 0.0 0.0 35.0 14210.556440711835 14215.162962962962 14232.777777777797 
453.00426317986455 176.0 0.0 0.0 35.0 14217.222841831603 14232.777777777797 14232.777777777797 
454.00426317986455 176.0 0.0 0.0 35.0 14221.889322615458 14232.777777777797 14232.777777777797 
455.00426317986455 176.0 0.0 0.0 35.0 14225.155859164139 14232.777777777797 14232.777777777797 
456.00426317986455 176.0 0.0 0.0 35.0 14227.442434748238 14232.777777777797 14232.777777777797 
457.00426317986455 176.0 0.0 0.0 35.0 14229.043037657071 14232.777777777797 14232.777777777797 
458.00426317986455 176.0 0.0 0.0 35.0 14230.1634596933 14232.777777777797 14232.777777777797 
459.00426317986455 176.0 0.0 0.0 35.0 14230.947755118665 14232.777777777797 14232.777777777797 
460.00426317986455 176.0 0.0 0.0 35.0 14231.496761916362 14232.777777777797 14232.777777777797 
461.00426317986455 176.0 0.0 0.0 35.0 14231.881066674789 14232.777777777797 14232.777777777797 
462.00426317986455 176.0 0.0 0.0 35.0 14232.15008000572 14232.777777777797 14232.777777777797 
463.00426317986455 176.0 0.0 1.0 35.0 14232.338389337336 14232.777777777797 14232.777777777797 
464.00426317986455 177.0 0.0 0.0 35.0 14227.185761425006 14215.162962962962 14232.777777777797 
465.00426317986455 177.0 0.0 0.0 35.0 14228.863366330848 14232.777777777797 14232.777777777797 
466.00426317986455 177.0 0.0 1.0 35.0 14230.037689764928 14232.777777777797 14232.777777777797 
467.00426317986455 177.0 0.0 1.0 35.0 14230.859716168748 14232.777777777797 14232.777777777797 
468.00426317986455 177.0 0.0 1.0 35.0 14226.15069020704 14215.162962962962 14232.777777777797 
469.00426317986455 178.0 0.0 0.0 35.0 14222.854372033797 14215.162962962962 14232.777777777797 
470.00426317986455 178.0 0.0 0.0 35.0 14225.831393757007 14232.777777777797 14232.777777777797 
471.00426317986455 178.0 0.0 1.0 35.0 14227.915308963218 14232.777777777797 14232.777777777797 
472.00426317986455 178.0 0.0 1.0 35.0 14229.374049607599 14232.777777777797 14232.777777777797 
473.00426317986455 178.0 0.0 1.0 35.0 14225.110723614194 14215.162962962962 14232.777777777797 
474.00426317986455 178.0 0.0 1.0 35.0 14222.126395418862 14215.162962962962 14232.777777777797 
475.00426317986455 179.0 0.0 0.0 35.0 14220.037365682085 14215.162962962962 14232.777777777797 
476.00426317986455 179.0 0.0 0.0 35.0 14223.859489310793 14232.777777777797 14232.777777777797 
477.00426317986455 179.0 0.0 0.0 35.0 14226.534975850884 14232.777777777797 14232.777777777797 
478.00426317986455 179.0 0.0 1.0 35.0 14228.407816428966 14232.777777777797 14232.777777777797 
479.00426317986455 179.0 0.0 1.0 35.0 14229.718804833585 14232.777777777797 14232.777777777797 
480.00426317986455 179.0 0.0 1.0 35.0 14225.352052272416 14215.162962962962 14232.777777777797 
481.00426317986455 180.0 0.0 0.0 35.0 14222.295325479581 14215.162962962962 14232.777777777797 
482.00426317986455 180.0 0.0 1.0 35.0 14225.440061169027 14232.777777777797 14232.777777777797 
483.00426317986455 180.0 0.0 1.0 35.0 14227.641376151634 14232.777777777797 14232.777777777797 
484.00426317986455 181.0 0.0 0.0 35.0 14223.897852195047 14215.162962962962 14232.777777777797 
485.00426317986455 181.0 0.0 1.0 35.0 14226.561829869866 14232.777777777797 14232.777777777797 
486.00426317986455 181.0 0.0 1.0 35.0 14228.426614242244 14232.777777777797 14232.777777777797 
487.00426317986455 181.0 0.0 1.0 35.0 14224.447518858462 14215.162962962962 14232.777777777797 
488.00426317986455 181.0 0.0 1.0 35.0 14221.662152089813 14215.162962962962 14232.777777777797 
489.00426317986455 181.0 0.0 1.0 35.0 14219.712395351758 14215.162962962962 14232.777777777797 
490.00426317986455 182.0 0.0 0.0 35.0 14218.347565635122 14215.162962962962 14232.777777777797 
491.00426317986455 182.0 0.0 0.0 35.0 14222.67662927793 14232.777777777797 14232.777777777797 
492.00426317986455 182.0 0.0 0.0 35.0 14225.706973827859 14232.777777777797 14232.777777777797 
493.00426317986455 182.0 0.0 0.0 35.0 14227.828215012867 14232.777777777797 14232.777777777797 
494.00426317986455 182.0 0.0 0.0 35.0 14229.313083842328 14232.777777777797 14232.777777777797 
495.00426317986455 182.0 0.0 0.0 35.0 14230.352492022963 14232.777777777797 14232.777777777797 
496.00426317986455 182.0 0.0 0.0 35.0 14231.080077749393 14232.777777777797 14232.777777777797 
497.00426317986455 182.0 0.0 0.0 35.0 14231.589387757906 14232.777777777797 14232.777777777797 
498.00426317986455 182.0 0.0 1.0 35.0 14231.94590476387 14232.777777777797 14232.777777777797 
499.00426317986455 183.0 0.0 0.0 35.0 14226.911022223594 14215.162962962962 14232.777777777797 
500.00426317986455 183.0 0.0 0.0 35.0 14228.671048889846 14232.777777777797 14232.777777777797 
501.00426317986455 183.0 0.0 0.0 35.0 14229.903067556243 14232.777777777797 14232.777777777797 
502.00426317986455 183.0 0.0 0.0 35.0 14230.765480622715 14232.777777777797 14232.777777777797 
503.00426317986455 183.0 0.0 0.0 35.0 14231.369169769228 14232.777777777797 14232.777777777797 
504.00426317986455 183.0 0.0 0.0 35.0 14231.791752171788 14232.777777777797 14232.777777777797 
505.00426317986455 183.0 0.0 0.0 35.0 14232.087559853582 14232.777777777797 14232.777777777797 
506.00426317986455 183.0 0.0 0.0 35.0 14232.294625230848 14232.777777777797 14232.777777777797 
507.00426317986455 183.0 0.0 0.0 35.0 14232.43957099493 14232.777777777797 14232.777777777797 
508.00426317986455 183.0 0.0 0.0 35.0 14232.541033029775 14232.777777777797 14232.777777777797 
509.00426317986455 183.0 0.0 1.0 35.0 14232.612056454187 14232.777777777797 14232.777777777797 
510.00426317986455 183.0 0.0 1.0 35.0 14232.661772851248 14232.777777777797 14232.777777777797 
511.00426317986455 183.0 0.0 1.0 35.0 14227.41212988475 14215.162962962962 14232.777777777797 
512.0042631798646 183.0 0.0 1.0 35.0 14223.737379808239 14215.162962962962 14232.777777777797 
513.0042631798646 184.0 0.0 0.0 35.0 14221.16505475464 14215.162962962962 14232.777777777797 
514.0042631798646 184.0 0.0 0.0 35.0 14224.648871661566 14232.777777777797 14232.777777777797 
515.0042631798646 184.0 0.0 0.0 35.0 14227.087543496464 14232.777777777797 14232.777777777797 
516.0042631798646 184.0 0.0 0.0 35.0 14228.794613780847 14232.777777777797 14232.777777777797 
517.0042631798646 184.0 0.0 0.0 35.0 14229.989562979943 14232.777777777797 14232.777777777797 
518.0042631798646 184.0 0.0 0.0 35.0 14230.826027419282 14232.777777777797 14232.777777777797 
519.0042631798646 184.0 0.0 0.0 35.0 14231.411552526826 14232.777777777797 14232.777777777797 
520.0042631798646 184.0 0.0 0.0 35.0 14231.821420102098 14232.777777777797 14232.777777777797 
521.0042631798646 184.0 0.0 0.0 35.0 14232.108327404801 14232.777777777797 14232.777777777797 
522.0042631798646 184.0 0.0 0.0 35.0 14232.3091625167 14232.777777777797 14232.777777777797 
523.0042631798646 184.0 0.0 0.0 35.0 14232.449747095025 14232.777777777797 14232.777777777797 
524.0042631798646 184.0 0.0 0.0 35.0 14232.548156299845 14232.777777777797 14232.777777777797 
525.0042631798646 184.0 0.0 0.0 35.0 14232.617042743228 14232.777777777797 14232.777777777797 
526.0042631798646 184.0 0.0 0.0 35.0 14232.665263253595 14232.777777777797 14232.777777777797 
527.0042631798646 184.0 0.0 0.0 35.0 14232.699017610836 14232.777777777797 14232.777777777797 
528.0042631798646 184.0 0.0 0.0 35.0 14232.722645660917 14232.777777777797 14232.777777777797 
529.0042631798646 184.0 0.0 0.0 35.0 14232.73918529597 14232.777777777797 14232.777777777797 
530.0042631798646 184.0 0.0 0.0 35.0 14232.750763040536 14232.777777777797 14232.777777777797 
531.0042631798646 184.0 0.0 0.0 35.0 14232.758867461693 14232.777777777797 14232.777777777797 
532.0042631798646 184.0 0.0 0.0 35.0 14232.764540556524 14232.777777777797 14232.777777777797 
533.0042631798646 184.0 0.0 0.0 35.0 14232.768511722905 14232.777777777797 14232.777777777797 
534.0042631798646 184.0 0.0 0.0 35.0 14232.771291539384 14232.777777777797 14232.777777777797 
535.0042631798646 184.0 0.0 2.0 35.0 14232.773237410865 14232.777777777797 14232.777777777797 
536.0042631798646 185.0 0.0 1.0 35.0 14222.20571063208 14197.54814814815 14232.777777777797 
537.0042631798646 185.0 0.0 1.0 35.0 14220.092886331333 14215.162962962962 14232.777777777797 
538.0042631798646 185.0 0.0 2.0 35.0 14218.613909320824 14215.162962962962 14232.777777777797 
539.0042631798646 185.0 0.0 2.0 35.0 14212.294180969033 14197.54814814815 14232.777777777797 
540.0042631798646 186.0 0.0 1.0 35.0 14213.154815567214 14215.162962962962 14232.777777777797 
541.0042631798646 187.0 0.0 0.0 35.0 14219.041704230367 14232.777777777797 14232.777777777797 
542.0042631798646 187.0 0.0 0.0 35.0 14223.162526294604 14232.777777777797 14232.777777777797 
543.0042631798646 187.0 0.0 0.0 35.0 14226.04710173954 14232.777777777797 14232.777777777797 
544.0042631798646 187.0 0.0 0.0 35.0 14228.066304551036 14232.777777777797 14232.777777777797 
545.0042631798646 187.0 0.0 0.0 35.0 14229.479746519048 14232.777777777797 14232.777777777797 
546.0042631798646 187.0 0.0 0.0 35.0 14230.469155896652 14232.777777777797 14232.777777777797 
547.0042631798646 187.0 0.0 0.0 35.0 14231.161742460992 14232.777777777797 14232.777777777797 
548.0042631798646 187.0 0.0 0.0 35.0 14231.646553056009 14232.777777777797 14232.777777777797 
549.0042631798646 187.0 0.0 0.0 35.0 14231.985920472569 14232.777777777797 14232.777777777797 
550.0042631798646 187.0 0.0 0.0 35.0 14232.223477664096 14232.777777777797 14232.777777777797 
551.0042631798646 187.0 0.0 0.0 35.0 14232.389767698201 14232.777777777797 14232.777777777797 
552.0042631798646 187.0 0.0 0.0 35.0 14232.506170722078 14232.777777777797 14232.777777777797 
553.0042631798646 187.0 0.0 0.0 35.0 14232.587652838798 14232.777777777797 14232.777777777797 
554.0042631798646 187.0 0.0 0.0 35.0 14232.644690320478 14232.777777777797 14232.777777777797 
555.0042631798646 187.0 0.0 0.0 35.0 14232.68461655766 14232.777777777797 14232.777777777797 
556.0042631798646 187.0 0.0 0.0 35.0 14232.712564923704 14232.777777777797 14232.777777777797 
557.0042631798646 187.0 0.0 1.0 35.0 14232.732128779951 14232.777777777797 14232.777777777797 
558.0042631798646 187.0 0.0 1.0 35.0 14227.461379034838 14215.162962962962 14232.777777777797 
559.0042631798646 188.0 0.0 0.0 35.0 14229.056298657719 14232.777777777797 14232.777777777797 
560.0042631798646 188.0 0.0 0.0 35.0 14230.17274239374 14232.777777777797 14232.777777777797 
561.0042631798646 188.0 0.0 0.0 35.0 14230.954253008938 14232.777777777797 14232.777777777797 
562.0042631798646 188.0 0.0 0.0 35.0 14231.501310439613 14232.777777777797 14232.777777777797 
563.0042631798646 188.0 0.0 0.0 35.0 14231.884250641024 14232.777777777797 14232.777777777797 
564.0042631798646 188.0 0.0 0.0 35.0 14232.15230878205 14232.777777777797 14232.777777777797 
565.0042631798646 188.0 0.0 0.0 35.0 14232.339949480805 14232.777777777797 14232.777777777797 
566.0042631798646 188.0 0.0 1.0 35.0 14232.471297969878 14232.777777777797 14232.777777777797 
567.0042631798646 188.0 0.0 1.0 35.0 14232.56324191223 14232.777777777797 14232.777777777797 
568.0042631798646 188.0 0.0 1.0 35.0 14227.343158227459 14215.162962962962 14232.777777777797 
569.0042631798646 189.0 0.0 1.0 35.0 14223.68909964811 14215.162962962962 14232.777777777797 
570.0042631798646 189.0 0.0 2.0 35.0 14226.415703087006 14232.777777777797 14232.777777777797 
571.0042631798646 189.0 0.0 2.0 35.0 14223.039881049799 14215.162962962962 14232.777777777797 
572.0042631798646 189.0 0.0 3.0 35.0 14215.392361179302 14197.54814814815 14232.777777777797 
573.0042631798646 190.0 0.0 2.0 35.0 14210.039097269937 14197.54814814815 14232.777777777797 
574.0042631798646 190.0 0.0 2.0 35.0 14206.291812533409 14197.54814814815 14232.777777777797 
575.0042631798646 192.0 0.0 0.0 35.0 14203.668713217834 14197.54814814815 14232.777777777797 
576.0042631798646 192.0 0.0 0.0 35.0 14212.401432585815 14232.777777777797 14232.777777777797 
577.0042631798646 192.0 0.0 0.0 35.0 14218.514336143418 14232.777777777797 14232.777777777797 
578.0042631798646 192.0 0.0 0.0 35.0 14222.793368633726 14232.777777777797 14232.777777777797 
579.0042631798646 192.0 0.0 0.0 35.0 14225.788691376929 14232.777777777797 14232.777777777797 
580.0042631798646 192.0 0.0 0.0 35.0 14227.88541729719 14232.777777777797 14232.777777777797 
581.0042631798646 192.0 0.0 0.0 35.0 14229.353125441372 14232.777777777797 14232.777777777797 
582.0042631798646 192.0 0.0 0.0 35.0 14230.380521142282 14232.777777777797 14232.777777777797 
583.0042631798646 192.0 0.0 0.0 35.0 14231.09969813294 14232.777777777797 14232.777777777797 
584.0042631798646 192.0 0.0 0.0 35.0 14231.603122026369 14232.777777777797 14232.777777777797 
585.0042631798646 192.0 0.0 0.0 35.0 14231.955518751802 14232.777777777797 14232.777777777797 
586.0042631798646 192.0 0.0 0.0 35.0 14232.202196459595 14232.777777777797 14232.777777777797 
587.0042631798646 192.0 0.0 0.0 35.0 14232.374870855052 14232.777777777797 14232.777777777797 
588.0042631798646 192.0 0.0 1.0 35.0 14232.49574293187 14232.777777777797 14232.777777777797 
589.0042631798646 192.0 0.0 1.0 35.0 14227.295908941205 14215.162962962962 14232.777777777797 
590.0042631798646 192.0 0.0 1.0 35.0 14223.65602514771 14215.162962962962 14232.777777777797 
591.0042631798646 193.0 0.0 0.0 35.0 14226.392550936742 14232.777777777797 14232.777777777797 
592.0042631798646 193.0 0.0 0.0 35.0 14228.308118989044 14232.777777777797 14232.777777777797 
593.0042631798646 193.0 0.0 0.0 35.0 14229.64901662565 14232.777777777797 14232.777777777797 
594.0042631798646 193.0 0.0 1.0 35.0 14230.587644971303 14232.777777777797 14232.777777777797 
595.0042631798646 193.0 0.0 1.0 35.0 14231.244684813246 14232.777777777797 14232.777777777797 
596.0042631798646 194.0 0.0 0.0 35.0 14226.420168258155 14215.162962962962 14232.777777777797 
597.0042631798646 194.0 0.0 1.0 35.0 14228.32745111403 14232.777777777797 14232.777777777797 
598.0042631798646 194.0 0.0 1.0 35.0 14224.378104668722 14215.162962962962 14232.777777777797 
599.0042631798646 195.0 0.0 0.0 35.0 14226.898006601408 14232.777777777797 14232.777777777797 
600.0042631798646 195.0 0.0 0.0 35.0 14228.661937954324 14232.777777777797 14232.777777777797 
#####################################################################
# End of data export. Simulation finished at: 2020-02-03T23:35+0000 #
#####################################################################
