#####################################################################
# Alchemist log file - simulation started at: 2020-01-25T16:06+0000 #
#####################################################################
# seed = 1.0, meanTaskSize = 10000, smoothing = 0.9, grain = 1300.0, peakFrequency = 0.3
#
# The columns have the following meaning: 
# time done[Sum] drop[Sum] waiting[Sum] isLeader[Sum] capacity[Mean] freeCapacity[Mean] maxCapacity[Mean] 
0.0 NaN 0.0 NaN NaN NaN NaN NaN 
1.0048855897957667 0.0 0.0 0.0 135.0 14232.777777777797 14232.777777777797 14232.777777777797 
2.0048855897957667 0.0 0.0 0.0 135.0 14232.777777777797 14232.777777777797 14232.777777777797 
3.0048855897957667 0.0 0.0 0.0 135.0 14232.777777777797 14232.777777777797 14232.777777777797 
4.004885589795767 0.0 0.0 0.0 135.0 14232.777777777797 14232.777777777797 14232.777777777797 
5.004885589795767 0.0 0.0 0.0 135.0 14232.777777777797 14232.777777777797 14232.777777777797 
6.004885589795767 0.0 0.0 0.0 135.0 14232.777777777797 14232.777777777797 14232.777777777797 
7.004885589795767 0.0 0.0 0.0 135.0 14232.777777777797 14232.777777777797 14232.777777777797 
8.004885589795766 0.0 0.0 0.0 135.0 14232.777777777797 14232.777777777797 14232.777777777797 
9.004885589795766 0.0 0.0 0.0 135.0 14232.777777777797 14232.777777777797 14232.777777777797 
10.004885589795766 0.0 0.0 0.0 135.0 14232.777777777797 14232.777777777797 14232.777777777797 
11.004885589795766 0.0 0.0 0.0 135.0 14232.777777777797 14232.777777777797 14232.777777777797 
12.004885589795766 0.0 0.0 0.0 135.0 14232.777777777797 14232.777777777797 14232.777777777797 
13.004885589795766 0.0 0.0 1.0 135.0 14232.777777777797 14232.777777777797 14232.777777777797 
14.004885589795766 0.0 0.0 1.0 135.0 14216.924444444427 14215.162962962962 14232.777777777797 
15.004885589795766 0.0 0.0 2.0 135.0 14215.3391111111 14215.162962962962 14232.777777777797 
16.004885589795766 0.0 0.0 2.0 135.0 14212.36724444443 14212.037037037013 14232.777777777797 
17.004885589795766 0.0 0.0 2.0 134.0 14212.070057777777 14212.037037037013 14232.777777777797 
18.004885589795766 0.0 0.0 3.0 134.0 14212.040339111105 14212.037037037013 14232.777777777797 
19.004885589795766 0.0 0.0 3.0 134.0 14209.224033911116 14208.911111111145 14232.777777777797 
20.004885589795766 0.0 0.0 3.0 133.0 14208.942403391124 14208.911111111145 14232.777777777797 
21.004885589795766 0.0 0.0 3.0 133.0 14208.91424033913 14208.911111111145 14232.777777777797 
22.004885589795766 0.0 0.0 3.0 133.0 14208.91142403392 14208.911111111145 14232.777777777797 
23.004885589795766 0.0 0.0 3.0 133.0 14208.911142403382 14208.911111111145 14232.777777777797 
24.004885589795766 0.0 0.0 3.0 133.0 14208.91111424036 14208.911111111145 14232.777777777797 
25.004885589795766 0.0 0.0 3.0 133.0 14208.911111424066 14208.911111111145 14232.777777777797 
26.004885589795766 0.0 0.0 3.0 133.0 14208.9111111424 14208.911111111145 14232.777777777797 
27.004885589795766 0.0 0.0 3.0 133.0 14208.911111114245 14208.911111111145 14232.777777777797 
28.004885589795766 0.0 0.0 3.0 133.0 14208.91111111142 14208.911111111145 14232.777777777797 
29.004885589795766 0.0 0.0 4.0 133.0 14208.91111111114 14208.911111111145 14232.777777777797 
30.004885589795766 0.0 0.0 4.0 133.0 14206.09777777776 14205.785185185186 14232.777777777797 
31.004885589795766 0.0 0.0 4.0 132.0 14205.816444444426 14205.785185185186 14232.777777777797 
32.00488558979576 0.0 0.0 4.0 132.0 14205.788311111104 14205.785185185186 14232.777777777797 
33.00488558979576 0.0 0.0 4.0 132.0 14205.785497777775 14205.785185185186 14232.777777777797 
34.00488558979576 0.0 0.0 5.0 132.0 14205.785216444467 14205.785185185186 14232.777777777797 
35.00488558979576 0.0 0.0 5.0 132.0 14202.971854977779 14202.659259259277 14232.777777777797 
36.00488558979576 0.0 0.0 5.0 131.0 14202.690518831094 14202.659259259277 14232.777777777797 
37.00488558979576 0.0 0.0 5.0 131.0 14202.662385216441 14202.659259259277 14232.777777777797 
38.00488558979576 0.0 0.0 5.0 131.0 14202.659571854996 14202.659259259277 14232.777777777797 
39.00488558979576 0.0 0.0 6.0 131.0 14202.659290518819 14202.659259259277 14232.777777777797 
40.00488558979576 0.0 0.0 6.0 131.0 14199.845929051875 14199.533333333318 14232.777777777797 
41.00488558979576 0.0 0.0 6.0 130.0 14199.564592905188 14199.533333333318 14232.777777777797 
42.00488558979576 0.0 0.0 6.0 130.0 14199.536459290524 14199.533333333318 14232.777777777797 
43.00488558979576 0.0 0.0 7.0 130.0 14199.53364592904 14199.533333333318 14232.777777777797 
44.00488558979576 0.0 0.0 7.0 130.0 14183.680031259593 14181.918518518494 14232.777777777797 
45.00488558979576 0.0 0.0 7.0 130.0 14182.094669792657 14181.918518518494 14232.777777777797 
46.00488558979576 0.0 0.0 7.0 130.0 14181.93613364592 14181.918518518494 14232.777777777797 
47.00488558979576 0.0 0.0 7.0 130.0 14181.920280031267 14181.918518518494 14232.777777777797 
48.00488558979576 0.0 0.0 7.0 130.0 14181.918694669761 14181.918518518494 14232.777777777797 
49.00488558979576 0.0 0.0 7.0 130.0 14181.918536133673 14181.918518518494 14232.777777777797 
50.00488558979576 0.0 0.0 7.0 130.0 14181.91852028004 14181.918518518494 14232.777777777797 
51.00488558979576 1.0 0.0 6.0 130.0 14181.918518694674 14181.918518518494 14232.777777777797 
52.00488558979576 1.0 0.0 6.0 130.0 14197.771851869476 14199.533333333318 14232.777777777797 
53.00488558979576 1.0 0.0 6.0 130.0 14199.357185186936 14199.533333333318 14232.777777777797 
54.00488558979576 1.0 0.0 6.0 130.0 14199.515718518704 14199.533333333318 14232.777777777797 
55.00488558979576 1.0 0.0 7.0 130.0 14199.531571851905 14199.533333333318 14232.777777777797 
56.00488558979576 1.0 0.0 7.0 130.0 14196.71982385185 14196.407407407401 14232.777777777797 
57.00488558979576 1.0 0.0 8.0 129.0 14196.438649051875 14196.407407407401 14232.777777777797 
58.00488558979576 1.0 0.0 8.0 129.0 14180.557198238497 14178.792592592627 14232.777777777797 
59.00488558979576 1.0 0.0 9.0 129.0 14178.969053157212 14178.792592592627 14232.777777777797 
60.00488558979576 1.0 0.0 9.0 129.0 14175.996905315747 14175.666666666668 14232.777777777797 
61.00488558979576 1.0 0.0 9.0 128.0 14175.699690531577 14175.666666666668 14232.777777777797 
62.00488558979576 1.0 0.0 9.0 128.0 14175.669969053155 14175.666666666668 14232.777777777797 
63.00488558979576 1.0 0.0 9.0 128.0 14175.6669969053 14175.666666666668 14232.777777777797 
64.00488558979576 1.0 0.0 10.0 128.0 14175.666699690544 14175.666666666668 14232.777777777797 
65.00488558979576 1.0 0.0 10.0 128.0 14172.8533366357 14172.540740740757 14232.777777777797 
66.00488558979576 1.0 0.0 10.0 127.0 14172.572000330241 14172.540740740757 14232.777777777797 
67.00488558979576 1.0 0.0 10.0 127.0 14172.543866699683 14172.540740740757 14232.777777777797 
68.00488558979576 1.0 0.0 10.0 127.0 14172.541053336667 14172.540740740757 14232.777777777797 
69.00488558979576 1.0 0.0 10.0 127.0 14172.540772000331 14172.540740740757 14232.777777777797 
70.00488558979576 1.0 0.0 10.0 127.0 14172.540743866695 14172.540740740757 14232.777777777797 
71.00488558979576 1.0 0.0 11.0 127.0 14172.54074105334 14172.540740740757 14232.777777777797 
72.00488558979576 1.0 0.0 11.0 127.0 14169.727407438655 14169.414814814798 14232.777777777797 
73.00488558979576 1.0 0.0 11.0 126.0 14169.446074077221 14169.414814814798 14232.777777777797 
74.00488558979576 1.0 0.0 11.0 126.0 14169.417940741072 14169.414814814798 14232.777777777797 
75.00488558979576 1.0 0.0 11.0 126.0 14169.415127407441 14169.414814814798 14232.777777777797 
76.00488558979576 1.0 0.0 11.0 126.0 14169.414846074083 14169.414814814798 14232.777777777797 
77.00488558979576 1.0 0.0 11.0 126.0 14169.414817940733 14169.414814814798 14232.777777777797 
78.00488558979576 1.0 0.0 11.0 126.0 14169.414815127426 14169.414814814798 14232.777777777797 
79.00488558979576 1.0 0.0 11.0 126.0 14169.414814846046 14169.414814814798 14232.777777777797 
80.00488558979576 1.0 0.0 11.0 126.0 14169.41481481793 14169.414814814798 14232.777777777797 
81.00488558979576 1.0 0.0 11.0 126.0 14169.414814815113 14169.414814814798 14232.777777777797 
82.00488558979576 2.0 0.0 10.0 126.0 14169.414814814847 14169.414814814798 14232.777777777797 
83.00488558979576 2.0 0.0 10.0 126.0 14185.268148148123 14187.029629629666 14232.777777777797 
84.00488558979576 2.0 0.0 10.0 126.0 14186.853481481488 14187.029629629666 14232.777777777797 
85.00488558979576 2.0 0.0 10.0 126.0 14187.01201481482 14187.029629629666 14232.777777777797 
86.00488558979576 2.0 0.0 10.0 126.0 14187.02786814813 14187.029629629666 14232.777777777797 
87.00488558979576 2.0 0.0 10.0 126.0 14187.029453481488 14187.029629629666 14232.777777777797 
88.00488558979576 2.0 0.0 10.0 126.0 14187.029612014841 14187.029629629666 14232.777777777797 
89.00488558979576 2.0 0.0 11.0 126.0 14187.029627868113 14187.029629629666 14232.777777777797 
90.00488558979576 2.0 0.0 12.0 126.0 14184.21629612014 14183.903703703707 14232.777777777797 
91.00488558979576 2.0 0.0 12.0 125.0 14181.121629611993 14180.777777777797 14232.777777777797 
92.00488558979576 2.0 0.0 12.0 124.0 14180.8121629612 14180.777777777797 14232.777777777797 
93.00488558979576 2.0 0.0 12.0 124.0 14180.781216296109 14180.777777777797 14232.777777777797 
94.00488558979576 2.0 0.0 12.0 124.0 14180.778121629593 14180.777777777797 14232.777777777797 
95.00488558979576 2.0 0.0 12.0 124.0 14180.777812162962 14180.777777777797 14232.777777777797 
96.00488558979576 2.0 0.0 12.0 124.0 14180.777781216302 14180.777777777797 14232.777777777797 
97.00488558979576 2.0 0.0 12.0 124.0 14180.77777812162 14180.777777777797 14232.777777777797 
98.00488558979576 2.0 0.0 13.0 124.0 14180.777777812134 14180.777777777797 14232.777777777797 
99.00488558979576 2.0 0.0 13.0 124.0 14177.964444447896 14177.651851851839 14232.777777777797 
100.00488558979576 2.0 0.0 14.0 123.0 14177.683111111486 14177.651851851839 14232.777777777797 
101.00488558979576 2.0 0.0 14.0 123.0 14174.841644444461 14174.525925925918 14232.777777777797 
102.00488558979576 2.0 0.0 14.0 122.0 14174.557497777801 14174.525925925918 14232.777777777797 
103.00488558979576 2.0 0.0 14.0 122.0 14174.529083111127 14174.525925925918 14232.777777777797 
104.00488558979576 2.0 0.0 14.0 122.0 14174.52624164445 14174.525925925918 14232.777777777797 
105.00488558979576 2.0 0.0 14.0 122.0 14174.525957497786 14174.525925925918 14232.777777777797 
106.00488558979576 2.0 0.0 14.0 122.0 14174.525929083105 14174.525925925918 14232.777777777797 
107.00488558979576 2.0 0.0 14.0 122.0 14174.525926241638 14174.525925925918 14232.777777777797 
108.00488558979576 2.0 0.0 14.0 122.0 14174.52592595749 14174.525925925918 14232.777777777797 
109.00488558979576 2.0 0.0 14.0 122.0 14174.525925929067 14174.525925925918 14232.777777777797 
110.00488558979576 2.0 0.0 14.0 122.0 14174.525925926238 14174.525925925918 14232.777777777797 
111.00488558979576 2.0 0.0 14.0 122.0 14174.525925925975 14174.525925925918 14232.777777777797 
112.00488558979576 2.0 0.0 14.0 122.0 14174.525925925926 14174.525925925918 14232.777777777797 
113.00488558979576 2.0 0.0 14.0 122.0 14174.525925925918 14174.525925925918 14232.777777777797 
114.00488558979576 2.0 0.0 15.0 122.0 14174.525925925918 14174.525925925918 14232.777777777797 
115.00488558979576 2.0 0.0 15.0 122.0 14171.712592592583 14171.400000000001 14232.777777777797 
116.00488558979576 2.0 0.0 15.0 121.0 14171.43125925926 14171.400000000001 14232.777777777797 
117.00488558979576 2.0 0.0 15.0 121.0 14171.403125925932 14171.400000000001 14232.777777777797 
118.00488558979576 2.0 0.0 16.0 121.0 14171.400312592596 14171.400000000001 14232.777777777797 
119.00488558979576 2.0 0.0 18.0 121.0 14155.546697925922 14153.785185185186 14232.777777777797 
120.00488558979576 2.0 0.0 19.0 120.0 14148.34133645927 14147.540740740757 14232.777777777797 
121.00488558979576 2.0 0.0 20.0 120.0 14131.767466979261 14129.92592592593 14232.777777777797 
122.00488558979576 2.0 0.0 20.0 120.0 14114.263413364595 14112.318518518547 14232.777777777797 
123.00488558979576 2.0 0.0 20.0 120.0 14112.513008003127 14112.318518518547 14232.777777777797 
124.00488558979576 2.0 0.0 20.0 120.0 14112.33796746695 14112.318518518547 14232.777777777797 
125.00488558979576 2.0 0.0 20.0 120.0 14112.320463413358 14112.318518518547 14232.777777777797 
126.00488558979576 2.0 0.0 26.0 120.0 14112.318713008026 14112.318518518547 14232.777777777797 
127.00488558979576 2.0 0.0 27.0 118.0 14069.385204634113 14064.614814814824 14232.777777777797 
128.00488558979578 2.0 0.0 30.0 118.0 14049.245187130095 14047.0074074074 14232.777777777797 
129.00488558979578 2.0 0.0 33.0 118.0 13999.677852046334 13994.17037037036 14232.777777777797 
130.00488558979578 2.0 0.0 35.0 118.0 13947.174451871295 13941.340740740723 14232.777777777797 
131.00488558979578 2.0 0.0 37.0 118.0 13910.224111853802 13906.11851851852 14232.777777777797 
132.00488558979578 2.0 0.0 37.0 118.0 13874.829077852048 13870.896296296318 14232.777777777797 
133.00488558979578 2.0 0.0 38.0 118.0 13871.289574451861 13870.896296296318 14232.777777777797 
134.00488558979578 2.0 0.0 39.0 118.0 13855.088957445167 13853.288888888881 14232.777777777797 
135.00488558979578 2.0 0.0 39.0 118.0 13837.615562411189 13835.674074074104 14232.777777777797 
136.00488558979578 2.0 0.0 40.0 118.0 13835.86822290778 13835.674074074104 14232.777777777797 
137.00488558979578 2.0 0.0 43.0 118.0 13819.846822290785 13818.066666666678 14232.777777777797 
138.00488558979578 2.0 0.0 44.0 118.0 13770.698015562413 13765.23703703704 14232.777777777797 
139.00488558979578 2.0 0.0 45.0 118.0 13762.969801556243 13762.111111111119 14232.777777777797 
140.00133478513482 2.0 0.0 45.0 117.0 13759.39031348928 13758.992592592598 14232.777777777797 
141.00488558979578 2.0 0.0 46.0 117.0 13759.03236468224 13758.992592592598 14232.777777777797 
142.00488558979578 2.0 0.0 49.0 117.0 13743.143236468226 13741.37777777779 14232.777777777797 
143.00488558979578 2.0 0.0 50.0 117.0 13694.014323646825 13688.555555555584 14232.777777777797 
144.00488558979578 2.0 0.0 51.0 117.0 13673.254765698037 13670.94814814816 14232.777777777797 
145.00488558979578 2.0 0.0 52.0 117.0 13655.332143236496 13653.340740740723 14232.777777777797 
146.00488558979578 3.0 0.0 53.0 117.0 13653.533214323626 13653.333333333328 14232.777777777797 
147.00488558979578 3.0 0.0 54.0 117.0 13621.659988099043 13618.11851851852 14232.777777777797 
148.00488558979578 3.0 0.0 54.0 117.0 13602.625998809892 13600.511111111091 14232.777777777797 
149.00488558979578 4.0 0.0 54.0 117.0 13616.57593321435 13618.125925925922 14232.777777777797 
150.00488558979578 4.0 0.0 56.0 117.0 13602.117593321405 13600.511111111091 14232.777777777797 
151.00488558979578 4.0 0.0 59.0 117.0 13568.965092665456 13565.281481481477 14232.777777777797 
152.00488558979578 5.0 0.0 60.0 117.0 13518.103175933193 13512.451851851845 14232.777777777797 
153.00488558979578 5.0 0.0 60.0 117.0 13497.176984259986 13494.851851851858 14232.777777777797 
154.00488558979578 5.0 0.0 61.0 117.0 13495.084365092653 13494.851851851858 14232.777777777797 
155.00488558979578 5.0 0.0 61.0 117.0 13479.028436509258 13477.244444444443 14232.777777777797 
156.00488558979578 5.0 0.0 63.0 117.0 13477.422843650935 13477.244444444443 14232.777777777797 
157.00488558979578 5.0 0.0 65.0 117.0 13445.562284365114 13442.022222222231 14232.777777777797 
158.00488558979578 5.0 0.0 67.0 117.0 13410.676228436509 13406.799999999974 14232.777777777797 
159.00488558979578 5.0 0.0 70.0 117.0 13388.520956176959 13386.059259259271 14232.777777777797 
160.00488558979578 5.0 0.0 70.0 116.0 13351.80542895102 13347.725925925946 14232.777777777797 
161.00488558979578 5.0 0.0 71.0 116.0 13348.13387622842 13347.725925925946 14232.777777777797 
162.00488558979578 7.0 0.0 73.0 116.0 13347.773387622874 13347.73333333335 14232.777777777797 
163.00488558979578 7.0 0.0 76.0 115.0 13329.070672095613 13326.992592592595 14232.777777777797 
164.00488558979578 7.0 0.0 80.0 115.0 13295.49373387622 13291.76296296296 14232.777777777797 
165.00488558979578 7.0 0.0 81.0 115.0 13212.8960400543 13203.718518518526 14232.777777777797 
166.00488558979578 7.0 0.0 84.0 115.0 13172.942937338781 13168.50370370369 14232.777777777797 
167.00488558979578 7.0 0.0 85.0 115.0 13153.094293733899 13150.888888888889 14232.777777777797 
168.00488558979578 7.0 0.0 86.0 115.0 13119.409429373405 13115.666666666675 14232.777777777797 
169.00488558979578 7.0 0.0 89.0 115.0 13100.194276270662 13098.05925925927 14232.777777777797 
170.00488558979578 7.0 0.0 91.0 104.0 13050.732760960414 13045.23703703704 14232.777777777797 
171.00488558979578 8.0 0.0 91.0 91.0 13061.633276096021 13062.844444444467 14232.777777777797 
172.00488558979578 8.0 0.0 96.0 85.0 12835.049994276274 12809.87407407407 14232.777777777797 
173.00488558979578 8.0 0.0 97.0 56.0 12718.371666094297 12705.407407407401 14232.777777777797 
174.00488558979578 8.0 0.0 98.0 45.0 12646.297166609424 12638.288888888881 14232.777777777797 
175.00488558979578 9.0 0.0 99.0 48.0 12351.663049994278 12318.925925925914 14232.777777777797 
176.00488558979578 10.0 0.0 99.0 60.0 12304.639638332757 12299.414814814818 14232.777777777797 
177.00488558979578 11.0 2.0 104.0 45.0 12014.223963833261 11981.955555555578 14232.777777777797 
178.00488558979578 11.0 2.0 107.0 44.0 11935.009063049978 11926.207407407379 14232.777777777797 
179.00488558979578 11.0 3.0 108.0 57.0 11721.89423963832 11698.214814814797 14232.777777777797 
180.00488558979578 11.0 3.0 110.0 46.0 11629.04275729717 11618.725925925944 14232.777777777797 
181.0039318669785 11.0 3.0 113.0 49.0 11452.60835854306 11432.985185185164 14232.777777777797 
182.00488558979578 11.0 3.0 116.0 52.0 11281.17909423965 11262.133333333346 14232.777777777797 
183.00488558979578 11.0 3.0 118.0 42.0 11081.117909423947 11058.8888888889 14232.777777777797 
184.00488558979578 11.0 3.0 120.0 41.0 10983.145124275747 10972.25925925928 14232.777777777797 
185.00488558979578 13.0 3.0 119.0 42.0 10690.207845760928 10657.659259259277 14232.777777777797 
186.00488558979578 13.0 3.0 120.0 41.0 10638.640784576106 10632.911111111136 14232.777777777797 
187.00488558979578 14.0 4.0 121.0 55.0 10526.82407845759 10514.399999999983 14232.777777777797 
188.00488558979578 14.0 4.0 121.0 51.0 10510.935741179113 10509.17037037036 14232.777777777797 
189.00488558979578 14.0 4.0 125.0 41.0 10353.420240784591 10335.918518518503 14232.777777777797 
190.00488558979578 14.0 6.0 126.0 41.0 10127.768690745133 10102.696296296284 14232.777777777797 
191.00488558979578 14.0 6.0 130.0 40.0 10062.37020240786 10055.103703703684 14232.777777777797 
192.00488558979578 14.0 6.0 132.0 39.0 9966.73035357411 9956.103703703684 14232.777777777797 
193.00488558979578 14.0 9.0 133.0 41.0 9703.586368690752 9674.348148148141 14232.777777777797 
194.00488558979578 14.0 10.0 134.0 19.0 9666.031970202393 9661.859259259249 14232.777777777797 
195.00488558979578 14.0 10.0 135.0 17.0 9116.436530353567 9055.370370370376 14232.777777777797 
196.00488558979578 14.0 10.0 138.0 11.0 9061.476986368696 9055.370370370376 14232.777777777797 
197.00488558979578 15.0 11.0 139.0 7.0 8818.247698636886 8791.222222222206 14232.777777777797 
198.00488558979578 15.0 12.0 140.0 2.0 8793.924769863683 8791.222222222206 14232.777777777797 
199.00488558979578 15.0 12.0 143.0 30.0 8818.485810319708 8821.214814814808 14232.777777777797 
200.00488558979578 15.0 13.0 144.0 5.0 8709.561914365318 8697.459259259247 14232.777777777797 
201.00488558979578 15.0 13.0 145.0 1.0 8364.549524769853 8326.21481481481 14232.777777777797 
202.00488558979578 17.0 13.0 146.0 2.0 8183.541619143639 8163.429629629632 14232.777777777797 
203.00488558979578 17.0 14.0 149.0 7.0 8149.594161914374 8145.822222222219 14232.777777777797 
204.00488558979578 17.0 15.0 150.0 16.0 8146.199416191439 8145.822222222219 14232.777777777797 
205.00488558979578 17.0 15.0 151.0 39.0 7816.63327495247 7780.014814814833 14232.777777777797 
206.00488558979578 17.0 17.0 152.0 1.0 7783.676660828589 7780.014814814833 14232.777777777797 
207.00488558979578 18.0 20.0 155.0 2.0 7684.860999416182 7673.88148148148 14232.777777777797 
208.00488558979578 18.0 20.0 156.0 1.0 7323.299433274957 7283.125925925933 14232.777777777797 
209.00488558979578 20.0 23.0 156.0 2.0 7329.976609994166 7330.718518518531 14232.777777777797 
210.00488558979578 20.0 28.0 158.0 52.0 7330.6443276660875 7330.718518518531 14232.777777777797 
211.00488558979578 20.0 29.0 159.0 7.0 7155.371099433271 7135.8962962963105 14232.777777777797 
212.00488558979578 20.0 33.0 161.0 1.0 6881.677109943316 6851.266666666667 14232.777777777797 
213.00488558979578 20.0 33.0 161.0 1.0 6754.074377661007 6739.89629629631 14232.777777777797 
214.00488558979578 20.0 34.0 162.0 1.0 6741.314104432768 6739.89629629631 14232.777777777797 
215.00055260957166 20.0 35.0 166.0 1.0 6740.038077109956 6739.89629629631 14232.777777777797 
216.00488558979578 20.0 35.0 169.0 1.0 6739.910474377651 6739.89629629631 14232.777777777797 
217.00488558979578 22.0 37.0 168.0 1.0 6755.74438077109 6757.503703703708 14232.777777777797 
218.00488558979578 24.0 38.0 169.0 24.0 6768.461104743782 6769.874074074067 14232.777777777797 
219.00488558979578 26.0 38.0 167.0 6.0 6700.712777141058 6693.185185185192 14232.777777777797 
220.00488558979578 27.0 40.0 168.0 1.0 6693.937944380758 6693.185185185192 14232.777777777797 
221.00488558979578 27.0 40.0 168.0 1.0 6459.373794438072 6433.3111111111 14232.777777777797 
222.00488558979578 29.0 41.0 172.0 1.0 6357.95737944381 6346.688888888899 14232.777777777797 
223.00488558979578 29.0 44.0 173.0 1.0 6363.669071277709 6364.303703703711 14232.777777777797 
224.00488558979578 30.0 47.0 173.0 4.0 6391.220240461098 6394.281481481471 14232.777777777797 
225.00488558979578 31.0 48.0 176.0 21.0 6393.975357379455 6394.281481481471 14232.777777777797 
226.00488558979578 31.0 49.0 179.0 3.0 6062.937535737951 6026.155555555561 14232.777777777797 
227.00488558979578 32.0 52.0 179.0 3.0 6029.833753573803 6026.155555555561 14232.777777777797 
228.00488558979578 34.0 53.0 178.0 1.0 6031.130042024036 6031.27407407408 14232.777777777797 
229.00488558979578 35.0 55.0 178.0 1.0 6047.1063375357435 6048.88148148148 14232.777777777797 
230.00488558979578 36.0 57.0 178.0 1.0 6059.8373004202485 6061.251851851842 14232.777777777797 
231.00488558979578 37.0 60.0 178.0 1.0 6061.110396708685 6061.251851851842 14232.777777777797 
232.00488558979578 40.0 61.0 176.0 1.0 6077.084373004198 6078.859259259268 14232.777777777797 
233.00488558979578 41.0 62.0 178.0 1.0 6078.68177063376 6078.859259259268 14232.777777777797 
234.00488558979578 41.0 62.0 183.0 1.0 6078.841510396717 6078.859259259268 14232.777777777797 
235.00488558979578 41.0 64.0 184.0 1.0 6078.857484372994 6078.859259259268 14232.777777777797 
236.00488558979578 41.0 66.0 191.0 1.0 6094.705748437294 6096.466666666662 14232.777777777797 
237.00488558979578 42.0 67.0 193.0 1.0 6112.143908177072 6114.081481481472 14232.777777777797 
238.00488558979578 42.0 67.0 194.0 24.0 6129.734390817712 6131.688888888898 14232.777777777797 
239.00488558979578 42.0 68.0 197.0 10.0 5917.026772415112 5893.392592592599 14232.777777777797 
240.00488558979578 43.0 69.0 198.0 1.0 5927.449343908181 5928.6074074074 14232.777777777797 
241.00488558979578 43.0 70.0 203.0 1.0 5650.058267724144 5619.23703703704 14232.777777777797 
242.00488558979578 44.0 70.0 204.0 1.0 5638.165826772419 5636.84444444444 14232.777777777797 
243.00488558979578 46.0 74.0 205.0 1.0 5668.669916010572 5672.05925925926 14232.777777777797 
244.00488558979578 47.0 77.0 211.0 1.0 5698.706991601064 5702.044444444435 14232.777777777797 
245.00488558979578 48.0 78.0 213.0 1.0 5701.7106991600995 5702.044444444435 14232.777777777797 
246.00488558979578 49.0 79.0 216.0 1.0 5702.011069916008 5702.044444444435 14232.777777777797 
247.00488558979578 49.0 80.0 222.0 1.0 5713.174440324927 5714.41481481482 14232.777777777797 
248.00488558979578 49.0 81.0 224.0 1.0 5714.290777365819 5714.41481481482 14232.777777777797 
249.00488558979578 49.0 85.0 229.0 1.0 5714.402411069922 5714.41481481482 14232.777777777797 
250.00488558979578 49.0 87.0 233.0 1.0 5725.553574440331 5726.79259259259 14232.777777777797 
251.00488558979578 50.0 88.0 239.0 1.0 5742.522024110696 5744.407407407402 14232.777777777797 
252.00488558979578 50.0 88.0 243.0 1.0 5744.218869077734 5744.407407407402 14232.777777777797 
253.00488558979578 50.0 89.0 243.0 1.0 5755.528553574434 5756.785185185181 14232.777777777797 
254.00488558979578 51.0 91.0 245.0 1.0 5756.659522024117 5756.785185185181 14232.777777777797 
255.00488558979578 51.0 96.0 245.0 1.0 5756.772618869073 5756.785185185181 14232.777777777797 
256.0048855897958 51.0 97.0 253.0 1.0 5756.783928553574 5756.785185185181 14232.777777777797 
257.0048855897958 52.0 99.0 257.0 1.0 5772.631726188684 5774.392592592599 14232.777777777797 
258.0048855897958 52.0 101.0 261.0 1.0 5774.216505952209 5774.392592592599 14232.777777777797 
259.0048855897958 52.0 103.0 265.0 1.0 5774.374983928547 5774.392592592599 14232.777777777797 
260.0048855897958 53.0 104.0 268.0 1.0 5774.390831726184 5774.392592592599 14232.777777777797 
261.0048855897958 53.0 106.0 273.0 1.0 5774.392416505948 5774.392592592599 14232.777777777797 
262.0048855897958 53.0 107.0 274.0 1.0 5774.392574983921 5774.392592592599 14232.777777777797 
263.0048855897958 54.0 111.0 276.0 1.0 5774.3925908317215 5774.392592592599 14232.777777777797 
264.0048855897958 54.0 113.0 281.0 1.0 5790.239259083172 5792.0 14232.777777777797 
265.0048855897958 55.0 115.0 286.0 1.0 5791.823925908324 5792.0 14232.777777777797 
266.0048855897958 55.0 116.0 288.0 1.0 5807.829059257491 5809.607407407401 14232.777777777797 
267.0048855897958 55.0 121.0 289.0 1.0 5809.429572592407 5809.607407407401 14232.777777777797 
268.0048855897958 55.0 123.0 291.0 1.0 5809.589623925904 5809.607407407401 14232.777777777797 
269.0048855897958 56.0 124.0 296.0 1.0 5841.298962392584 5844.82222222222 14232.777777777797 
270.0048855897958 56.0 129.0 299.0 1.0 5844.46989623925 5844.82222222222 14232.777777777797 
271.0048855897958 57.0 131.0 300.0 1.0 5871.773656290585 5874.8074074074175 14232.777777777797 
272.0048855897958 57.0 134.0 303.0 1.0 5874.504032295729 5874.8074074074175 14232.777777777797 
273.0048855897958 58.0 136.0 306.0 1.0 5874.777069896247 5874.8074074074175 14232.777777777797 
274.0048855897958 58.0 140.0 311.0 1.0 5874.804373656296 5874.8074074074175 14232.777777777797 
275.0048855897958 58.0 144.0 313.0 31.0 5874.807104032291 5874.8074074074175 14232.777777777797 
276.0048855897958 59.0 147.0 318.0 10.0 5276.154043736555 5209.637037037032 14232.777777777797 
277.0048855897958 59.0 147.0 320.0 1.0 5078.355404373651 5056.377777777773 14232.777777777797 
278.0048855897958 59.0 150.0 325.0 1.0 4813.555540437369 4784.133333333328 14232.777777777797 
279.0048855897958 59.0 155.0 326.0 1.0 4787.075554043735 4784.133333333328 14232.777777777797 
280.0048855897958 60.0 158.0 327.0 4.0 4800.28088873771 4801.748148148152 14232.777777777797 
281.0048855897958 60.0 160.0 331.0 2.0 4833.301422207111 4836.970370370371 14232.777777777797 
282.0048855897958 61.0 161.0 335.0 33.0 4836.6034755540495 4836.970370370371 14232.777777777797 
283.0048855897958 63.0 165.0 335.0 1.0 4836.933680888741 4836.970370370371 14232.777777777797 
284.0048855897958 64.0 170.0 336.0 1.0 4599.240034755536 4572.829629629636 14232.777777777797 
285.0048855897958 64.0 170.0 338.0 1.0 4575.470670142225 4572.829629629636 14232.777777777797 
286.0048855897958 64.0 172.0 340.0 1.0 4588.940400347552 4590.437037037033 14232.777777777797 
287.0048855897958 65.0 175.0 342.0 1.0 4590.287373368088 4590.437037037033 14232.777777777797 
288.0048855897958 69.0 177.0 341.0 1.0 4622.115404003476 4625.651851851857 14232.777777777797 
289.0048855897958 69.0 179.0 345.0 1.0 4641.144873733677 4643.259259259254 14232.777777777797 
290.0048855897958 70.0 184.0 346.0 1.0 4643.0478207067035 4643.259259259254 14232.777777777797 
291.0048855897958 71.0 187.0 347.0 1.0 4659.08478207067 4660.866666666672 14232.777777777797 
292.0048855897958 71.0 188.0 348.0 1.0 4660.688478207071 4660.866666666672 14232.777777777797 
293.0048855897958 73.0 194.0 350.0 1.0 4660.848847820702 4660.866666666672 14232.777777777797 
294.0048855897958 75.0 198.0 357.0 1.0 4676.711551448738 4678.47407407408 14232.777777777797 
295.0048855897958 77.0 199.0 359.0 1.0 4709.997821811547 4713.696296296294 14232.777777777797 
296.0048855897958 77.0 205.0 362.0 1.0 4724.459782181158 4726.0666666666675 14232.777777777797 
297.0048855897958 77.0 208.0 364.0 1.0 4725.905978218109 4726.0666666666675 14232.777777777797 
298.0048855897958 77.0 213.0 367.0 1.0 4726.050597821811 4726.0666666666675 14232.777777777797 
299.0048855897958 77.0 218.0 371.0 1.0 4726.0650597821805 4726.0666666666675 14232.777777777797 
300.0048855897958 78.0 219.0 372.0 1.0 4773.606505978222 4778.888888888896 14232.777777777797 
301.0048855897958 79.0 225.0 373.0 1.0 4778.3606505978205 4778.888888888896 14232.777777777797 
302.0048855897958 84.0 225.0 371.0 1.0 4873.936065059775 4884.555555555551 14232.777777777797 
303.0048855897958 84.0 226.0 371.0 1.0 4894.633606505972 4896.933333333332 14232.777777777797 
304.0048855897958 85.0 229.0 373.0 1.0 4896.703360650603 4896.933333333332 14232.777777777797 
305.0048855897958 87.0 232.0 375.0 1.0 4899.723669398389 4900.05925925926 14232.777777777797 
306.0048855897958 90.0 234.0 373.0 1.0 4947.565700273179 4952.88148148148 14232.777777777797 
307.0048855897958 91.0 238.0 378.0 1.0 4952.34990336065 4952.88148148148 14232.777777777797 
308.0048855897958 91.0 241.0 381.0 1.0 4984.528323669401 4988.103703703696 14232.777777777797 
309.0048855897958 92.0 245.0 381.0 1.0 4987.746165700276 4988.103703703696 14232.777777777797 
310.0048855897958 93.0 250.0 385.0 1.0 4988.067949903355 4988.103703703696 14232.777777777797 
311.0031825394812 93.0 251.0 390.0 1.0 4999.233461609305 5000.47407407408 14232.777777777797 
312.0048855897958 96.0 253.0 393.0 1.0 5032.050012832361 5035.6962962962925 14232.777777777797 
313.0048855897958 96.0 257.0 394.0 1.0 5035.331667949899 5035.6962962962925 14232.777777777797 
314.0048855897958 97.0 261.0 399.0 1.0 5051.5065001283265 5053.3037037037075 14232.777777777797 
315.0048855897958 98.0 264.0 401.0 1.0 5084.817316679497 5088.518518518515 14232.777777777797 
316.0048855897958 98.0 268.0 406.0 1.0 5088.148398334612 5088.518518518515 14232.777777777797 
317.0048855897958 100.0 270.0 407.0 1.0 5088.481506500135 5088.518518518515 14232.777777777797 
318.0048855897958 101.0 275.0 408.0 1.0 5088.514817316686 5088.518518518515 14232.777777777797 
319.0048855897958 102.0 279.0 408.0 1.0 5104.37148173167 5106.133333333325 14232.777777777797 
320.0048855897958 102.0 280.0 410.0 1.0 5137.650481506502 5141.348148148143 14232.777777777797 
321.0048855897958 103.0 286.0 411.0 1.0 5156.831714817312 5158.962962962961 14232.777777777797 
322.0048855897958 103.0 290.0 413.0 1.0 5174.59650481507 5176.570370370376 14232.777777777797 
323.0048855897958 104.0 294.0 417.0 1.0 5176.372983814837 5176.570370370376 14232.777777777797 
324.0048855897958 106.0 296.0 418.0 1.0 5176.550631714821 5176.570370370376 14232.777777777797 
325.0048855897958 106.0 300.0 420.0 1.0 5176.56839650482 5176.570370370376 14232.777777777797 
326.0048855897958 106.0 302.0 420.0 1.0 5203.55683965048 5206.555555555551 14232.777777777797 
327.0048855897958 107.0 303.0 421.0 1.0 5217.38901729839 5218.9259259259325 14232.777777777797 
328.0048855897958 107.0 306.0 423.0 1.0 5229.912235063176 5231.3037037037075 14232.777777777797 
329.0048855897958 108.0 310.0 426.0 1.0 5247.011223506322 5248.911111111111 14232.777777777797 
330.0048855897958 108.0 311.0 429.0 1.0 5248.721122350624 5248.911111111111 14232.777777777797 
331.0048855897958 108.0 313.0 431.0 1.0 5248.8921122350575 5248.911111111111 14232.777777777797 
332.0048855897958 108.0 316.0 431.0 1.0 5248.909211223514 5248.911111111111 14232.777777777797 
333.0048855897958 109.0 322.0 433.0 1.0 5264.757587789015 5266.518518518514 14232.777777777797 
334.0048855897958 110.0 334.0 435.0 1.0 5266.342425445573 5266.518518518514 14232.777777777797 
335.0048855897958 111.0 340.0 438.0 1.0 5298.194242544565 5301.73333333333 14232.777777777797 
336.0048855897958 111.0 344.0 443.0 1.0 5301.379424254448 5301.73333333333 14232.777777777797 
337.0048855897958 111.0 348.0 444.0 1.0 5301.6979424254505 5301.73333333333 14232.777777777797 
338.0048855897958 112.0 354.0 446.0 1.0 5301.729794242549 5301.73333333333 14232.777777777797 
339.0048855897958 114.0 357.0 444.0 1.0 5301.732979424257 5301.73333333333 14232.777777777797 
340.0048855897958 115.0 360.0 445.0 1.0 5328.719964609096 5331.718518518525 14232.777777777797 
341.0048855897958 118.0 371.0 444.0 1.0 5347.265329794239 5349.325925925929 14232.777777777797 
342.0048855897958 118.0 374.0 447.0 1.0 5364.973199646082 5366.94074074074 14232.777777777797 
343.0048855897958 119.0 378.0 449.0 1.0 5366.743986631274 5366.94074074074 14232.777777777797 
344.0048855897958 119.0 384.0 452.0 1.0 5366.921065329787 5366.94074074074 14232.777777777797 
345.0048855897958 121.0 391.0 450.0 1.0 5366.938773199651 5366.94074074074 14232.777777777797 
346.0048855897958 123.0 396.0 450.0 1.0 5393.9338773199615 5396.93333333333 14232.777777777797 
347.0048855897958 123.0 402.0 453.0 1.0 5396.633387732004 5396.93333333333 14232.777777777797 
348.0048855897958 124.0 409.0 452.0 1.0 5428.5966721065315 5432.14814814815 14232.777777777797 
349.0048855897958 126.0 414.0 452.0 1.0 5474.626333877315 5479.740740740747 14232.777777777797 
350.0048855897958 128.0 422.0 454.0 1.0 5495.082633387739 5497.3555555555595 14232.777777777797 
351.0048855897958 128.0 423.0 457.0 1.0 5497.128263338781 5497.3555555555595 14232.777777777797 
352.0048855897958 128.0 425.0 459.0 1.0 5497.332826333877 5497.3555555555595 14232.777777777797 
353.0048855897958 128.0 430.0 460.0 13.0 5500.159949300055 5500.47407407408 14232.777777777797 
354.0048855897958 129.0 438.0 461.0 9.0 5036.002661596669 4984.429629629625 14232.777777777797 
355.0048855897958 130.0 441.0 466.0 1.0 4139.306932826337 4039.674074074071 14232.777777777797 
356.0048855897958 133.0 445.0 466.0 1.0 4065.4906932826357 4057.2888888888842 14232.777777777797 
357.0048855897958 134.0 448.0 467.0 1.0 3820.3757359949336 3793.1407407407355 14232.777777777797 
358.0048855897958 135.0 453.0 471.0 1.0 3807.0042402661575 3805.5185185185205 14232.777777777797 
359.0048855897958 135.0 456.0 472.0 23.0 3805.667090693281 3805.5185185185205 14232.777777777797 
360.0048855897958 137.0 462.0 473.0 15.0 3686.9533757359977 3673.76296296296 14232.777777777797 
361.0048855897958 141.0 467.0 470.0 3.0 3600.4486709069297 3590.8370370370353 14232.777777777797 
362.0048855897958 141.0 471.0 476.0 1.0 3591.7982004240225 3590.8370370370353 14232.777777777797 
363.0048855897958 143.0 477.0 477.0 1.0 3337.353153375737 3309.081481481477 14232.777777777797 
364.0048855897958 144.0 480.0 480.0 1.0 3327.761982004238 3326.6962962962994 14232.777777777797 
365.0048855897958 146.0 486.0 480.0 1.0 3326.802864867092 3326.6962962962994 14232.777777777797 
366.0048855897958 148.0 492.0 481.0 28.0 3348.9802864867092 3351.4444444444484 14232.777777777797 
367.0048855897958 148.0 507.0 483.0 3.0 3050.071361982006 3016.8592592592618 14232.777777777797 
368.0048855897958 150.0 509.0 482.0 1.0 2777.7404695315336 2747.4814814814827 14232.777777777797 
369.0048855897958 151.0 518.0 485.0 1.0 2750.5073802864836 2747.4814814814827 14232.777777777797 
370.0048855897958 154.0 528.0 490.0 1.0 2747.784071361981 2747.4814814814827 14232.777777777797 
371.0048855897958 154.0 533.0 493.0 1.0 2758.6450738028666 2759.8518518518504 14232.777777777797 
372.00112096486123 156.0 536.0 493.0 1.0 2759.73117404695 2759.8518518518504 14232.777777777797 
373.0048855897958 156.0 540.0 497.0 1.0 2782.1131174046977 2784.599999999997 14232.777777777797 
374.0048855897958 158.0 550.0 498.0 1.0 2784.351311740471 2784.599999999997 14232.777777777797 
375.0048855897958 159.0 556.0 501.0 1.0 2784.5751311740455 2784.599999999997 14232.777777777797 
376.0048855897958 160.0 560.0 504.0 1.0 2784.5975131174064 2784.599999999997 14232.777777777797 
377.0048855897958 163.0 567.0 504.0 1.0 2800.453084645073 2802.214814814815 14232.777777777797 
378.0048855897958 165.0 574.0 507.0 1.0 2836.545308464508 2840.555555555552 14232.777777777797 
379.0048855897958 166.0 579.0 512.0 1.0 2840.1545308464483 2840.555555555552 14232.777777777797 
380.0048855897958 168.0 586.0 513.0 1.0 2840.5154530846457 2840.555555555552 14232.777777777797 
381.0048855897958 169.0 589.0 513.0 1.0 2851.691545308466 2852.933333333335 14232.777777777797 
382.0048855897958 172.0 593.0 513.0 1.0 2852.8091545308494 2852.933333333335 14232.777777777797 
383.0048855897958 173.0 600.0 513.0 1.0 2868.767582119751 2870.540740740737 14232.777777777797 
384.0048855897958 174.0 606.0 517.0 1.0 2870.3634248786407 2870.540740740737 14232.777777777797 
385.0048855897958 175.0 610.0 519.0 1.0 2892.7963424878644 2895.288888888888 14232.777777777797 
386.0048855897958 176.0 618.0 524.0 1.0 2895.039634248787 2895.288888888888 14232.777777777797 
387.0048855897958 177.0 623.0 526.0 1.0 2911.110630091548 2912.896296296295 14232.777777777797 
388.0048855897958 177.0 628.0 530.0 1.0 2928.564396342488 2930.503703703708 14232.777777777797 
389.0048855897958 178.0 636.0 532.0 1.0 2930.3097729675806 2930.503703703708 14232.777777777797 
390.0048855897958 178.0 643.0 539.0 1.0 2930.4843106300877 2930.503703703708 14232.777777777797 
391.0048855897958 181.0 652.0 537.0 1.0 2946.3484310630092 2948.1111111111095 14232.777777777797 
392.0048855897958 182.0 654.0 538.0 1.0 2947.9348431063004 2948.1111111111095 14232.777777777797 
393.0048855897958 184.0 662.0 543.0 1.0 2948.093484310626 2948.1111111111095 14232.777777777797 
394.0048855897958 186.0 668.0 545.0 1.0 2948.109348431063 2948.1111111111095 14232.777777777797 
395.0048855897958 190.0 677.0 543.0 1.0 2995.657601509776 3000.94074074074 14232.777777777797 
396.0048855897958 190.0 685.0 553.0 1.0 3027.3924268176415 3030.9185185185215 14232.777777777797 
397.0048855897958 191.0 689.0 552.0 1.0 3041.705909348429 3043.296296296299 14232.777777777797 
398.0048855897958 192.0 698.0 554.0 1.0 3043.1372576015074 3043.296296296299 14232.777777777797 
399.0048855897958 194.0 704.0 555.0 1.0 3059.127059093486 3060.903703703707 14232.777777777797 
400.0048855897958 195.0 711.0 558.0 1.0 3076.5727059093488 3078.5111111111064 14232.777777777797 
401.0048855897958 198.0 716.0 559.0 1.0 3078.3172705909365 3078.5111111111064 14232.777777777797 
402.0048855897958 202.0 721.0 561.0 1.0 3078.4917270590918 3078.5111111111064 14232.777777777797 
403.0048855897958 203.0 722.0 562.0 1.0 3121.34250603924 3126.103703703705 14232.777777777797 
404.0048855897958 205.0 723.0 561.0 1.0 3125.6275839372606 3126.103703703705 14232.777777777797 
405.0048855897958 206.0 725.0 560.0 1.0 3137.1960917270562 3138.481481481481 14232.777777777797 
406.0048855897958 206.0 726.0 560.0 1.0 3138.3529425060424 3138.481481481481 14232.777777777797 
407.0048855897958 206.0 727.0 562.0 1.0 3149.608627583935 3150.8592592592627 14232.777777777797 
408.0048855897958 207.0 727.0 561.0 1.0 3166.5808627583965 3168.466666666666 14232.777777777797 
409.0048855897958 208.0 728.0 560.0 1.0 3184.13141960917 3186.0814814814776 14232.777777777797 
410.0048855897958 208.0 728.0 560.0 1.0 3197.0198086275873 3198.4518518518507 14232.777777777797 
411.0048855897958 211.0 729.0 557.0 1.0 3214.155314196088 3216.05925925926 14232.777777777797 
412.0048855897958 211.0 729.0 557.0 1.0 3215.8688647529434 3216.05925925926 14232.777777777797 
413.0048855897958 212.0 729.0 556.0 1.0 3216.040219808626 3216.05925925926 14232.777777777797 
414.0048855897958 216.0 729.0 553.0 1.0 3231.9040219808653 3233.666666666669 14232.777777777797 
415.0048855897958 218.0 729.0 551.0 1.0 3265.1837355314237 3268.8814814814796 14232.777777777797 
416.0048855897958 220.0 729.0 550.0 1.0 3268.5117068864784 3268.8814814814796 14232.777777777797 
417.0048855897958 223.0 729.0 547.0 1.0 3316.384504021979 3321.703703703701 14232.777777777797 
418.0048855897958 225.0 729.0 545.0 1.0 3332.3117837355358 3334.081481481477 14232.777777777797 
419.0048855897958 228.0 729.0 542.0 1.0 3365.6111783735573 3369.311111111114 14232.777777777797 
420.0048855897958 231.0 729.0 539.0 1.0 3411.7744511706856 3416.903703703708 14232.777777777797 
421.0048855897958 232.0 729.0 539.0 1.0 3432.237445117073 3434.5111111111064 14232.777777777797 
422.0048855897958 235.0 729.0 536.0 1.0 3450.137077845037 3452.125925925922 14232.777777777797 
423.0048855897958 235.0 729.0 537.0 1.0 3451.927041117839 3452.125925925922 14232.777777777797 
424.0048855897958 235.0 729.0 537.0 1.0 3452.106037445121 3452.125925925922 14232.777777777797 
425.0048855897958 236.0 729.0 536.0 1.0 3467.9706037445158 3469.733333333331 14232.777777777797 
426.0048855897958 238.0 729.0 535.0 1.0 3485.4037270411163 3487.340740740744 14232.777777777797 
427.0048855897958 238.0 729.0 536.0 1.0 3502.9937060374473 3504.948148148153 14232.777777777797 
428.0048855897958 240.0 729.0 534.0 1.0 3504.752703937074 3504.948148148153 14232.777777777797 
429.0048855897958 242.0 729.0 532.0 1.0 3552.468603727045 3557.770370370374 14232.777777777797 
430.0048855897958 243.0 729.0 531.0 1.0 3584.226860372707 3587.755555555559 14232.777777777797 
431.0048855897958 247.0 729.0 527.0 1.0 3634.9426860372664 3640.5777777777803 14232.777777777797 
432.0048855897958 247.0 729.0 527.0 1.0 3671.7142686037223 3675.8000000000047 14232.777777777797 
433.0048855897958 247.0 729.0 527.0 1.0 3675.3914268603694 3675.8000000000047 14232.777777777797 
434.0048855897958 247.0 729.0 527.0 1.0 3675.759142686041 3675.8000000000047 14232.777777777797 
435.0048855897958 248.0 729.0 526.0 1.0 3675.795914268599 3675.8000000000047 14232.777777777797 
436.0048855897958 251.0 729.0 523.0 1.0 3702.7862580935303 3705.785185185189 14232.777777777797 
437.0048855897958 252.0 729.0 522.0 1.0 3737.1786258093553 3741.0 14232.777777777797 
438.0048855897958 255.0 729.0 519.0 1.0 3767.6045292476056 3770.985185185185 14232.777777777797 
439.0048855897958 257.0 729.0 517.0 1.0 3786.500452924764 3788.5999999999963 14232.777777777797 
440.0048855897958 257.0 729.0 517.0 1.0 3788.390045292478 3788.5999999999963 14232.777777777797 
441.0048855897958 257.0 729.0 517.0 1.0 3804.4323378625786 3806.214814814811 14232.777777777797 
442.0048855897958 258.0 729.0 516.0 1.0 3833.0299004529197 3836.20740740741 14232.777777777797 
443.0048855897958 258.0 729.0 516.0 1.0 3835.8896567119637 3836.20740740741 14232.777777777797 
444.0048855897958 258.0 729.0 516.0 1.0 3836.175632337861 3836.20740740741 14232.777777777797 
445.0048855897958 258.0 729.0 516.0 1.0 3836.2042299004584 3836.20740740741 14232.777777777797 
446.0048855897958 261.0 729.0 513.0 1.0 3883.7470896567133 3889.02962962963 14232.777777777797 
447.0048855897958 262.0 729.0 513.0 1.0 3904.348042299002 3906.6370370370396 14232.777777777797 
448.0048855897958 262.0 729.0 513.0 1.0 3917.5414708965654 3919.007407407414 14232.777777777797 
449.0048855897958 263.0 729.0 512.0 1.0 3918.860813756322 3919.007407407414 14232.777777777797 
450.0048855897958 263.0 729.0 512.0 1.0 3934.8394147089693 3936.6148148148113 14232.777777777797 
451.0048855897958 264.0 729.0 511.0 1.0 3936.4372748042333 3936.6148148148113 14232.777777777797 
452.0048855897958 265.0 729.0 510.0 1.0 3952.443727480424 3954.222222222223 14232.777777777797 
453.0048855897958 268.0 729.0 508.0 1.0 3954.0443727480456 3954.222222222223 14232.777777777797 
454.0048855897958 268.0 729.0 508.0 1.0 3970.051103941467 3971.8296296296353 14232.777777777797 
455.0048855897958 269.0 729.0 507.0 1.0 4014.4851103941537 4019.422222222221 14232.777777777797 
456.0048855897958 271.0 729.0 505.0 1.0 4034.7751777060776 4037.02962962963 14232.777777777797 
457.0048855897958 273.0 729.0 503.0 1.0 4036.804184437279 4037.02962962963 14232.777777777797 
458.0048855897958 275.0 729.0 501.0 1.0 4079.847085110391 4084.6296296296287 14232.777777777797 
459.0048855897958 277.0 729.0 499.0 1.0 4084.151375177709 4084.6296296296287 14232.777777777797 
460.0048855897958 277.0 729.0 499.0 1.0 4095.7218041844408 4097.0074074074155 14232.777777777797 
461.0048855897958 278.0 729.0 498.0 1.0 4096.878847085108 4097.0074074074155 14232.777777777797 
462.0048855897958 280.0 729.0 497.0 1.0 4096.994551375176 4097.0074074074155 14232.777777777797 
463.0048855897958 281.0 729.0 496.0 1.0 4112.852788470847 4114.614814814811 14232.777777777797 
464.0048855897958 281.0 729.0 496.0 1.0 4117.245278847085 4117.733333333331 14232.777777777797 
465.0048855897958 281.0 729.0 496.0 1.0 4133.537861218046 4135.348148148144 14232.777777777797 
466.0048855897958 282.0 729.0 495.0 1.0 4135.167119455137 4135.348148148144 14232.777777777797 
467.0048855897958 282.0 729.0 495.0 1.0 4138.143378612182 4138.474074074079 14232.777777777797 
468.0048855897958 283.0 729.0 494.0 1.0 4154.287671194551 4156.081481481475 14232.777777777797 
469.0048855897958 283.0 729.0 494.0 1.0 4155.902100452782 4156.081481481475 14232.777777777797 
470.0048855897958 284.0 729.0 493.0 1.0 4156.063543378615 4156.081481481475 14232.777777777797 
471.0048855897958 284.0 729.0 493.0 1.0 4156.0796876711975 4156.081481481475 14232.777777777797 
472.0048855897958 285.0 729.0 492.0 11.0 4183.067968767122 4186.066666666665 14232.777777777797 
473.0048855897958 287.0 729.0 490.0 1.0 3884.6467968767124 3851.488888888893 14232.777777777797 
474.0048855897958 287.0 729.0 491.0 1.0 3870.6580130210104 3869.103703703704 14232.777777777797 
475.0048855897958 287.0 729.0 491.0 1.0 3869.2591346354284 3869.103703703704 14232.777777777797 
476.0048855897958 287.0 729.0 491.0 1.0 3869.119246796874 3869.103703703704 14232.777777777797 
477.0048855897958 287.0 729.0 491.0 2.0 3896.091924679683 3899.0888888888903 14232.777777777797 
478.0048855897958 287.0 729.0 491.0 1.0 3898.7891924679725 3899.0888888888903 14232.777777777797 
479.0048855897958 288.0 729.0 490.0 1.0 3658.745585913468 3632.074074074075 14232.777777777797 
480.0048855897958 289.0 729.0 489.0 1.0 3657.0145585913438 3656.8222222222203 14232.777777777797 
481.0048855897958 290.0 729.0 488.0 1.0 3672.6947891924706 3674.4370370370348 14232.777777777797 
482.0048855897958 290.0 729.0 488.0 1.0 3685.402812252582 3686.8148148148193 14232.777777777797 
483.0048855897958 294.0 729.0 484.0 1.0 3767.6336145585947 3776.7703703703746 14232.777777777797 
484.0048855897958 295.0 729.0 483.0 1.0 3802.8433614558594 3806.755555555559 14232.777777777797 
485.0048855897958 297.0 729.0 481.0 1.0 3806.3643361455897 3806.755555555559 14232.777777777797 
486.0048855897958 299.0 729.0 479.0 1.0 3838.409766947896 3841.97037037037 14232.777777777797 
487.0048855897958 299.0 729.0 479.0 1.0 3868.600976694793 3871.955555555556 14232.777777777797 
488.0048855897958 302.0 729.0 476.0 1.0 3871.6200976694768 3871.955555555556 14232.777777777797 
489.0048855897958 303.0 729.0 475.0 1.0 3903.622009766946 3907.1777777777797 14232.777777777797 
490.0048855897958 304.0 729.0 474.0 1.0 3917.9622009766927 3919.555555555551 14232.777777777797 
491.0048855897958 305.0 729.0 473.0 1.0 3930.5362200976647 3931.9333333333375 14232.777777777797 
492.0048855897958 306.0 729.0 473.0 1.0 3931.793622009765 3931.9333333333375 14232.777777777797 
493.0048855897958 307.0 729.0 472.0 1.0 3931.9193622009757 3931.9333333333375 14232.777777777797 
494.0048855897958 310.0 729.0 469.0 1.0 3974.76526955343 3979.525925925921 14232.777777777797 
495.0048855897958 310.0 729.0 469.0 1.0 4001.3231936220154 4004.274074074071 14232.777777777797 
496.0048855897958 312.0 729.0 467.0 1.0 4062.6656526955308 4069.481481481481 14232.777777777797 
497.0048855897958 313.0 729.0 466.0 1.0 4068.7998986028892 4069.481481481481 14232.777777777797 
498.0048855897958 313.0 729.0 466.0 1.0 4069.4133231936253 4069.481481481481 14232.777777777797 
499.0048855897958 317.0 729.0 462.0 1.0 4085.3213323193677 4087.0888888888903 14232.777777777797 
500.0048855897958 317.0 729.0 462.0 1.0 4086.9121332319387 4087.0888888888903 14232.777777777797 
501.0048855897958 317.0 729.0 462.0 1.0 4102.917879989859 4104.696296296299 14232.777777777797 
502.0048855897958 320.0 729.0 460.0 1.0 4131.511787998986 4134.688888888889 14232.777777777797 
503.0048855897958 320.0 729.0 460.0 1.0 4159.457845466568 4162.562962962967 14232.777777777797 
504.0048855897958 321.0 729.0 459.0 1.0 4178.099117879991 4180.170370370364 14232.777777777797 
505.0048855897958 322.0 729.0 458.0 1.0 4191.096578454669 4192.540740740739 14232.777777777797 
506.0048855897958 325.0 729.0 455.0 1.0 4208.249657845462 4210.155555555553 14232.777777777797 
507.0048855897958 325.0 729.0 455.0 1.0 4209.964965784546 4210.155555555553 14232.777777777797 
508.0048855897958 327.0 729.0 453.0 1.0 4225.989829911785 4227.7703703703755 14232.777777777797 
509.0048855897958 330.0 729.0 450.0 1.0 4243.438982991181 4245.377777777773 14232.777777777797 
510.0048855897958 331.0 729.0 449.0 1.0 4245.183898299117 4245.377777777773 14232.777777777797 
511.0048855897958 331.0 729.0 449.0 1.0 4245.358389829905 4245.377777777773 14232.777777777797 
512.0048855897958 332.0 729.0 448.0 1.0 4256.515838982986 4257.755555555557 14232.777777777797 
513.0048855897958 334.0 729.0 446.0 1.0 4300.471583898302 4305.3555555555595 14232.777777777797 
514.0048855897958 334.0 729.0 446.0 1.0 4316.007158389825 4317.733333333331 14232.777777777797 
515.0048855897958 334.0 729.0 446.0 1.0 4328.694049172316 4330.103703703701 14232.777777777797 
516.0048855897958 335.0 729.0 445.0 1.0 4329.962738250569 4330.103703703701 14232.777777777797 
517.0048855897958 335.0 729.0 445.0 1.0 4330.089607158393 4330.103703703701 14232.777777777797 
518.0048855897958 337.0 729.0 443.0 1.0 4330.102294049176 4330.103703703701 14232.777777777797 
519.0048855897958 339.0 729.0 441.0 1.0 4345.950229404915 4347.711111111116 14232.777777777797 
520.0048855897958 340.0 729.0 440.0 1.0 4347.535022940496 4347.711111111116 14232.777777777797 
521.0048855897958 344.0 729.0 436.0 1.0 4379.386835627386 4382.925925925929 14232.777777777797 
522.0048855897958 344.0 729.0 436.0 1.0 4425.4053502294 4430.518518518519 14232.777777777797 
523.0048855897958 347.0 729.0 433.0 1.0 4430.007201689607 4430.518518518519 14232.777777777797 
524.0048855897958 349.0 729.0 431.0 1.0 4473.29405350229 4478.1037037036995 14232.777777777797 
525.0048855897958 349.0 729.0 431.0 1.0 4509.316072016896 4513.318518518513 14232.777777777797 
526.0048855897958 350.0 729.0 430.0 1.0 4512.918273868359 4513.318518518513 14232.777777777797 
527.0048855897958 350.0 729.0 430.0 1.0 4529.125160720173 4530.92592592593 14232.777777777797 
528.0048855897958 350.0 729.0 430.0 1.0 4530.745849405345 4530.92592592593 14232.777777777797 
529.0048855897958 350.0 729.0 431.0 1.0 4542.047918273866 4543.303703703704 14232.777777777797 
530.0048855897958 352.0 729.0 429.0 1.0 4574.878125160722 4578.525925925921 14232.777777777797 
531.0048855897958 353.0 729.0 428.0 1.0 4578.161145849406 4578.525925925921 14232.777777777797 
532.0048855897958 354.0 729.0 427.0 1.0 4594.336114584946 4596.1333333333305 14232.777777777797 
533.0048855897958 356.0 729.0 425.0 1.0 4595.9536114584935 4596.1333333333305 14232.777777777797 
534.0048855897958 357.0 729.0 424.0 1.0 4634.235361145848 4638.488888888888 14232.777777777797 
535.0048855897958 358.0 729.0 423.0 1.0 4649.203536114579 4650.86666666667 14232.777777777797 
536.0048855897958 359.0 729.0 422.0 1.0 4666.54702027813 4668.47407407408 14232.777777777797 
537.0048855897958 360.0 729.0 421.0 1.0 4668.281368694477 4668.47407407408 14232.777777777797 
538.0048855897958 362.0 729.0 419.0 1.0 4711.28147020278 4716.05925925926 14232.777777777797 
539.0048855897958 363.0 729.0 418.0 1.0 4715.581480353617 4716.05925925926 14232.777777777797 
540.0048855897958 365.0 729.0 416.0 1.0 4731.864814702036 4733.674074074071 14232.777777777797 
541.0048855897958 365.0 729.0 416.0 1.0 4749.346481470196 4751.288888888884 14232.777777777797 
542.0048855897958 368.0 729.0 413.0 1.0 4766.941314813691 4768.896296296301 14232.777777777797 
543.0048855897958 368.0 729.0 413.0 1.0 4795.694131481372 4798.888888888896 14232.777777777797 
544.0048855897958 369.0 729.0 412.0 1.0 4809.70941314814 4811.26666666667 14232.777777777797 
545.0048855897958 370.0 729.0 411.0 1.0 4826.957607981482 4828.874074074073 14232.777777777797 
546.0048855897958 372.0 729.0 409.0 1.0 4839.815760798145 4841.244444444445 14232.777777777797 
547.0048855897958 372.0 729.0 409.0 1.0 4843.914909413153 4844.370370370367 14232.777777777797 
548.0048855897958 372.0 729.0 410.0 1.0 4844.324824274656 4844.370370370367 14232.777777777797 
549.0048855897958 374.0 729.0 408.0 1.0 4860.2191490941295 4861.985185185178 14232.777777777797 
550.0048855897958 375.0 729.0 407.0 1.0 4893.5019149094205 4897.199999999993 14232.777777777797 
551.0048855897958 377.0 729.0 405.0 1.0 4912.6768581576025 4914.807407407413 14232.777777777797 
552.0048855897958 378.0 729.0 404.0 1.0 4941.587685815764 4944.800000000007 14232.777777777797 
553.0048855897958 380.0 729.0 402.0 1.0 4971.4721019149065 4974.79259259259 14232.777777777797 
554.0048855897958 381.0 729.0 401.0 1.0 4990.313876858158 4992.407407407403 14232.777777777797 
555.0048855897958 383.0 729.0 399.0 1.0 5019.184721019143 5022.392592592596 14232.777777777797 
556.0048855897958 383.0 729.0 399.0 1.0 5064.898472101919 5069.977777777787 14232.777777777797 
557.0048855897958 385.0 729.0 397.0 1.0 5085.323180543519 5087.592592592598 14232.777777777797 
558.0048855897958 387.0 729.0 395.0 1.0 5114.345651387684 5117.570370370375 14232.777777777797 
559.0048855897958 390.0 729.0 392.0 1.0 5133.094565138774 5135.17777777778 14232.777777777797 
560.0048855897958 390.0 729.0 392.0 1.0 5150.816123180537 5152.785185185183 14232.777777777797 
561.0048855897958 390.0 729.0 392.0 1.0 5185.99494565139 5189.9037037037015 14232.777777777797 
562.0048855897958 392.0 729.0 391.0 1.0 5205.359494565146 5207.5111111111155 14232.777777777797 
563.0048855897958 395.0 729.0 388.0 1.0 5223.142616123174 5225.11851851852 14232.777777777797 
564.0048855897958 396.0 729.0 387.0 1.0 5256.62092827898 5260.340740740734 14232.777777777797 
565.0048855897958 398.0 729.0 385.0 1.0 5275.815426161237 5277.948148148157 14232.777777777797 
566.0048855897958 398.0 729.0 385.0 1.0 5300.014875949453 5302.7037037037 14232.777777777797 
567.0048855897958 399.0 729.0 384.0 1.0 5313.574820928282 5315.081481481473 14232.777777777797 
568.0048855897958 400.0 729.0 383.0 1.0 5330.777482092825 5332.688888888895 14232.777777777797 
569.0048855897958 400.0 729.0 383.0 1.0 5348.3444148759445 5350.2962962963 14232.777777777797 
570.0048855897958 401.0 729.0 382.0 1.0 5365.954441487592 5367.911111111111 14232.777777777797 
571.0048855897958 401.0 729.0 382.0 1.0 5367.715444148765 5367.911111111111 14232.777777777797 
572.0048855897958 402.0 729.0 382.0 1.0 5397.684877748212 5401.0148148148255 14232.777777777797 
573.0048855897958 402.0 729.0 382.0 1.0 5427.668487774813 5431.0 14232.777777777797 
574.0048855897958 402.0 729.0 382.0 12.0 5468.78684877748 5473.3555555555595 14232.777777777797 
575.0048855897958 403.0 729.0 381.0 1.0 5346.112018211077 5332.481481481486 14232.777777777797 
576.0048855897958 403.0 729.0 381.0 1.0 5066.544535154446 5035.4814814814845 14232.777777777797 
577.0048855897958 405.0 729.0 379.0 1.0 5038.5877868487805 5035.4814814814845 14232.777777777797 
578.0048855897958 405.0 729.0 379.0 1.0 5073.918778684878 5077.844444444443 14232.777777777797 
579.0048855897958 406.0 729.0 378.0 1.0 5093.298544535149 5095.451851851856 14232.777777777797 
580.0048855897958 406.0 729.0 379.0 1.0 5111.089854453515 5113.0666666666675 14232.777777777797 
581.0048855897958 406.0 729.0 379.0 1.0 5112.868985445348 5113.0666666666675 14232.777777777797 
582.0048855897958 409.0 729.0 376.0 1.0 5128.893565211197 5130.674074074071 14232.777777777797 
583.0048855897958 410.0 729.0 375.0 1.0 5157.476023187784 5160.651851851858 14232.777777777797 
584.0048855897958 411.0 729.0 374.0 1.0 5171.474268985445 5173.029629629629 14232.777777777797 
585.0048855897958 411.0 729.0 375.0 1.0 5188.727426898541 5190.6444444444405 14232.777777777797 
586.0048855897958 412.0 729.0 374.0 1.0 5201.586076023196 5203.014814814824 14232.777777777797 
587.0048855897958 412.0 729.0 374.0 1.0 5202.871940935649 5203.014814814824 14232.777777777797 
588.0048855897958 414.0 729.0 372.0 1.0 5229.980527426905 5232.992592592584 14232.777777777797 
589.0048855897958 416.0 729.0 371.0 1.0 5264.398052742681 5268.222222222215 14232.777777777797 
590.0048855897958 416.0 729.0 371.0 1.0 5267.839805274268 5268.222222222215 14232.777777777797 
591.0048855897958 416.0 729.0 371.0 1.0 5268.183980527422 5268.222222222215 14232.777777777797 
592.0048855897958 417.0 729.0 370.0 1.0 5306.345064719416 5310.58518518518 14232.777777777797 
593.0048855897958 417.0 729.0 370.0 1.0 5310.1611731386165 5310.58518518518 14232.777777777797 
594.0048855897958 419.0 729.0 368.0 1.0 5348.669450647191 5352.948148148157 14232.777777777797 
595.0048855897958 420.0 729.0 367.0 1.0 5368.366945064713 5370.555555555551 14232.777777777797 
596.0048855897958 420.0 729.0 367.0 1.0 5370.336694506477 5370.555555555551 14232.777777777797 
597.0048855897958 422.0 729.0 365.0 1.0 5386.3803361173195 5388.162962962955 14232.777777777797 
598.0048855897958 425.0 729.0 362.0 1.0 5410.258033611726 5412.911111111111 14232.777777777797 
599.0048855897958 426.0 729.0 361.0 1.0 5428.492470027843 5430.518518518514 14232.777777777797 
600.0048855897958 426.0 729.0 361.0 1.0 5446.162580336122 5448.12592592593 14232.777777777797 
#####################################################################
# End of data export. Simulation finished at: 2020-01-25T16:20+0000 #
#####################################################################
