#####################################################################
# Alchemist log file - simulation started at: 2020-01-24T23:52+0000 #
#####################################################################
# seed = 1.0, meanTaskSize = 100, smoothing = 0.03, grain = 1300.0, peakFrequency = 0.001
#
# The columns have the following meaning: 
# time done[Sum] drop[Sum] waiting[Sum] isLeader[Sum] capacity[Mean] freeCapacity[Mean] maxCapacity[Mean] 
0.0 NaN 0.0 NaN NaN NaN NaN NaN 
1.0048855897957667 0.0 0.0 0.0 135.0 14232.777777777797 14232.777777777797 14232.777777777797 
2.0048855897957667 0.0 0.0 0.0 135.0 14232.777777777797 14232.777777777797 14232.777777777797 
3.0048855897957667 0.0 0.0 0.0 135.0 14232.777777777797 14232.777777777797 14232.777777777797 
4.004885589795767 0.0 0.0 0.0 135.0 14232.777777777797 14232.777777777797 14232.777777777797 
5.004885589795767 0.0 0.0 0.0 135.0 14232.777777777797 14232.777777777797 14232.777777777797 
6.004885589795767 0.0 0.0 0.0 135.0 14232.777777777797 14232.777777777797 14232.777777777797 
7.004885589795767 0.0 0.0 0.0 135.0 14232.777777777797 14232.777777777797 14232.777777777797 
8.004885589795766 0.0 0.0 0.0 135.0 14232.777777777797 14232.777777777797 14232.777777777797 
9.004885589795766 0.0 0.0 0.0 135.0 14232.777777777797 14232.777777777797 14232.777777777797 
10.004885589795766 0.0 0.0 0.0 135.0 14232.777777777797 14232.777777777797 14232.777777777797 
11.004885589795766 0.0 0.0 0.0 135.0 14232.777777777797 14232.777777777797 14232.777777777797 
12.004885589795766 0.0 0.0 0.0 135.0 14232.777777777797 14232.777777777797 14232.777777777797 
13.004885589795766 0.0 0.0 1.0 135.0 14232.777777777797 14232.777777777797 14232.777777777797 
14.004885589795766 1.0 0.0 0.0 135.0 14232.24933333335 14215.162962962962 14232.777777777797 
15.004885589795766 1.0 0.0 1.0 135.0 14232.265186666667 14232.777777777797 14232.777777777797 
16.004885589795766 1.0 0.0 1.0 135.0 14232.186786622193 14229.651851851839 14232.777777777797 
17.004885589795766 1.0 0.0 1.0 135.0 14232.110738579115 14229.651851851839 14232.777777777797 
18.004885589795766 1.0 0.0 2.0 135.0 14232.036971977293 14229.651851851839 14232.777777777797 
19.004885589795766 1.0 0.0 2.0 135.0 14231.871640595755 14226.525925925918 14232.777777777797 
20.004885589795766 1.0 0.0 2.0 135.0 14231.711269155683 14226.525925925918 14232.777777777797 
21.004885589795766 1.0 0.0 2.0 135.0 14231.555708858783 14226.525925925918 14232.777777777797 
22.004885589795766 1.0 0.0 2.0 135.0 14231.404815370788 14226.525925925918 14232.777777777797 
23.004885589795766 1.0 0.0 2.0 135.0 14231.258448687466 14226.525925925918 14232.777777777797 
24.004885589795766 2.0 0.0 1.0 135.0 14231.116473004582 14226.525925925918 14232.777777777797 
25.004885589795766 3.0 0.0 0.0 135.0 14231.07253437001 14229.651851851839 14232.777777777797 
26.004885589795766 3.0 0.0 0.0 135.0 14231.123691672252 14232.777777777797 14232.777777777797 
27.004885589795766 3.0 0.0 0.0 135.0 14231.173314255393 14232.777777777797 14232.777777777797 
28.004885589795766 3.0 0.0 0.0 135.0 14231.221448161074 14232.777777777797 14232.777777777797 
29.004885589795766 3.0 0.0 1.0 135.0 14231.268138049547 14232.777777777797 14232.777777777797 
30.004885589795766 3.0 0.0 1.0 135.0 14231.219649463636 14229.651851851839 14232.777777777797 
31.004885589795766 3.0 0.0 1.0 135.0 14231.172615535277 14229.651851851839 14232.777777777797 
32.00488558979576 3.0 0.0 1.0 135.0 14231.12699262479 14229.651851851839 14232.777777777797 
33.00488558979576 3.0 0.0 1.0 135.0 14231.082738401601 14229.651851851839 14232.777777777797 
34.00488558979576 3.0 0.0 2.0 135.0 14231.039811805096 14229.651851851839 14232.777777777797 
35.00488558979576 3.0 0.0 2.0 135.0 14230.904395228743 14226.525925925918 14232.777777777797 
36.00488558979576 3.0 0.0 2.0 135.0 14230.773041149678 14226.525925925918 14232.777777777797 
37.00488558979576 3.0 0.0 2.0 135.0 14230.64562769293 14226.525925925918 14232.777777777797 
38.00488558979576 3.0 0.0 2.0 135.0 14230.522036639904 14226.525925925918 14232.777777777797 
39.00488558979576 3.0 0.0 3.0 135.0 14230.4021533185 14226.525925925918 14232.777777777797 
40.00488558979576 3.0 0.0 3.0 135.0 14230.192088718932 14223.400000000001 14232.777777777797 
41.00488558979576 4.0 0.0 2.0 135.0 14229.988326057415 14223.400000000001 14232.777777777797 
42.00488558979576 4.0 0.0 2.0 135.0 14229.884454053441 14226.525925925918 14232.777777777797 
43.00488558979576 5.0 0.0 2.0 135.0 14229.783698209645 14226.525925925918 14232.777777777797 
44.00488558979576 6.0 0.0 1.0 135.0 14229.251298374404 14212.037037037013 14232.777777777797 
45.00488558979576 6.0 0.0 1.0 135.0 14229.263314978758 14229.651851851839 14232.777777777797 
46.00488558979576 6.0 0.0 1.0 135.0 14229.27497108498 14229.651851851839 14232.777777777797 
47.00488558979576 6.0 0.0 1.0 135.0 14229.286277507948 14229.651851851839 14232.777777777797 
48.00488558979576 6.0 0.0 1.0 135.0 14229.297244738253 14229.651851851839 14232.777777777797 
49.00488558979576 6.0 0.0 1.0 135.0 14229.307882951698 14229.651851851839 14232.777777777797 
50.00488558979576 6.0 0.0 1.0 135.0 14229.318202018661 14229.651851851839 14232.777777777797 
51.00488558979576 6.0 0.0 1.0 135.0 14229.328211513692 14229.651851851839 14232.777777777797 
52.00488558979576 6.0 0.0 1.0 135.0 14229.337920723843 14229.651851851839 14232.777777777797 
53.00488558979576 6.0 0.0 1.0 135.0 14229.347338657666 14229.651851851839 14232.777777777797 
54.00488558979576 6.0 0.0 1.0 135.0 14229.356474053498 14229.651851851839 14232.777777777797 
55.00488558979576 6.0 0.0 2.0 135.0 14229.365335387465 14229.651851851839 14232.777777777797 
56.00488558979576 6.0 0.0 2.0 135.0 14229.280153103578 14226.525925925918 14232.777777777797 
57.00488558979576 6.0 0.0 3.0 135.0 14229.197526288295 14226.525925925918 14232.777777777797 
58.00488558979576 7.0 0.0 2.0 135.0 14228.588933832965 14208.911111111145 14232.777777777797 
59.00488558979576 7.0 0.0 3.0 135.0 14228.527043595737 14226.525925925918 14232.777777777797 
60.00488558979576 7.0 0.0 3.0 135.0 14228.373232287897 14223.400000000001 14232.777777777797 
61.00488558979576 8.0 0.0 2.0 135.0 14228.224035319226 14223.400000000001 14232.777777777797 
62.00488558979576 9.0 0.0 1.0 135.0 14228.173092037434 14226.525925925918 14232.777777777797 
63.00488558979576 9.0 0.0 1.0 135.0 14228.217454831894 14229.651851851839 14232.777777777797 
64.00488558979576 9.0 0.0 2.0 135.0 14228.26048674246 14229.651851851839 14232.777777777797 
65.00488558979576 9.0 0.0 2.0 135.0 14228.20844991796 14226.525925925918 14232.777777777797 
66.00488558979576 9.0 0.0 2.0 135.0 14228.1579741982 14226.525925925918 14232.777777777797 
67.00488558979576 9.0 0.0 2.0 135.0 14228.109012750034 14226.525925925918 14232.777777777797 
68.00488558979576 9.0 0.0 2.0 135.0 14228.06152014534 14226.525925925918 14232.777777777797 
69.00488558979576 9.0 0.0 2.0 135.0 14228.015452318743 14226.525925925918 14232.777777777797 
70.00488558979576 10.0 0.0 1.0 135.0 14227.970766526945 14226.525925925918 14232.777777777797 
71.00488558979576 10.0 0.0 2.0 135.0 14228.021199086708 14229.651851851839 14232.777777777797 
72.00488558979576 11.0 0.0 1.0 135.0 14227.976340891875 14226.525925925918 14232.777777777797 
73.00488558979576 11.0 0.0 1.0 135.0 14228.02660622068 14229.651851851839 14232.777777777797 
74.00488558979576 11.0 0.0 1.0 135.0 14228.075363589618 14229.651851851839 14232.777777777797 
75.00488558979576 11.0 0.0 1.0 135.0 14228.122658237473 14229.651851851839 14232.777777777797 
76.00488558979576 11.0 0.0 1.0 135.0 14228.168534045919 14229.651851851839 14232.777777777797 
77.00488558979576 11.0 0.0 1.0 135.0 14228.213033580094 14229.651851851839 14232.777777777797 
78.00488558979576 11.0 0.0 1.0 135.0 14228.256198128254 14229.651851851839 14232.777777777797 
79.00488558979576 11.0 0.0 1.0 135.0 14228.29806773996 14229.651851851839 14232.777777777797 
80.00488558979576 11.0 0.0 1.0 135.0 14228.338681263307 14229.651851851839 14232.777777777797 
81.00488558979576 11.0 0.0 1.0 135.0 14228.37807638096 14229.651851851839 14232.777777777797 
82.00488558979576 11.0 0.0 1.0 135.0 14228.416289645085 14229.651851851839 14232.777777777797 
83.00488558979576 11.0 0.0 1.0 135.0 14228.453356511296 14229.651851851839 14232.777777777797 
84.00488558979576 11.0 0.0 1.0 135.0 14228.489311371533 14229.651851851839 14232.777777777797 
85.00488558979576 11.0 0.0 1.0 135.0 14228.524187585932 14229.651851851839 14232.777777777797 
86.00488558979576 11.0 0.0 1.0 135.0 14228.55801751387 14229.651851851839 14232.777777777797 
87.00488558979576 11.0 0.0 1.0 135.0 14228.59083254404 14229.651851851839 14232.777777777797 
88.00488558979576 11.0 0.0 1.0 135.0 14228.622663123255 14229.651851851839 14232.777777777797 
89.00488558979576 11.0 0.0 2.0 135.0 14228.653538785098 14229.651851851839 14232.777777777797 
90.00488558979576 11.0 0.0 3.0 135.0 14228.589710399345 14226.525925925918 14232.777777777797 
91.00488558979576 11.0 0.0 3.0 135.0 14228.434019087388 14223.400000000001 14232.777777777797 
92.00488558979576 11.0 0.0 3.0 135.0 14228.282998514751 14223.400000000001 14232.777777777797 
93.00488558979576 11.0 0.0 3.0 135.0 14228.136508559292 14223.400000000001 14232.777777777797 
94.00488558979576 11.0 0.0 3.0 135.0 14227.994413302538 14223.400000000001 14232.777777777797 
95.00488558979576 11.0 0.0 3.0 135.0 14227.856580903463 14223.400000000001 14232.777777777797 
96.00488558979576 11.0 0.0 3.0 135.0 14227.722883476348 14223.400000000001 14232.777777777797 
97.00488558979576 12.0 0.0 2.0 135.0 14227.593196972068 14223.400000000001 14232.777777777797 
98.00488558979576 12.0 0.0 3.0 135.0 14227.561178840657 14226.525925925918 14232.777777777797 
99.00488558979576 12.0 0.0 3.0 135.0 14227.436343475434 14223.400000000001 14232.777777777797 
100.00488558979576 12.0 0.0 4.0 135.0 14227.315253171215 14223.400000000001 14232.777777777797 
101.00488558979576 12.0 0.0 4.0 135.0 14227.104017798256 14220.274074074052 14232.777777777797 
102.00488558979576 13.0 0.0 3.0 135.0 14226.899119486538 14220.274074074052 14232.777777777797 
103.00488558979576 13.0 0.0 3.0 135.0 14226.794145901971 14223.400000000001 14232.777777777797 
104.00488558979576 14.0 0.0 2.0 135.0 14226.692321524893 14223.400000000001 14232.777777777797 
105.00488558979576 14.0 0.0 2.0 135.0 14226.687329656936 14226.525925925918 14232.777777777797 
106.00488558979576 14.0 0.0 2.0 135.0 14226.682487545007 14226.525925925918 14232.777777777797 
107.00488558979576 15.0 0.0 1.0 135.0 14226.677790696427 14226.525925925918 14232.777777777797 
108.00488558979576 15.0 0.0 1.0 135.0 14226.767012531087 14229.651851851839 14232.777777777797 
109.00488558979576 15.0 0.0 1.0 135.0 14226.85355771072 14229.651851851839 14232.777777777797 
110.00488558979576 15.0 0.0 1.0 135.0 14226.937506534941 14229.651851851839 14232.777777777797 
111.00488558979576 15.0 0.0 1.0 135.0 14227.018936894447 14229.651851851839 14232.777777777797 
112.00488558979576 15.0 0.0 1.0 135.0 14227.09792434318 14229.651851851839 14232.777777777797 
113.00488558979576 15.0 0.0 1.0 135.0 14227.174542168457 14229.651851851839 14232.777777777797 
114.00488558979576 15.0 0.0 2.0 135.0 14227.248861458931 14229.651851851839 14232.777777777797 
115.00488558979576 15.0 0.0 2.0 135.0 14227.227173392972 14226.525925925918 14232.777777777797 
116.00488558979576 15.0 0.0 2.0 135.0 14227.20613596895 14226.525925925918 14232.777777777797 
117.00488558979576 15.0 0.0 2.0 135.0 14227.185729667648 14226.525925925918 14232.777777777797 
118.00488558979576 15.0 0.0 2.0 135.0 14227.165935555397 14226.525925925918 14232.777777777797 
119.00488558979576 16.0 0.0 2.0 135.0 14227.146735266488 14226.525925925918 14232.777777777797 
120.00488558979576 16.0 0.0 2.0 135.0 14227.12811098629 14226.525925925918 14232.777777777797 
121.00488558979576 16.0 0.0 2.0 135.0 14227.1100454345 14226.525925925918 14232.777777777797 
122.00488558979576 16.0 0.0 2.0 135.0 14227.09252184922 14226.525925925918 14232.777777777797 
123.00488558979576 16.0 0.0 2.0 135.0 14227.075523971498 14226.525925925918 14232.777777777797 
124.00488558979576 16.0 0.0 2.0 135.0 14227.059036030134 14226.525925925918 14232.777777777797 
125.00488558979576 16.0 0.0 2.0 135.0 14227.043042727018 14226.525925925918 14232.777777777797 
126.00488558979576 16.0 0.0 4.0 135.0 14227.027529223005 14226.525925925918 14232.777777777797 
127.00488558979576 16.0 0.0 4.0 135.0 14226.82492556854 14220.274074074052 14232.777777777797 
128.00488558979578 16.0 0.0 4.0 135.0 14226.628400023692 14220.274074074052 14232.777777777797 
129.00488558979578 16.0 0.0 4.0 135.0 14226.437770245204 14220.274074074052 14232.777777777797 
130.00488558979578 16.0 0.0 4.0 135.0 14226.252859360073 14220.274074074052 14232.777777777797 
131.00488558979578 16.0 0.0 4.0 135.0 14226.073495801473 14220.274074074052 14232.777777777797 
132.00488558979578 17.0 0.0 3.0 135.0 14225.899513149685 14220.274074074052 14232.777777777797 
133.00488558979578 17.0 0.0 3.0 135.0 14225.824527755198 14223.400000000001 14232.777777777797 
134.00488558979578 17.0 0.0 3.0 135.0 14225.751791922523 14223.400000000001 14232.777777777797 
135.00488558979578 17.0 0.0 3.0 135.0 14225.681238164827 14223.400000000001 14232.777777777797 
136.00488558979578 17.0 0.0 3.0 135.0 14225.612801019912 14223.400000000001 14232.777777777797 
137.00488558979578 17.0 0.0 3.0 135.0 14225.546416989315 14223.400000000001 14232.777777777797 
138.00488558979578 18.0 0.0 3.0 135.0 14225.482024479614 14223.400000000001 14232.777777777797 
139.00488558979578 19.0 0.0 2.0 135.0 14225.419563745236 14223.400000000001 14232.777777777797 
140.00488558979578 19.0 0.0 2.0 135.0 14225.452754610644 14226.525925925918 14232.777777777797 
141.00488558979578 20.0 0.0 1.0 135.0 14225.484949750115 14226.525925925918 14232.777777777797 
142.00488558979578 20.0 0.0 1.0 135.0 14225.609956813161 14229.651851851839 14232.777777777797 
143.00488558979578 20.0 0.0 1.0 135.0 14225.731213664334 14229.651851851839 14232.777777777797 
144.00488558979578 21.0 0.0 0.0 135.0 14225.848832809948 14229.651851851839 14232.777777777797 
145.00488558979578 21.0 0.0 0.0 135.0 14226.056701158976 14232.777777777797 14232.777777777797 
146.00488558979578 21.0 0.0 0.0 135.0 14226.258333457556 14232.777777777797 14232.777777777797 
147.00488558979578 21.0 0.0 0.0 135.0 14226.453916787154 14232.777777777797 14232.777777777797 
148.00488558979578 21.0 0.0 0.0 135.0 14226.643632616897 14232.777777777797 14232.777777777797 
149.00488558979578 21.0 0.0 0.0 135.0 14226.827656971682 14232.777777777797 14232.777777777797 
150.00488558979578 21.0 0.0 0.0 135.0 14227.006160595869 14232.777777777797 14232.777777777797 
151.00488558979578 21.0 0.0 0.0 135.0 14227.179309111363 14232.777777777797 14232.777777777797 
152.00488558979578 21.0 0.0 0.0 135.0 14227.347263171338 14232.777777777797 14232.777777777797 
153.00488558979578 21.0 0.0 0.0 135.0 14227.510178609537 14232.777777777797 14232.777777777797 
154.00488558979578 21.0 0.0 0.0 135.0 14227.668206584589 14232.777777777797 14232.777777777797 
155.00488558979578 21.0 0.0 0.0 135.0 14227.821493720357 14232.777777777797 14232.777777777797 
156.00488558979578 21.0 0.0 0.0 135.0 14227.970182242088 14232.777777777797 14232.777777777797 
157.00488558979578 21.0 0.0 0.0 135.0 14228.114410108157 14232.777777777797 14232.777777777797 
158.00488558979578 21.0 0.0 1.0 135.0 14228.254311138235 14232.777777777797 14232.777777777797 
159.00488558979578 21.0 0.0 2.0 135.0 14228.296237359666 14229.651851851839 14232.777777777797 
160.00488558979578 21.0 0.0 2.0 135.0 14228.24312801668 14226.525925925918 14232.777777777797 
161.00488558979578 21.0 0.0 2.0 135.0 14228.191611953927 14226.525925925918 14232.777777777797 
162.00488558979578 21.0 0.0 3.0 135.0 14228.141641373111 14226.525925925918 14232.777777777797 
163.00488558979578 21.0 0.0 3.0 135.0 14227.999392131893 14223.400000000001 14232.777777777797 
164.00488558979578 21.0 0.0 3.0 135.0 14227.861410367952 14223.400000000001 14232.777777777797 
165.00488558979578 21.0 0.0 3.0 135.0 14227.727568056902 14223.400000000001 14232.777777777797 
166.00488558979578 21.0 0.0 3.0 135.0 14227.597741015203 14223.400000000001 14232.777777777797 
167.00488558979578 21.0 0.0 3.0 135.0 14227.471808784738 14223.400000000001 14232.777777777797 
168.00488558979578 22.0 0.0 2.0 135.0 14227.349654521202 14223.400000000001 14232.777777777797 
169.00488558979578 22.0 0.0 2.0 135.0 14227.324942663356 14226.525925925918 14232.777777777797 
170.00488558979578 22.0 0.0 2.0 135.0 14227.300972161218 14226.525925925918 14232.777777777797 
171.00488558979578 22.0 0.0 2.0 135.0 14227.277720774158 14226.525925925918 14232.777777777797 
172.00488558979578 22.0 0.0 2.0 135.0 14227.255166928691 14226.525925925918 14232.777777777797 
173.00488558979578 22.0 0.0 2.0 135.0 14227.233289698643 14226.525925925918 14232.777777777797 
174.00488558979578 22.0 0.0 2.0 135.0 14227.212068785439 14226.525925925918 14232.777777777797 
175.00488558979578 23.0 0.0 1.0 135.0 14227.191484499672 14226.525925925918 14232.777777777797 
176.00488558979578 23.0 0.0 1.0 135.0 14227.265295520243 14229.651851851839 14232.777777777797 
177.00488558979578 23.0 0.0 2.0 135.0 14227.336892210174 14229.651851851839 14232.777777777797 
178.00488558979578 23.0 0.0 2.0 135.0 14227.312563221638 14226.525925925918 14232.777777777797 
179.00488558979578 23.0 0.0 2.0 135.0 14227.28896410279 14226.525925925918 14232.777777777797 
180.00488558979578 23.0 0.0 2.0 135.0 14227.266072957473 14226.525925925918 14232.777777777797 
181.00488558979578 23.0 0.0 2.0 135.0 14227.243868546502 14226.525925925918 14232.777777777797 
182.00488558979578 24.0 0.0 1.0 135.0 14227.2223302679 14226.525925925918 14232.777777777797 
183.00488558979578 25.0 0.0 0.0 135.0 14227.29521591542 14229.651851851839 14232.777777777797 
184.00488558979578 25.0 0.0 0.0 135.0 14227.459692771281 14232.777777777797 14232.777777777797 
185.00488558979578 25.0 0.0 0.0 135.0 14227.619235321486 14232.777777777797 14232.777777777797 
186.00488558979578 25.0 0.0 0.0 135.0 14227.77399159518 14232.777777777797 14232.777777777797 
187.00488558979578 25.0 0.0 0.0 135.0 14227.924105180657 14232.777777777797 14232.777777777797 
188.00488558979578 25.0 0.0 0.0 135.0 14228.069715358582 14232.777777777797 14232.777777777797 
189.00488558979578 25.0 0.0 1.0 135.0 14228.21095723115 14232.777777777797 14232.777777777797 
190.00488558979578 26.0 0.0 0.0 135.0 14227.81951740308 14215.162962962962 14232.777777777797 
191.00488558979578 26.0 0.0 0.0 135.0 14227.968265214347 14232.777777777797 14232.777777777797 
192.00488558979578 26.0 0.0 0.0 135.0 14228.112550591237 14232.777777777797 14232.777777777797 
193.00488558979578 26.0 0.0 0.0 135.0 14228.252507406836 14232.777777777797 14232.777777777797 
194.00488558979578 26.0 0.0 0.0 135.0 14228.38826551795 14232.777777777797 14232.777777777797 
195.00488558979578 26.0 0.0 0.0 135.0 14228.51995088575 14232.777777777797 14232.777777777797 
196.00488558979578 26.0 0.0 0.0 135.0 14228.647685692531 14232.777777777797 14232.777777777797 
197.00488558979578 26.0 0.0 0.0 135.0 14228.77158845507 14232.777777777797 14232.777777777797 
198.00488558979578 26.0 0.0 0.0 135.0 14228.891774134783 14232.777777777797 14232.777777777797 
199.00488558979578 26.0 0.0 0.0 135.0 14229.00835424405 14232.777777777797 14232.777777777797 
200.00488558979578 26.0 0.0 0.0 135.0 14229.121436950074 14232.777777777797 14232.777777777797 
201.00488558979578 26.0 0.0 0.0 135.0 14229.231127174893 14232.777777777797 14232.777777777797 
202.00488558979578 26.0 0.0 0.0 135.0 14229.337526692967 14232.777777777797 14232.777777777797 
203.00488558979578 26.0 0.0 0.0 135.0 14229.440734225507 14232.777777777797 14232.777777777797 
204.00488558979578 26.0 0.0 0.0 135.0 14229.540845532101 14232.777777777797 14232.777777777797 
205.00488558979578 26.0 0.0 1.0 135.0 14229.637953499458 14232.777777777797 14232.777777777797 
206.00488558979578 26.0 0.0 1.0 135.0 14229.638370450037 14229.651851851839 14232.777777777797 
207.00488558979578 26.0 0.0 1.0 135.0 14229.638774892093 14229.651851851839 14232.777777777797 
208.00488558979578 27.0 0.0 1.0 135.0 14229.63916720089 14229.651851851839 14232.777777777797 
209.00488558979578 28.0 0.0 0.0 135.0 14229.204881073736 14215.162962962962 14232.777777777797 
210.00488558979578 28.0 0.0 0.0 135.0 14229.31206797488 14232.777777777797 14232.777777777797 
211.00488558979578 28.0 0.0 0.0 135.0 14229.416039268952 14232.777777777797 14232.777777777797 
212.00488558979578 28.0 0.0 0.0 135.0 14229.516891424219 14232.777777777797 14232.777777777797 
213.00488558979578 28.0 0.0 0.0 135.0 14229.614718014815 14232.777777777797 14232.777777777797 
214.00488558979578 28.0 0.0 0.0 135.0 14229.709609807716 14232.777777777797 14232.777777777797 
215.00488558979578 28.0 0.0 1.0 135.0 14229.801654846786 14232.777777777797 14232.777777777797 
216.00488558979578 28.0 0.0 1.0 135.0 14229.797160756949 14229.651851851839 14232.777777777797 
217.00488558979578 28.0 0.0 1.0 135.0 14229.79280148981 14229.651851851839 14232.777777777797 
218.00488558979578 28.0 0.0 1.0 135.0 14229.788573000673 14229.651851851839 14232.777777777797 
219.00488558979578 28.0 0.0 1.0 135.0 14229.7844713662 14229.651851851839 14232.777777777797 
220.00488558979578 29.0 0.0 0.0 135.0 14229.7804927808 14229.651851851839 14232.777777777797 
221.00488558979578 29.0 0.0 0.0 135.0 14229.870411330683 14232.777777777797 14232.777777777797 
222.00488558979578 29.0 0.0 1.0 135.0 14229.957632324104 14232.777777777797 14232.777777777797 
223.00488558979578 29.0 0.0 1.0 135.0 14229.948458909907 14229.651851851839 14232.777777777797 
224.00488558979578 29.0 0.0 1.0 135.0 14229.939560698189 14229.651851851839 14232.777777777797 
225.00488558979578 29.0 0.0 1.0 135.0 14229.930929432776 14229.651851851839 14232.777777777797 
226.00488558979578 29.0 0.0 1.0 135.0 14229.922557105361 14229.651851851839 14232.777777777797 
227.00488558979578 29.0 0.0 1.0 135.0 14229.914435947756 14229.651851851839 14232.777777777797 
228.00488558979578 29.0 0.0 1.0 135.0 14229.906558424867 14229.651851851839 14232.777777777797 
229.00488558979578 29.0 0.0 1.0 135.0 14229.89891722767 14229.651851851839 14232.777777777797 
230.00488558979578 29.0 0.0 1.0 135.0 14229.89150526641 14229.651851851839 14232.777777777797 
231.00488558979578 29.0 0.0 1.0 135.0 14229.884315664001 14229.651851851839 14232.777777777797 
232.00488558979578 29.0 0.0 1.0 135.0 14229.87734174963 14229.651851851839 14232.777777777797 
233.00488558979578 29.0 0.0 1.0 135.0 14229.870577052681 14229.651851851839 14232.777777777797 
234.00488558979578 29.0 0.0 2.0 135.0 14229.864015296662 14229.651851851839 14232.777777777797 
235.00488558979578 29.0 0.0 2.0 135.0 14229.763872615551 14226.525925925918 14232.777777777797 
236.00488558979578 30.0 0.0 1.0 135.0 14229.666734214838 14226.525925925918 14232.777777777797 
237.00488558979578 30.0 0.0 1.0 135.0 14229.666287743972 14229.651851851839 14232.777777777797 
238.00488558979578 30.0 0.0 2.0 135.0 14229.665854667188 14229.651851851839 14232.777777777797 
239.00488558979578 30.0 0.0 2.0 135.0 14229.571656804943 14226.525925925918 14232.777777777797 
240.00488558979578 30.0 0.0 2.0 135.0 14229.48028487858 14226.525925925918 14232.777777777797 
241.00488558979578 30.0 0.0 2.0 135.0 14229.391654109992 14226.525925925918 14232.777777777797 
242.00488558979578 30.0 0.0 2.0 135.0 14229.305682264478 14226.525925925918 14232.777777777797 
243.00488558979578 30.0 0.0 3.0 135.0 14229.222289574329 14226.525925925918 14232.777777777797 
244.00488558979578 30.0 0.0 3.0 135.0 14229.047620887108 14223.400000000001 14232.777777777797 
245.00488558979578 30.0 0.0 4.0 135.0 14228.878192260485 14223.400000000001 14232.777777777797 
246.00488558979578 31.0 0.0 3.0 135.0 14228.62006871487 14220.274074074052 14232.777777777797 
247.00488558979578 32.0 0.0 2.0 135.0 14228.463466653444 14223.400000000001 14232.777777777797 
248.00488558979578 33.0 0.0 1.0 135.0 14228.40534043162 14226.525925925918 14232.777777777797 
249.00488558979578 33.0 0.0 1.0 135.0 14228.44273577424 14229.651851851839 14232.777777777797 
250.00488558979578 33.0 0.0 1.0 135.0 14228.479009256556 14229.651851851839 14232.777777777797 
251.00488558979578 34.0 0.0 0.0 135.0 14228.514194534433 14229.651851851839 14232.777777777797 
252.00488558979578 34.0 0.0 0.0 135.0 14228.642102031705 14232.777777777797 14232.777777777797 
253.00488558979578 34.0 0.0 0.0 135.0 14228.766172304118 14232.777777777797 14232.777777777797 
254.00488558979578 34.0 0.0 0.0 135.0 14228.886520468312 14232.777777777797 14232.777777777797 
255.00488558979578 34.0 0.0 0.0 135.0 14229.003258187604 14232.777777777797 14232.777777777797 
256.0048855897958 34.0 0.0 0.0 135.0 14229.11649377531 14232.777777777797 14232.777777777797 
257.0048855897958 34.0 0.0 1.0 135.0 14229.226332295375 14232.777777777797 14232.777777777797 
258.0048855897958 34.0 0.0 1.0 135.0 14229.239097882075 14229.651851851839 14232.777777777797 
259.0048855897958 34.0 0.0 1.0 135.0 14229.25148050117 14229.651851851839 14232.777777777797 
260.0048855897958 34.0 0.0 1.0 135.0 14229.263491641655 14229.651851851839 14232.777777777797 
261.0048855897958 34.0 0.0 1.0 135.0 14229.275142447972 14229.651851851839 14232.777777777797 
262.0048855897958 34.0 0.0 1.0 135.0 14229.286443730094 14229.651851851839 14232.777777777797 
263.0048855897958 34.0 0.0 1.0 135.0 14229.297405973743 14229.651851851839 14232.777777777797 
264.0048855897958 34.0 0.0 1.0 135.0 14229.308039350091 14229.651851851839 14232.777777777797 
265.0048855897958 34.0 0.0 1.0 135.0 14229.31835372516 14229.651851851839 14232.777777777797 
266.0048855897958 34.0 0.0 1.0 135.0 14229.328358668961 14229.651851851839 14232.777777777797 
267.0048855897958 34.0 0.0 1.0 135.0 14229.338063464413 14229.651851851839 14232.777777777797 
268.0048855897958 34.0 0.0 1.0 135.0 14229.347477116058 14229.651851851839 14232.777777777797 
269.0048855897958 34.0 0.0 2.0 135.0 14229.35660835814 14229.651851851839 14232.777777777797 
270.0048855897958 34.0 0.0 3.0 135.0 14229.271687885159 14226.525925925918 14232.777777777797 
271.0048855897958 34.0 0.0 3.0 135.0 14229.095537248613 14223.400000000001 14232.777777777797 
272.0048855897958 34.0 0.0 3.0 135.0 14228.924671131137 14223.400000000001 14232.777777777797 
273.0048855897958 34.0 0.0 3.0 135.0 14228.758930997212 14223.400000000001 14232.777777777797 
274.0048855897958 35.0 0.0 2.0 135.0 14228.598163067278 14223.400000000001 14232.777777777797 
275.0048855897958 35.0 0.0 2.0 135.0 14228.535995953087 14226.525925925918 14232.777777777797 
276.0048855897958 35.0 0.0 2.0 135.0 14228.475693852244 14226.525925925918 14232.777777777797 
277.0048855897958 36.0 0.0 1.0 135.0 14228.417200814454 14226.525925925918 14232.777777777797 
278.0048855897958 36.0 0.0 1.0 135.0 14228.454240345556 14229.651851851839 14232.777777777797 
279.0048855897958 36.0 0.0 1.0 135.0 14228.490168690769 14229.651851851839 14232.777777777797 
280.0048855897958 36.0 0.0 1.0 135.0 14228.525019185592 14229.651851851839 14232.777777777797 
281.0048855897958 36.0 0.0 2.0 135.0 14228.558824165595 14229.651851851839 14232.777777777797 
282.0048855897958 38.0 0.0 0.0 135.0 14228.063170551733 14212.037037037013 14232.777777777797 
283.0048855897958 38.0 0.0 0.0 135.0 14228.204608768534 14232.777777777797 14232.777777777797 
284.0048855897958 38.0 0.0 0.0 135.0 14228.341803838814 14232.777777777797 14232.777777777797 
285.0048855897958 38.0 0.0 0.0 135.0 14228.474883056973 14232.777777777797 14232.777777777797 
286.0048855897958 38.0 0.0 0.0 135.0 14228.603969898604 14232.777777777797 14232.777777777797 
287.0048855897958 38.0 0.0 0.0 135.0 14228.729184134962 14232.777777777797 14232.777777777797 
288.0048855897958 38.0 0.0 0.0 135.0 14228.850641944258 14232.777777777797 14232.777777777797 
289.0048855897958 38.0 0.0 0.0 135.0 14228.968456019245 14232.777777777797 14232.777777777797 
290.0048855897958 38.0 0.0 0.0 135.0 14229.082735672013 14232.777777777797 14232.777777777797 
291.0048855897958 38.0 0.0 1.0 135.0 14229.193586935171 14232.777777777797 14232.777777777797 
292.0048855897958 38.0 0.0 1.0 135.0 14229.207334882683 14229.651851851839 14232.777777777797 
293.0048855897958 38.0 0.0 1.0 135.0 14229.220670391733 14229.651851851839 14232.777777777797 
294.0048855897958 38.0 0.0 1.0 135.0 14229.233605835547 14229.651851851839 14232.777777777797 
295.0048855897958 39.0 0.0 0.0 135.0 14229.246153216052 14229.651851851839 14232.777777777797 
296.0048855897958 39.0 0.0 0.0 135.0 14229.352101952893 14232.777777777797 14232.777777777797 
297.0048855897958 39.0 0.0 1.0 135.0 14229.454872227641 14232.777777777797 14232.777777777797 
298.0048855897958 39.0 0.0 1.0 135.0 14229.460781616357 14229.651851851839 14232.777777777797 
299.0048855897958 39.0 0.0 1.0 135.0 14229.466513723428 14229.651851851839 14232.777777777797 
300.0048855897958 39.0 0.0 1.0 135.0 14229.47207386728 14229.651851851839 14232.777777777797 
301.0048855897958 39.0 0.0 1.0 135.0 14229.477467206845 14229.651851851839 14232.777777777797 
302.0048855897958 39.0 0.0 1.0 135.0 14229.482698746177 14229.651851851839 14232.777777777797 
303.0048855897958 39.0 0.0 1.0 135.0 14229.487773339342 14229.651851851839 14232.777777777797 
304.0048855897958 39.0 0.0 1.0 135.0 14229.492695694724 14229.651851851839 14232.777777777797 
305.0048855897958 39.0 0.0 1.0 135.0 14229.497470379432 14229.651851851839 14232.777777777797 
306.0048855897958 40.0 0.0 0.0 135.0 14229.502101823606 14229.651851851839 14232.777777777797 
307.0048855897958 40.0 0.0 0.0 135.0 14229.600372102239 14232.777777777797 14232.777777777797 
308.0048855897958 40.0 0.0 0.0 135.0 14229.695694272497 14232.777777777797 14232.777777777797 
309.0048855897958 40.0 0.0 0.0 135.0 14229.788156777673 14232.777777777797 14232.777777777797 
310.0048855897958 40.0 0.0 1.0 135.0 14229.877845407644 14232.777777777797 14232.777777777797 
311.0048855897958 40.0 0.0 2.0 135.0 14229.871065600975 14229.651851851839 14232.777777777797 
312.0048855897958 40.0 0.0 2.0 135.0 14229.770711410714 14226.525925925918 14232.777777777797 
313.0048855897958 40.0 0.0 2.0 135.0 14229.673367846179 14226.525925925918 14232.777777777797 
314.0048855897958 40.0 0.0 2.0 135.0 14229.578944588598 14226.525925925918 14232.777777777797 
315.0048855897958 40.0 0.0 2.0 135.0 14229.487354028686 14226.525925925918 14232.777777777797 
316.0048855897958 40.0 0.0 2.0 135.0 14229.398511185616 14226.525925925918 14232.777777777797 
317.0048855897958 40.0 0.0 2.0 135.0 14229.312333627817 14226.525925925918 14232.777777777797 
318.0048855897958 41.0 0.0 1.0 135.0 14229.22874139677 14226.525925925918 14232.777777777797 
319.0048855897958 41.0 0.0 1.0 135.0 14229.241434710419 14229.651851851839 14232.777777777797 
320.0048855897958 41.0 0.0 1.0 135.0 14229.253747224664 14229.651851851839 14232.777777777797 
321.0048855897958 41.0 0.0 1.0 135.0 14229.26569036348 14229.651851851839 14232.777777777797 
322.0048855897958 41.0 0.0 1.0 135.0 14229.277275208126 14229.651851851839 14232.777777777797 
323.0048855897958 41.0 0.0 1.0 135.0 14229.288512507437 14229.651851851839 14232.777777777797 
324.0048855897958 41.0 0.0 1.0 135.0 14229.299412687777 14229.651851851839 14232.777777777797 
325.0048855897958 41.0 0.0 1.0 135.0 14229.30998586269 14229.651851851839 14232.777777777797 
326.0048855897958 41.0 0.0 1.0 135.0 14229.320241842352 14229.651851851839 14232.777777777797 
327.0048855897958 41.0 0.0 1.0 135.0 14229.330190142675 14229.651851851839 14232.777777777797 
328.0048855897958 42.0 0.0 0.0 135.0 14229.339839993916 14229.651851851839 14232.777777777797 
329.0048855897958 42.0 0.0 0.0 135.0 14229.442978127472 14232.777777777797 14232.777777777797 
330.0048855897958 42.0 0.0 0.0 135.0 14229.543022116959 14232.777777777797 14232.777777777797 
331.0048855897958 42.0 0.0 0.0 135.0 14229.640064786778 14232.777777777797 14232.777777777797 
332.0048855897958 42.0 0.0 0.0 135.0 14229.734196176505 14232.777777777797 14232.777777777797 
333.0048855897958 42.0 0.0 0.0 135.0 14229.82550362457 14232.777777777797 14232.777777777797 
334.0048855897958 42.0 0.0 0.0 135.0 14229.91407184914 14232.777777777797 14232.777777777797 
335.0048855897958 42.0 0.0 1.0 135.0 14229.999983027 14232.777777777797 14232.777777777797 
336.0048855897958 43.0 0.0 0.0 135.0 14229.98953909177 14229.651851851839 14232.777777777797 
337.0048855897958 43.0 0.0 0.0 135.0 14230.073186252324 14232.777777777797 14232.777777777797 
338.0048855897958 43.0 0.0 0.0 135.0 14230.154323998078 14232.777777777797 14232.777777777797 
339.0048855897958 43.0 0.0 0.0 135.0 14230.233027611486 14232.777777777797 14232.777777777797 
340.0048855897958 43.0 0.0 0.0 135.0 14230.309370116474 14232.777777777797 14232.777777777797 
341.0048855897958 43.0 0.0 0.0 135.0 14230.383422346307 14232.777777777797 14232.777777777797 
342.0048855897958 43.0 0.0 0.0 135.0 14230.455253009275 14232.777777777797 14232.777777777797 
343.0048855897958 43.0 0.0 0.0 135.0 14230.524928752307 14232.777777777797 14232.777777777797 
344.0048855897958 43.0 0.0 0.0 135.0 14230.59251422307 14232.777777777797 14232.777777777797 
345.0048855897958 43.0 0.0 0.0 135.0 14230.658072129714 14232.777777777797 14232.777777777797 
346.0048855897958 43.0 0.0 0.0 135.0 14230.721663299159 14232.777777777797 14232.777777777797 
347.0048855897958 43.0 0.0 0.0 135.0 14230.783346733506 14232.777777777797 14232.777777777797 
348.0048855897958 43.0 0.0 1.0 135.0 14230.843179664862 14232.777777777797 14232.777777777797 
349.0048855897958 43.0 0.0 1.0 135.0 14230.807439830449 14229.651851851839 14232.777777777797 
350.0048855897958 43.0 0.0 2.0 135.0 14230.7727721911 14229.651851851839 14232.777777777797 
351.0048855897958 44.0 0.0 1.0 135.0 14230.645366803146 14226.525925925918 14232.777777777797 
352.0048855897958 44.0 0.0 1.0 135.0 14230.615561354613 14229.651851851839 14232.777777777797 
353.0048855897958 44.0 0.0 1.0 135.0 14230.586650069503 14229.651851851839 14232.777777777797 
354.0048855897958 44.0 0.0 1.0 135.0 14230.55860612299 14229.651851851839 14232.777777777797 
355.0048855897958 45.0 0.0 0.0 135.0 14230.531403494859 14229.651851851839 14232.777777777797 
356.0048855897958 45.0 0.0 0.0 135.0 14230.598794723324 14232.777777777797 14232.777777777797 
357.0048855897958 45.0 0.0 0.0 135.0 14230.664164214988 14232.777777777797 14232.777777777797 
358.0048855897958 45.0 0.0 0.0 135.0 14230.72757262186 14232.777777777797 14232.777777777797 
359.0048855897958 45.0 0.0 0.0 135.0 14230.789078776557 14232.777777777797 14232.777777777797 
360.0048855897958 45.0 0.0 0.0 135.0 14230.848739746576 14232.777777777797 14232.777777777797 
361.0048855897958 45.0 0.0 0.0 135.0 14230.90661088752 14232.777777777797 14232.777777777797 
362.0048855897958 45.0 0.0 0.0 135.0 14230.962745894225 14232.777777777797 14232.777777777797 
363.0048855897958 45.0 0.0 0.0 135.0 14231.017196850733 14232.777777777797 14232.777777777797 
364.0048855897958 45.0 0.0 0.0 135.0 14231.070014278535 14232.777777777797 14232.777777777797 
365.0048855897958 45.0 0.0 0.0 135.0 14231.121247183508 14232.777777777797 14232.777777777797 
366.0048855897958 45.0 0.0 1.0 135.0 14231.170943101351 14232.777777777797 14232.777777777797 
367.0048855897958 46.0 0.0 1.0 135.0 14230.690703697197 14215.162962962962 14232.777777777797 
368.0048855897958 46.0 0.0 1.0 135.0 14230.659538141834 14229.651851851839 14232.777777777797 
369.0048855897958 46.0 0.0 2.0 135.0 14230.629307553118 14229.651851851839 14232.777777777797 
370.0048855897958 46.0 0.0 2.0 135.0 14230.506206104325 14226.525925925918 14232.777777777797 
371.0048855897958 47.0 0.0 1.0 135.0 14230.386797698984 14226.525925925918 14232.777777777797 
372.0048855897958 47.0 0.0 1.0 135.0 14230.364749323538 14229.651851851839 14232.777777777797 
373.0048855897958 47.0 0.0 2.0 135.0 14230.34336239941 14229.651851851839 14232.777777777797 
374.0048855897958 47.0 0.0 2.0 135.0 14230.228839305182 14226.525925925918 14232.777777777797 
375.0048855897958 47.0 0.0 2.0 135.0 14230.117751903812 14226.525925925918 14232.777777777797 
376.0048855897958 47.0 0.0 2.0 135.0 14230.009997124485 14226.525925925918 14232.777777777797 
377.0048855897958 47.0 0.0 2.0 135.0 14229.905474988529 14226.525925925918 14232.777777777797 
378.0048855897958 47.0 0.0 2.0 135.0 14229.804088516663 14226.525925925918 14232.777777777797 
379.0048855897958 47.0 0.0 2.0 135.0 14229.705743638917 14226.525925925918 14232.777777777797 
380.0048855897958 47.0 0.0 2.0 135.0 14229.610349107537 14226.525925925918 14232.777777777797 
381.0048855897958 47.0 0.0 2.0 135.0 14229.51781641208 14226.525925925918 14232.777777777797 
382.0048855897958 47.0 0.0 2.0 135.0 14229.428059697495 14226.525925925918 14232.777777777797 
383.0048855897958 48.0 0.0 1.0 135.0 14229.340995684352 14226.525925925918 14232.777777777797 
384.0048855897958 49.0 0.0 0.0 135.0 14229.350321369377 14229.651851851839 14232.777777777797 
385.0048855897958 49.0 0.0 0.0 135.0 14229.453145061636 14232.777777777797 14232.777777777797 
386.0048855897958 49.0 0.0 0.0 135.0 14229.55288404312 14232.777777777797 14232.777777777797 
387.0048855897958 49.0 0.0 1.0 135.0 14229.64963085515 14232.777777777797 14232.777777777797 
388.0048855897958 49.0 0.0 1.0 135.0 14229.649697485058 14229.651851851839 14232.777777777797 
389.0048855897958 49.0 0.0 1.0 135.0 14229.64976211606 14229.651851851839 14232.777777777797 
390.0048855897958 49.0 0.0 1.0 135.0 14229.649824808139 14229.651851851839 14232.777777777797 
391.0048855897958 49.0 0.0 1.0 135.0 14229.649885619447 14229.651851851839 14232.777777777797 
392.0048855897958 49.0 0.0 1.0 135.0 14229.649944606397 14229.651851851839 14232.777777777797 
393.0048855897958 49.0 0.0 1.0 135.0 14229.65000182379 14229.651851851839 14232.777777777797 
394.0048855897958 49.0 0.0 1.0 135.0 14229.6500573246 14229.651851851839 14232.777777777797 
395.0048855897958 49.0 0.0 1.0 135.0 14229.650111160425 14229.651851851839 14232.777777777797 
396.0048855897958 49.0 0.0 1.0 135.0 14229.6501633812 14229.651851851839 14232.777777777797 
397.0048855897958 50.0 0.0 0.0 135.0 14229.650214035297 14229.651851851839 14232.777777777797 
398.0048855897958 50.0 0.0 0.0 135.0 14229.744040947584 14232.777777777797 14232.777777777797 
399.0048855897958 50.0 0.0 0.0 135.0 14229.835053052462 14232.777777777797 14232.777777777797 
400.0048855897958 50.0 0.0 0.0 135.0 14229.923334794248 14232.777777777797 14232.777777777797 
401.0048855897958 50.0 0.0 0.0 135.0 14230.008968083746 14232.777777777797 14232.777777777797 
402.0048855897958 50.0 0.0 0.0 135.0 14230.092032374563 14232.777777777797 14232.777777777797 
403.0048855897958 50.0 0.0 0.0 135.0 14230.172604736683 14232.777777777797 14232.777777777797 
404.0048855897958 50.0 0.0 0.0 135.0 14230.250759927905 14232.777777777797 14232.777777777797 
405.0048855897958 50.0 0.0 0.0 135.0 14230.326570463405 14232.777777777797 14232.777777777797 
406.0048855897958 50.0 0.0 0.0 135.0 14230.400106682831 14232.777777777797 14232.777777777797 
407.0048855897958 50.0 0.0 1.0 135.0 14230.471436815676 14232.777777777797 14232.777777777797 
408.0048855897958 51.0 0.0 0.0 135.0 14230.012182600089 14215.162962962962 14232.777777777797 
409.0048855897958 51.0 0.0 0.0 135.0 14230.095150455438 14232.777777777797 14232.777777777797 
410.0048855897958 51.0 0.0 0.0 135.0 14230.175629275072 14232.777777777797 14232.777777777797 
411.0048855897958 51.0 0.0 0.0 135.0 14230.253693730165 14232.777777777797 14232.777777777797 
412.0048855897958 51.0 0.0 0.0 135.0 14230.3294162516 14232.777777777797 14232.777777777797 
413.0048855897958 51.0 0.0 0.0 135.0 14230.402867097378 14232.777777777797 14232.777777777797 
414.0048855897958 51.0 0.0 0.0 135.0 14230.4741144178 14232.777777777797 14232.777777777797 
415.0048855897958 51.0 0.0 0.0 135.0 14230.54322431858 14232.777777777797 14232.777777777797 
416.0048855897958 51.0 0.0 1.0 135.0 14230.610260922373 14232.777777777797 14232.777777777797 
417.0048855897958 51.0 0.0 1.0 135.0 14230.581508650279 14229.651851851839 14232.777777777797 
418.0048855897958 51.0 0.0 1.0 135.0 14230.55361894629 14229.651851851839 14232.777777777797 
419.0048855897958 51.0 0.0 1.0 135.0 14230.526565933476 14229.651851851839 14232.777777777797 
420.0048855897958 51.0 0.0 1.0 135.0 14230.500324511047 14229.651851851839 14232.777777777797 
421.0048855897958 51.0 0.0 2.0 135.0 14230.47487033124 14229.651851851839 14232.777777777797 
422.0048855897958 51.0 0.0 2.0 135.0 14230.356401999083 14226.525925925918 14232.777777777797 
423.0048855897958 51.0 0.0 3.0 135.0 14230.241487716903 14226.525925925918 14232.777777777797 
424.0048855897958 51.0 0.0 3.0 135.0 14230.03624308539 14223.400000000001 14232.777777777797 
425.0048855897958 51.0 0.0 3.0 135.0 14229.83715579281 14223.400000000001 14232.777777777797 
426.0048855897958 51.0 0.0 4.0 135.0 14229.644041119034 14223.400000000001 14232.777777777797 
427.0048855897958 52.0 0.0 4.0 135.0 14228.92827544101 14205.785185185186 14232.777777777797 
428.0048855897958 53.0 0.0 3.0 135.0 14228.233982733344 14205.785185185186 14232.777777777797 
429.0048855897958 55.0 0.0 2.0 135.0 14228.088963251355 14223.400000000001 14232.777777777797 
430.0048855897958 56.0 0.0 1.0 135.0 14227.607405464936 14212.037037037013 14232.777777777797 
431.0048855897958 56.0 0.0 1.0 135.0 14227.668738856522 14229.651851851839 14232.777777777797 
432.0048855897958 56.0 0.0 1.0 135.0 14227.728232246398 14229.651851851839 14232.777777777797 
433.0048855897958 56.0 0.0 1.0 135.0 14227.785940834548 14229.651851851839 14232.777777777797 
434.0048855897958 56.0 0.0 1.0 135.0 14227.841918165057 14229.651851851839 14232.777777777797 
435.0048855897958 57.0 0.0 0.0 135.0 14227.89621617568 14229.651851851839 14232.777777777797 
436.0048855897958 57.0 0.0 1.0 135.0 14228.042663023745 14232.777777777797 14232.777777777797 
437.0048855897958 57.0 0.0 1.0 135.0 14228.090938688583 14229.651851851839 14232.777777777797 
438.0048855897958 57.0 0.0 1.0 135.0 14228.137766083484 14229.651851851839 14232.777777777797 
439.0048855897958 57.0 0.0 1.0 135.0 14228.18318865651 14229.651851851839 14232.777777777797 
440.0048855897958 57.0 0.0 1.0 135.0 14228.227248552386 14229.651851851839 14232.777777777797 
441.0048855897958 57.0 0.0 1.0 135.0 14228.269986651374 14229.651851851839 14232.777777777797 
442.0048855897958 57.0 0.0 1.0 135.0 14228.311442607386 14229.651851851839 14232.777777777797 
443.0048855897958 57.0 0.0 1.0 135.0 14228.35165488472 14229.651851851839 14232.777777777797 
444.0048855897958 58.0 0.0 0.0 135.0 14228.39066079373 14229.651851851839 14232.777777777797 
445.0048855897958 58.0 0.0 0.0 135.0 14228.522274303265 14232.777777777797 14232.777777777797 
446.0048855897958 58.0 0.0 0.0 135.0 14228.64993940749 14232.777777777797 14232.777777777797 
447.0048855897958 58.0 0.0 1.0 135.0 14228.773774558606 14232.777777777797 14232.777777777797 
448.0048855897958 58.0 0.0 1.0 135.0 14228.800116877395 14229.651851851839 14232.777777777797 
449.0048855897958 58.0 0.0 1.0 135.0 14228.82566892665 14229.651851851839 14232.777777777797 
450.0048855897958 58.0 0.0 1.0 135.0 14228.85045441438 14229.651851851839 14232.777777777797 
451.0048855897958 58.0 0.0 1.0 135.0 14228.874496337523 14229.651851851839 14232.777777777797 
452.0048855897958 58.0 0.0 1.0 135.0 14228.897817002942 14229.651851851839 14232.777777777797 
453.0048855897958 58.0 0.0 2.0 135.0 14228.920438048399 14229.651851851839 14232.777777777797 
454.0048855897958 58.0 0.0 3.0 135.0 14228.848602684753 14226.525925925918 14232.777777777797 
455.0048855897958 58.0 0.0 3.0 135.0 14228.685144604198 14223.400000000001 14232.777777777797 
456.0048855897958 60.0 0.0 1.0 135.0 14228.526590266085 14223.400000000001 14232.777777777797 
457.0048855897958 60.0 0.0 1.0 135.0 14228.56034811365 14229.651851851839 14232.777777777797 
458.0048855897958 60.0 0.0 1.0 135.0 14228.593093225803 14229.651851851839 14232.777777777797 
459.0048855897958 60.0 0.0 1.0 135.0 14228.624855984574 14229.651851851839 14232.777777777797 
460.0048855897958 60.0 0.0 1.0 135.0 14228.655665860588 14229.651851851839 14232.777777777797 
461.0048855897958 60.0 0.0 1.0 135.0 14228.68555144032 14229.651851851839 14232.777777777797 
462.0048855897958 60.0 0.0 2.0 135.0 14228.714540452658 14229.651851851839 14232.777777777797 
463.0048855897958 61.0 0.0 1.0 135.0 14228.214215350203 14212.037037037013 14232.777777777797 
464.0048855897958 61.0 0.0 1.0 135.0 14228.257344445263 14229.651851851839 14232.777777777797 
465.0048855897958 61.0 0.0 1.0 135.0 14228.299179667443 14229.651851851839 14232.777777777797 
466.0048855897958 61.0 0.0 1.0 135.0 14228.339759832994 14229.651851851839 14232.777777777797 
467.0048855897958 61.0 0.0 1.0 135.0 14228.37912259355 14229.651851851839 14232.777777777797 
468.0048855897958 61.0 0.0 1.0 135.0 14228.4173044713 14229.651851851839 14232.777777777797 
469.0048855897958 61.0 0.0 1.0 135.0 14228.454340892713 14229.651851851839 14232.777777777797 
470.0048855897958 62.0 0.0 0.0 135.0 14228.490266221484 14229.651851851839 14232.777777777797 
471.0048855897958 62.0 0.0 0.0 135.0 14228.618891568181 14232.777777777797 14232.777777777797 
472.0048855897958 62.0 0.0 0.0 135.0 14228.743658154446 14232.777777777797 14232.777777777797 
473.0048855897958 62.0 0.0 0.0 135.0 14228.864681743155 14232.777777777797 14232.777777777797 
474.0048855897958 62.0 0.0 1.0 135.0 14228.982074624211 14232.777777777797 14232.777777777797 
475.0048855897958 62.0 0.0 1.0 135.0 14229.002167941013 14229.651851851839 14232.777777777797 
476.0048855897958 62.0 0.0 1.0 135.0 14229.021658458349 14229.651851851839 14232.777777777797 
477.0048855897958 62.0 0.0 1.0 135.0 14229.04056426014 14229.651851851839 14232.777777777797 
478.0048855897958 62.0 0.0 1.0 135.0 14229.05890288793 14229.651851851839 14232.777777777797 
479.0048855897958 62.0 0.0 1.0 135.0 14229.076691356831 14229.651851851839 14232.777777777797 
480.0048855897958 62.0 0.0 1.0 135.0 14229.093946171677 14229.651851851839 14232.777777777797 
481.0048855897958 62.0 0.0 1.0 135.0 14229.110683342093 14229.651851851839 14232.777777777797 
482.0048855897958 62.0 0.0 2.0 135.0 14229.126918397378 14229.651851851839 14232.777777777797 
483.0048855897958 62.0 0.0 2.0 135.0 14229.048888623225 14226.525925925918 14232.777777777797 
484.0048855897958 62.0 0.0 2.0 135.0 14228.973199742324 14226.525925925918 14232.777777777797 
485.0048855897958 62.0 0.0 2.0 135.0 14228.899781527814 14226.525925925918 14232.777777777797 
486.0048855897958 62.0 0.0 3.0 135.0 14228.828565859765 14226.525925925918 14232.777777777797 
487.0048855897958 62.0 0.0 3.0 135.0 14228.665931106187 14223.407407407401 14232.777777777797 
488.0048855897958 62.0 0.0 3.0 135.0 14228.508175395245 14223.407407407401 14232.777777777797 
489.0048855897958 62.0 0.0 3.0 135.0 14228.355152355593 14223.407407407401 14232.777777777797 
490.0048855897958 62.0 0.0 3.0 135.0 14228.20672000716 14223.407407407401 14232.777777777797 
491.0048855897958 62.0 0.0 3.0 135.0 14228.062740629159 14223.407407407401 14232.777777777797 
492.0048855897958 64.0 0.0 1.0 135.0 14227.92308063252 14223.407407407401 14232.777777777797 
493.0048855897958 65.0 0.0 0.0 135.0 14227.974943769086 14229.651851851839 14232.777777777797 
494.0048855897958 65.0 0.0 0.0 135.0 14228.119028789337 14232.777777777797 14232.777777777797 
495.0048855897958 65.0 0.0 0.0 135.0 14228.258791258992 14232.777777777797 14232.777777777797 
496.0048855897958 65.0 0.0 0.0 135.0 14228.394360854576 14232.777777777797 14232.777777777797 
497.0048855897958 65.0 0.0 0.0 135.0 14228.525863362263 14232.777777777797 14232.777777777797 
498.0048855897958 65.0 0.0 0.0 135.0 14228.653420794715 14232.777777777797 14232.777777777797 
499.0048855897958 65.0 0.0 0.0 135.0 14228.777151504219 14232.777777777797 14232.777777777797 
500.0048855897958 65.0 0.0 0.0 135.0 14228.897170292417 14232.777777777797 14232.777777777797 
501.0048855897958 65.0 0.0 0.0 135.0 14229.01358851699 14232.777777777797 14232.777777777797 
502.0048855897958 65.0 0.0 1.0 135.0 14229.126514194824 14232.777777777797 14232.777777777797 
503.0048855897958 66.0 0.0 0.0 135.0 14229.142274324504 14229.651851851839 14232.777777777797 
504.0048855897958 66.0 0.0 0.0 135.0 14229.251339428116 14232.777777777797 14232.777777777797 
505.0048855897958 66.0 0.0 0.0 135.0 14229.35713257861 14232.777777777797 14232.777777777797 
506.0048855897958 66.0 0.0 0.0 135.0 14229.459751934572 14232.777777777797 14232.777777777797 
507.0048855897958 66.0 0.0 0.0 135.0 14229.559292709862 14232.777777777797 14232.777777777797 
508.0048855897958 66.0 0.0 0.0 135.0 14229.655847261924 14232.777777777797 14232.777777777797 
509.0048855897958 66.0 0.0 0.0 135.0 14229.749505177402 14232.777777777797 14232.777777777797 
510.0048855897958 66.0 0.0 0.0 135.0 14229.840353355394 14232.777777777797 14232.777777777797 
511.0048855897958 66.0 0.0 1.0 135.0 14229.928476088073 14232.777777777797 14232.777777777797 
512.0048855897958 66.0 0.0 1.0 135.0 14229.920177360978 14229.651851851839 14232.777777777797 
513.0048855897958 66.0 0.0 1.0 135.0 14229.912127595713 14229.651851851839 14232.777777777797 
514.0048855897958 66.0 0.0 1.0 135.0 14229.904319323408 14229.651851851839 14232.777777777797 
515.0048855897958 67.0 0.0 0.0 135.0 14229.896745299262 14229.651851851839 14232.777777777797 
516.0048855897958 67.0 0.0 0.0 135.0 14229.983176273605 14232.777777777797 14232.777777777797 
517.0048855897958 67.0 0.0 0.0 135.0 14230.067014318725 14232.777777777797 14232.777777777797 
518.0048855897958 67.0 0.0 0.0 135.0 14230.148337222503 14232.777777777797 14232.777777777797 
519.0048855897958 67.0 0.0 0.0 135.0 14230.227220439172 14232.777777777797 14232.777777777797 
520.0048855897958 67.0 0.0 0.0 135.0 14230.303737159307 14232.777777777797 14232.777777777797 
521.0048855897958 67.0 0.0 0.0 135.0 14230.37795837789 14232.777777777797 14232.777777777797 
522.0048855897958 67.0 0.0 0.0 135.0 14230.449952959867 14232.777777777797 14232.777777777797 
523.0048855897958 67.0 0.0 0.0 135.0 14230.519787704403 14232.777777777797 14232.777777777797 
524.0048855897958 67.0 0.0 0.0 135.0 14230.587527406597 14232.777777777797 14232.777777777797 
525.0048855897958 67.0 0.0 0.0 135.0 14230.653234917736 14232.777777777797 14232.777777777797 
526.0048855897958 67.0 0.0 0.0 135.0 14230.716971203543 14232.777777777797 14232.777777777797 
527.0048855897958 67.0 0.0 0.0 135.0 14230.778795400773 14232.777777777797 14232.777777777797 
528.0048855897958 67.0 0.0 0.0 135.0 14230.838764872082 14232.777777777797 14232.777777777797 
529.0048855897958 67.0 0.0 0.0 135.0 14230.896935259263 14232.777777777797 14232.777777777797 
530.0048855897958 67.0 0.0 0.0 135.0 14230.953360534804 14232.777777777797 14232.777777777797 
531.0048855897958 67.0 0.0 0.0 135.0 14231.008093052107 14232.777777777797 14232.777777777797 
532.0048855897958 67.0 0.0 0.0 135.0 14231.06118359387 14232.777777777797 14232.777777777797 
533.0048855897958 67.0 0.0 0.0 135.0 14231.112681419398 14232.777777777797 14232.777777777797 
534.0048855897958 67.0 0.0 0.0 135.0 14231.162634310156 14232.777777777797 14232.777777777797 
535.0048855897958 67.0 0.0 0.0 135.0 14231.211088614167 14232.777777777797 14232.777777777797 
536.0048855897958 67.0 0.0 0.0 135.0 14231.258089289073 14232.777777777797 14232.777777777797 
537.0048855897958 67.0 0.0 0.0 135.0 14231.303679943721 14232.777777777797 14232.777777777797 
538.0048855897958 67.0 0.0 0.0 135.0 14231.34790287876 14232.777777777797 14232.777777777797 
539.0048855897958 67.0 0.0 0.0 135.0 14231.390799125718 14232.777777777797 14232.777777777797 
540.0048855897958 67.0 0.0 0.0 135.0 14231.432408485274 14232.777777777797 14232.777777777797 
541.0048855897958 67.0 0.0 0.0 135.0 14231.47276956408 14232.777777777797 14232.777777777797 
542.0048855897958 67.0 0.0 0.0 135.0 14231.51191981049 14232.777777777797 14232.777777777797 
543.0048855897958 67.0 0.0 0.0 135.0 14231.549895549482 14232.777777777797 14232.777777777797 
544.0048855897958 67.0 0.0 0.0 135.0 14231.586732016349 14232.777777777797 14232.777777777797 
545.0048855897958 67.0 0.0 0.0 135.0 14231.622463389182 14232.777777777797 14232.777777777797 
546.0048855897958 67.0 0.0 0.0 135.0 14231.657122820838 14232.777777777797 14232.777777777797 
547.0048855897958 67.0 0.0 0.0 135.0 14231.690742469553 14232.777777777797 14232.777777777797 
548.0048855897958 67.0 0.0 0.0 135.0 14231.7233535288 14232.777777777797 14232.777777777797 
549.0048855897958 67.0 0.0 0.0 135.0 14231.754986256266 14232.777777777797 14232.777777777797 
550.0048855897958 67.0 0.0 0.0 135.0 14231.785670001917 14232.777777777797 14232.777777777797 
551.0048855897958 67.0 0.0 0.0 135.0 14231.815433235199 14232.777777777797 14232.777777777797 
552.0048855897958 67.0 0.0 0.0 135.0 14231.844303571463 14232.777777777797 14232.777777777797 
553.0048855897958 67.0 0.0 0.0 135.0 14231.872307797646 14232.777777777797 14232.777777777797 
554.0048855897958 67.0 0.0 0.0 135.0 14231.89947189705 14232.777777777797 14232.777777777797 
555.0048855897958 67.0 0.0 0.0 135.0 14231.925821073473 14232.777777777797 14232.777777777797 
556.0048855897958 67.0 0.0 0.0 135.0 14231.951379774613 14232.777777777797 14232.777777777797 
557.0048855897958 67.0 0.0 0.0 135.0 14231.976171714703 14232.777777777797 14232.777777777797 
558.0048855897958 67.0 0.0 0.0 135.0 14232.0002198966 14232.777777777797 14232.777777777797 
559.0048855897958 67.0 0.0 0.0 135.0 14232.023546633014 14232.777777777797 14232.777777777797 
560.0048855897958 67.0 0.0 0.0 135.0 14232.046173567362 14232.777777777797 14232.777777777797 
561.0048855897958 67.0 0.0 0.0 135.0 14232.068121693677 14232.777777777797 14232.777777777797 
562.0048855897958 67.0 0.0 1.0 135.0 14232.089411376213 14232.777777777797 14232.777777777797 
563.0048855897958 68.0 0.0 0.0 135.0 14231.581617923806 14215.162962962962 14232.777777777797 
564.0048855897958 68.0 0.0 0.0 135.0 14231.61750271944 14232.777777777797 14232.777777777797 
565.0048855897958 68.0 0.0 0.0 135.0 14231.652310971189 14232.777777777797 14232.777777777797 
566.0048855897958 68.0 0.0 0.0 135.0 14231.686074975361 14232.777777777797 14232.777777777797 
567.0048855897958 68.0 0.0 0.0 135.0 14231.718826059441 14232.777777777797 14232.777777777797 
568.0048855897958 68.0 0.0 0.0 135.0 14231.750594610981 14232.777777777797 14232.777777777797 
569.0048855897958 68.0 0.0 0.0 135.0 14231.781410106007 14232.777777777797 14232.777777777797 
570.0048855897958 68.0 0.0 0.0 135.0 14231.811301136157 14232.777777777797 14232.777777777797 
571.0048855897958 68.0 0.0 0.0 135.0 14231.840295435408 14232.777777777797 14232.777777777797 
572.0048855897958 68.0 0.0 0.0 135.0 14231.868419905684 14232.777777777797 14232.777777777797 
573.0048855897958 68.0 0.0 0.0 135.0 14231.895700641848 14232.777777777797 14232.777777777797 
574.0048855897958 68.0 0.0 0.0 135.0 14231.922162955938 14232.777777777797 14232.777777777797 
575.0048855897958 68.0 0.0 0.0 135.0 14231.947831400568 14232.777777777797 14232.777777777797 
576.0048855897958 68.0 0.0 0.0 135.0 14231.972729791894 14232.777777777797 14232.777777777797 
577.0048855897958 68.0 0.0 0.0 135.0 14231.996881231476 14232.777777777797 14232.777777777797 
578.0048855897958 68.0 0.0 0.0 135.0 14232.020308127856 14232.777777777797 14232.777777777797 
579.0048855897958 68.0 0.0 0.0 135.0 14232.04303221737 14232.777777777797 14232.777777777797 
580.0048855897958 68.0 0.0 0.0 135.0 14232.065074584147 14232.777777777797 14232.777777777797 
581.0048855897958 68.0 0.0 0.0 135.0 14232.086455679973 14232.777777777797 14232.777777777797 
582.0048855897958 68.0 0.0 0.0 135.0 14232.107195342915 14232.777777777797 14232.777777777797 
583.0048855897958 68.0 0.0 0.0 135.0 14232.127312815941 14232.777777777797 14232.777777777797 
584.0048855897958 68.0 0.0 0.0 135.0 14232.14682676481 14232.777777777797 14232.777777777797 
585.0048855897958 68.0 0.0 0.0 135.0 14232.165755295195 14232.777777777797 14232.777777777797 
586.0048855897958 68.0 0.0 0.0 135.0 14232.18411596968 14232.777777777797 14232.777777777797 
587.0048855897958 68.0 0.0 0.0 135.0 14232.201925823916 14232.777777777797 14232.777777777797 
588.0048855897958 68.0 0.0 0.0 135.0 14232.219201382552 14232.777777777797 14232.777777777797 
589.0048855897958 68.0 0.0 1.0 135.0 14232.235958674393 14232.777777777797 14232.777777777797 
590.0048855897958 68.0 0.0 1.0 135.0 14232.158435469708 14229.651851851839 14232.777777777797 
591.0048855897958 68.0 0.0 2.0 135.0 14232.083237961184 14229.651851851839 14232.777777777797 
592.0048855897958 69.0 0.0 1.0 135.0 14231.916518600132 14226.525925925918 14232.777777777797 
593.0048855897958 69.0 0.0 1.0 135.0 14231.84857859768 14229.651851851839 14232.777777777797 
594.0048855897958 69.0 0.0 1.0 135.0 14231.782676795312 14229.651851851839 14232.777777777797 
595.0048855897958 69.0 0.0 1.0 135.0 14231.71875204698 14229.651851851839 14232.777777777797 
596.0048855897958 70.0 0.0 0.0 135.0 14231.656745041142 14229.651851851839 14232.777777777797 
597.0048855897958 70.0 0.0 0.0 135.0 14231.690376023247 14232.777777777797 14232.777777777797 
598.0048855897958 70.0 0.0 0.0 135.0 14231.722998075873 14232.777777777797 14232.777777777797 
599.0048855897958 70.0 0.0 0.0 135.0 14231.754641466932 14232.777777777797 14232.777777777797 
600.0048855897958 70.0 0.0 0.0 135.0 14231.785335556253 14232.777777777797 14232.777777777797 
#####################################################################
# End of data export. Simulation finished at: 2020-01-25T00:00+0000 #
#####################################################################
