#####################################################################
# Alchemist log file - simulation started at: 2020-02-19T14:22+0000 #
#####################################################################
# longseed = 80.0, meanTaskSize = 10, peakFrequency = 1
#
# The columns have the following meaning: 
# time done[Sum] drop[Sum] waiting[Sum] isLeader[Sum] capacity[Mean] freeCapacity[Mean] maxCapacity[Mean] 
0.0 NaN 0.0 NaN NaN NaN NaN NaN 
1.0038766568356343 0.0 0.0 0.0 135.0 14232.777777777797 14232.777777777797 14232.777777777797 
2.0038766568356343 0.0 0.0 0.0 135.0 14232.777777777797 14232.777777777797 14232.777777777797 
3.0038766568356343 0.0 0.0 0.0 135.0 14232.777777777797 14232.777777777797 14232.777777777797 
4.003876656835635 0.0 0.0 0.0 135.0 14232.777777777797 14232.777777777797 14232.777777777797 
5.003876656835635 0.0 0.0 0.0 135.0 14232.777777777797 14232.777777777797 14232.777777777797 
6.003876656835635 0.0 0.0 0.0 135.0 14232.777777777797 14232.777777777797 14232.777777777797 
7.003876656835635 0.0 0.0 0.0 135.0 14232.777777777797 14232.777777777797 14232.777777777797 
8.003876656835635 0.0 0.0 0.0 135.0 14232.777777777797 14232.777777777797 14232.777777777797 
9.003876656835635 0.0 0.0 0.0 135.0 14232.777777777797 14232.777777777797 14232.777777777797 
10.003876656835635 0.0 0.0 0.0 135.0 14232.777777777797 14232.777777777797 14232.777777777797 
11.003876656835635 0.0 0.0 0.0 135.0 14232.777777777797 14232.777777777797 14232.777777777797 
12.003876656835635 0.0 0.0 0.0 135.0 14232.777777777797 14232.777777777797 14232.777777777797 
13.003876656835635 0.0 0.0 1.0 135.0 14232.777777777797 14232.777777777797 14232.777777777797 
14.003876656835635 0.0 0.0 1.0 135.0 14232.465185185178 14229.651851851839 14232.777777777797 
15.003876656835635 1.0 0.0 0.0 135.0 14232.183851851854 14229.651851851839 14232.777777777797 
16.003876656835637 1.0 0.0 0.0 135.0 14232.24324444442 14232.777777777797 14232.777777777797 
17.003876656835637 1.0 0.0 0.0 135.0 14232.29669777778 14232.777777777797 14232.777777777797 
18.003876656835637 1.0 0.0 0.0 135.0 14232.344805777784 14232.777777777797 14232.777777777797 
19.003876656835637 1.0 0.0 0.0 135.0 14232.388102977784 14232.777777777797 14232.777777777797 
20.003876656835637 1.0 0.0 0.0 135.0 14232.427070457812 14232.777777777797 14232.777777777797 
21.003876656835637 1.0 0.0 0.0 135.0 14232.46214118981 14232.777777777797 14232.777777777797 
22.003876656835637 1.0 0.0 0.0 135.0 14232.493704848559 14232.777777777797 14232.777777777797 
23.003876656835637 1.0 0.0 0.0 135.0 14232.52211214149 14232.777777777797 14232.777777777797 
24.003876656835637 1.0 0.0 0.0 135.0 14232.547678705158 14232.777777777797 14232.777777777797 
25.003876656835637 1.0 0.0 1.0 135.0 14232.570688612397 14232.777777777797 14232.777777777797 
26.003876656835637 2.0 0.0 0.0 135.0 14232.278804936323 14229.651851851839 14232.777777777797 
27.003876656835637 2.0 0.0 0.0 135.0 14232.328702220495 14232.777777777797 14232.777777777797 
28.003876656835637 2.0 0.0 0.0 135.0 14232.373609776203 14232.777777777797 14232.777777777797 
29.003876656835637 2.0 0.0 1.0 135.0 14232.414026576389 14232.777777777797 14232.777777777797 
30.003876656835637 3.0 0.0 1.0 135.0 14232.13780910392 14229.651851851839 14232.777777777797 
31.003876656835637 3.0 0.0 1.0 135.0 14231.889213378714 14229.651851851839 14232.777777777797 
32.00387665683564 4.0 0.0 0.0 135.0 14231.665477226023 14229.651851851839 14232.777777777797 
33.00387665683564 4.0 0.0 0.0 135.0 14231.776707281197 14232.777777777797 14232.777777777797 
34.00387665683564 4.0 0.0 0.0 135.0 14231.876814330859 14232.777777777797 14232.777777777797 
35.00387665683564 4.0 0.0 0.0 135.0 14231.966910675546 14232.777777777797 14232.777777777797 
36.00387665683564 4.0 0.0 1.0 135.0 14232.047997385795 14232.777777777797 14232.777777777797 
37.00387665683564 4.0 0.0 1.0 135.0 14231.808382832387 14229.651851851839 14232.777777777797 
38.00387665683564 4.0 0.0 1.0 135.0 14231.592729734324 14229.651851851839 14232.777777777797 
39.00387665683564 5.0 0.0 0.0 135.0 14231.398641946109 14229.651851851839 14232.777777777797 
40.00387665683564 5.0 0.0 0.0 135.0 14231.53655552925 14232.777777777797 14232.777777777797 
41.00387665683564 5.0 0.0 0.0 135.0 14231.660677754113 14232.777777777797 14232.777777777797 
42.00387665683564 5.0 0.0 2.0 135.0 14231.772387756448 14232.777777777797 14232.777777777797 
43.00387665683564 7.0 0.0 0.0 135.0 14231.247741573416 14226.525925925918 14232.777777777797 
44.00387665683564 7.0 0.0 0.0 135.0 14231.400745193847 14232.777777777797 14232.777777777797 
45.00387665683564 7.0 0.0 0.0 135.0 14231.538448452236 14232.777777777797 14232.777777777797 
46.00387665683564 7.0 0.0 0.0 135.0 14231.66238138482 14232.777777777797 14232.777777777797 
47.00387665683564 7.0 0.0 0.0 135.0 14231.773921024114 14232.777777777797 14232.777777777797 
48.00387665683564 7.0 0.0 0.0 135.0 14231.874306699448 14232.777777777797 14232.777777777797 
49.00387665683564 7.0 0.0 1.0 135.0 14231.964653807288 14232.777777777797 14232.777777777797 
50.00387665683564 8.0 0.0 0.0 135.0 14231.73337361178 14229.651851851839 14232.777777777797 
51.00387665683564 8.0 0.0 0.0 135.0 14231.83781402834 14232.777777777797 14232.777777777797 
52.00387665683564 8.0 0.0 0.0 135.0 14231.931810403325 14232.777777777797 14232.777777777797 
53.00387665683564 8.0 0.0 0.0 135.0 14232.016407140734 14232.777777777797 14232.777777777797 
54.00387665683564 8.0 0.0 0.0 135.0 14232.092544204435 14232.777777777797 14232.777777777797 
55.00387665683564 8.0 0.0 0.0 135.0 14232.161067561774 14232.777777777797 14232.777777777797 
56.00387665683564 8.0 0.0 0.0 135.0 14232.2227385834 14232.777777777797 14232.777777777797 
57.00387665683564 8.0 0.0 0.0 135.0 14232.278242502813 14232.777777777797 14232.777777777797 
58.00387665683564 8.0 0.0 0.0 135.0 14232.328196030296 14232.777777777797 14232.777777777797 
59.00387665683564 8.0 0.0 0.0 135.0 14232.37315420508 14232.777777777797 14232.777777777797 
60.00387665683564 8.0 0.0 0.0 135.0 14232.41361656233 14232.777777777797 14232.777777777797 
61.00387665683564 8.0 0.0 0.0 135.0 14232.450032683877 14232.777777777797 14232.777777777797 
62.00387665683564 8.0 0.0 0.0 135.0 14232.482807193272 14232.777777777797 14232.777777777797 
63.00387665683564 8.0 0.0 0.0 135.0 14232.512304251728 14232.777777777797 14232.777777777797 
64.00387665683564 8.0 0.0 0.0 135.0 14232.538851604319 14232.777777777797 14232.777777777797 
65.00387665683564 8.0 0.0 1.0 135.0 14232.562744221683 14232.777777777797 14232.777777777797 
66.00387665683564 9.0 0.0 1.0 135.0 14230.822766095805 14215.162962962962 14232.777777777797 
67.00387665683564 9.0 0.0 1.0 135.0 14230.7056746714 14229.651851851839 14232.777777777797 
68.00387665683564 10.0 0.0 0.0 135.0 14230.60029238946 14229.651851851839 14232.777777777797 
69.00387665683564 10.0 0.0 0.0 135.0 14230.818040928256 14232.777777777797 14232.777777777797 
70.00387665683564 10.0 0.0 0.0 135.0 14231.014014613213 14232.777777777797 14232.777777777797 
71.00387665683564 10.0 0.0 1.0 135.0 14231.1903909297 14232.777777777797 14232.777777777797 
72.00387665683564 11.0 0.0 0.0 135.0 14229.587648132996 14215.162962962962 14232.777777777797 
73.00387665683564 11.0 0.0 0.0 135.0 14229.906661097484 14232.777777777797 14232.777777777797 
74.00387665683564 11.0 0.0 0.0 135.0 14230.19377276549 14232.777777777797 14232.777777777797 
75.00387665683564 11.0 0.0 0.0 135.0 14230.45217326672 14232.777777777797 14232.777777777797 
76.00387665683564 11.0 0.0 0.0 135.0 14230.684733717842 14232.777777777797 14232.777777777797 
77.00387665683564 11.0 0.0 0.0 135.0 14230.894038123837 14232.777777777797 14232.777777777797 
78.00387665683564 11.0 0.0 0.0 135.0 14231.082412089245 14232.777777777797 14232.777777777797 
79.00387665683564 11.0 0.0 0.0 135.0 14231.251948658059 14232.777777777797 14232.777777777797 
80.00387665683564 11.0 0.0 1.0 135.0 14231.404531570051 14232.777777777797 14232.777777777797 
81.00387665683564 12.0 0.0 0.0 135.0 14231.22926359823 14229.651851851839 14232.777777777797 
82.00387665683564 12.0 0.0 0.0 135.0 14231.3841150162 14232.777777777797 14232.777777777797 
83.00387665683564 12.0 0.0 0.0 135.0 14231.523481292354 14232.777777777797 14232.777777777797 
84.00387665683564 12.0 0.0 0.0 135.0 14231.648910940905 14232.777777777797 14232.777777777797 
85.00387665683564 12.0 0.0 0.0 135.0 14231.761797624578 14232.777777777797 14232.777777777797 
86.00387665683564 12.0 0.0 1.0 135.0 14231.86339563988 14232.777777777797 14232.777777777797 
87.00387665683564 13.0 0.0 0.0 135.0 14230.193352372231 14215.162962962962 14232.777777777797 
88.00387665683564 13.0 0.0 0.0 135.0 14230.451794912742 14232.777777777797 14232.777777777797 
89.00387665683564 13.0 0.0 0.0 135.0 14230.684393199277 14232.777777777797 14232.777777777797 
90.00387665683564 13.0 0.0 1.0 135.0 14230.89373165712 14232.777777777797 14232.777777777797 
91.00387665683564 13.0 0.0 1.0 135.0 14230.76954367657 14229.651851851839 14232.777777777797 
92.00387665683564 14.0 0.0 0.0 135.0 14230.657774494115 14229.651851851839 14232.777777777797 
93.00387665683564 14.0 0.0 0.0 135.0 14230.869774822493 14232.777777777797 14232.777777777797 
94.00387665683564 14.0 0.0 0.0 135.0 14231.06057511799 14232.777777777797 14232.777777777797 
95.00387665683564 14.0 0.0 0.0 135.0 14231.23229538399 14232.777777777797 14232.777777777797 
96.00387665683564 14.0 0.0 0.0 135.0 14231.386843623373 14232.777777777797 14232.777777777797 
97.00387665683564 14.0 0.0 0.0 135.0 14231.52593703882 14232.777777777797 14232.777777777797 
98.00387665683564 14.0 0.0 0.0 135.0 14231.651121112682 14232.777777777797 14232.777777777797 
99.00387665683564 14.0 0.0 0.0 135.0 14231.763786779195 14232.777777777797 14232.777777777797 
100.00387665683564 14.0 0.0 0.0 135.0 14231.86518587906 14232.777777777797 14232.777777777797 
101.00387665683564 14.0 0.0 0.0 135.0 14231.956445068923 14232.777777777797 14232.777777777797 
102.00387665683564 14.0 0.0 0.0 135.0 14232.038578339807 14232.777777777797 14232.777777777797 
103.00387665683564 14.0 0.0 0.0 135.0 14232.112498283619 14232.777777777797 14232.777777777797 
104.00387665683564 14.0 0.0 0.0 135.0 14232.179026233034 14232.777777777797 14232.777777777797 
105.00387665683564 14.0 0.0 2.0 135.0 14232.238901387507 14232.777777777797 14232.777777777797 
106.00387665683564 14.0 0.0 3.0 135.0 14231.66834458208 14226.533333333318 14232.777777777797 
107.00387665683564 16.0 0.0 7.0 134.0 14230.842250864618 14223.407407407401 14232.777777777797 
108.00387665683564 17.0 0.0 8.0 134.0 14220.1572850374 14123.9925925926 14232.777777777797 
109.00387665683564 23.0 0.0 3.0 134.0 14217.897112089253 14197.555555555586 14232.777777777797 
110.00387665683564 25.0 0.0 2.0 135.0 14217.623697176627 14215.162962962962 14232.777777777797 
111.00387665683564 27.0 0.0 1.0 134.0 14218.514660792276 14226.533333333318 14232.777777777797 
112.00387665683564 27.0 0.0 2.0 134.0 14217.86689841674 14212.037037037013 14232.777777777797 
113.00387665683564 28.0 0.0 2.0 134.0 14217.596504871388 14215.162962962962 14232.777777777797 
114.00387665683564 29.0 0.0 2.0 134.0 14217.353150680547 14215.162962962962 14232.777777777797 
115.00387665683564 30.0 0.0 2.0 134.0 14217.13413190877 14215.162962962962 14232.777777777797 
116.00387665683564 31.0 0.0 1.0 135.0 14216.937015014179 14215.162962962962 14232.777777777797 
117.00387665683564 32.0 0.0 2.0 134.0 14218.20849869796 14229.651851851839 14232.777777777797 
118.00387665683564 32.0 0.0 5.0 134.0 14215.830611791118 14194.429629629629 14232.777777777797 
119.00093175875276 35.0 0.0 3.0 134.0 14215.13940246386 14208.918518518494 14232.777777777797 
120.00387665683564 38.0 0.0 3.0 135.0 14216.278795550817 14226.533333333318 14232.777777777797 
121.00387665683564 39.0 0.0 3.0 133.0 14216.991656736476 14223.407407407401 14232.777777777797 
122.00387665683564 40.0 0.0 6.0 133.0 14216.183602173922 14208.911111111145 14232.777777777797 
123.00387665683564 44.0 0.0 4.0 133.0 14216.593390104697 14220.281481481483 14232.777777777797 
124.00387665683564 45.0 0.0 4.0 133.0 14214.064421464585 14191.303703703717 14232.777777777797 
125.00387665683564 48.0 0.0 6.0 132.0 14214.998720058882 14223.407407407401 14232.777777777797 
126.00387665683564 49.0 0.0 8.0 132.0 14205.89736657152 14123.985185185162 14232.777777777797 
127.00387665683564 55.0 0.0 7.0 133.0 14208.272815099539 14229.651851851839 14232.777777777797 
128.00303621895745 58.0 0.0 7.0 133.0 14203.052940996991 14156.074074074071 14232.777777777797 
129.00387665683564 64.0 0.0 6.0 133.0 14200.629128378756 14178.814814814803 14232.777777777797 
130.00387665683564 66.0 0.0 8.0 132.0 14201.9699192446 14214.037037037013 14232.777777777797 
131.00387665683564 70.0 0.0 11.0 131.0 14196.756631023836 14149.837037037038 14232.777777777797 
132.00387665683564 73.0 0.0 13.0 131.0 14194.762449402957 14176.814814814803 14232.777777777797 
133.00387665683564 81.0 0.0 9.0 132.0 14185.923241499693 14106.370370370389 14232.777777777797 
134.00387665683564 86.0 0.0 6.0 131.0 14184.076843275621 14167.459259259243 14232.777777777797 
135.00387665683564 89.0 0.0 9.0 132.0 14182.414344133265 14167.45185185185 14232.777777777797 
136.00387665683564 92.0 0.0 14.0 131.0 14177.395872682908 14132.22962962964 14232.777777777797 
137.00387665683564 98.0 0.0 14.0 132.0 14173.502952081262 14138.46666666668 14232.777777777797 
138.00387665683564 106.0 0.0 12.0 133.0 14170.62450872499 14144.718518518519 14232.777777777797 
139.00387665683564 112.0 0.0 11.0 131.0 14167.409465259927 14138.474074074082 14232.777777777797 
140.00387665683564 117.0 0.0 13.0 132.0 14155.709259474663 14050.407407407401 14232.777777777797 
141.00387665683564 123.0 0.0 10.0 131.0 14157.507222416067 14173.688888888892 14232.777777777797 
142.00387665683564 130.0 0.0 6.0 132.0 14155.915759433716 14141.592592592599 14232.777777777797 
143.00387665683564 133.0 0.0 10.0 131.0 14159.453813119972 14191.296296296277 14232.777777777797 
144.00387665683564 135.0 0.0 14.0 132.0 14155.594357733911 14120.859259259254 14232.777777777797 
145.00387665683564 146.0 0.0 11.0 131.0 14155.530477516058 14154.955555555558 14232.777777777797 
146.00387665683564 149.0 0.0 13.0 130.0 14151.126318653367 14111.488888888909 14232.777777777797 
147.00387665683564 157.0 0.0 13.0 131.0 14151.309983084335 14152.962962962987 14232.777777777797 
148.00387665683564 162.0 0.0 13.0 132.0 14145.055281072198 14088.76296296296 14232.777777777797 
149.00387665683564 171.0 0.0 6.0 130.0 14142.523086298319 14119.733333333344 14232.777777777797 
150.00387665683564 175.0 0.0 8.0 130.0 14148.53744433512 14202.666666666668 14232.777777777797 
151.00387665683564 177.0 0.0 12.0 131.0 14148.154811012706 14144.711111111119 14232.777777777797 
152.00185776590314 183.0 0.0 9.0 131.0 14143.976366948498 14106.370370370389 14232.777777777797 
153.00387665683564 189.0 0.0 7.0 130.0 14145.18613766103 14156.074074074071 14232.777777777797 
154.00387665683564 192.0 0.0 9.0 131.0 14150.109746117192 14194.422222222236 14232.777777777797 
155.00387665683564 196.0 0.0 9.0 132.0 14148.946178912845 14138.474074074082 14232.777777777797 
156.00387665683564 200.0 0.0 7.0 132.0 14149.346375836396 14152.94814814816 14232.777777777797 
157.00387665683564 205.0 0.0 6.0 131.0 14151.15544195646 14167.437037037065 14232.777777777797 
158.00387665683564 208.0 0.0 10.0 132.0 14158.380638501523 14223.407407407401 14232.777777777797 
159.00387665683564 211.0 0.0 13.0 130.0 14158.975167243998 14164.325925925894 14232.777777777797 
160.00387665683564 218.0 0.0 18.0 131.0 14156.924317186274 14138.46666666668 14232.777777777797 
161.00387665683564 224.0 0.0 15.0 131.0 14149.171885467647 14079.400000000001 14232.777777777797 
162.00387665683564 235.0 0.0 13.0 131.0 14146.22877099493 14119.740740740734 14232.777777777797 
163.00387665683564 242.0 0.0 13.0 130.0 14144.20441241395 14125.985185185162 14232.777777777797 
164.00387665683564 252.0 0.0 4.0 131.0 14138.035823024422 14082.518518518522 14232.777777777797 
165.00387665683564 255.0 0.0 5.0 130.0 14141.912981462749 14176.80740740741 14232.777777777797 
166.00387665683564 256.0 0.0 16.0 132.0 14147.163905538693 14194.422222222236 14232.777777777797 
167.00171385131503 263.0 0.0 13.0 129.0 14143.796403873677 14113.488888888909 14232.777777777797 
168.00387665683564 271.0 0.0 9.0 129.0 14149.371578301134 14199.54814814815 14232.777777777797 
169.00387665683564 277.0 0.0 8.0 130.0 14148.59293898954 14141.5851851852 14232.777777777797 
170.00244835150423 281.0 0.0 16.0 130.0 14149.653645090615 14159.200000000026 14232.777777777797 
171.00387665683564 286.0 0.0 23.0 130.0 14148.534947248203 14138.46666666668 14232.777777777797 
172.00387665683564 297.0 0.0 17.0 129.0 14127.533304375234 13938.51851851852 14232.777777777797 
173.00387665683564 308.0 0.0 13.0 132.0 14128.314048011773 14135.340740740723 14232.777777777797 
174.00387665683564 317.0 0.0 11.0 129.0 14122.797458025429 14073.14814814815 14232.777777777797 
175.00387665683564 321.0 0.0 14.0 129.0 14124.052527037697 14135.348148148161 14232.777777777797 
176.00387665683564 328.0 0.0 19.0 131.0 14124.357644704305 14127.103703703682 14232.777777777797 
177.00387665683564 339.0 0.0 17.0 131.0 14121.310028382002 14093.88148148148 14232.777777777797 
178.00387665683564 347.0 0.0 14.0 129.0 14114.419766284562 14052.407407407401 14232.777777777797 
179.00387665683564 355.0 0.0 13.0 130.0 14112.365937804241 14093.88148148148 14232.777777777797 
180.00387665683564 364.0 0.0 11.0 130.0 14114.351566246052 14132.222222222203 14232.777777777797 
181.00387665683564 369.0 0.0 9.0 130.0 14114.689002214041 14117.725925925948 14232.777777777797 
182.00387665683564 375.0 0.0 10.0 131.0 14120.27713902965 14170.570370370371 14232.777777777797 
183.00387665683564 378.0 0.0 17.0 129.0 14124.993128830396 14167.437037037065 14232.777777777797 
184.00387665683564 388.0 0.0 10.0 129.0 14118.670112243673 14061.76296296296 14232.777777777797 
185.00387665683564 396.0 0.0 13.0 129.0 14122.099397315564 14152.962962962985 14232.777777777797 
186.00387665683564 403.0 0.0 11.0 130.0 14121.351679806241 14114.622222222213 14232.777777777797 
187.00387665683564 409.0 0.0 25.0 130.0 14123.887622936749 14146.711111111119 14232.777777777797 
188.00387665683564 420.0 0.0 24.0 129.0 14116.315156939361 14048.16296296296 14232.777777777797 
189.00387665683564 436.0 0.0 14.0 127.0 14110.436233838023 14057.525925925918 14232.777777777797 
190.00387665683564 444.0 0.0 21.0 128.0 14102.36075860235 14029.681481481453 14232.777777777797 
191.00387665683564 452.0 0.0 23.0 127.0 14098.302460519903 14061.777777777797 14232.777777777797 
192.00387665683564 466.0 0.0 23.0 127.0 14094.96110335679 14064.88888888888 14232.777777777797 
193.00387665683564 477.0 0.0 25.0 130.0 14085.848696724826 14003.83703703704 14232.777777777797 
194.00387665683564 490.0 0.0 21.0 128.0 14083.640864089391 14063.77037037036 14232.777777777797 
195.00387665683564 504.0 0.0 14.0 127.0 14070.77603693969 13954.992592592598 14232.777777777797 
196.00387665683564 511.0 0.0 19.0 128.0 14075.1599147272 14114.614814814824 14232.777777777797 
197.00387665683564 518.0 0.0 17.0 129.0 14079.417256587833 14117.733333333343 14232.777777777797 
198.00387665683564 530.0 0.0 13.0 128.0 14075.891827225323 14044.16296296296 14232.777777777797 
199.00387665683564 537.0 0.0 11.0 128.0 14079.45079265097 14111.481481481478 14232.777777777797 
200.00387665683564 545.0 0.0 15.0 127.0 14090.947935608083 14194.422222222236 14232.777777777797 
201.00387665683564 549.0 0.0 18.0 129.0 14089.279808713929 14074.266666666657 14232.777777777797 
202.00387665683564 561.0 0.0 16.0 130.0 14085.90590191661 14055.540740740757 14232.777777777797 
203.00387665683564 569.0 0.0 19.0 127.0 14085.764941354586 14084.496296296304 14232.777777777797 
204.00387665683564 576.0 0.0 27.0 130.0 14085.949928700611 14087.614814814824 14232.777777777797 
205.00387665683564 593.0 0.0 18.0 128.0 14084.557158052774 14072.022222222226 14232.777777777797 
206.00387665683564 602.0 0.0 19.0 128.0 14089.522923728999 14134.214814814812 14232.777777777797 
207.00387665683564 613.0 0.0 22.0 126.0 14079.078038763482 13985.074074074071 14232.777777777797 
208.00366993594608 624.0 0.0 24.0 128.0 14080.045790442677 14088.755555555561 14232.777777777797 
209.00387665683564 641.0 0.0 19.0 127.0 14067.852322509547 13958.111111111119 14232.777777777797 
210.00387665683564 651.0 0.0 28.0 127.0 14065.056719888193 14039.896296296318 14232.777777777797 
211.00387665683564 666.0 0.0 23.0 125.0 14061.404381232724 14028.53333333332 14232.777777777797 
212.00387665683564 682.0 0.0 19.0 126.0 14059.055054220546 14037.911111111145 14232.777777777797 
213.00387665683564 691.0 0.0 27.0 127.0 14055.804363613313 14026.54814814815 14232.777777777797 
214.00387665683564 703.0 0.0 30.0 125.0 14045.098742066803 13948.748148148132 14232.777777777797 
215.00387665683564 717.0 0.0 33.0 125.0 14036.086645637917 13954.977777777773 14232.777777777797 
216.00387665683564 737.0 0.0 19.0 125.0 14025.389832925946 13929.11851851852 14232.777777777797 
217.00387665683564 751.0 0.0 20.0 126.0 14034.310849633363 14114.599999999999 14232.777777777797 
218.00387665683564 759.0 0.0 28.0 127.0 14036.743468373714 14058.637037037042 14232.777777777797 
219.00387665683564 774.0 0.0 30.0 124.0 14035.298751165983 14022.29629629628 14232.777777777797 
220.00387665683564 790.0 0.0 31.0 124.0 14026.442209382703 13946.733333333346 14232.777777777797 
221.00387665683564 805.0 0.0 26.0 126.0 14019.408358814824 13956.103703703682 14232.777777777797 
222.00387665683564 824.0 0.0 14.0 126.0 14015.663819229638 13981.962962962985 14232.777777777797 
223.00387665683564 832.0 0.0 25.0 125.0 14024.93151138076 14108.340740740723 14232.777777777797 
224.00387665683564 841.0 0.0 37.0 127.0 14016.60058246489 13941.622222222213 14232.777777777797 
225.00387665683564 864.0 0.0 25.0 124.0 14018.308672366542 14033.681481481453 14232.777777777797 
226.00387665683564 881.0 0.0 26.0 126.0 14019.020027352124 14025.422222222236 14232.777777777797 
227.00387665683564 895.0 0.0 28.0 126.0 14018.209876468747 14010.918518518494 14232.777777777797 
228.00387665683564 911.0 0.0 28.0 122.0 14016.545925858933 14001.570370370371 14232.777777777797 
229.00387665683564 924.0 0.0 38.0 125.0 14021.892814754514 14070.014814814838 14232.777777777797 
230.00387665683564 945.0 0.0 32.0 123.0 13998.728718464234 13790.251851851868 14232.777777777797 
231.00387665683564 963.0 0.0 24.0 122.0 13997.873624395605 13990.17777777776 14232.777777777797 
232.00387665683564 977.0 0.0 19.0 122.0 14001.252187881975 14031.659259259277 14232.777777777797 
233.00387665683564 987.0 0.0 28.0 123.0 14012.275117241912 14111.481481481478 14232.777777777797 
234.00387665683564 1000.0 0.0 31.0 127.0 14006.969086999197 13959.214814814812 14232.777777777797 
235.00387665683564 1024.0 0.0 24.0 126.0 13997.11143755856 13908.392592592572 14232.777777777797 
236.00387665683564 1035.0 0.0 25.0 124.0 14008.434367876776 14110.340740740723 14232.777777777797 
237.00387665683564 1048.0 0.0 29.0 121.0 14008.570931089074 14009.799999999974 14232.777777777797 
238.00387665683564 1063.0 0.0 28.0 122.0 14000.201986128333 13924.88148148148 14232.777777777797 
239.00387665683564 1082.0 0.0 27.0 122.0 14002.098083811783 14019.16296296296 14232.777777777797 
240.00387665683564 1095.0 0.0 29.0 124.0 14003.294201356517 14014.059259259278 14232.777777777797 
241.00387665683564 1112.0 0.0 26.0 121.0 13996.387744183832 13934.229629629639 14232.777777777797 
242.00387665683564 1126.0 0.0 38.0 121.0 14002.812673469169 14060.637037037042 14232.777777777797 
243.00387665683564 1141.0 0.0 43.0 121.0 13995.95436908521 13934.229629629639 14232.777777777797 
244.00387665683564 1166.0 0.0 42.0 123.0 13983.87596921375 13875.17037037036 14232.777777777797 
245.00387665683564 1186.0 0.0 44.0 122.0 13972.068372292353 13865.799999999974 14232.777777777797 
246.00387665683564 1214.0 0.0 33.0 122.0 13952.63560913719 13777.740740740732 14232.777777777797 
247.00387665683564 1234.0 0.0 37.0 120.0 13954.630566741977 13972.585185185198 14232.777777777797 
248.00387665683564 1250.0 0.0 40.0 119.0 13946.796398956669 13876.288888888881 14232.777777777797 
249.00387665683564 1272.0 0.0 33.0 120.0 13942.757499801775 13906.407407407401 14232.777777777797 
250.00387665683564 1292.0 0.0 33.0 122.0 13947.301749821601 13988.200000000026 14232.777777777797 
251.00384236812397 1309.0 0.0 37.0 122.0 13942.785648913492 13902.140740740748 14232.777777777797 
252.00387665683564 1329.0 0.0 34.0 121.0 13936.649306244364 13881.422222222236 14232.777777777797 
253.00387665683564 1344.0 0.0 43.0 122.0 13939.931783027341 13969.474074074082 14232.777777777797 
254.00387665683564 1368.0 0.0 39.0 124.0 13930.245271391286 13843.066666666678 14232.777777777797 
255.00387665683564 1390.0 0.0 37.0 122.0 13937.063707215113 13998.429629629629 14232.777777777797 
256.00387665683564 1411.0 0.0 30.0 122.0 13942.064003160283 13987.066666666678 14232.777777777797 
257.00387665683564 1429.0 0.0 40.0 121.0 13935.797602844259 13879.400000000001 14232.777777777797 
258.00387665683564 1444.0 0.0 40.0 122.0 13933.880064782052 13916.622222222213 14232.777777777797 
259.00358383677127 1472.0 0.0 31.0 119.0 13928.522428674218 13880.303703703716 14232.777777777797 
260.00387665683564 1486.0 0.0 34.0 121.0 13933.24055617716 13975.70370370372 14232.777777777797 
261.0009900929802 1508.0 0.0 29.0 120.0 13933.141685744631 13932.251851851868 14232.777777777797 
262.00387665683564 1521.0 0.0 41.0 122.0 13931.292702355348 13914.65185185184 14232.777777777797 
263.00387665683564 1543.0 0.0 45.0 120.0 13928.26565434204 13901.022222222227 14232.777777777797 
264.00387665683564 1566.0 0.0 47.0 120.0 13916.849459278215 13814.103703703682 14232.777777777797 
265.00387665683564 1590.0 0.0 44.0 121.0 13904.299328165214 13791.34814814816 14232.777777777797 
266.00387665683564 1618.0 0.0 39.0 121.0 13897.863469422733 13839.940740740723 14232.777777777797 
267.00387665683564 1639.0 0.0 38.0 121.0 13903.77341877677 13956.962962962985 14232.777777777797 
268.00387665683564 1661.0 0.0 28.0 118.0 13897.704225047231 13843.081481481506 14232.777777777797 
269.00387665683564 1679.0 0.0 25.0 121.0 13912.973802542503 14050.400000000001 14232.777777777797 
270.00387665683564 1691.0 0.0 39.0 123.0 13913.140125991957 13914.63703703704 14232.777777777797 
271.00387665683564 1714.0 0.0 41.0 118.0 13921.870557837226 14000.444444444414 14232.777777777797 
272.00387665683564 1737.0 0.0 46.0 121.0 13909.019798349782 13793.36296296296 14232.777777777797 
273.00387665683564 1763.0 0.0 41.0 121.0 13892.795596292603 13746.777777777797 14232.777777777797 
274.00387665683564 1792.0 0.0 39.0 121.0 13889.270851478146 13857.548148148151 14232.777777777797 
275.00387665683564 1813.0 0.0 45.0 119.0 13884.962284848873 13846.185185185197 14232.777777777797 
276.00387665683564 1834.0 0.0 44.0 118.0 13876.11494525284 13796.488888888909 14232.777777777797 
277.00387665683564 1862.0 0.0 37.0 119.0 13874.37308035719 13858.696296296284 14232.777777777797 
278.00387665683564 1883.0 0.0 38.0 122.0 13875.189846395564 13882.540740740757 14232.777777777797 
279.00387665683564 1905.0 0.0 33.0 124.0 13873.226417311558 13855.555555555586 14232.777777777797 
280.00387665683564 1926.0 0.0 32.0 119.0 13885.946738543356 14000.429629629629 14232.777777777797 
281.00387665683564 1942.0 0.0 31.0 120.0 13885.80465728162 13884.525925925918 14232.777777777797 
282.00387665683564 1959.0 0.0 32.0 119.0 13893.346413775687 13961.222222222203 14232.777777777797 
283.00387665683564 1977.0 0.0 39.0 119.0 13908.626587212922 14046.14814814815 14232.777777777797 
284.00387665683564 1995.0 0.0 46.0 122.0 13885.511335899037 13677.474074074082 14232.777777777797 
285.00387665683564 2021.0 0.0 41.0 120.0 13889.760202309148 13928.0 14232.777777777797 
286.00387665683564 2045.0 0.0 39.0 122.0 13889.122700596758 13883.385185185174 14232.777777777797 
287.00387665683564 2069.0 0.0 32.0 119.0 13895.906726833367 13956.962962962985 14232.777777777797 
288.00387665683564 2092.0 0.0 33.0 120.0 13900.564202298176 13942.48148148148 14232.777777777797 
289.00387665683564 2111.0 0.0 35.0 120.0 13904.243337623911 13937.355555555561 14232.777777777797 
290.00387665683564 2134.0 0.0 26.0 120.0 13899.886411268917 13860.674074074104 14232.777777777797 
291.00387665683564 2151.0 0.0 23.0 121.0 13913.5755479198 14036.777777777797 14232.777777777797 
292.00387665683564 2165.0 0.0 26.0 120.0 13913.369844979685 13911.51851851852 14232.777777777797 
293.00205711101313 2178.0 0.0 35.0 123.0 13918.466193815068 13964.333333333332 14232.777777777797 
294.00387665683564 2199.0 0.0 38.0 122.0 13920.355870729858 13937.36296296296 14232.777777777797 
295.00387665683564 2214.0 0.0 40.0 119.0 13917.286209582773 13889.659259259277 14232.777777777797 
296.00387665683564 2239.0 0.0 46.0 122.0 13912.247218254148 13866.896296296318 14232.777777777797 
297.00387665683564 2260.0 0.0 52.0 122.0 13914.133607539841 13931.111111111119 14232.777777777797 
298.00387665683564 2292.0 0.0 47.0 117.0 13897.486172711771 13747.659259259277 14232.777777777797 
299.00387665683564 2319.0 0.0 44.0 121.0 13881.790148033184 13740.525925925918 14232.777777777797 
300.00387665683564 2346.0 0.0 35.0 118.0 13878.426688785421 13848.155555555531 14232.777777777797 
301.00387665683564 2367.0 0.0 30.0 118.0 13877.478093980952 13868.940740740723 14232.777777777797 
302.00387665683564 2386.0 0.0 27.0 118.0 13885.22732161991 13954.970370370334 14232.777777777797 
303.00387665683564 2402.0 0.0 42.0 120.0 13894.388293161614 13976.83703703704 14232.777777777797 
304.00387665683564 2425.0 0.0 52.0 119.0 13894.225019401005 13892.755555555561 14232.777777777797 
305.00387665683564 2447.0 0.0 58.0 117.0 13883.826961905344 13790.24444444444 14232.777777777797 
306.00387665683564 2486.0 0.0 45.0 118.0 13869.80945090002 13743.651851851842 14232.777777777797 
307.00387665683564 2513.0 0.0 41.0 122.0 13859.889987291463 13770.614814814826 14232.777777777797 
308.00387665683564 2538.0 0.0 41.0 118.0 13863.688395969746 13897.874074074081 14232.777777777797 
309.00387665683564 2559.0 0.0 47.0 120.0 13865.660297113522 13883.407407407401 14232.777777777797 
310.00387665683564 2591.0 0.0 48.0 117.0 13868.769822957722 13896.755555555561 14232.777777777797 
311.00387665683564 2614.0 0.0 51.0 115.0 13867.022470291577 13851.296296296281 14232.777777777797 
312.00387665683564 2647.0 0.0 50.0 117.0 13845.569112151295 13652.488888888909 14232.777777777797 
313.00190974887323 2672.0 0.0 49.0 118.0 13833.104052788023 13720.918518518494 14232.777777777797 
314.00387665683564 2703.0 0.0 52.0 117.0 13833.588462324034 13837.94814814816 14232.777777777797 
315.00387665683564 2728.0 0.0 56.0 122.0 13822.208875350896 13719.792592592625 14232.777777777797 
316.00387665683564 2761.0 0.0 45.0 117.0 13821.795395223222 13818.074074074071 14232.777777777797 
317.00387665683564 2786.0 0.0 47.0 119.0 13814.295114960154 13746.792592592625 14232.777777777797 
318.00387665683564 2815.0 0.0 43.0 120.0 13807.542640501171 13746.770370370363 14232.777777777797 
319.0031340686865 2838.0 0.0 39.0 119.0 13821.660228302893 13948.718518518519 14232.777777777797 
320.00387665683564 2862.0 0.0 52.0 119.0 13836.12605732447 13966.318518518547 14232.777777777797 
321.00387665683564 2882.0 0.0 61.0 115.0 13819.920858999407 13674.074074074071 14232.777777777797 
322.00387665683564 2919.0 0.0 51.0 114.0 13814.25247680319 13763.23703703704 14232.777777777797 
323.00387665683564 2948.0 0.0 42.0 118.0 13805.542043937687 13727.148148148148 14232.777777777797 
324.0014176567179 2979.0 0.0 37.0 120.0 13816.137469173542 13911.496296296305 14232.777777777797 
325.00387665683564 3001.0 0.0 47.0 119.0 13824.000759293225 13894.770370370361 14232.777777777797 
326.00387665683564 3026.0 0.0 53.0 115.0 13809.320683363907 13677.200000000026 14232.777777777797 
327.00387665683564 3055.0 0.0 53.0 116.0 13802.12861502751 13737.4 14232.777777777797 
328.00387665683564 3086.0 0.0 45.0 118.0 13796.592790561797 13746.770370370361 14232.777777777797 
329.00387665683564 3114.0 0.0 51.0 114.0 13796.894252246371 13799.607407407428 14232.777777777797 
330.00387665683564 3136.0 0.0 62.0 117.0 13791.992234429144 13747.874074074078 14232.777777777797 
331.00387665683564 3173.0 0.0 51.0 118.0 13784.460418393634 13716.674074074104 14232.777777777797 
332.00387665683564 3204.0 0.0 49.0 117.0 13787.822524702418 13818.081481481506 14232.777777777797 
333.00387665683564 3233.0 0.0 37.0 118.0 13771.277309269219 13622.370370370389 14232.777777777797 
334.00158862179757 3256.0 0.0 47.0 117.0 13790.471059823763 13963.214814814812 14232.777777777797 
335.00387665683564 3280.0 0.0 51.0 118.0 13797.378027915453 13859.540740740757 14232.777777777797 
336.00387665683564 3310.0 0.0 54.0 114.0 13786.920225123937 13692.799999999974 14232.777777777797 
337.00387665683564 3336.0 0.0 54.0 117.0 13781.342276685586 13731.140740740748 14232.777777777797 
338.00387665683564 3368.0 0.0 53.0 115.0 13773.9384193874 13707.303703703716 14232.777777777797 
339.00387665683564 3396.0 0.0 53.0 117.0 13779.712725596819 13831.681481481453 14232.777777777797 
340.0032800344294 3427.0 0.0 52.0 115.0 13764.490341926037 13627.488888888909 14232.777777777797 
341.00387665683564 3455.0 0.0 45.0 113.0 13762.604270696374 13745.629629629611 14232.777777777797 
342.00387665683564 3482.0 0.0 41.0 116.0 13777.806806589708 13914.629629629611 14232.777777777797 
343.00387665683564 3504.0 0.0 54.0 117.0 13784.956496301109 13849.303703703716 14232.777777777797 
344.00387665683564 3532.0 0.0 44.0 117.0 13776.678624448756 13702.177777777762 14232.777777777797 
345.00387665683564 3564.0 0.0 50.0 115.0 13776.470762003892 13774.6 14232.777777777797 
346.00387665683564 3587.0 0.0 53.0 113.0 13782.19109321092 13833.674074074104 14232.777777777797 
347.00387665683564 3623.0 0.0 41.0 118.0 13773.989020926856 13700.17037037036 14232.777777777797 
348.00387665683564 3652.0 0.0 38.0 116.0 13770.642711426774 13740.525925925918 14232.777777777797 
349.00387665683564 3673.0 0.0 42.0 119.0 13782.340662506313 13887.622222222213 14232.777777777797 
350.00387665683564 3701.0 0.0 52.0 117.0 13776.908818477903 13728.02222222223 14232.777777777797 
351.00387665683564 3726.0 0.0 55.0 117.0 13771.396455148639 13721.78518518519 14232.777777777797 
352.00387665683564 3762.0 0.0 46.0 116.0 13761.776068893023 13675.192592592595 14232.777777777797 
353.00387665683564 3787.0 0.0 46.0 117.0 13771.665128670385 13860.666666666668 14232.777777777797 
354.00387665683564 3818.0 0.0 50.0 113.0 13769.886763951492 13753.88148148148 14232.777777777797 
355.00387665683564 3841.0 0.0 51.0 116.0 13765.501791260056 13726.037037037015 14232.777777777797 
356.00387665683564 3872.0 0.0 57.0 116.0 13762.49235287479 13735.407407407401 14232.777777777797 
357.00387665683564 3904.0 0.0 58.0 121.0 13760.29645092065 13740.533333333324 14232.777777777797 
358.00387665683564 3944.0 0.0 42.0 114.0 13746.702361384121 13624.355555555561 14232.777777777797 
359.00387665683564 3967.0 0.0 52.0 115.0 13761.93286598647 13899.007407407402 14232.777777777797 
360.00387665683564 3997.0 0.0 61.0 116.0 13743.741801610058 13580.02222222223 14232.777777777797 
361.00387665683564 4033.0 0.0 58.0 123.0 13738.13651033792 13687.68888888889 14232.777777777797 
362.00387665683564 4076.0 0.0 46.0 114.0 13739.911007452276 13755.88148148148 14232.777777777797 
363.00387665683564 4095.0 0.0 61.0 118.0 13734.68879559596 13687.688888888888 14232.777777777797 
364.00387665683564 4133.0 0.0 59.0 115.0 13719.312508628944 13580.925925925925 14232.777777777797 
365.00387665683564 4168.0 0.0 51.0 117.0 13731.064961469754 13836.83703703704 14232.777777777797 
366.00387665683564 4195.0 0.0 55.0 115.0 13728.999946804259 13710.414814814803 14232.777777777797 
367.00387665683564 4228.0 0.0 50.0 118.0 13729.528100271993 13734.281481481477 14232.777777777797 
368.00387665683564 4258.0 0.0 46.0 116.0 13732.897512466994 13763.222222222203 14232.777777777797 
369.00387665683564 4284.0 0.0 50.0 116.0 13740.07665010921 13804.68888888889 14232.777777777797 
370.0022227930385 4316.0 0.0 42.0 117.0 13743.330466579762 13772.614814814828 14232.777777777797 
371.00387665683564 4338.0 0.0 60.0 116.0 13765.6322347366 13966.348148148161 14232.777777777797 
372.00387665683564 4375.0 0.0 58.0 117.0 13742.92678904072 13538.577777777764 14232.777777777797 
373.00387665683564 4409.0 0.0 58.0 118.0 13729.845961988514 13612.11851851852 14232.777777777797 
374.00387665683564 4441.0 0.0 52.0 120.0 13735.572476900765 13787.111111111119 14232.777777777797 
375.00387665683564 4477.0 0.0 40.0 115.0 13729.110784766222 13670.955555555563 14232.777777777797 
376.00387665683564 4500.0 0.0 57.0 115.0 13746.412298882224 13902.125925925919 14232.777777777797 
377.00387665683564 4531.0 0.0 57.0 119.0 13727.077735660672 13553.066666666678 14232.777777777797 
378.00387665683564 4569.0 0.0 51.0 118.0 13732.655888020503 13782.859259259252 14232.777777777797 
379.00387665683564 4594.0 0.0 51.0 113.0 13740.061410329583 13806.711111111119 14232.777777777797 
380.00387665683564 4623.0 0.0 59.0 119.0 13744.567121148457 13785.11851851852 14232.777777777797 
381.00387665683564 4658.0 0.0 54.0 116.0 13734.10744607065 13639.970370370334 14232.777777777797 
382.00387665683564 4689.0 0.0 47.0 117.0 13735.57373850063 13748.770370370363 14232.777777777797 
383.00387665683564 4720.0 0.0 56.0 113.0 13734.194883169064 13721.78518518519 14232.777777777797 
384.0000989679429 4750.0 0.0 58.0 117.0 13733.378357815152 13726.029629629666 14232.777777777797 
385.00387665683564 4790.0 0.0 46.0 115.0 13732.219781292903 13721.792592592625 14232.777777777797 
386.00387665683564 4815.0 0.0 54.0 117.0 13740.805210570987 13818.074074074071 14232.777777777797 
387.00387665683564 4848.0 0.0 48.0 114.0 13738.789874699078 13720.651851851842 14232.777777777797 
388.00387665683564 4878.0 0.0 51.0 113.0 13731.293850192156 13663.82962962964 14232.777777777797 
389.00387665683564 4904.0 0.0 52.0 114.0 13732.217057765516 13740.525925925918 14232.777777777797 
390.00387665683564 4934.0 0.0 57.0 114.0 13738.954611248218 13799.592592592599 14232.777777777797 
391.00209972673724 4967.0 0.0 49.0 117.0 13728.033224197477 13629.740740740732 14232.777777777797 
392.00387665683564 5005.0 0.0 44.0 116.0 13735.389161036972 13801.592592592599 14232.777777777797 
393.00387665683564 5028.0 0.0 47.0 118.0 13746.780615303654 13849.303703703716 14232.777777777797 
394.00387665683564 5059.0 0.0 55.0 119.0 13753.709220439954 13816.066666666678 14232.777777777797 
395.00387665683564 5087.0 0.0 62.0 113.0 13757.44792802559 13791.096296296291 14232.777777777797 
396.00387665683564 5123.0 0.0 47.0 113.0 13731.923135223044 13502.200000000026 14232.777777777797 
397.00387665683564 5156.0 0.0 47.0 116.0 13747.181192071104 13884.503703703695 14232.777777777797 
398.00387665683564 5179.0 0.0 56.0 115.0 13757.08085064179 13846.17777777776 14232.777777777797 
399.00387665683564 5214.0 0.0 60.0 117.0 13741.338691503526 13599.659259259277 14232.777777777797 
400.00387665683564 5248.0 0.0 59.0 118.0 13736.685563093912 13694.807407407407 14232.777777777797 
401.00387665683564 5284.0 0.0 51.0 113.0 13740.0510808586 13770.340740740723 14232.777777777797 
402.00387665683564 5313.0 0.0 38.0 115.0 13742.370417217175 13763.24444444444 14232.777777777797 
403.00387665683564 5341.0 0.0 14.0 118.0 13747.26596808805 13791.325925925896 14232.777777777797 
404.00387665683564 5352.0 0.0 4.0 118.0 13786.583815723703 14140.444444444414 14232.777777777797 
405.00387665683564 5355.0 0.0 1.0 122.0 13829.640248966125 14217.14814814815 14232.777777777797 
406.00387665683564 5356.0 0.0 0.0 123.0 13869.016224069519 14223.400000000001 14232.777777777797 
407.00387665683564 5356.0 0.0 0.0 127.0 13905.079786847733 14229.651851851839 14232.777777777797 
408.00387665683564 5356.0 0.0 0.0 130.0 13937.849585940761 14232.777777777797 14232.777777777797 
409.00387665683564 5356.0 0.0 0.0 131.0 13967.342405124446 14232.777777777797 14232.777777777797 
410.00387665683564 5356.0 0.0 0.0 134.0 13993.88594238979 14232.777777777797 14232.777777777797 
411.00387665683564 5356.0 0.0 0.0 134.0 14017.775125928587 14232.777777777797 14232.777777777797 
412.00387665683564 5356.0 0.0 0.0 135.0 14039.275391113522 14232.777777777797 14232.777777777797 
413.00387665683564 5356.0 0.0 0.0 135.0 14058.625629779955 14232.777777777797 14232.777777777797 
414.00387665683564 5356.0 0.0 0.0 135.0 14076.040844579731 14232.777777777797 14232.777777777797 
415.00387665683564 5356.0 0.0 0.0 135.0 14091.714537899545 14232.777777777797 14232.777777777797 
416.00387665683564 5356.0 0.0 0.0 135.0 14105.820861887352 14232.777777777797 14232.777777777797 
417.00387665683564 5356.0 0.0 1.0 135.0 14118.516553476396 14232.777777777797 14232.777777777797 
418.00387665683564 5356.0 0.0 1.0 135.0 14129.630083313952 14229.651851851839 14232.777777777797 
419.00387665683564 5357.0 0.0 0.0 135.0 14139.632260167724 14229.651851851839 14232.777777777797 
420.00387665683564 5357.0 0.0 0.0 135.0 14148.946811928732 14232.777777777797 14232.777777777797 
421.00387665683564 5357.0 0.0 1.0 135.0 14157.32990851364 14232.777777777797 14232.777777777797 
422.00387665683564 5357.0 0.0 2.0 135.0 14164.562102847449 14229.651851851839 14232.777777777797 
423.00387665683564 5358.0 0.0 1.0 135.0 14170.758485155297 14226.525925925918 14232.777777777797 
424.00387665683564 5359.0 0.0 0.0 135.0 14176.647821824947 14229.651851851839 14232.777777777797 
425.00387665683564 5359.0 0.0 0.0 135.0 14182.260817420256 14232.777777777797 14232.777777777797 
426.00387665683564 5359.0 0.0 0.0 135.0 14187.312513456007 14232.777777777797 14232.777777777797 
427.00387665683564 5359.0 0.0 0.0 135.0 14191.859039888168 14232.777777777797 14232.777777777797 
428.00387665683564 5359.0 0.0 0.0 135.0 14195.95091367713 14232.777777777797 14232.777777777797 
429.00387665683564 5359.0 0.0 0.0 135.0 14199.63360008722 14232.777777777797 14232.777777777797 
430.00387665683564 5359.0 0.0 0.0 135.0 14202.948017856252 14232.777777777797 14232.777777777797 
431.00387665683564 5359.0 0.0 0.0 135.0 14205.930993848411 14232.777777777797 14232.777777777797 
432.00387665683564 5359.0 0.0 1.0 135.0 14208.615672241338 14232.777777777797 14232.777777777797 
433.00387665683564 5359.0 0.0 1.0 135.0 14210.719290202393 14229.651851851839 14232.777777777797 
434.00387665683564 5359.0 0.0 1.0 135.0 14212.612546367343 14229.651851851839 14232.777777777797 
435.00387665683564 5360.0 0.0 0.0 135.0 14214.31647691581 14229.651851851839 14232.777777777797 
436.00387665683564 5360.0 0.0 0.0 135.0 14216.162607001987 14232.777777777797 14232.777777777797 
437.00387665683564 5360.0 0.0 1.0 135.0 14217.824124079561 14232.777777777797 14232.777777777797 
438.00387665683564 5361.0 0.0 0.0 135.0 14219.0068968568 14229.651851851839 14232.777777777797 
439.00387665683564 5361.0 0.0 0.0 135.0 14220.383984948892 14232.777777777797 14232.777777777797 
440.00186819361636 5361.0 0.0 0.0 135.0 14221.623364231784 14232.777777777797 14232.777777777797 
441.00387665683564 5361.0 0.0 1.0 135.0 14222.738805586381 14232.777777777797 14232.777777777797 
442.00387665683564 5362.0 0.0 0.0 135.0 14221.981221324024 14215.162962962962 14232.777777777797 
443.00387665683564 5362.0 0.0 0.0 135.0 14223.060876969414 14232.777777777797 14232.777777777797 
444.00387665683564 5362.0 0.0 0.0 135.0 14224.032567050252 14232.777777777797 14232.777777777797 
445.00387665683564 5362.0 0.0 1.0 135.0 14224.907088122989 14232.777777777797 14232.777777777797 
446.00387665683564 5362.0 0.0 2.0 135.0 14225.381564495896 14229.651851851839 14232.777777777797 
447.00387665683564 5364.0 0.0 0.0 135.0 14225.496000638876 14226.525925925918 14232.777777777797 
448.00387665683564 5364.0 0.0 0.0 135.0 14226.224178352777 14232.777777777797 14232.777777777797 
449.00387665683564 5364.0 0.0 0.0 135.0 14226.879538295263 14232.777777777797 14232.777777777797 
450.00387665683564 5364.0 0.0 1.0 135.0 14227.469362243519 14232.777777777797 14232.777777777797 
451.00387665683564 5365.0 0.0 0.0 135.0 14226.238722315453 14215.162962962962 14232.777777777797 
452.00387665683564 5365.0 0.0 0.0 135.0 14226.892627861713 14232.777777777797 14232.777777777797 
453.00387665683564 5365.0 0.0 1.0 135.0 14227.481142853307 14232.777777777797 14232.777777777797 
454.00387665683564 5366.0 0.0 1.0 135.0 14227.698213753174 14229.651851851839 14232.777777777797 
455.00387665683564 5367.0 0.0 0.0 135.0 14227.89357756303 14229.651851851839 14232.777777777797 
456.00387665683564 5367.0 0.0 0.0 135.0 14228.381997584502 14232.777777777797 14232.777777777797 
457.00387665683564 5367.0 0.0 0.0 135.0 14228.821575603833 14232.777777777797 14232.777777777797 
458.00387665683564 5367.0 0.0 0.0 135.0 14229.217195821224 14232.777777777797 14232.777777777797 
459.00387665683564 5367.0 0.0 0.0 135.0 14229.573254016861 14232.777777777797 14232.777777777797 
460.00387665683564 5367.0 0.0 0.0 135.0 14229.893706392975 14232.777777777797 14232.777777777797 
461.00387665683564 5367.0 0.0 0.0 135.0 14230.182113531437 14232.777777777797 14232.777777777797 
462.00387665683564 5367.0 0.0 0.0 135.0 14230.441679956082 14232.777777777797 14232.777777777797 
463.00387665683564 5367.0 0.0 0.0 135.0 14230.675289738261 14232.777777777797 14232.777777777797 
464.00387665683564 5367.0 0.0 0.0 135.0 14230.885538542212 14232.777777777797 14232.777777777797 
465.00387665683564 5367.0 0.0 0.0 135.0 14231.074762465769 14232.777777777797 14232.777777777797 
466.00387665683564 5367.0 0.0 0.0 135.0 14231.24506399697 14232.777777777797 14232.777777777797 
467.00387665683564 5367.0 0.0 0.0 135.0 14231.398335375041 14232.777777777797 14232.777777777797 
468.00387665683564 5367.0 0.0 1.0 135.0 14231.536279615315 14232.777777777797 14232.777777777797 
469.00387665683564 5367.0 0.0 1.0 135.0 14231.347836838973 14229.651851851839 14232.777777777797 
470.00387665683564 5368.0 0.0 0.0 135.0 14231.178238340257 14229.651851851839 14232.777777777797 
471.00387665683564 5368.0 0.0 0.0 135.0 14231.338192284009 14232.777777777797 14232.777777777797 
472.00387665683564 5368.0 0.0 0.0 135.0 14231.4821508334 14232.777777777797 14232.777777777797 
473.00387665683564 5368.0 0.0 0.0 135.0 14231.611713527815 14232.777777777797 14232.777777777797 
474.00387665683564 5368.0 0.0 0.0 135.0 14231.728319952825 14232.777777777797 14232.777777777797 
475.00387665683564 5368.0 0.0 0.0 135.0 14231.83326573532 14232.777777777797 14232.777777777797 
476.00387665683564 5368.0 0.0 1.0 135.0 14231.927716939565 14232.777777777797 14232.777777777797 
477.00387665683564 5369.0 0.0 0.0 135.0 14230.251241541891 14215.162962962962 14232.777777777797 
478.00387665683564 5369.0 0.0 0.0 135.0 14230.503895165495 14232.777777777797 14232.777777777797 
479.00387665683564 5369.0 0.0 0.0 135.0 14230.731283426707 14232.777777777797 14232.777777777797 
480.00387665683564 5369.0 0.0 0.0 135.0 14230.93593286181 14232.777777777797 14232.777777777797 
481.00387665683564 5369.0 0.0 0.0 135.0 14231.120117353417 14232.777777777797 14232.777777777797 
482.00387665683564 5369.0 0.0 1.0 135.0 14231.28588339585 14232.777777777797 14232.777777777797 
483.00387665683564 5370.0 0.0 0.0 135.0 14231.122480241467 14229.651851851839 14232.777777777797 
484.00387665683564 5370.0 0.0 0.0 135.0 14231.288009995069 14232.777777777797 14232.777777777797 
485.00387665683564 5370.0 0.0 0.0 135.0 14231.436986773359 14232.777777777797 14232.777777777797 
486.00387665683564 5370.0 0.0 0.0 135.0 14231.57106587378 14232.777777777797 14232.777777777797 
487.00387665683564 5370.0 0.0 0.0 135.0 14231.69173706421 14232.777777777797 14232.777777777797 
488.00387665683564 5370.0 0.0 0.0 135.0 14231.80034113554 14232.777777777797 14232.777777777797 
489.00387665683564 5370.0 0.0 0.0 135.0 14231.898084799783 14232.777777777797 14232.777777777797 
490.00387665683564 5370.0 0.0 0.0 135.0 14231.986054097588 14232.777777777797 14232.777777777797 
491.00387665683564 5370.0 0.0 0.0 135.0 14232.065226465587 14232.777777777797 14232.777777777797 
492.00387665683564 5370.0 0.0 0.0 135.0 14232.1364815968 14232.777777777797 14232.777777777797 
493.00387665683564 5370.0 0.0 0.0 135.0 14232.200611214908 14232.777777777797 14232.777777777797 
494.00387665683564 5370.0 0.0 0.0 135.0 14232.258327871203 14232.777777777797 14232.777777777797 
495.00387665683564 5370.0 0.0 0.0 135.0 14232.310272861867 14232.777777777797 14232.777777777797 
496.00387665683564 5370.0 0.0 1.0 135.0 14232.357023353443 14232.777777777797 14232.777777777797 
497.00387665683564 5370.0 0.0 1.0 135.0 14232.086506203288 14229.651851851839 14232.777777777797 
498.00387665683564 5371.0 0.0 0.0 135.0 14231.843040768144 14229.651851851839 14232.777777777797 
499.00387665683564 5371.0 0.0 0.0 135.0 14231.936514469113 14232.777777777797 14232.777777777797 
500.00387665683564 5371.0 0.0 0.0 135.0 14232.020640799961 14232.777777777797 14232.777777777797 
501.00387665683564 5371.0 0.0 0.0 135.0 14232.096354497751 14232.777777777797 14232.777777777797 
502.00387665683564 5371.0 0.0 0.0 135.0 14232.164496825748 14232.777777777797 14232.777777777797 
503.00387665683564 5371.0 0.0 0.0 135.0 14232.225824920966 14232.777777777797 14232.777777777797 
504.00387665683564 5371.0 0.0 0.0 135.0 14232.281020206641 14232.777777777797 14232.777777777797 
505.00387665683564 5371.0 0.0 0.0 135.0 14232.330695963772 14232.777777777797 14232.777777777797 
506.00387665683564 5371.0 0.0 0.0 135.0 14232.375404145174 14232.777777777797 14232.777777777797 
507.00387665683564 5371.0 0.0 1.0 135.0 14232.415641508407 14232.777777777797 14232.777777777797 
508.00387665683564 5372.0 0.0 0.0 135.0 14232.139262542762 14229.651851851839 14232.777777777797 
509.00387665683564 5372.0 0.0 0.0 135.0 14232.203114066257 14232.777777777797 14232.777777777797 
510.00387665683564 5372.0 0.0 0.0 135.0 14232.26058043741 14232.777777777797 14232.777777777797 
511.00387665683564 5372.0 0.0 0.0 135.0 14232.312300171441 14232.777777777797 14232.777777777797 
512.0038766568357 5372.0 0.0 0.0 135.0 14232.358847932072 14232.777777777797 14232.777777777797 
513.0038766568357 5372.0 0.0 0.0 135.0 14232.400740916666 14232.777777777797 14232.777777777797 
514.0038766568357 5372.0 0.0 0.0 135.0 14232.43844460276 14232.777777777797 14232.777777777797 
515.0038766568357 5372.0 0.0 0.0 135.0 14232.472377920256 14232.777777777797 14232.777777777797 
516.0038766568357 5372.0 0.0 0.0 135.0 14232.502917906007 14232.777777777797 14232.777777777797 
517.0038766568357 5372.0 0.0 0.0 135.0 14232.530403893186 14232.777777777797 14232.777777777797 
518.0038766568357 5372.0 0.0 0.0 135.0 14232.555141281653 14232.777777777797 14232.777777777797 
519.0038766568357 5372.0 0.0 0.0 135.0 14232.577404931268 14232.777777777797 14232.777777777797 
520.0038766568357 5372.0 0.0 0.0 135.0 14232.597442215907 14232.777777777797 14232.777777777797 
521.0038766568357 5372.0 0.0 1.0 135.0 14232.615475772098 14232.777777777797 14232.777777777797 
522.0038766568357 5373.0 0.0 0.0 135.0 14232.319113380081 14229.651851851839 14232.777777777797 
523.0038766568357 5373.0 0.0 0.0 135.0 14232.364979819842 14232.777777777797 14232.777777777797 
524.0038766568357 5373.0 0.0 0.0 135.0 14232.406259615625 14232.777777777797 14232.777777777797 
525.0038766568357 5373.0 0.0 0.0 135.0 14232.443411431863 14232.777777777797 14232.777777777797 
526.0038766568357 5373.0 0.0 1.0 135.0 14232.476848066435 14232.777777777797 14232.777777777797 
527.0038766568357 5374.0 0.0 0.0 135.0 14232.194348445 14229.651851851839 14232.777777777797 
528.0038766568357 5374.0 0.0 0.0 135.0 14232.252691378262 14232.777777777797 14232.777777777797 
529.0038766568357 5374.0 0.0 0.0 135.0 14232.305200018216 14232.777777777797 14232.777777777797 
530.0038766568357 5374.0 0.0 0.0 135.0 14232.352457794183 14232.777777777797 14232.777777777797 
531.0038766568357 5374.0 0.0 0.0 135.0 14232.394989792547 14232.777777777797 14232.777777777797 
532.0038766568357 5374.0 0.0 0.0 135.0 14232.433268591052 14232.777777777797 14232.777777777797 
533.0038766568357 5374.0 0.0 0.0 135.0 14232.467719509727 14232.777777777797 14232.777777777797 
534.0038766568357 5374.0 0.0 0.0 135.0 14232.498725336542 14232.777777777797 14232.777777777797 
535.0038766568357 5374.0 0.0 0.0 135.0 14232.526630580654 14232.777777777797 14232.777777777797 
536.0038766568357 5374.0 0.0 0.0 135.0 14232.551745300363 14232.777777777797 14232.777777777797 
537.0038766568357 5374.0 0.0 0.0 135.0 14232.574348548107 14232.777777777797 14232.777777777797 
538.0038766568357 5374.0 0.0 0.0 135.0 14232.594691471084 14232.777777777797 14232.777777777797 
539.0038766568357 5374.0 0.0 0.0 135.0 14232.61300010175 14232.777777777797 14232.777777777797 
540.0038766568357 5374.0 0.0 1.0 135.0 14232.629477869352 14232.777777777797 14232.777777777797 
541.0038766568357 5375.0 0.0 0.0 135.0 14230.882826378709 14215.162962962962 14232.777777777797 
542.0038766568357 5375.0 0.0 0.0 135.0 14231.07232151863 14232.777777777797 14232.777777777797 
543.0038766568357 5375.0 0.0 0.0 135.0 14231.242867144541 14232.777777777797 14232.777777777797 
544.0038766568357 5375.0 0.0 0.0 135.0 14231.396358207852 14232.777777777797 14232.777777777797 
545.0038766568357 5375.0 0.0 0.0 135.0 14231.534500164851 14232.777777777797 14232.777777777797 
546.0038766568357 5375.0 0.0 0.0 135.0 14231.658827926149 14232.777777777797 14232.777777777797 
547.0038766568357 5375.0 0.0 0.0 135.0 14231.77072291131 14232.777777777797 14232.777777777797 
548.0038766568357 5375.0 0.0 1.0 135.0 14231.871428397955 14232.777777777797 14232.777777777797 
549.0038766568357 5375.0 0.0 2.0 135.0 14231.649470743343 14229.651851851839 14232.777777777797 
550.0038766568357 5377.0 0.0 0.0 135.0 14231.137116261601 14226.525925925918 14232.777777777797 
551.0038766568357 5377.0 0.0 0.0 135.0 14231.301182413205 14232.777777777797 14232.777777777797 
552.0038766568357 5377.0 0.0 2.0 135.0 14231.448841949665 14232.777777777797 14232.777777777797 
553.0038766568357 5378.0 0.0 2.0 135.0 14229.507661458414 14212.037037037013 14232.777777777797 
554.0038766568357 5379.0 0.0 1.0 135.0 14229.209487905155 14226.525925925918 14232.777777777797 
555.0038766568357 5380.0 0.0 0.0 135.0 14229.253724299824 14229.651851851839 14232.777777777797 
556.0038766568357 5380.0 0.0 0.0 135.0 14229.606129647622 14232.777777777797 14232.777777777797 
557.0038766568357 5380.0 0.0 0.0 135.0 14229.92329446064 14232.777777777797 14232.777777777797 
558.0038766568357 5380.0 0.0 0.0 135.0 14230.208742792358 14232.777777777797 14232.777777777797 
559.0038766568357 5380.0 0.0 0.0 135.0 14230.465646290882 14232.777777777797 14232.777777777797 
560.0038766568357 5380.0 0.0 0.0 135.0 14230.69685943958 14232.777777777797 14232.777777777797 
561.0038766568357 5380.0 0.0 0.0 135.0 14230.904951273387 14232.777777777797 14232.777777777797 
562.0038766568357 5380.0 0.0 0.0 135.0 14231.092233923851 14232.777777777797 14232.777777777797 
563.0038766568357 5380.0 0.0 1.0 135.0 14231.260788309233 14232.777777777797 14232.777777777797 
564.0038766568357 5381.0 0.0 0.0 135.0 14231.099894663494 14229.651851851839 14232.777777777797 
565.0038766568357 5381.0 0.0 0.0 135.0 14231.267682974922 14232.777777777797 14232.777777777797 
566.0038766568357 5381.0 0.0 0.0 135.0 14231.41869245522 14232.777777777797 14232.777777777797 
567.0038766568357 5381.0 0.0 0.0 135.0 14231.554600987472 14232.777777777797 14232.777777777797 
568.0038766568357 5381.0 0.0 0.0 135.0 14231.67691866649 14232.777777777797 14232.777777777797 
569.0038766568357 5381.0 0.0 0.0 135.0 14231.787004577622 14232.777777777797 14232.777777777797 
570.0038766568357 5381.0 0.0 0.0 135.0 14231.88608189763 14232.777777777797 14232.777777777797 
571.0038766568357 5381.0 0.0 0.0 135.0 14231.975251485654 14232.777777777797 14232.777777777797 
572.0038766568357 5381.0 0.0 1.0 135.0 14232.055504114876 14232.777777777797 14232.777777777797 
573.0038766568357 5382.0 0.0 0.0 135.0 14231.815138888573 14229.651851851839 14232.777777777797 
574.0038766568357 5382.0 0.0 0.0 135.0 14231.911402777469 14232.777777777797 14232.777777777797 
575.0038766568357 5382.0 0.0 0.0 135.0 14231.998040277518 14232.777777777797 14232.777777777797 
576.0038766568357 5382.0 0.0 0.0 135.0 14232.076014027538 14232.777777777797 14232.777777777797 
577.0038766568357 5382.0 0.0 1.0 135.0 14232.146190402571 14232.777777777797 14232.777777777797 
578.0038766568357 5382.0 0.0 1.0 135.0 14231.896756547485 14229.651851851839 14232.777777777797 
579.0038766568357 5383.0 0.0 0.0 135.0 14231.672266077923 14229.651851851839 14232.777777777797 
580.0038766568357 5383.0 0.0 0.0 135.0 14231.782817247898 14232.777777777797 14232.777777777797 
581.0038766568357 5383.0 0.0 1.0 135.0 14231.882313300912 14232.777777777797 14232.777777777797 
582.0038766568357 5384.0 0.0 0.0 135.0 14231.659267155994 14229.651851851839 14232.777777777797 
583.0038766568357 5384.0 0.0 0.0 135.0 14231.771118218176 14232.777777777797 14232.777777777797 
584.0038766568357 5384.0 0.0 0.0 135.0 14231.871784174147 14232.777777777797 14232.777777777797 
585.0038766568357 5384.0 0.0 0.0 135.0 14231.962383534488 14232.777777777797 14232.777777777797 
586.0038766568357 5384.0 0.0 1.0 135.0 14232.043922958828 14232.777777777797 14232.777777777797 
587.0038766568357 5384.0 0.0 2.0 135.0 14231.804715848126 14229.651851851839 14232.777777777797 
588.0038766568357 5386.0 0.0 0.0 135.0 14231.276836855915 14226.525925925918 14232.777777777797 
589.0038766568357 5386.0 0.0 0.0 135.0 14231.426930948091 14232.777777777797 14232.777777777797 
590.0038766568357 5386.0 0.0 0.0 135.0 14231.562015631058 14232.777777777797 14232.777777777797 
591.0038766568357 5386.0 0.0 0.0 135.0 14231.68359184575 14232.777777777797 14232.777777777797 
592.0038766568357 5386.0 0.0 0.0 135.0 14231.793010438938 14232.777777777797 14232.777777777797 
593.0038766568357 5386.0 0.0 0.0 135.0 14231.89148717283 14232.777777777797 14232.777777777797 
594.0038766568357 5386.0 0.0 0.0 135.0 14231.980116233317 14232.777777777797 14232.777777777797 
595.0038766568357 5386.0 0.0 1.0 135.0 14232.059882387768 14232.777777777797 14232.777777777797 
596.0038766568357 5387.0 0.0 0.0 135.0 14230.370190445272 14215.162962962962 14232.777777777797 
597.0038766568357 5387.0 0.0 0.0 135.0 14230.610949178532 14232.777777777797 14232.777777777797 
598.0038766568357 5387.0 0.0 0.0 135.0 14230.82763203846 14232.777777777797 14232.777777777797 
599.0038766568357 5387.0 0.0 0.0 135.0 14231.022646612379 14232.777777777797 14232.777777777797 
600.0038766568357 5387.0 0.0 0.0 135.0 14231.198159728934 14232.777777777797 14232.777777777797 
#####################################################################
# End of data export. Simulation finished at: 2020-02-20T09:31+0000 #
#####################################################################
