#####################################################################
# Alchemist log file - simulation started at: 2020-01-26T13:27+0000 #
#####################################################################
# seed = 2.0, meanTaskSize = 100, smoothing = 0.1, grain = 1700.0, peakFrequency = 1
#
# The columns have the following meaning: 
# time done[Sum] drop[Sum] waiting[Sum] isLeader[Sum] capacity[Mean] freeCapacity[Mean] maxCapacity[Mean] 
0.0 NaN 0.0 NaN NaN NaN NaN NaN 
1.003288451303821 0.0 0.0 0.0 135.0 14232.777777777797 14232.777777777797 14232.777777777797 
2.003288451303821 0.0 0.0 0.0 35.0 14232.777777777797 14232.777777777797 14232.777777777797 
3.003288451303821 0.0 0.0 0.0 35.0 14232.777777777797 14232.777777777797 14232.777777777797 
4.0032884513038205 0.0 0.0 0.0 35.0 14232.777777777797 14232.777777777797 14232.777777777797 
5.0032884513038205 0.0 0.0 0.0 35.0 14232.777777777797 14232.777777777797 14232.777777777797 
6.0032884513038205 0.0 0.0 0.0 35.0 14232.777777777797 14232.777777777797 14232.777777777797 
7.0032884513038205 0.0 0.0 0.0 35.0 14232.777777777797 14232.777777777797 14232.777777777797 
8.00328845130382 0.0 0.0 0.0 35.0 14232.777777777797 14232.777777777797 14232.777777777797 
9.00328845130382 0.0 0.0 0.0 35.0 14232.777777777797 14232.777777777797 14232.777777777797 
10.00328845130382 0.0 0.0 0.0 35.0 14232.777777777797 14232.777777777797 14232.777777777797 
11.00328845130382 0.0 0.0 0.0 35.0 14232.777777777797 14232.777777777797 14232.777777777797 
12.00328845130382 0.0 0.0 0.0 35.0 14232.777777777797 14232.777777777797 14232.777777777797 
13.00328845130382 0.0 0.0 1.0 35.0 14232.777777777797 14232.777777777797 14232.777777777797 
14.00328845130382 0.0 0.0 2.0 35.0 14231.016296296293 14215.162962962962 14232.777777777797 
15.00328845130382 0.0 0.0 2.0 35.0 14229.430962962972 14215.162962962962 14232.777777777797 
16.00328845130382 0.0 0.0 3.0 35.0 14226.242681481477 14197.54814814815 14232.777777777797 
17.00328845130382 0.0 0.0 3.0 35.0 14221.611746666636 14179.933333333322 14232.777777777797 
18.00328845130382 2.0 0.0 1.0 35.0 14219.205386814816 14197.54814814815 14232.777777777797 
19.00328845130382 3.0 0.0 0.0 35.0 14220.562625911129 14232.777777777797 14232.777777777797 
20.00328845130382 3.0 0.0 1.0 35.0 14221.78414109778 14232.777777777797 14232.777777777797 
21.00328845130382 3.0 0.0 1.0 35.0 14222.883504765756 14232.777777777797 14232.777777777797 
22.00328845130382 4.0 0.0 0.0 35.0 14222.111450585473 14215.162962962962 14232.777777777797 
23.00328845130382 4.0 0.0 0.0 35.0 14223.178083304692 14232.777777777797 14232.777777777797 
24.00328845130382 4.0 0.0 0.0 35.0 14224.138052752043 14232.777777777797 14232.777777777797 
25.00328845130382 4.0 0.0 0.0 35.0 14225.0020252546 14232.777777777797 14232.777777777797 
26.00328845130382 4.0 0.0 1.0 35.0 14225.779600506945 14232.777777777797 14232.777777777797 
27.00328845130382 5.0 0.0 1.0 35.0 14224.71793675253 14215.162962962962 14232.777777777797 
28.00328845130382 5.0 0.0 2.0 35.0 14225.523920855067 14232.777777777797 14232.777777777797 
29.00328845130382 6.0 0.0 1.0 35.0 14222.726343584378 14197.54814814815 14232.777777777797 
30.00328845130382 6.0 0.0 1.0 35.0 14221.970005522206 14215.162962962962 14232.777777777797 
31.00328845130382 6.0 0.0 1.0 35.0 14221.289301266304 14215.162962962962 14232.777777777797 
32.00328845130382 7.0 0.0 0.0 35.0 14222.438148917467 14232.777777777797 14232.777777777797 
33.00328845130382 7.0 0.0 0.0 35.0 14223.472111803474 14232.777777777797 14232.777777777797 
34.00328845130382 7.0 0.0 0.0 35.0 14224.402678400911 14232.777777777797 14232.777777777797 
35.00328845130382 7.0 0.0 1.0 35.0 14225.240188338608 14232.777777777797 14232.777777777797 
36.00328845130382 7.0 0.0 1.0 35.0 14225.993947282514 14232.777777777797 14232.777777777797 
37.00328845130382 7.0 0.0 1.0 35.0 14224.910848850526 14215.162962962962 14232.777777777797 
38.00328845130382 8.0 0.0 1.0 35.0 14223.936060261776 14215.162962962962 14232.777777777797 
39.00328845130382 8.0 0.0 2.0 35.0 14223.058750531936 14215.162962962962 14232.777777777797 
40.00328845130382 9.0 0.0 1.0 35.0 14224.030653256523 14232.777777777797 14232.777777777797 
41.00328845130382 9.0 0.0 1.0 35.0 14223.143884227144 14215.162962962962 14232.777777777797 
42.00328845130382 10.0 0.0 0.0 35.0 14222.34579210071 14215.162962962962 14232.777777777797 
43.00328845130382 10.0 0.0 0.0 35.0 14223.388990668438 14232.777777777797 14232.777777777797 
44.00328845130382 10.0 0.0 0.0 35.0 14224.327869379336 14232.777777777797 14232.777777777797 
45.00328845130382 10.0 0.0 0.0 35.0 14225.172860219202 14232.777777777797 14232.777777777797 
46.00328845130382 10.0 0.0 0.0 35.0 14225.933351975056 14232.777777777797 14232.777777777797 
47.00328845130382 10.0 0.0 0.0 35.0 14226.617794555312 14232.777777777797 14232.777777777797 
48.00328845130382 10.0 0.0 1.0 35.0 14227.233792877609 14232.777777777797 14232.777777777797 
49.00328845130382 10.0 0.0 1.0 35.0 14227.788191367581 14232.777777777797 14232.777777777797 
50.00328845130382 10.0 0.0 1.0 35.0 14226.52566852713 14215.162962962962 14232.777777777797 
51.00328845130382 11.0 0.0 0.0 35.0 14225.389397970725 14215.162962962962 14232.777777777797 
52.00328845130382 11.0 0.0 0.0 35.0 14226.128235951412 14232.777777777797 14232.777777777797 
53.00328845130382 11.0 0.0 0.0 35.0 14226.793190134056 14232.777777777797 14232.777777777797 
54.00328845130382 11.0 0.0 1.0 35.0 14227.391648898425 14232.777777777797 14232.777777777797 
55.00328845130382 11.0 0.0 1.0 35.0 14227.930261786381 14232.777777777797 14232.777777777797 
56.00328845130382 11.0 0.0 1.0 35.0 14226.653531904025 14215.162962962962 14232.777777777797 
57.00328845130382 12.0 0.0 0.0 35.0 14225.504475009948 14215.162962962962 14232.777777777797 
58.00328845130382 12.0 0.0 0.0 35.0 14226.231805286714 14232.777777777797 14232.777777777797 
59.00328845130382 12.0 0.0 0.0 35.0 14226.886402535814 14232.777777777797 14232.777777777797 
60.00328845130382 12.0 0.0 0.0 35.0 14227.475540060008 14232.777777777797 14232.777777777797 
61.00328845130382 12.0 0.0 1.0 35.0 14228.005763831785 14232.777777777797 14232.777777777797 
62.00328845130382 12.0 0.0 1.0 35.0 14226.721483744894 14215.162962962962 14232.777777777797 
63.00328845130382 12.0 0.0 1.0 35.0 14225.565631666723 14215.162962962962 14232.777777777797 
64.00328845130382 12.0 0.0 1.0 35.0 14224.525364796338 14215.162962962962 14232.777777777797 
65.00328845130382 12.0 0.0 1.0 35.0 14223.58912461301 14215.162962962962 14232.777777777797 
66.00328845130382 12.0 0.0 1.0 35.0 14222.746508447992 14215.162962962962 14232.777777777797 
67.00328845130382 13.0 0.0 0.0 35.0 14223.749635380997 14232.777777777797 14232.777777777797 
68.00328845130382 13.0 0.0 1.0 35.0 14224.65244962065 14232.777777777797 14232.777777777797 
69.00328845130382 14.0 0.0 0.0 35.0 14223.703500954873 14215.162962962962 14232.777777777797 
70.00328845130382 14.0 0.0 0.0 35.0 14224.610928637156 14232.777777777797 14232.777777777797 
71.00328845130382 14.0 0.0 1.0 35.0 14225.427613551212 14232.777777777797 14232.777777777797 
72.00328845130382 14.0 0.0 1.0 35.0 14224.401148492409 14215.162962962962 14232.777777777797 
73.00328845130382 15.0 0.0 0.0 35.0 14225.238811420926 14232.777777777797 14232.777777777797 
74.00328845130382 15.0 0.0 0.0 35.0 14225.992708056627 14232.777777777797 14232.777777777797 
75.00328845130382 15.0 0.0 1.0 35.0 14226.671215028748 14232.777777777797 14232.777777777797 
76.00328845130382 15.0 0.0 1.0 35.0 14225.520389822168 14215.162962962962 14232.777777777797 
77.00328845130382 15.0 0.0 1.0 35.0 14224.484647136236 14215.162962962962 14232.777777777797 
78.00328845130382 16.0 0.0 0.0 35.0 14225.313960200385 14232.777777777797 14232.777777777797 
79.00328845130382 16.0 0.0 0.0 35.0 14226.060341958108 14232.777777777797 14232.777777777797 
80.00328845130382 16.0 0.0 0.0 35.0 14226.732085540096 14232.777777777797 14232.777777777797 
81.00328845130382 16.0 0.0 0.0 35.0 14227.336654763852 14232.777777777797 14232.777777777797 
82.00328845130382 16.0 0.0 0.0 35.0 14227.880767065257 14232.777777777797 14232.777777777797 
83.00328845130382 16.0 0.0 1.0 35.0 14228.370468136492 14232.777777777797 14232.777777777797 
84.00328845130382 16.0 0.0 1.0 35.0 14227.049717619153 14215.162962962962 14232.777777777797 
85.00328845130382 16.0 0.0 1.0 35.0 14225.861042153525 14215.162962962962 14232.777777777797 
86.00328845130382 17.0 0.0 0.0 35.0 14226.552715715967 14232.777777777797 14232.777777777797 
87.00328845130382 17.0 0.0 0.0 35.0 14227.175221922158 14232.777777777797 14232.777777777797 
88.00328845130382 17.0 0.0 0.0 35.0 14227.73547750769 14232.777777777797 14232.777777777797 
89.00328845130382 17.0 0.0 1.0 35.0 14228.239707534733 14232.777777777797 14232.777777777797 
90.00328845130382 17.0 0.0 1.0 35.0 14226.932033077514 14215.162962962962 14232.777777777797 
91.00328845130382 18.0 0.0 0.0 35.0 14227.516607547555 14232.777777777797 14232.777777777797 
92.00328845130382 18.0 0.0 0.0 35.0 14228.042724570583 14232.777777777797 14232.777777777797 
93.00328845130382 18.0 0.0 0.0 35.0 14228.516229891307 14232.777777777797 14232.777777777797 
94.00328845130382 18.0 0.0 1.0 35.0 14228.942384679942 14232.777777777797 14232.777777777797 
95.00328845130382 18.0 0.0 1.0 35.0 14229.325923989712 14232.777777777797 14232.777777777797 
96.00328845130382 18.0 0.0 1.0 35.0 14227.909627887062 14215.162962962962 14232.777777777797 
97.00328845130382 18.0 0.0 2.0 35.0 14226.634961394668 14215.162962962962 14232.777777777797 
98.00328845130382 19.0 0.0 1.0 35.0 14225.487761551462 14215.162962962962 14232.777777777797 
99.00328845130382 20.0 0.0 0.0 35.0 14224.455281692623 14215.162962962962 14232.777777777797 
100.00328845130382 20.0 0.0 1.0 35.0 14225.287531301135 14232.777777777797 14232.777777777797 
101.00328845130382 20.0 0.0 2.0 35.0 14226.036555948798 14232.777777777797 14232.777777777797 
102.00328845130382 20.0 0.0 2.0 35.0 14223.187715168739 14197.54814814815 14232.777777777797 
103.00328845130382 21.0 0.0 1.0 35.0 14222.385239948173 14215.162962962962 14232.777777777797 
104.00328845130382 21.0 0.0 1.0 35.0 14221.663012249652 14215.162962962962 14232.777777777797 
105.00328845130382 22.0 0.0 0.0 35.0 14221.013007320995 14215.162962962962 14232.777777777797 
106.00328845130382 22.0 0.0 1.0 35.0 14222.189484366634 14232.777777777797 14232.777777777797 
107.00328845130382 22.0 0.0 3.0 35.0 14221.486832226272 14215.162962962962 14232.777777777797 
108.00328845130382 22.0 0.0 5.0 35.0 14217.332963818482 14179.94814814816 14232.777777777797 
109.00328845130382 22.0 0.0 6.0 35.0 14210.07226002921 14144.725925925948 14232.777777777797 
110.00328845130382 24.0 0.0 6.0 35.0 14205.298367359603 14162.333333333332 14232.777777777797 
111.00328845130382 26.0 0.0 6.0 35.0 14201.001863956999 14162.333333333332 14232.777777777797 
112.00328845130382 26.0 0.0 7.0 35.0 14193.612788672413 14127.11111111112 14232.777777777797 
113.00328845130382 29.0 0.0 4.0 35.0 14190.484843138493 14162.333333333332 14232.777777777797 
114.00328845130382 30.0 0.0 5.0 35.0 14189.430432898742 14179.940740740722 14232.777777777797 
115.00328845130382 32.0 0.0 4.0 35.0 14188.481463682927 14179.940740740722 14232.777777777797 
116.00328845130382 34.0 0.0 3.0 35.0 14189.388132129463 14197.54814814815 14232.777777777797 
117.00328845130382 34.0 0.0 6.0 35.0 14188.443392990555 14179.940740740722 14232.777777777797 
118.00328845130382 36.0 0.0 7.0 35.0 14185.832387024855 14162.333333333332 14232.777777777797 
119.00328845130382 37.0 0.0 6.0 35.0 14179.96025943349 14127.11111111112 14232.777777777797 
120.00328845130382 41.0 0.0 3.0 35.0 14181.719789045716 14197.555555555586 14232.777777777797 
121.00328845130382 43.0 0.0 3.0 35.0 14185.06410643743 14215.162962962962 14232.777777777797 
122.00328845130382 44.0 0.0 4.0 35.0 14186.313251349231 14197.555555555586 14232.777777777797 
123.00328845130382 46.0 0.0 6.0 35.0 14187.436741029105 14197.54814814815 14232.777777777797 
124.00328845130382 46.0 0.0 8.0 35.0 14181.404178037325 14127.11111111112 14232.777777777797 
125.00328845130382 48.0 0.0 7.0 35.0 14175.974871344693 14127.11111111112 14232.777777777797 
126.00328845130382 49.0 0.0 6.0 35.0 14171.088495321335 14127.11111111112 14232.777777777797 
127.00328845130382 51.0 0.0 5.0 35.0 14170.212979122543 14162.333333333332 14232.777777777797 
128.00328845130383 53.0 0.0 3.0 35.0 14171.185755284358 14179.940740740722 14232.777777777797 
129.00328845130383 54.0 0.0 7.0 35.0 14173.822735311489 14197.555555555586 14232.777777777797 
130.00328845130383 56.0 0.0 6.0 35.0 14170.913054372939 14144.725925925948 14232.777777777797 
131.00328845130383 59.0 0.0 3.0 35.0 14171.816563750437 14179.94814814816 14232.777777777797 
132.00328845130383 60.0 0.0 4.0 35.0 14174.390462930929 14197.555555555586 14232.777777777797 
133.00328845130383 61.0 0.0 7.0 35.0 14174.945490711945 14179.940740740722 14232.777777777797 
134.00328845130383 62.0 0.0 9.0 35.0 14171.923534233316 14144.725925925948 14232.777777777797 
135.00328845130383 64.0 0.0 9.0 35.0 14167.442291921123 14127.11111111112 14232.777777777797 
136.00328845130383 65.0 0.0 14.0 35.0 14161.647692358647 14109.496296296304 14232.777777777797 
137.00328845130383 67.0 0.0 18.0 35.0 14147.628108307948 14021.451851851849 14232.777777777797 
138.00328845130383 73.0 0.0 17.0 35.0 14135.01048266233 14021.451851851849 14232.777777777797 
139.00328845130383 75.0 0.0 21.0 35.0 14121.893878840527 14003.844444444469 14232.777777777797 
140.00328845130383 84.0 0.0 19.0 35.0 14110.088194660226 14003.83703703704 14232.777777777797 
141.00328845130383 91.0 0.0 19.0 35.0 14102.984560379366 14039.05185185184 14232.777777777797 
142.00328845130383 94.0 0.0 19.0 35.0 14089.547585822927 13968.614814814826 14232.777777777797 
143.00328845130383 101.0 0.0 15.0 35.0 14079.215049462828 13986.222222222203 14232.777777777797 
144.00328845130383 109.0 0.0 8.0 35.0 14076.960211183243 14056.666666666668 14232.777777777797 
145.00328845130383 113.0 0.0 6.0 35.0 14085.497523398239 14162.333333333332 14232.777777777797 
146.00328845130383 114.0 0.0 9.0 35.0 14089.658141428756 14127.103703703682 14232.777777777797 
147.00328845130383 116.0 0.0 16.0 35.0 14095.163438397029 14144.711111111119 14232.777777777797 
148.00328845130383 120.0 0.0 16.0 35.0 14094.83524270548 14091.88148148148 14232.777777777797 
149.00328845130383 124.0 0.0 14.0 35.0 14085.735422138638 14003.83703703704 14232.777777777797 
150.00328845130383 127.0 0.0 24.0 35.0 14081.067065109928 14039.05185185184 14232.777777777797 
151.00328845130383 136.0 0.0 21.0 35.0 14075.105543784146 14021.451851851849 14232.777777777797 
152.00328845130383 142.0 0.0 18.0 35.0 14064.457211627945 13968.622222222213 14232.777777777797 
153.00328845130383 147.0 0.0 19.0 35.0 14056.632971946641 13986.214814814812 14232.777777777797 
154.00328845130383 153.0 0.0 23.0 35.0 14051.352637714923 14003.82962962964 14232.777777777797 
155.00328845130383 160.0 0.0 26.0 35.0 14041.31737394343 13951.0 14232.777777777797 
156.00328845130383 163.0 0.0 28.0 35.0 14025.241932845363 13880.562962962935 14232.777777777797 
157.00328845130383 171.0 0.0 31.0 35.0 14007.252554375656 13845.34814814816 14232.777777777797 
158.00328845130383 180.0 0.0 34.0 35.0 13999.867298938092 13933.400000000001 14232.777777777797 
159.00328845130383 185.0 0.0 36.0 35.0 13973.848717192446 13739.681481481453 14232.777777777797 
160.00328845130383 193.0 0.0 36.0 35.0 13952.193475102842 13757.296296296281 14232.777777777797 
161.00328845130383 204.0 0.0 33.0 35.0 13927.420794259204 13704.466666666676 14232.777777777797 
162.00328845130383 215.0 0.0 31.0 35.0 13915.690566685142 13810.11851851852 14232.777777777797 
163.00328845130383 225.0 0.0 29.0 35.0 13917.460028535143 13933.385185185176 14232.777777777797 
164.00328845130383 233.0 0.0 27.0 35.0 13908.48735901496 13827.733333333344 14232.777777777797 
165.00328845130383 243.0 0.0 21.0 35.0 13907.45566015052 13898.17037037036 14232.777777777797 
166.00328845130383 249.0 0.0 21.0 35.0 13911.809353394729 13950.992592592598 14232.777777777797 
167.00328845130383 252.0 0.0 24.0 35.0 13915.729158795977 13951.007407407402 14232.777777777797 
168.00328845130383 258.0 0.0 29.0 35.0 13913.973279953396 13898.17037037036 14232.777777777797 
169.00328845130383 264.0 0.0 33.0 35.0 13908.870766772896 13862.94814814816 14232.777777777797 
170.00328845130383 276.0 0.0 38.0 35.0 13897.234801206698 13792.511111111091 14232.777777777797 
171.00328845130383 286.0 0.0 37.0 35.0 13877.956506271224 13704.451851851849 14232.777777777797 
172.00328845130383 295.0 0.0 36.0 35.0 13865.889744532993 13757.288888888881 14232.777777777797 
173.00328845130383 311.0 0.0 27.0 35.0 13862.074103413039 13827.733333333346 14232.777777777797 
174.00328845130383 325.0 0.0 21.0 35.0 13876.249656034708 14003.82962962964 14232.777777777797 
175.00328845130383 329.0 0.0 28.0 35.0 13881.963208949737 13933.385185185174 14232.777777777797 
176.00328845130383 339.0 0.0 27.0 35.0 13880.062443610337 13862.955555555562 14232.777777777797 
177.00038604137595 348.0 0.0 28.0 35.0 13878.351754804844 13862.955555555562 14232.777777777797 
178.00328845130383 353.0 0.0 40.0 35.0 13871.528431176215 13810.11851851852 14232.777777777797 
179.00328845130383 364.0 0.0 40.0 35.0 13860.103736206736 13757.28148148148 14232.777777777797 
180.00328845130383 381.0 0.0 33.0 35.0 13851.583732956442 13774.903703703709 14232.777777777797 
181.00328845130383 396.0 0.0 25.0 35.0 13850.958692994123 13845.33333333333 14232.777777777797 
182.00328845130383 400.0 0.0 32.0 35.0 13852.156157028057 13862.933333333322 14232.777777777797 
183.00328845130383 403.0 0.0 41.0 35.0 13849.713874658575 13827.733333333346 14232.777777777797 
184.00328845130383 415.0 0.0 36.0 35.0 13833.42767237791 13686.851851851858 14232.777777777797 
185.00328845130383 431.0 0.0 32.0 35.0 13834.6174977327 13845.325925925896 14232.777777777797 
186.00328845130383 442.0 0.0 35.0 35.0 13830.406118329785 13792.503703703695 14232.777777777797 
187.00328845130383 451.0 0.0 39.0 35.0 13828.376617607955 13810.111111111119 14232.777777777797 
188.00328845130383 463.0 0.0 36.0 35.0 13823.029326217531 13774.903703703709 14232.777777777797 
189.00328845130383 477.0 0.0 32.0 35.0 13823.49898618836 13827.725925925946 14232.777777777797 
190.00158509375868 489.0 0.0 32.0 35.0 13820.399457939879 13792.503703703695 14232.777777777797 
191.00328845130383 497.0 0.0 31.0 35.0 13821.131363997769 13827.71851851852 14232.777777777797 
192.00328845130383 508.0 0.0 31.0 35.0 13818.268597968328 13792.503703703695 14232.777777777797 
193.00328845130383 518.0 0.0 35.0 35.0 13824.498775208524 13880.57037037037 14232.777777777797 
194.00179109463224 532.0 0.0 31.0 35.0 13831.865193983984 13898.16296296296 14232.777777777797 
195.00328845130383 543.0 0.0 31.0 35.0 13829.690526437424 13810.11851851852 14232.777777777797 
196.00328845130383 555.0 0.0 27.0 35.0 13831.255547867771 13845.340740740723 14232.777777777797 
197.00143857870574 560.0 0.0 34.0 35.0 13832.664067155072 13845.340740740723 14232.777777777797 
198.00328845130383 570.0 0.0 33.0 35.0 13832.1695122914 13827.71851851852 14232.777777777797 
199.00328845130383 587.0 0.0 26.0 35.0 13837.008116617846 13880.555555555586 14232.777777777797 
200.00328845130383 595.0 0.0 25.0 35.0 13846.64582347459 13933.385185185176 14232.777777777797 
201.00328845130383 599.0 0.0 42.0 35.0 13851.798278164164 13898.17037037036 14232.777777777797 
202.00328845130383 608.0 0.0 49.0 35.0 13830.020672569934 13634.02222222223 14232.777777777797 
203.00328845130383 618.0 0.0 57.0 35.0 13812.181568275928 13651.629629629611 14232.777777777797 
204.00328845130383 636.0 0.0 52.0 35.0 13787.321189226099 13563.577777777764 14232.777777777797 
205.0012746171869 652.0 0.0 51.0 35.0 13763.185366599773 13545.962962962985 14232.777777777797 
206.00328845130383 667.0 0.0 48.0 35.0 13748.506829939834 13616.4 14232.777777777797 
207.00328845130383 683.0 0.0 41.0 35.0 13730.015406205095 13563.592592592599 14232.777777777797 
208.00328845130383 694.0 0.0 46.0 35.0 13725.698310029034 13686.844444444467 14232.777777777797 
209.00328845130383 713.0 0.0 37.0 35.0 13718.29070124834 13651.622222222211 14232.777777777797 
210.00328845130383 726.0 0.0 35.0 35.0 13720.428297790153 13739.66666666667 14232.777777777797 
211.00328845130383 736.0 0.0 35.0 35.0 13720.592875418564 13722.074074074073 14232.777777777797 
212.00328845130383 749.0 0.0 37.0 35.0 13731.305439728574 13827.71851851852 14232.777777777797 
213.00328845130383 767.0 0.0 31.0 35.0 13746.230451311281 13880.555555555586 14232.777777777797 
214.00328845130383 777.0 0.0 37.0 35.0 13759.662961735683 13880.555555555586 14232.777777777797 
215.00328845130383 788.0 0.0 41.0 35.0 13762.947035932508 13792.503703703696 14232.777777777797 
216.00328845130383 800.0 0.0 39.0 35.0 13753.576036042925 13669.23703703704 14232.777777777797 
217.001396769074 815.0 0.0 37.0 35.0 13753.947321327536 13757.288888888881 14232.777777777797 
218.00328845130383 827.0 0.0 36.0 35.0 13759.562218824425 13810.096296296291 14232.777777777797 
219.00328845130383 839.0 0.0 31.0 35.0 13759.334145090144 13757.28148148148 14232.777777777797 
220.00328845130383 853.0 0.0 28.0 35.0 13762.651841692214 13792.511111111091 14232.777777777797 
221.00328845130383 863.0 0.0 36.0 35.0 13770.921472337825 13845.34814814816 14232.777777777797 
222.00328845130383 874.0 0.0 35.0 35.0 13774.840436215147 13810.111111111119 14232.777777777797 
223.00328845130383 883.0 0.0 35.0 35.0 13771.324540741794 13739.681481481453 14232.777777777797 
224.00328845130383 895.0 0.0 34.0 35.0 13773.442457037963 13792.503703703695 14232.777777777797 
225.00328845130383 907.0 0.0 40.0 35.0 13785.91376688972 13898.155555555531 14232.777777777797 
226.00328845130383 916.0 0.0 45.0 35.0 13774.245353163737 13669.229629629637 14232.777777777797 
227.00057887822268 933.0 0.0 39.0 35.0 13776.071188217713 13792.503703703695 14232.777777777797 
228.00328845130383 945.0 0.0 34.0 35.0 13761.865550877423 13634.014814814838 14232.777777777797 
229.00328845130383 957.0 0.0 36.0 35.0 13761.406403197103 13757.274074074054 14232.777777777797 
230.00328845130383 968.0 0.0 32.0 35.0 13764.515392507035 13792.496296296305 14232.777777777797 
231.00328845130383 982.0 0.0 24.0 35.0 13777.879408811845 13898.155555555531 14232.777777777797 
232.00328845130383 989.0 0.0 30.0 35.0 13793.429245708434 13933.377777777787 14232.777777777797 
233.00328845130383 998.0 0.0 32.0 35.0 13795.097432248709 13810.111111111119 14232.777777777797 
234.00328845130383 1006.0 0.0 35.0 35.0 13791.315096431259 13757.274074074054 14232.777777777797 
235.00328845130383 1019.0 0.0 38.0 35.0 13789.672475677035 13774.888888888881 14232.777777777797 
236.00328845130383 1031.0 0.0 37.0 35.0 13784.672635516732 13739.674074074104 14232.777777777797 
237.00328845130383 1046.0 0.0 39.0 35.0 13780.172779372477 13739.674074074104 14232.777777777797 
238.00189391552576 1060.0 0.0 34.0 35.0 13777.882908842625 13757.274074074054 14232.777777777797 
239.00328845130383 1072.0 0.0 40.0 35.0 13781.105729069473 13810.111111111119 14232.777777777797 
240.00328845130383 1084.0 0.0 48.0 35.0 13782.245526532904 13792.503703703695 14232.777777777797 
241.00328845130383 1101.0 0.0 57.0 35.0 13776.227640546258 13722.066666666678 14232.777777777797 
242.00328845130383 1124.0 0.0 50.0 35.0 13737.351543158322 13387.466666666673 14232.777777777797 
243.00328845130383 1137.0 0.0 52.0 35.0 13714.691203657287 13510.748148148132 14232.777777777797 
244.00328845130383 1155.0 0.0 44.0 35.0 13703.100601810105 13598.785185185192 14232.777777777797 
245.00328845130383 1164.0 0.0 50.0 35.0 13689.148319406828 13563.577777777764 14232.777777777797 
246.00328845130383 1181.0 0.0 46.0 35.0 13685.396450429134 13651.629629629611 14232.777777777797 
247.00328845130383 1201.0 0.0 43.0 35.0 13689.062731312155 13722.059259259275 14232.777777777797 
248.00328845130383 1216.0 0.0 45.0 35.0 13697.645347069822 13774.888888888881 14232.777777777797 
249.00328845130383 1231.0 0.0 46.0 35.0 13700.08821977025 13722.074074074073 14232.777777777797 
250.00328845130383 1244.0 0.0 45.0 35.0 13689.958657052488 13598.792592592625 14232.777777777797 
251.00328845130383 1261.0 0.0 44.0 35.0 13680.842050606494 13598.792592592625 14232.777777777797 
252.00328845130383 1276.0 0.0 45.0 35.0 13677.919327027326 13651.614814814828 14232.777777777797 
253.00328845130383 1296.0 0.0 35.0 35.0 13673.528875806076 13634.014814814838 14232.777777777797 
254.00328845130383 1310.0 0.0 36.0 35.0 13680.14339563287 13739.674074074104 14232.777777777797 
255.00328845130383 1322.0 0.0 35.0 35.0 13693.140167180705 13810.111111111119 14232.777777777797 
256.00328845130383 1333.0 0.0 42.0 35.0 13704.838743055207 13810.12592592592 14232.777777777797 
257.00328845130383 1343.0 0.0 53.0 35.0 13713.60523912006 13792.503703703695 14232.777777777797 
258.00328845130383 1359.0 0.0 50.0 35.0 13696.841011504335 13545.962962962985 14232.777777777797 
259.00328845130383 1375.0 0.0 50.0 35.0 13679.991725168735 13528.348148148156 14232.777777777797 
260.00328845130383 1392.0 0.0 41.0 35.0 13664.828108207417 13528.355555555561 14232.777777777797 
261.00328845130383 1410.0 0.0 28.0 35.0 13667.029001090394 13686.837037037043 14232.777777777797 
262.00328845130383 1428.0 0.0 26.0 35.0 13693.664619499878 13933.385185185174 14232.777777777797 
263.00328845130383 1436.0 0.0 38.0 35.0 13717.635194586905 13933.370370370389 14232.777777777797 
264.00328845130383 1441.0 0.0 51.0 35.0 13719.839082535644 13739.674074074104 14232.777777777797 
265.00328845130383 1459.0 0.0 46.0 35.0 13695.407766874665 13475.525925925918 14232.777777777797 
266.00328845130383 1473.0 0.0 49.0 35.0 13692.79143463161 13669.244444444443 14232.777777777797 
267.00328845130383 1485.0 0.0 51.0 35.0 13692.197476353664 13686.851851851854 14232.777777777797 
268.00328845130383 1501.0 0.0 53.0 35.0 13681.096987977557 13581.192592592593 14232.777777777797 
269.00328845130383 1520.0 0.0 52.0 35.0 13665.822103994587 13528.348148148158 14232.777777777797 
270.00328845130383 1534.0 0.0 53.0 35.0 13648.553226928498 13493.133333333348 14232.777777777797 
271.00328845130383 1549.0 0.0 59.0 35.0 13638.294200531944 13545.962962962985 14232.777777777797 
272.00328845130383 1573.0 0.0 48.0 35.0 13627.299595293542 13528.348148148158 14232.777777777797 
273.00328845130383 1586.0 0.0 49.0 35.0 13624.448895023468 13598.792592592625 14232.777777777797 
274.00328845130383 1605.0 0.0 45.0 35.0 13627.166968484069 13651.629629629611 14232.777777777797 
275.00328845130383 1619.0 0.0 53.0 35.0 13620.806567931942 13563.562962962937 14232.777777777797 
276.00328845130383 1637.0 0.0 55.0 35.0 13623.88813336098 13651.622222222211 14232.777777777797 
277.00328845130383 1649.0 0.0 52.0 35.0 13610.812653358218 13493.133333333348 14232.777777777797 
278.00328845130383 1666.0 0.0 53.0 35.0 13600.806202837193 13510.748148148132 14232.777777777797 
279.00328845130383 1683.0 0.0 54.0 35.0 13595.321878849803 13545.962962962985 14232.777777777797 
280.00328845130383 1704.0 0.0 44.0 35.0 13606.234135409257 13704.444444444416 14232.777777777797 
281.00328845130383 1722.0 0.0 36.0 35.0 13616.05590705352 13704.451851851849 14232.777777777797 
282.00328845130383 1735.0 0.0 43.0 35.0 13628.416242274092 13739.659259259277 14232.777777777797 
283.00328845130383 1749.0 0.0 43.0 35.0 13632.496840268892 13669.222222222203 14232.777777777797 
284.00328845130383 1764.0 0.0 52.0 35.0 13634.407896982764 13651.607407407428 14232.777777777797 
285.00328845130383 1780.0 0.0 50.0 35.0 13639.6508109882 13686.837037037043 14232.777777777797 
286.00328845130383 1799.0 0.0 43.0 35.0 13626.759803963434 13510.740740740728 14232.777777777797 
287.00328845130383 1811.0 0.0 51.0 35.0 13623.963082826345 13598.792592592625 14232.777777777797 
288.00328845130383 1827.0 0.0 53.0 35.0 13612.64158935853 13510.748148148132 14232.777777777797 
289.00328845130383 1845.0 0.0 51.0 35.0 13614.778171163416 13634.007407407402 14232.777777777797 
290.00328845130383 1863.0 0.0 47.0 35.0 13618.46331701002 13651.629629629611 14232.777777777797 
291.00328845130383 1876.0 0.0 56.0 35.0 13616.4962445683 13598.792592592625 14232.777777777797 
292.00328845130383 1895.0 0.0 47.0 35.0 13600.637731222585 13457.911111111145 14232.777777777797 
293.00328845130383 1914.0 0.0 43.0 35.0 13595.169513655894 13545.955555555563 14232.777777777797 
294.00328845130383 1930.0 0.0 39.0 35.0 13611.38145117917 13757.288888888881 14232.777777777797 
295.00328845130383 1946.0 0.0 35.0 35.0 13633.017380135318 13827.740740740732 14232.777777777797 
296.000363278347 1957.0 0.0 45.0 35.0 13648.965271751442 13792.496296296305 14232.777777777797 
297.00328845130383 1969.0 0.0 52.0 35.0 13649.230226057745 13651.614814814828 14232.777777777797 
298.00328845130383 1986.0 0.0 51.0 35.0 13638.902759007546 13545.955555555563 14232.777777777797 
299.00328845130383 2007.0 0.0 53.0 35.0 13638.413964588271 13634.014814814838 14232.777777777797 
300.00328845130383 2020.0 0.0 59.0 35.0 13629.168864425747 13545.962962962985 14232.777777777797 
301.00328845130383 2036.0 0.0 60.0 35.0 13606.760126131301 13405.081481481506 14232.777777777797 
302.00328845130383 2061.0 0.0 47.0 35.0 13598.918928333002 13528.348148148156 14232.777777777797 
303.00328845130383 2078.0 0.0 50.0 35.0 13595.38333179599 13563.562962962937 14232.777777777797 
304.00328845130383 2093.0 0.0 54.0 35.0 13595.724998616404 13598.799999999974 14232.777777777797 
305.00328845130383 2111.0 0.0 55.0 35.0 13597.79175801401 13616.392592592572 14232.777777777797 
306.00328845130383 2120.0 0.0 64.0 35.0 13587.32591554596 13493.133333333348 14232.777777777797 
307.00328845130383 2142.0 0.0 64.0 35.0 13572.624435102462 13440.311111111114 14232.777777777797 
308.00328845130383 2164.0 0.0 59.0 35.0 13547.066436036672 13317.044444444435 14232.777777777797 
309.00328845130383 2187.0 0.0 49.0 35.0 13543.432385025604 13510.725925925946 14232.777777777797 
310.00328845130383 2205.0 0.0 50.0 35.0 13557.773590967456 13686.844444444467 14232.777777777797 
311.00328845130383 2221.0 0.0 59.0 35.0 13567.157713352188 13651.614814814828 14232.777777777797 
312.00328845130383 2240.0 0.0 60.0 35.0 13570.321201276234 13598.792592592625 14232.777777777797 
313.00328845130383 2262.0 0.0 49.0 35.0 13569.646118185634 13563.570370370366 14232.777777777797 
314.00328845130383 2275.0 0.0 60.0 35.0 13565.517061922626 13528.355555555561 14232.777777777797 
315.00328845130383 2292.0 0.0 61.0 35.0 13551.23350387851 13422.681481481453 14232.777777777797 
316.00328845130383 2315.0 0.0 56.0 35.0 13545.423486824011 13493.133333333348 14232.777777777797 
317.00328845130383 2340.0 0.0 50.0 35.0 13540.193730734209 13493.125925925922 14232.777777777797 
318.00328845130383 2357.0 0.0 53.0 35.0 13547.81435766078 13616.4 14232.777777777797 
319.00328845130383 2373.0 0.0 58.0 35.0 13549.389218190998 13563.562962962937 14232.777777777797 
320.00328845130383 2396.0 0.0 58.0 35.0 13554.330296371896 13598.799999999974 14232.777777777797 
321.00328845130383 2416.0 0.0 57.0 35.0 13551.730600068053 13528.333333333328 14232.777777777797 
322.00328845130383 2436.0 0.0 60.0 35.0 13542.347169690876 13457.896296296318 14232.777777777797 
323.00328845130383 2464.0 0.0 49.0 35.0 13537.4257860551 13493.133333333348 14232.777777777797 
324.00328845130383 2479.0 0.0 62.0 35.0 13541.800985227395 13581.177777777764 14232.777777777797 
325.00328845130383 2499.0 0.0 65.0 35.0 13529.889775593534 13422.688888888886 14232.777777777797 
326.00328845130383 2525.0 0.0 58.0 35.0 13513.886723960124 13369.859259259249 14232.777777777797 
327.00328845130383 2544.0 0.0 59.0 35.0 13506.528421934467 13440.303703703716 14232.777777777797 
328.00328845130383 2569.0 0.0 47.0 35.0 13501.666690852133 13457.911111111145 14232.777777777797 
329.00328845130383 2586.0 0.0 48.0 35.0 13523.70668843359 13722.066666666678 14232.777777777797 
330.00328845130383 2599.0 0.0 53.0 35.0 13527.693797368007 13563.577777777764 14232.777777777797 
331.00328845130383 2616.0 0.0 53.0 35.0 13538.324417631191 13634.0 14232.777777777797 
332.00328845130383 2634.0 0.0 63.0 35.0 13532.043086979185 13475.511111111091 14232.777777777797 
333.00328845130383 2657.0 0.0 62.0 35.0 13526.392111614623 13475.533333333326 14232.777777777797 
334.00328845130383 2677.0 0.0 55.0 35.0 13514.261048601315 13405.081481481506 14232.777777777797 
335.00328845130383 2705.0 0.0 46.0 35.0 13519.192721518957 13563.577777777764 14232.777777777797 
336.00328845130383 2719.0 0.0 58.0 35.0 13539.480116033727 13722.066666666678 14232.777777777797 
337.00328845130383 2733.0 0.0 64.0 35.0 13538.367659985903 13528.355555555561 14232.777777777797 
338.00328845130383 2757.0 0.0 62.0 35.0 13517.9960791725 13334.651851851846 14232.777777777797 
339.00328845130383 2779.0 0.0 63.0 35.0 13519.03054532933 13528.340740740723 14232.777777777797 
340.00328845130383 2797.0 0.0 69.0 35.0 13502.352675981563 13352.251851851868 14232.777777777797 
341.000890380061 2818.0 0.0 69.0 35.0 13476.777408383416 13246.600000000006 14232.777777777797 
342.00328845130383 2837.0 0.0 77.0 35.0 13455.520408285824 13264.207407407375 14232.777777777797 
343.00328845130383 2870.0 0.0 60.0 35.0 13441.670589679446 13317.022222222231 14232.777777777797 
344.00328845130383 2891.0 0.0 62.0 35.0 13441.534641822638 13440.311111111114 14232.777777777797 
345.00328845130383 2910.0 0.0 65.0 35.0 13457.259696158868 13598.785185185192 14232.777777777797 
346.00328845130383 2937.0 0.0 53.0 35.0 13453.803356172619 13422.696296296284 14232.777777777797 
347.00328845130383 2962.0 0.0 56.0 35.0 13457.736353888708 13493.133333333348 14232.777777777797 
348.00328845130383 2979.0 0.0 64.0 35.0 13471.841237018332 13598.785185185192 14232.777777777797 
349.00328845130383 2999.0 0.0 71.0 35.0 13465.164520723923 13405.074074074077 14232.777777777797 
350.00328845130383 3023.0 0.0 63.0 35.0 13450.351772355221 13317.037037037015 14232.777777777797 
351.00328845130383 3044.0 0.0 66.0 35.0 13445.824002527088 13405.074074074077 14232.777777777797 
352.00328845130383 3061.0 0.0 87.0 35.0 13450.554194866989 13493.125925925922 14232.777777777797 
353.00328845130383 3081.0 0.0 92.0 35.0 13407.263960565491 13017.651851851848 14232.777777777797 
354.00328845130383 3116.0 0.0 80.0 35.0 13377.107934879305 13105.703703703713 14232.777777777797 
355.00328845130383 3143.0 0.0 81.0 35.0 13353.488252502477 13140.911111111145 14232.777777777797 
356.00328845130383 3174.0 0.0 79.0 35.0 13346.31942725221 13281.799999999976 14232.777777777797 
357.00328845130383 3201.0 0.0 70.0 35.0 13332.824521564045 13211.370370370389 14232.777777777797 
358.00328845130383 3229.0 0.0 72.0 35.0 13338.288736074304 13387.466666666674 14232.777777777797 
359.00328845130383 3256.0 0.0 66.0 35.0 13341.444306911319 13369.844444444467 14232.777777777797 
360.00328845130383 3277.0 0.0 74.0 35.0 13335.479876220175 13281.799999999976 14232.777777777797 
361.00328845130383 3300.0 0.0 76.0 35.0 13328.351147857438 13264.192592592597 14232.777777777797 
362.0010945250072 3325.0 0.0 77.0 35.0 13309.607884923533 13140.918518518494 14232.777777777797 
363.00017089235666 3354.0 0.0 73.0 35.0 13290.98042976452 13123.333333333325 14232.777777777797 
364.00328845130383 3378.0 0.0 80.0 35.0 13298.869053454731 13369.866666666652 14232.777777777797 
365.00328845130383 3408.0 0.0 69.0 35.0 13307.728814775932 13387.466666666674 14232.777777777797 
366.00328845130383 3426.0 0.0 77.0 35.0 13301.61371107612 13246.577777777764 14232.777777777797 
367.00328845130383 3455.0 0.0 72.0 35.0 13313.721228857388 13422.688888888886 14232.777777777797 
368.00328845130383 3482.0 0.0 74.0 35.0 13314.051328193877 13317.022222222231 14232.777777777797 
369.00328845130383 3506.0 0.0 66.0 35.0 13302.022491670783 13193.76296296296 14232.777777777797 
370.00328845130383 3527.0 0.0 68.0 35.0 13307.045427688903 13352.251851851868 14232.777777777797 
371.00328845130383 3563.0 0.0 57.0 35.0 13308.042366401465 13317.014814814836 14232.777777777797 
372.00328845130383 3587.0 0.0 55.0 35.0 13331.83442605763 13545.962962962985 14232.777777777797 
373.00328845130383 3606.0 0.0 59.0 35.0 13355.008020488898 13563.570370370366 14232.777777777797 
374.00328845130383 3627.0 0.0 65.0 35.0 13365.297588810372 13457.903703703714 14232.777777777797 
375.00328845130383 3649.0 0.0 66.0 35.0 13378.081163262665 13493.133333333348 14232.777777777797 
376.00062636921996 3672.0 0.0 69.0 35.0 13386.06341730678 13457.903703703714 14232.777777777797 
377.00094480073386 3692.0 0.0 75.0 35.0 13386.20300150202 13387.459259259243 14232.777777777797 
378.00328845130383 3723.0 0.0 79.0 35.0 13372.241219870335 13246.585185185191 14232.777777777797 
379.00328845130383 3750.0 0.0 70.0 35.0 13370.24228306849 13352.251851851868 14232.777777777797 
380.00328845130383 3774.0 0.0 66.0 35.0 13373.725462169048 13405.074074074077 14232.777777777797 
381.00328845130383 3795.0 0.0 61.0 35.0 13366.294397433634 13299.414814814807 14232.777777777797 
382.00328845130383 3814.0 0.0 77.0 35.0 13364.890142875436 13352.251851851868 14232.777777777797 
383.00328845130383 3848.0 0.0 65.0 35.0 13358.342610069381 13299.414814814807 14232.777777777797 
384.00328845130383 3870.0 0.0 68.0 35.0 13361.254274988361 13387.459259259243 14232.777777777797 
385.00328845130383 3887.0 0.0 82.0 35.0 13351.548847489545 13264.200000000024 14232.777777777797 
386.00328845130383 3915.0 0.0 78.0 35.0 13334.008777555395 13176.14814814814 14232.777777777797 
387.00328845130383 3943.0 0.0 90.0 35.0 13334.070122022078 13334.622222222208 14232.777777777797 
388.00328845130383 3977.0 0.0 78.0 35.0 13316.516443153194 13158.53333333333 14232.777777777797 
389.00328845130383 4003.0 0.0 63.0 35.0 13311.284798837887 13264.200000000024 14232.777777777797 
390.00328845130383 4029.0 0.0 73.0 35.0 13315.380763398565 13352.244444444445 14232.777777777797 
391.00328845130383 4055.0 0.0 72.0 35.0 13313.784168540165 13299.414814814809 14232.777777777797 
392.00208609138275 4080.0 0.0 75.0 35.0 13322.913159093538 13405.074074074077 14232.777777777797 
393.00328845130383 4104.0 0.0 81.0 35.0 13324.084065406421 13334.622222222208 14232.777777777797 
394.00328845130383 4127.0 0.0 87.0 35.0 13309.291955162087 13176.162962962951 14232.777777777797 
395.00328845130383 4156.0 0.0 84.0 35.0 13299.49979668292 13211.370370370389 14232.777777777797 
396.00328845130383 4179.0 0.0 95.0 35.0 13276.598705903512 13070.488888888907 14232.777777777797 
397.00328845130383 4215.0 0.0 95.0 35.0 13255.986983461304 13070.481481481487 14232.777777777797 
398.00328845130383 4238.0 0.0 110.0 35.0 13221.587544374443 12911.992592592589 14232.777777777797 
399.00328845130383 4272.0 0.0 120.0 35.0 13183.583604751782 12841.54814814816 14232.777777777797 
400.00328845130383 4309.0 0.0 112.0 35.0 13144.09635538775 12788.711111111119 14232.777777777797 
401.00328845130383 4355.0 0.0 97.0 35.0 13103.275608737848 12735.888888888894 14232.777777777797 
402.00141545291376 4394.0 0.0 68.0 35.0 13094.714714530737 13017.666666666677 14232.777777777797 
403.00328845130383 4420.0 0.0 46.0 35.0 13111.66176159617 13264.185185185197 14232.777777777797 
404.00328845130383 4437.0 0.0 32.0 35.0 13160.373363214354 13598.777777777797 14232.777777777797 
405.00328845130383 4453.0 0.0 16.0 35.0 13232.390841707715 13880.548148148151 14232.777777777797 
406.00328845130383 4461.0 0.0 8.0 35.0 13311.294720499909 14021.42962962963 14232.777777777797 
407.00328845130383 4466.0 0.0 3.0 35.0 13391.113396598083 14109.481481481478 14232.777777777797 
408.00328845130383 4469.0 0.0 0.0 35.0 13473.518353234573 14215.162962962962 14232.777777777797 
409.00328845130383 4469.0 0.0 0.0 35.0 13549.444295688887 14232.777777777797 14232.777777777797 
410.00328845130383 4469.0 0.0 0.0 35.0 13617.777643897754 14232.777777777797 14232.777777777797 
411.00328845130383 4469.0 0.0 0.0 35.0 13679.277657285751 14232.777777777797 14232.777777777797 
412.00328845130383 4469.0 0.0 0.0 35.0 13734.627669334966 14232.777777777797 14232.777777777797 
413.00328845130383 4469.0 0.0 1.0 35.0 13784.442680179258 14232.777777777797 14232.777777777797 
414.00328845130383 4469.0 0.0 1.0 35.0 13829.276189939097 14232.777777777797 14232.777777777797 
415.00328845130383 4469.0 0.0 1.0 35.0 13867.864867241484 14215.162962962962 14232.777777777797 
416.00328845130383 4469.0 0.0 1.0 35.0 13902.594676813627 14215.162962962962 14232.777777777797 
417.00328845130383 4469.0 0.0 1.0 35.0 13933.851505428576 14215.162962962962 14232.777777777797 
418.00328845130383 4470.0 0.0 0.0 35.0 13961.982651182021 14215.162962962962 14232.777777777797 
419.00328845130383 4470.0 0.0 0.0 35.0 13989.062163841587 14232.777777777797 14232.777777777797 
420.00328845130383 4470.0 0.0 0.0 35.0 14013.433725235203 14232.777777777797 14232.777777777797 
421.00328845130383 4470.0 0.0 0.0 35.0 14035.368130489442 14232.777777777797 14232.777777777797 
422.00328845130383 4470.0 0.0 0.0 35.0 14055.109095218295 14232.777777777797 14232.777777777797 
423.00328845130383 4470.0 0.0 0.0 35.0 14072.875963474242 14232.777777777797 14232.777777777797 
424.00328845130383 4470.0 0.0 0.0 35.0 14088.86614490458 14232.777777777797 14232.777777777797 
425.00328845130383 4470.0 0.0 0.0 35.0 14103.257308191905 14232.777777777797 14232.777777777797 
426.00328845130383 4470.0 0.0 0.0 35.0 14116.209355150495 14232.777777777797 14232.777777777797 
427.00328845130383 4470.0 0.0 2.0 35.0 14127.866197413226 14232.777777777797 14232.777777777797 
428.00328845130383 4472.0 0.0 0.0 35.0 14134.834392486728 14197.54814814815 14232.777777777797 
429.00328845130383 4472.0 0.0 0.0 35.0 14144.628731015813 14232.777777777797 14232.777777777797 
430.00328845130383 4472.0 0.0 0.0 35.0 14153.44363569201 14232.777777777797 14232.777777777797 
431.00328845130383 4472.0 0.0 1.0 35.0 14161.377049900599 14232.777777777797 14232.777777777797 
432.00328845130383 4472.0 0.0 1.0 35.0 14168.51712268831 14232.777777777797 14232.777777777797 
433.00328845130383 4472.0 0.0 1.0 35.0 14173.181706715783 14215.162962962962 14232.777777777797 
434.00328845130383 4472.0 0.0 1.0 35.0 14177.379832340497 14215.162962962962 14232.777777777797 
435.00328845130383 4473.0 0.0 0.0 35.0 14181.15814540272 14215.162962962962 14232.777777777797 
436.00328845130383 4473.0 0.0 0.0 35.0 14186.320108640251 14232.777777777797 14232.777777777797 
437.00328845130383 4473.0 0.0 0.0 35.0 14190.965875554002 14232.777777777797 14232.777777777797 
438.00328845130383 4473.0 0.0 0.0 35.0 14195.14706577636 14232.777777777797 14232.777777777797 
439.00328845130383 4473.0 0.0 0.0 35.0 14198.91013697652 14232.777777777797 14232.777777777797 
440.00328845130383 4473.0 0.0 0.0 35.0 14202.296901056645 14232.777777777797 14232.777777777797 
441.00328845130383 4473.0 0.0 0.0 35.0 14205.344988728742 14232.777777777797 14232.777777777797 
442.00328845130383 4473.0 0.0 0.0 35.0 14208.088267633642 14232.777777777797 14232.777777777797 
443.00328845130383 4473.0 0.0 0.0 35.0 14210.557218648086 14232.777777777797 14232.777777777797 
444.00328845130383 4473.0 0.0 0.0 35.0 14212.779274561035 14232.777777777797 14232.777777777797 
445.00328845130383 4473.0 0.0 0.0 35.0 14214.779124882687 14232.777777777797 14232.777777777797 
446.00328845130383 4473.0 0.0 0.0 35.0 14216.578990172213 14232.777777777797 14232.777777777797 
447.00328845130383 4473.0 0.0 0.0 35.0 14218.198868932779 14232.777777777797 14232.777777777797 
448.00328845130383 4473.0 0.0 2.0 35.0 14219.65675981729 14232.777777777797 14232.777777777797 
449.00328845130383 4473.0 0.0 3.0 35.0 14220.968861613315 14232.777777777797 14232.777777777797 
450.00328845130383 4475.0 0.0 1.0 35.0 14216.865308785314 14179.933333333322 14232.777777777797 
451.00328845130383 4476.0 0.0 0.0 35.0 14216.695074203077 14215.162962962962 14232.777777777797 
452.00328845130383 4476.0 0.0 0.0 35.0 14218.303344560558 14232.777777777797 14232.777777777797 
453.00328845130383 4476.0 0.0 0.0 35.0 14219.75078788228 14232.777777777797 14232.777777777797 
454.00328845130383 4476.0 0.0 0.0 35.0 14221.053486871822 14232.777777777797 14232.777777777797 
455.00328845130383 4476.0 0.0 0.0 35.0 14222.22591596245 14232.777777777797 14232.777777777797 
456.00328845130383 4476.0 0.0 0.0 35.0 14223.28110214397 14232.777777777797 14232.777777777797 
457.00328845130383 4476.0 0.0 0.0 35.0 14224.23076970733 14232.777777777797 14232.777777777797 
458.00328845130383 4476.0 0.0 0.0 35.0 14225.08547051439 14232.777777777797 14232.777777777797 
459.00328845130383 4476.0 0.0 1.0 35.0 14225.854701240694 14232.777777777797 14232.777777777797 
460.00328845130383 4477.0 0.0 1.0 35.0 14224.785527412952 14215.162962962962 14232.777777777797 
461.00328845130383 4477.0 0.0 1.0 35.0 14225.58475244942 14232.777777777797 14232.777777777797 
462.00328845130383 4477.0 0.0 2.0 35.0 14224.542573500772 14215.162962962962 14232.777777777797 
463.00328845130383 4479.0 0.0 0.0 35.0 14221.843130965532 14197.54814814815 14232.777777777797 
464.00328845130383 4479.0 0.0 0.0 35.0 14222.936595646743 14232.777777777797 14232.777777777797 
465.00328845130383 4479.0 0.0 0.0 35.0 14223.920713859852 14232.777777777797 14232.777777777797 
466.00328845130383 4479.0 0.0 0.0 35.0 14224.806420251634 14232.777777777797 14232.777777777797 
467.00328845130383 4479.0 0.0 1.0 35.0 14225.603556004246 14232.777777777797 14232.777777777797 
468.00328845130383 4479.0 0.0 1.0 35.0 14224.55949670015 14215.162962962962 14232.777777777797 
469.00328845130383 4479.0 0.0 1.0 35.0 14223.619843326398 14215.162962962962 14232.777777777797 
470.00328845130383 4479.0 0.0 1.0 35.0 14222.774155290048 14215.162962962962 14232.777777777797 
471.00328845130383 4479.0 0.0 1.0 35.0 14222.013036057355 14215.162962962962 14232.777777777797 
472.00328845130383 4480.0 0.0 0.0 35.0 14223.089510229382 14232.777777777797 14232.777777777797 
473.00328845130383 4480.0 0.0 0.0 35.0 14224.058336984237 14232.777777777797 14232.777777777797 
474.00328845130383 4480.0 0.0 1.0 35.0 14224.930281063605 14232.777777777797 14232.777777777797 
475.00328845130383 4480.0 0.0 1.0 35.0 14225.715030735018 14232.777777777797 14232.777777777797 
476.00328845130383 4480.0 0.0 1.0 35.0 14224.659823957785 14215.162962962962 14232.777777777797 
477.00328845130383 4480.0 0.0 1.0 35.0 14223.710137858336 14215.162962962962 14232.777777777797 
478.00328845130383 4480.0 0.0 1.0 35.0 14222.855420368773 14215.162962962962 14232.777777777797 
479.00328845130383 4480.0 0.0 1.0 35.0 14222.086174628188 14215.162962962962 14232.777777777797 
480.00328845130383 4481.0 0.0 0.0 35.0 14221.393853461674 14215.162962962962 14232.777777777797 
481.00328845130383 4481.0 0.0 0.0 35.0 14222.532245893293 14232.777777777797 14232.777777777797 
482.00328845130383 4481.0 0.0 0.0 35.0 14223.556799081749 14232.777777777797 14232.777777777797 
483.00328845130383 4481.0 0.0 0.0 35.0 14224.478896951352 14232.777777777797 14232.777777777797 
484.00328845130383 4481.0 0.0 0.0 35.0 14225.308785033989 14232.777777777797 14232.777777777797 
485.00328845130383 4481.0 0.0 0.0 35.0 14226.05568430836 14232.777777777797 14232.777777777797 
486.00328845130383 4481.0 0.0 0.0 35.0 14226.727893655318 14232.777777777797 14232.777777777797 
487.00328845130383 4481.0 0.0 0.0 35.0 14227.33288206754 14232.777777777797 14232.777777777797 
488.00328845130383 4481.0 0.0 0.0 35.0 14227.877371638584 14232.777777777797 14232.777777777797 
489.00328845130383 4481.0 0.0 0.0 35.0 14228.367412252492 14232.777777777797 14232.777777777797 
490.00328845130383 4481.0 0.0 0.0 35.0 14228.808448805028 14232.777777777797 14232.777777777797 
491.00328845130383 4481.0 0.0 0.0 35.0 14229.205381702286 14232.777777777797 14232.777777777797 
492.00328845130383 4481.0 0.0 0.0 35.0 14229.562621309824 14232.777777777797 14232.777777777797 
493.00328845130383 4481.0 0.0 0.0 35.0 14229.884136956629 14232.777777777797 14232.777777777797 
494.00328845130383 4481.0 0.0 0.0 35.0 14230.173501038744 14232.777777777797 14232.777777777797 
495.00328845130383 4481.0 0.0 0.0 35.0 14230.433928712648 14232.777777777797 14232.777777777797 
496.00328845130383 4481.0 0.0 1.0 35.0 14230.668313619144 14232.777777777797 14232.777777777797 
497.00328845130383 4481.0 0.0 1.0 35.0 14229.117778553538 14215.162962962962 14232.777777777797 
498.00328845130383 4482.0 0.0 0.0 35.0 14229.483778475947 14232.777777777797 14232.777777777797 
499.00328845130383 4482.0 0.0 0.0 35.0 14229.813178406166 14232.777777777797 14232.777777777797 
500.00328845130383 4482.0 0.0 0.0 35.0 14230.1096383433 14232.777777777797 14232.777777777797 
501.00328845130383 4482.0 0.0 0.0 35.0 14230.376452286768 14232.777777777797 14232.777777777797 
502.00328845130383 4482.0 0.0 0.0 35.0 14230.616584835883 14232.777777777797 14232.777777777797 
503.00328845130383 4482.0 0.0 1.0 35.0 14230.832704130033 14232.777777777797 14232.777777777797 
504.00328845130383 4483.0 0.0 0.0 35.0 14229.265730013327 14215.162962962962 14232.777777777797 
505.00328845130383 4483.0 0.0 0.0 35.0 14229.61693478977 14232.777777777797 14232.777777777797 
506.00328845130383 4483.0 0.0 0.0 35.0 14229.933019088583 14232.777777777797 14232.777777777797 
507.00328845130383 4483.0 0.0 0.0 35.0 14230.21749495749 14232.777777777797 14232.777777777797 
508.00328845130383 4483.0 0.0 1.0 35.0 14230.473523239529 14232.777777777797 14232.777777777797 
509.00328845130383 4484.0 0.0 0.0 35.0 14228.942467211864 14215.162962962962 14232.777777777797 
510.00328845130383 4484.0 0.0 0.0 35.0 14229.325998268461 14232.777777777797 14232.777777777797 
511.00328845130383 4484.0 0.0 0.0 35.0 14229.671176219405 14232.777777777797 14232.777777777797 
512.0032884513039 4484.0 0.0 0.0 35.0 14229.98183637523 14232.777777777797 14232.777777777797 
513.0032884513039 4484.0 0.0 0.0 35.0 14230.261430515504 14232.777777777797 14232.777777777797 
514.0032884513039 4484.0 0.0 0.0 35.0 14230.5130652417 14232.777777777797 14232.777777777797 
515.0032884513039 4484.0 0.0 0.0 35.0 14230.739536495319 14232.777777777797 14232.777777777797 
516.0032884513039 4484.0 0.0 0.0 35.0 14230.94336062356 14232.777777777797 14232.777777777797 
517.0032884513039 4484.0 0.0 0.0 35.0 14231.126802338991 14232.777777777797 14232.777777777797 
518.0032884513039 4484.0 0.0 2.0 35.0 14231.291899882865 14232.777777777797 14232.777777777797 
519.0032884513039 4484.0 0.0 2.0 35.0 14231.440487672366 14232.777777777797 14232.777777777797 
520.0032884513039 4485.0 0.0 1.0 35.0 14228.051253719923 14197.54814814815 14232.777777777797 
521.0032884513039 4485.0 0.0 1.0 35.0 14226.76242464424 14215.162962962962 14232.777777777797 
522.0032884513039 4485.0 0.0 1.0 35.0 14225.602478476116 14215.162962962962 14232.777777777797 
523.0032884513039 4485.0 0.0 1.0 35.0 14224.558526924786 14215.162962962962 14232.777777777797 
524.0032884513039 4485.0 0.0 1.0 35.0 14223.618970528603 14215.162962962962 14232.777777777797 
525.0032884513039 4486.0 0.0 0.0 35.0 14222.773369772045 14215.162962962962 14232.777777777797 
526.0032884513039 4486.0 0.0 0.0 35.0 14223.773810572624 14232.777777777797 14232.777777777797 
527.0032884513039 4486.0 0.0 0.0 35.0 14224.674207293107 14232.777777777797 14232.777777777797 
528.0032884513039 4486.0 0.0 0.0 35.0 14225.484564341592 14232.777777777797 14232.777777777797 
529.0032884513039 4486.0 0.0 0.0 35.0 14226.213885685223 14232.777777777797 14232.777777777797 
530.0032884513039 4486.0 0.0 0.0 35.0 14226.870274894465 14232.777777777797 14232.777777777797 
531.0032884513039 4486.0 0.0 0.0 35.0 14227.461025182776 14232.777777777797 14232.777777777797 
532.0032884513039 4486.0 0.0 1.0 35.0 14227.9927004423 14232.777777777797 14232.777777777797 
533.0032884513039 4486.0 0.0 1.0 35.0 14228.471208175826 14232.777777777797 14232.777777777797 
534.0032884513039 4486.0 0.0 1.0 35.0 14227.140383654581 14215.162962962962 14232.777777777797 
535.0032884513039 4486.0 0.0 2.0 35.0 14225.942641585409 14215.162962962962 14232.777777777797 
536.0032884513039 4487.0 0.0 2.0 35.0 14223.10319224169 14197.54814814815 14232.777777777797 
537.0032884513039 4487.0 0.0 2.0 35.0 14220.547687832346 14197.54814814815 14232.777777777797 
538.0032884513039 4488.0 0.0 1.0 35.0 14218.247733863893 14197.54814814815 14232.777777777797 
539.0032884513039 4488.0 0.0 1.0 35.0 14217.939256773812 14215.162962962962 14232.777777777797 
540.0032884513039 4488.0 0.0 1.0 35.0 14217.661627392708 14215.162962962962 14232.777777777797 
541.0032884513039 4488.0 0.0 1.0 35.0 14217.41176094974 14215.162962962962 14232.777777777797 
542.0032884513039 4489.0 0.0 0.0 35.0 14218.948362632544 14232.777777777797 14232.777777777797 
543.0032884513039 4489.0 0.0 0.0 35.0 14220.331304147077 14232.777777777797 14232.777777777797 
544.0032884513039 4489.0 0.0 0.0 35.0 14221.575951510149 14232.777777777797 14232.777777777797 
545.0032884513039 4489.0 0.0 0.0 35.0 14222.696134136902 14232.777777777797 14232.777777777797 
546.0032884513039 4489.0 0.0 0.0 35.0 14223.70429850099 14232.777777777797 14232.777777777797 
547.0032884513039 4489.0 0.0 0.0 35.0 14224.611646428653 14232.777777777797 14232.777777777797 
548.0032884513039 4489.0 0.0 0.0 35.0 14225.428259563561 14232.777777777797 14232.777777777797 
549.0032884513039 4489.0 0.0 0.0 35.0 14226.163211384986 14232.777777777797 14232.777777777797 
550.0032884513039 4489.0 0.0 0.0 35.0 14226.824668024276 14232.777777777797 14232.777777777797 
551.0032884513039 4489.0 0.0 0.0 35.0 14227.41997899963 14232.777777777797 14232.777777777797 
552.0032884513039 4489.0 0.0 0.0 35.0 14227.955758877453 14232.777777777797 14232.777777777797 
553.0032884513039 4489.0 0.0 1.0 35.0 14228.437960767502 14232.777777777797 14232.777777777797 
554.0032884513039 4489.0 0.0 1.0 35.0 14228.871942468528 14232.777777777797 14232.777777777797 
555.0032884513039 4489.0 0.0 1.0 35.0 14227.501044517956 14215.162962962962 14232.777777777797 
556.0032884513039 4490.0 0.0 0.0 35.0 14226.267236362453 14215.162962962962 14232.777777777797 
557.0032884513039 4490.0 0.0 0.0 35.0 14226.91829050397 14232.777777777797 14232.777777777797 
558.0032884513039 4490.0 0.0 0.0 35.0 14227.504239231374 14232.777777777797 14232.777777777797 
559.0032884513039 4490.0 0.0 0.0 35.0 14228.03159308602 14232.777777777797 14232.777777777797 
560.0032884513039 4490.0 0.0 0.0 35.0 14228.506211555181 14232.777777777797 14232.777777777797 
561.0032884513039 4490.0 0.0 0.0 35.0 14228.933368177466 14232.777777777797 14232.777777777797 
562.0032884513039 4490.0 0.0 0.0 35.0 14229.317809137456 14232.777777777797 14232.777777777797 
563.0032884513039 4490.0 0.0 1.0 35.0 14229.663806001505 14232.777777777797 14232.777777777797 
564.0032884513039 4490.0 0.0 1.0 35.0 14228.213721697635 14215.162962962962 14232.777777777797 
565.0032884513039 4490.0 0.0 1.0 35.0 14226.908645824195 14215.162962962962 14232.777777777797 
566.0032884513039 4491.0 0.0 2.0 35.0 14227.495559019553 14232.777777777797 14232.777777777797 
567.0032884513039 4492.0 0.0 1.0 35.0 14226.26229941388 14215.162962962962 14232.777777777797 
568.0032884513039 4492.0 0.0 1.0 35.0 14225.15236576879 14215.162962962962 14232.777777777797 
569.0032884513039 4492.0 0.0 1.0 35.0 14224.153425488226 14215.162962962962 14232.777777777797 
570.0032884513039 4493.0 0.0 0.0 35.0 14223.25437923569 14215.162962962962 14232.777777777797 
571.0032884513039 4493.0 0.0 0.0 35.0 14224.206719089883 14232.777777777797 14232.777777777797 
572.0032884513039 4493.0 0.0 0.0 35.0 14225.0638249587 14232.777777777797 14232.777777777797 
573.0032884513039 4493.0 0.0 0.0 35.0 14225.83522024059 14232.777777777797 14232.777777777797 
574.0032884513039 4493.0 0.0 0.0 35.0 14226.5294759943 14232.777777777797 14232.777777777797 
575.0032884513039 4493.0 0.0 0.0 35.0 14227.154306172673 14232.777777777797 14232.777777777797 
576.0032884513039 4493.0 0.0 0.0 35.0 14227.716653333155 14232.777777777797 14232.777777777797 
577.0032884513039 4493.0 0.0 0.0 35.0 14228.222765777622 14232.777777777797 14232.777777777797 
578.0032884513039 4493.0 0.0 0.0 35.0 14228.678266977631 14232.777777777797 14232.777777777797 
579.0032884513039 4493.0 0.0 0.0 35.0 14229.088218057646 14232.777777777797 14232.777777777797 
580.0032884513039 4493.0 0.0 0.0 35.0 14229.45717402967 14232.777777777797 14232.777777777797 
581.0032884513039 4493.0 0.0 0.0 35.0 14229.78923440449 14232.777777777797 14232.777777777797 
582.0032884513039 4493.0 0.0 0.0 35.0 14230.088088741824 14232.777777777797 14232.777777777797 
583.0032884513039 4493.0 0.0 0.0 35.0 14230.357057645384 14232.777777777797 14232.777777777797 
584.0032884513039 4493.0 0.0 0.0 35.0 14230.599129658629 14232.777777777797 14232.777777777797 
585.0032884513039 4493.0 0.0 0.0 35.0 14230.816994470562 14232.777777777797 14232.777777777797 
586.0032884513039 4493.0 0.0 0.0 35.0 14231.013072801272 14232.777777777797 14232.777777777797 
587.0032884513039 4493.0 0.0 0.0 35.0 14231.189543298937 14232.777777777797 14232.777777777797 
588.0032884513039 4493.0 0.0 0.0 35.0 14231.348366746806 14232.777777777797 14232.777777777797 
589.0032884513039 4493.0 0.0 1.0 35.0 14231.491307849908 14232.777777777797 14232.777777777797 
590.0032884513039 4493.0 0.0 1.0 35.0 14229.858473361202 14215.162962962962 14232.777777777797 
591.0032884513039 4493.0 0.0 1.0 35.0 14228.388922321394 14215.162962962962 14232.777777777797 
592.0032884513039 4493.0 0.0 2.0 35.0 14227.066326385522 14215.162962962962 14232.777777777797 
593.0032884513039 4493.0 0.0 2.0 35.0 14225.875990043278 14215.162962962962 14232.777777777797 
594.0032884513039 4493.0 0.0 2.0 35.0 14223.043205853763 14197.54814814815 14232.777777777797 
595.0032884513039 4493.0 0.0 2.0 35.0 14220.493700083212 14197.54814814815 14232.777777777797 
596.0032884513039 4494.0 0.0 1.0 35.0 14219.960626371174 14215.162962962962 14232.777777777797 
597.0032884513039 4494.0 0.0 1.0 35.0 14219.480860030359 14215.162962962962 14232.777777777797 
598.0032884513039 4494.0 0.0 1.0 35.0 14219.049070323637 14215.162962962962 14232.777777777797 
599.0032884513039 4495.0 0.0 0.0 35.0 14218.660459587536 14215.162962962962 14232.777777777797 
600.0032884513039 4495.0 0.0 0.0 35.0 14220.072191406574 14232.777777777797 14232.777777777797 
#####################################################################
# End of data export. Simulation finished at: 2020-01-26T15:45+0000 #
#####################################################################
