#####################################################################
# Alchemist log file - simulation started at: 2020-01-24T18:47+0000 #
#####################################################################
# seed = 1.0, meanTaskSize = 10, smoothing = 0.3, grain = 1300.0, peakFrequency = 1
#
# The columns have the following meaning: 
# time done[Sum] drop[Sum] waiting[Sum] isLeader[Sum] capacity[Mean] freeCapacity[Mean] maxCapacity[Mean] 
0.0 NaN 0.0 NaN NaN NaN NaN NaN 
1.0048855897957667 0.0 0.0 0.0 135.0 14232.777777777797 14232.777777777797 14232.777777777797 
2.0048855897957667 0.0 0.0 0.0 135.0 14232.777777777797 14232.777777777797 14232.777777777797 
3.0048855897957667 0.0 0.0 0.0 135.0 14232.777777777797 14232.777777777797 14232.777777777797 
4.004885589795767 0.0 0.0 0.0 135.0 14232.777777777797 14232.777777777797 14232.777777777797 
5.004885589795767 0.0 0.0 0.0 135.0 14232.777777777797 14232.777777777797 14232.777777777797 
6.004885589795767 0.0 0.0 0.0 135.0 14232.777777777797 14232.777777777797 14232.777777777797 
7.004885589795767 0.0 0.0 0.0 135.0 14232.777777777797 14232.777777777797 14232.777777777797 
8.004885589795766 0.0 0.0 0.0 135.0 14232.777777777797 14232.777777777797 14232.777777777797 
9.004885589795766 0.0 0.0 0.0 135.0 14232.777777777797 14232.777777777797 14232.777777777797 
10.004885589795766 0.0 0.0 0.0 135.0 14232.777777777797 14232.777777777797 14232.777777777797 
11.004885589795766 0.0 0.0 0.0 135.0 14232.777777777797 14232.777777777797 14232.777777777797 
12.004885589795766 0.0 0.0 0.0 135.0 14232.777777777797 14232.777777777797 14232.777777777797 
13.004885589795766 0.0 0.0 1.0 135.0 14232.777777777797 14232.777777777797 14232.777777777797 
14.004885589795766 1.0 0.0 0.0 135.0 14227.493333333337 14215.162962962962 14232.777777777797 
15.004885589795766 1.0 0.0 1.0 135.0 14229.078666666668 14232.777777777797 14232.777777777797 
16.004885589795766 2.0 0.0 0.0 135.0 14229.250622222236 14229.651851851839 14232.777777777797 
17.004885589795766 2.0 0.0 0.0 135.0 14230.30876888886 14232.777777777797 14232.777777777797 
18.004885589795766 2.0 0.0 1.0 135.0 14231.04947155558 14232.777777777797 14232.777777777797 
19.004885589795766 3.0 0.0 0.0 135.0 14230.630185644439 14229.651851851839 14232.777777777797 
20.004885589795766 3.0 0.0 0.0 135.0 14231.274463284442 14232.777777777797 14232.777777777797 
21.004885589795766 3.0 0.0 0.0 135.0 14231.725457632441 14232.777777777797 14232.777777777797 
22.004885589795766 3.0 0.0 0.0 135.0 14232.041153676051 14232.777777777797 14232.777777777797 
23.004885589795766 3.0 0.0 0.0 135.0 14232.262140906561 14232.777777777797 14232.777777777797 
24.004885589795766 3.0 0.0 0.0 135.0 14232.416831967952 14232.777777777797 14232.777777777797 
25.004885589795766 3.0 0.0 0.0 135.0 14232.525115710867 14232.777777777797 14232.777777777797 
26.004885589795766 3.0 0.0 0.0 135.0 14232.60091433097 14232.777777777797 14232.777777777797 
27.004885589795766 3.0 0.0 0.0 135.0 14232.653973365015 14232.777777777797 14232.777777777797 
28.004885589795766 3.0 0.0 0.0 135.0 14232.691114688832 14232.777777777797 14232.777777777797 
29.004885589795766 3.0 0.0 1.0 135.0 14232.717113615536 14232.777777777797 14232.777777777797 
30.004885589795766 3.0 0.0 1.0 135.0 14231.797535086409 14229.651851851839 14232.777777777797 
31.004885589795766 4.0 0.0 0.0 135.0 14231.15383011604 14229.651851851839 14232.777777777797 
32.00488558979576 4.0 0.0 0.0 135.0 14231.641014414545 14232.777777777797 14232.777777777797 
33.00488558979576 4.0 0.0 0.0 135.0 14231.982043423526 14232.777777777797 14232.777777777797 
34.00488558979576 4.0 0.0 1.0 135.0 14232.220763729803 14232.777777777797 14232.777777777797 
35.00488558979576 5.0 0.0 0.0 135.0 14231.450090166421 14229.651851851839 14232.777777777797 
36.00488558979576 5.0 0.0 0.0 135.0 14231.848396449832 14232.777777777797 14232.777777777797 
37.00488558979576 5.0 0.0 0.0 135.0 14232.127210848184 14232.777777777797 14232.777777777797 
38.00488558979576 5.0 0.0 0.0 135.0 14232.322380927084 14232.777777777797 14232.777777777797 
39.00488558979576 5.0 0.0 1.0 135.0 14232.458999982264 14232.777777777797 14232.777777777797 
40.00488558979576 5.0 0.0 1.0 135.0 14231.616855543189 14229.651851851839 14232.777777777797 
41.00488558979576 5.0 0.0 1.0 135.0 14231.027354435768 14229.651851851839 14232.777777777797 
42.00488558979576 6.0 0.0 0.0 135.0 14230.614703660589 14229.651851851839 14232.777777777797 
43.00488558979576 6.0 0.0 1.0 135.0 14231.263625895748 14232.777777777797 14232.777777777797 
44.00488558979576 7.0 0.0 0.0 135.0 14226.4334270159 14215.162962962962 14232.777777777797 
45.00488558979576 7.0 0.0 0.0 135.0 14228.336732244456 14232.777777777797 14232.777777777797 
46.00488558979576 7.0 0.0 0.0 135.0 14229.669045904486 14232.777777777797 14232.777777777797 
47.00488558979576 7.0 0.0 0.0 135.0 14230.60166546645 14232.777777777797 14232.777777777797 
48.00488558979576 7.0 0.0 0.0 135.0 14231.25449915986 14232.777777777797 14232.777777777797 
49.00488558979576 7.0 0.0 0.0 135.0 14231.711482745237 14232.777777777797 14232.777777777797 
50.00488558979576 7.0 0.0 0.0 135.0 14232.031371255027 14232.777777777797 14232.777777777797 
51.00488558979576 7.0 0.0 0.0 135.0 14232.255293211832 14232.777777777797 14232.777777777797 
52.00488558979576 7.0 0.0 0.0 135.0 14232.41203858162 14232.777777777797 14232.777777777797 
53.00488558979576 7.0 0.0 0.0 135.0 14232.521760340464 14232.777777777797 14232.777777777797 
54.00488558979576 7.0 0.0 0.0 135.0 14232.59856557163 14232.777777777797 14232.777777777797 
55.00488558979576 7.0 0.0 1.0 135.0 14232.652329233502 14232.777777777797 14232.777777777797 
56.00488558979576 8.0 0.0 0.0 135.0 14231.752186019017 14229.651851851839 14232.777777777797 
57.00488558979576 8.0 0.0 1.0 135.0 14232.05986354664 14232.777777777797 14232.777777777797 
58.00488558979576 9.0 0.0 0.0 135.0 14226.990793371515 14215.162962962962 14232.777777777797 
59.00488558979576 9.0 0.0 1.0 135.0 14228.726888693409 14232.777777777797 14232.777777777797 
60.00488558979576 9.0 0.0 1.0 135.0 14229.004377640944 14229.651851851839 14232.777777777797 
61.00488558979576 10.0 0.0 0.0 135.0 14229.198619904202 14229.651851851839 14232.777777777797 
62.00488558979576 10.0 0.0 0.0 135.0 14230.272367266303 14232.777777777797 14232.777777777797 
63.00488558979576 10.0 0.0 0.0 135.0 14231.023990419755 14232.777777777797 14232.777777777797 
64.00488558979576 10.0 0.0 1.0 135.0 14231.550126627177 14232.777777777797 14232.777777777797 
65.00488558979576 11.0 0.0 0.0 135.0 14230.980644194555 14229.651851851839 14232.777777777797 
66.00488558979576 11.0 0.0 0.0 135.0 14231.51978426952 14232.777777777797 14232.777777777797 
67.00488558979576 11.0 0.0 0.0 135.0 14231.89718232199 14232.777777777797 14232.777777777797 
68.00488558979576 11.0 0.0 0.0 135.0 14232.161360958737 14232.777777777797 14232.777777777797 
69.00488558979576 11.0 0.0 0.0 135.0 14232.346286004467 14232.777777777797 14232.777777777797 
70.00488558979576 11.0 0.0 0.0 135.0 14232.475733536445 14232.777777777797 14232.777777777797 
71.00488558979576 11.0 0.0 1.0 135.0 14232.566346808866 14232.777777777797 14232.777777777797 
72.00488558979576 11.0 0.0 1.0 135.0 14231.691998321721 14229.651851851839 14232.777777777797 
73.00488558979576 11.0 0.0 1.0 135.0 14231.079954380783 14229.651851851839 14232.777777777797 
74.00488558979576 11.0 0.0 1.0 135.0 14230.651523622091 14229.651851851839 14232.777777777797 
75.00488558979576 12.0 0.0 0.0 135.0 14230.351622091013 14229.651851851839 14232.777777777797 
76.00488558979576 12.0 0.0 0.0 135.0 14231.07946879705 14232.777777777797 14232.777777777797 
77.00488558979576 12.0 0.0 0.0 135.0 14231.588961491272 14232.777777777797 14232.777777777797 
78.00488558979576 12.0 0.0 0.0 135.0 14231.94560637723 14232.777777777797 14232.777777777797 
79.00488558979576 12.0 0.0 0.0 135.0 14232.1952577974 14232.777777777797 14232.777777777797 
80.00488558979576 12.0 0.0 0.0 135.0 14232.370013791504 14232.777777777797 14232.777777777797 
81.00488558979576 12.0 0.0 0.0 135.0 14232.492342987418 14232.777777777797 14232.777777777797 
82.00488558979576 12.0 0.0 0.0 135.0 14232.57797342453 14232.777777777797 14232.777777777797 
83.00488558979576 12.0 0.0 0.0 135.0 14232.637914730496 14232.777777777797 14232.777777777797 
84.00488558979576 12.0 0.0 0.0 135.0 14232.679873644665 14232.777777777797 14232.777777777797 
85.00488558979576 12.0 0.0 0.0 135.0 14232.709244884632 14232.777777777797 14232.777777777797 
86.00488558979576 12.0 0.0 0.0 135.0 14232.729804752564 14232.777777777797 14232.777777777797 
87.00488558979576 12.0 0.0 0.0 135.0 14232.744196660127 14232.777777777797 14232.777777777797 
88.00488558979576 12.0 0.0 0.0 135.0 14232.754270995421 14232.777777777797 14232.777777777797 
89.00488558979576 12.0 0.0 1.0 135.0 14232.761323030138 14232.777777777797 14232.777777777797 
90.00488558979576 13.0 0.0 1.0 135.0 14231.828481676643 14229.651851851839 14232.777777777797 
91.00488558979576 13.0 0.0 1.0 135.0 14231.175492729211 14229.651851851839 14232.777777777797 
92.00488558979576 13.0 0.0 1.0 135.0 14230.718400465985 14229.651851851839 14232.777777777797 
93.00488558979576 14.0 0.0 0.0 135.0 14230.398435881763 14229.651851851839 14232.777777777797 
94.00488558979576 14.0 0.0 0.0 135.0 14231.112238450549 14232.777777777797 14232.777777777797 
95.00488558979576 14.0 0.0 0.0 135.0 14231.611900248734 14232.777777777797 14232.777777777797 
96.00488558979576 14.0 0.0 0.0 135.0 14231.961663507469 14232.777777777797 14232.777777777797 
97.00488558979576 14.0 0.0 0.0 135.0 14232.206497788555 14232.777777777797 14232.777777777797 
98.00488558979576 14.0 0.0 1.0 135.0 14232.377881785314 14232.777777777797 14232.777777777797 
99.00488558979576 15.0 0.0 0.0 135.0 14231.560072805281 14229.651851851839 14232.777777777797 
100.00488558979576 15.0 0.0 1.0 135.0 14231.92538429702 14232.777777777797 14232.777777777797 
101.00488558979576 16.0 0.0 0.0 135.0 14231.24332456348 14229.651851851839 14232.777777777797 
102.00488558979576 16.0 0.0 0.0 135.0 14231.703660527792 14232.777777777797 14232.777777777797 
103.00488558979576 16.0 0.0 0.0 135.0 14232.025895702776 14232.777777777797 14232.777777777797 
104.00488558979576 16.0 0.0 0.0 135.0 14232.251460325264 14232.777777777797 14232.777777777797 
105.00488558979576 16.0 0.0 0.0 135.0 14232.409355561025 14232.777777777797 14232.777777777797 
106.00488558979576 16.0 0.0 0.0 135.0 14232.519882226054 14232.777777777797 14232.777777777797 
107.00488558979576 16.0 0.0 0.0 135.0 14232.59725089154 14232.777777777797 14232.777777777797 
108.00488558979576 16.0 0.0 0.0 135.0 14232.651408957441 14232.777777777797 14232.777777777797 
109.00488558979576 16.0 0.0 0.0 135.0 14232.689319603538 14232.777777777797 14232.777777777797 
110.00488558979576 16.0 0.0 0.0 135.0 14232.715857055802 14232.777777777797 14232.777777777797 
111.00488558979576 16.0 0.0 0.0 135.0 14232.734433272408 14232.777777777797 14232.777777777797 
112.00488558979576 16.0 0.0 0.0 135.0 14232.74743662401 14232.777777777797 14232.777777777797 
113.00488558979576 16.0 0.0 0.0 135.0 14232.75653897013 14232.777777777797 14232.777777777797 
114.00488558979576 16.0 0.0 1.0 135.0 14232.762910612455 14232.777777777797 14232.777777777797 
115.00488558979576 16.0 0.0 2.0 135.0 14231.829592984257 14229.651851851839 14232.777777777797 
116.00488558979576 17.0 0.0 2.0 135.0 14230.240715088961 14226.533333333318 14232.777777777797 
117.00488558979576 18.0 0.0 3.0 134.0 14229.128500562278 14226.533333333318 14232.777777777797 
118.00488558979576 19.0 0.0 5.0 134.0 14218.718839282485 14194.429629629629 14232.777777777797 
119.00488558979576 21.0 0.0 7.0 135.0 14207.087631942162 14179.94814814816 14232.777777777797 
120.00488558979576 25.0 0.0 5.0 134.0 14209.174675692862 14214.044444444442 14232.777777777797 
121.00488558979576 27.0 0.0 7.0 133.0 14207.222272985 14202.666666666668 14232.777777777797 
122.00488558979576 30.0 0.0 6.0 133.0 14191.882257756168 14156.088888888855 14232.777777777797 
123.00488558979576 34.0 0.0 5.0 134.0 14193.584247095989 14197.555555555586 14232.777777777797 
124.00488558979576 36.0 0.0 5.0 134.0 14191.964528522774 14188.185185185197 14232.777777777797 
125.00488558979576 40.0 0.0 5.0 133.0 14198.588503299237 14214.044444444442 14232.777777777797 
126.001258133915 41.0 0.0 8.0 133.0 14184.900841198349 14152.962962962987 14232.777777777797 
127.00488558979576 46.0 0.0 9.0 133.0 14186.821699949998 14191.303703703717 14232.777777777797 
128.00488558979578 50.0 0.0 8.0 134.0 14181.008523298317 14167.444444444414 14232.777777777797 
129.00488558979578 55.0 0.0 4.0 131.0 14180.350410753268 14178.814814814803 14232.777777777797 
130.00488558979578 57.0 0.0 6.0 133.0 14187.983065305072 14205.792592592627 14232.777777777797 
131.00488558979578 60.0 0.0 7.0 132.0 14187.105923491341 14185.059259259278 14232.777777777797 
132.00488558979578 63.0 0.0 10.0 133.0 14191.774146443919 14202.666666666668 14232.777777777797 
133.00488558979578 65.0 0.0 10.0 133.0 14177.319680288523 14143.592592592599 14232.777777777797 
134.00488558979578 74.0 0.0 3.0 132.0 14185.52377620195 14204.666666666668 14232.777777777797 
135.00488558979578 75.0 0.0 4.0 132.0 14188.193310008035 14194.422222222236 14232.777777777797 
136.00488558979578 77.0 0.0 4.0 134.0 14191.001983672299 14197.555555555586 14232.777777777797 
137.00324516133378 80.0 0.0 6.0 134.0 14189.811059884067 14170.570370370371 14232.777777777797 
138.00488558979578 84.0 0.0 6.0 133.0 14200.0807497772 14210.911111111145 14232.777777777797 
139.00488558979578 87.0 0.0 9.0 133.0 14194.634302621831 14181.92592592593 14232.777777777797 
140.00488558979578 93.0 0.0 6.0 131.0 14194.232900724175 14193.296296296277 14232.777777777797 
141.00488558979578 97.0 0.0 4.0 133.0 14191.483030506934 14185.066666666678 14232.777777777797 
142.00488558979578 100.0 0.0 5.0 134.0 14201.995899132626 14226.525925925918 14232.777777777797 
143.00488558979578 103.0 0.0 5.0 133.0 14206.546018281726 14217.162962962962 14232.777777777797 
144.00488558979578 106.0 0.0 10.0 133.0 14205.382212797227 14202.666666666668 14232.777777777797 
145.00488558979578 113.0 0.0 12.0 133.0 14196.471993402489 14175.681481481453 14232.777777777797 
146.00488558979578 116.0 0.0 13.0 133.0 14166.632617603951 14097.0074074074 14232.777777777797 
147.00488558979578 127.0 0.0 9.0 132.0 14167.473943433892 14169.437037037065 14232.777777777797 
148.00488558979578 131.0 0.0 8.0 133.0 14156.898427070406 14132.222222222203 14232.777777777797 
149.00488558979578 138.0 0.0 5.0 132.0 14174.975565615929 14217.155555555531 14232.777777777797 
150.00488558979578 140.0 0.0 6.0 132.0 14177.998451486721 14185.05185185184 14232.777777777797 
151.00488558979578 143.0 0.0 10.0 133.0 14184.46336048513 14199.54814814815 14232.777777777797 
152.00488558979578 149.0 0.0 7.0 131.0 14180.893241228461 14172.562962962935 14232.777777777797 
153.00488558979578 151.0 0.0 9.0 132.0 14186.489713304387 14199.54814814815 14232.777777777797 
154.00488558979578 157.0 0.0 8.0 133.0 14178.905021535293 14161.207407407373 14232.777777777797 
155.00488558979578 163.0 0.0 6.0 132.0 14180.74907063026 14185.05185185184 14232.777777777797 
156.00488558979578 165.0 0.0 10.0 134.0 14179.571016107855 14176.82222222224 14232.777777777797 
157.00488558979578 170.0 0.0 8.0 131.0 14177.473044608834 14172.577777777764 14232.777777777797 
158.00488558979578 175.0 0.0 10.0 132.0 14172.588909003953 14161.19259259259 14232.777777777797 
159.00488558979578 179.0 0.0 14.0 122.0 14159.543347413875 14129.103703703682 14232.777777777797 
160.00488558979578 189.0 0.0 5.0 127.0 14172.144787634155 14201.54814814815 14232.777777777797 
161.00488558979578 189.0 0.0 11.0 131.0 14176.350240232798 14186.162962962962 14232.777777777797 
162.00488558979578 197.0 0.0 10.0 130.0 14179.560723718536 14187.05185185184 14232.777777777797 
163.00488558979578 199.0 0.0 14.0 132.0 14165.359173269628 14132.222222222203 14232.777777777797 
164.00488558979578 208.0 0.0 13.0 131.0 14161.300310177623 14151.82962962964 14232.777777777797 
165.00488558979578 215.0 0.0 14.0 132.0 14150.707994902115 14125.9925925926 14232.777777777797 
166.00488558979578 223.0 0.0 16.0 130.0 14164.08670754256 14195.303703703717 14232.777777777797 
167.00488558979578 229.0 0.0 18.0 130.0 14159.469584168695 14148.696296296283 14232.777777777797 
168.00488558979578 238.0 0.0 19.0 131.0 14118.659820029208 14023.437037037065 14232.777777777797 
169.00488558979578 251.0 0.0 10.0 130.0 14107.481874020441 14081.400000000001 14232.777777777797 
170.00488558979578 257.0 0.0 10.0 130.0 14108.683978480973 14111.488888888909 14232.777777777797 
171.00488558979578 264.0 0.0 9.0 132.0 14128.787673825575 14175.696296296283 14232.777777777797 
172.00488558979578 268.0 0.0 12.0 132.0 14149.078038344536 14196.422222222236 14232.777777777797 
173.00488558979578 275.0 0.0 11.0 131.0 14130.643515730106 14087.629629629611 14232.777777777797 
174.00488558979578 281.0 0.0 11.0 132.0 14140.746016566596 14164.318518518547 14232.777777777797 
175.00488558979578 289.0 0.0 8.0 132.0 14146.879989374393 14161.19259259259 14232.777777777797 
176.00488558979578 295.0 0.0 9.0 133.0 14161.74265922875 14196.422222222236 14232.777777777797 
177.00488558979578 296.0 0.0 19.0 131.0 14155.362083682367 14140.474074074082 14232.777777777797 
178.00488558979578 306.0 0.0 16.0 130.0 14141.862347466524 14110.36296296296 14232.777777777797 
179.00488558979578 318.0 0.0 11.0 133.0 14139.908087671007 14135.348148148161 14232.777777777797 
180.00488558979578 325.0 0.0 10.0 132.0 14129.506772480825 14105.23703703704 14232.777777777797 
181.00488558979578 332.0 0.0 4.0 131.0 14145.834740736604 14183.933333333322 14232.777777777797 
182.00488558979578 336.0 0.0 6.0 130.0 14167.230985182277 14217.155555555531 14232.777777777797 
183.00488558979578 336.0 0.0 16.0 134.0 14164.823911849819 14159.207407407373 14232.777777777797 
184.00488558979578 347.0 0.0 9.0 132.0 14168.68340496154 14177.688888888892 14232.777777777797 
185.00488558979578 353.0 0.0 10.0 132.0 14163.627272361962 14151.82962962964 14232.777777777797 
186.00488558979578 356.0 0.0 15.0 130.0 14160.09020176447 14151.837037037038 14232.777777777797 
187.00488558979578 363.0 0.0 15.0 130.0 14153.26314123516 14137.333333333332 14232.777777777797 
188.00488558979578 374.0 0.0 8.0 129.0 14153.770865531264 14154.955555555558 14232.777777777797 
189.00488558979578 380.0 0.0 11.0 131.0 14151.650716982984 14146.703703703723 14232.777777777797 
190.00488558979578 385.0 0.0 13.0 133.0 14143.9466129992 14125.970370370334 14232.777777777797 
191.00488558979578 393.0 0.0 15.0 132.0 14148.782629099449 14160.066666666678 14232.777777777797 
192.00488558979578 404.0 0.0 9.0 129.0 14149.356729258474 14150.696296296283 14232.777777777797 
193.0017364021269 410.0 0.0 13.0 132.0 14143.258070095831 14132.214814814812 14232.777777777797 
194.00488558979578 416.0 0.0 15.0 130.0 14138.743241781094 14125.977777777773 14232.777777777797 
195.00488558979578 423.0 0.0 15.0 130.0 14136.449158135672 14131.096296296291 14232.777777777797 
196.00488558979578 434.0 0.0 12.0 130.0 14125.212188472751 14098.9925925926 14232.777777777797 
197.00488558979578 441.0 0.0 13.0 130.0 14114.870754153138 14090.740740740734 14232.777777777797 
198.00488558979578 450.0 0.0 12.0 131.0 14121.611750129443 14137.340740740723 14232.777777777797 
199.00488558979578 454.0 0.0 17.0 133.0 14106.130447312818 14070.0074074074 14232.777777777797 
200.00488558979578 470.0 0.0 13.0 128.0 14122.915757563407 14162.081481481506 14232.777777777797 
201.00488558979578 473.0 0.0 15.0 128.0 14100.825474738827 14049.281481481481 14232.777777777797 
202.00488558979578 484.0 0.0 9.0 134.0 14106.828943428269 14120.83703703704 14232.777777777797 
203.00488558979578 490.0 0.0 9.0 133.0 14123.138038177583 14161.19259259259 14232.777777777797 
204.00488558979578 496.0 0.0 10.0 132.0 14147.594404502097 14204.659259259277 14232.777777777797 
205.00316245001184 501.0 0.0 17.0 133.0 14159.033378151167 14190.17037037036 14232.777777777797 
206.00488558979578 513.0 0.0 16.0 131.0 14143.494813761576 14104.125925925919 14232.777777777797 
207.00488558979578 523.0 0.0 17.0 131.0 14132.019702966449 14105.244444444439 14232.777777777797 
208.00488558979578 532.0 0.0 22.0 131.0 14099.444903187627 14023.437037037065 14232.777777777797 
209.00488558979578 546.0 0.0 18.0 132.0 14085.335876675766 14052.4148148148 14232.777777777797 
210.00488558979578 558.0 0.0 16.0 131.0 14084.748447006397 14083.377777777787 14232.777777777797 
211.00488558979578 567.0 0.0 10.0 130.0 14079.390579571143 14066.88888888888 14232.777777777797 
212.00488558979578 576.0 0.0 12.0 131.0 14106.744516810917 14170.570370370371 14232.777777777797 
213.00488558979578 580.0 0.0 17.0 133.0 14122.143383989875 14158.07407407407 14232.777777777797 
214.00488558979578 589.0 0.0 18.0 132.0 14132.587035459572 14156.955555555558 14232.777777777797 
215.00488558979578 600.0 0.0 18.0 130.0 14128.395369266125 14118.614814814822 14232.777777777797 
216.00488558979578 610.0 0.0 19.0 129.0 14133.547869597407 14145.570370370371 14232.777777777797 
217.00488558979578 620.0 0.0 18.0 131.0 14118.8346198293 14084.503703703696 14232.777777777797 
218.00488558979578 634.0 0.0 22.0 130.0 14120.63978943609 14124.851851851849 14232.777777777797 
219.00488558979578 641.0 0.0 30.0 129.0 14087.727852605227 14010.933333333322 14232.777777777797 
220.00488558979578 658.0 0.0 23.0 131.0 14058.47394126809 13990.214814814812 14232.777777777797 
221.00488558979578 675.0 0.0 14.0 130.0 14062.196203332112 14070.88148148148 14232.777777777797 
222.00488558979578 684.0 0.0 21.0 127.0 14085.337342332487 14139.333333333332 14232.777777777797 
223.00488558979578 694.0 0.0 25.0 128.0 14071.711695188302 14039.918518518494 14232.777777777797 
224.00488558979578 709.0 0.0 22.0 130.0 14067.455964409583 14057.525925925918 14232.777777777797 
225.00488558979578 724.0 0.0 18.0 127.0 14061.665841753387 14048.155555555531 14232.777777777797 
226.00488558979578 734.0 0.0 15.0 130.0 14054.534978116253 14037.896296296318 14232.777777777797 
227.00488558979578 745.0 0.0 15.0 132.0 14087.470040236938 14164.318518518547 14232.777777777797 
228.00488558979578 755.0 0.0 11.0 132.0 14104.900139276964 14145.570370370371 14232.777777777797 
229.00488558979578 763.0 0.0 16.0 132.0 14112.754541938308 14131.081481481506 14232.777777777797 
230.00488558979578 775.0 0.0 17.0 127.0 14118.854846023494 14133.088888888855 14232.777777777797 
231.00488558979578 783.0 0.0 17.0 130.0 14108.551725549778 14084.511111111091 14232.777777777797 
232.00488558979578 797.0 0.0 21.0 130.0 14114.377318995928 14127.970370370334 14232.777777777797 
233.00488558979578 804.0 0.0 29.0 130.0 14100.73301218606 14068.896296296318 14232.777777777797 
234.00488558979578 826.0 0.0 23.0 130.0 14067.237552974684 13989.081481481506 14232.777777777797 
235.00488558979578 842.0 0.0 20.0 129.0 14069.601842637818 14075.11851851852 14232.777777777797 
236.00488558979578 856.0 0.0 23.0 131.0 14071.59906762426 14076.259259259266 14232.777777777797 
237.00488558979578 870.0 0.0 21.0 129.0 14072.663791781419 14075.14814814815 14232.777777777797 
238.00488558979578 884.0 0.0 24.0 130.0 14060.02909869146 14030.54814814815 14232.777777777797 
239.00488558979578 900.0 0.0 26.0 128.0 14057.995924639585 14053.251851851868 14232.777777777797 
240.00488558979578 914.0 0.0 24.0 129.0 14055.046036136595 14048.16296296296 14232.777777777797 
241.00488558979578 929.0 0.0 25.0 129.0 14048.627780851142 14033.651851851839 14232.777777777797 
242.00488558979578 943.0 0.0 24.0 129.0 14048.483891040269 14048.14814814815 14232.777777777797 
243.00488558979578 958.0 0.0 17.0 128.0 14064.23650150595 14100.9925925926 14232.777777777797 
244.00488558979578 971.0 0.0 15.0 125.0 14053.525551054181 14028.53333333332 14232.777777777797 
245.00488558979578 977.0 0.0 27.0 122.0 14090.170107960144 14175.674074074106 14232.777777777797 
246.00123244857028 995.0 0.0 25.0 128.0 14081.41870392605 14061.525925925918 14232.777777777797 
247.00488558979578 1011.0 0.0 20.0 128.0 14056.026019567122 13996.407407407401 14232.777777777797 
248.00488558979578 1024.0 0.0 31.0 127.0 14072.915991474767 14112.325925925894 14232.777777777797 
249.00488558979578 1042.0 0.0 32.0 127.0 14074.176749587896 14077.11851851852 14232.777777777797 
250.00488558979578 1061.0 0.0 27.0 127.0 14035.603724711505 13945.599999999999 14232.777777777797 
251.00488558979578 1076.0 0.0 29.0 130.0 14044.651496186967 14065.76296296296 14232.777777777797 
252.00488558979578 1095.0 0.0 32.0 125.0 14030.11382510866 13996.19259259259 14232.777777777797 
253.00488558979578 1106.0 0.0 39.0 126.0 14051.375233131614 14100.985185185162 14232.777777777797 
254.00488558979578 1135.0 0.0 33.0 127.0 13978.915996525473 13809.844444444469 14232.777777777797 
255.00189501520754 1154.0 0.0 28.0 122.0 13977.427666924566 13968.333333333332 14232.777777777797 
256.0048855897958 1170.0 0.0 41.0 128.0 13966.053504964158 13931.11851851852 14232.777777777797 
257.0048855897958 1193.0 0.0 34.0 127.0 13948.0774534749 13906.13333333335 14232.777777777797 
258.0048855897958 1216.0 0.0 32.0 124.0 13964.38310632131 14002.42962962963 14232.777777777797 
259.0004455997137 1233.0 0.0 32.0 125.0 13969.046522828583 13982.807407407408 14232.777777777797 
260.0048855897958 1254.0 0.0 27.0 124.0 13966.630610986314 13958.977777777774 14232.777777777797 
261.0048855897958 1269.0 0.0 33.0 123.0 13962.799205468187 13953.859259259254 14232.777777777797 
262.0048855897958 1281.0 0.0 39.0 125.0 13976.897221605519 14009.792592592625 14232.777777777797 
263.0048855897958 1308.0 0.0 24.0 125.0 13952.256944012757 13894.76296296296 14232.777777777797 
264.0048855897958 1322.0 0.0 33.0 126.0 13978.550971920038 14039.903703703709 14232.777777777797 
265.0048855897958 1340.0 0.0 32.0 127.0 13948.13012478846 13877.14814814815 14232.777777777797 
266.0048855897958 1359.0 0.0 25.0 125.0 13963.482198463034 13999.303703703716 14232.777777777797 
267.0048855897958 1374.0 0.0 24.0 124.0 13992.286427813011 14059.496296296304 14232.777777777797 
268.0048855897958 1388.0 0.0 30.0 126.0 14007.511610580226 14043.037037037015 14232.777777777797 
269.0048855897958 1403.0 0.0 35.0 130.0 14003.251460739488 13993.311111111108 14232.777777777797 
270.0048855897958 1430.0 0.0 23.0 127.0 13978.467133628756 13920.63703703704 14232.777777777797 
271.0048855897958 1441.0 0.0 29.0 128.0 13992.215882429013 14024.29629629628 14232.777777777797 
272.0048855897958 1459.0 0.0 22.0 127.0 14014.277784366965 14065.755555555561 14232.777777777797 
273.0048855897958 1472.0 0.0 17.0 131.0 13997.767782390221 13959.244444444439 14232.777777777797 
274.0048855897958 1486.0 0.0 20.0 131.0 14033.077447673151 14115.466666666682 14232.777777777797 
275.0048855897958 1497.0 0.0 32.0 126.0 14062.740880037867 14131.955555555558 14232.777777777797 
276.0048855897958 1511.0 0.0 35.0 125.0 14036.894171582062 13976.5851851852 14232.777777777797 
277.0048855897958 1535.0 0.0 37.0 125.0 14033.717031218544 14026.303703703717 14232.777777777797 
278.0048855897958 1555.0 0.0 33.0 125.0 13975.241921852972 13838.799999999974 14232.777777777797 
279.0048855897958 1582.0 0.0 27.0 124.0 14008.880456408186 14087.370370370389 14232.777777777797 
280.0048855897958 1595.0 0.0 32.0 126.0 14010.431875041297 14014.05185185184 14232.777777777797 
281.0011024798044 1616.0 0.0 41.0 131.0 13989.73002830229 13945.592592592599 14232.777777777797 
282.0048855897958 1645.0 0.0 38.0 122.0 13975.419396547992 13939.11111111112 14232.777777777797 
283.0048855897958 1660.0 0.0 39.0 111.0 13946.88246647252 13880.296296296281 14232.777777777797 
284.0004011961025 1685.0 0.0 31.0 121.0 13947.603288596576 13958.111111111119 14232.777777777797 
285.0048855897958 1707.0 0.0 30.0 129.0 13934.24018634932 13896.88148148148 14232.777777777797 
286.0048855897958 1721.0 0.0 41.0 125.0 13959.037019333393 14016.896296296318 14232.777777777797 
287.0048855897958 1742.0 0.0 39.0 126.0 13950.92369131116 13931.9925925926 14232.777777777797 
288.0048855897958 1770.0 0.0 26.0 125.0 13936.882139473366 13904.11851851852 14232.777777777797 
289.0048855897958 1788.0 0.0 30.0 126.0 13950.066386520246 13980.82962962964 14232.777777777797 
290.0048855897958 1801.0 0.0 43.0 128.0 13981.962026119738 14056.385185185176 14232.777777777797 
291.0048855897958 1824.0 0.0 43.0 125.0 13963.226751617134 13919.511111111091 14232.777777777797 
292.0048855897958 1852.0 0.0 31.0 124.0 13910.654281687555 13787.985185185162 14232.777777777797 
293.0048855897958 1870.0 0.0 33.0 121.0 13940.060219403507 14008.674074074104 14232.777777777797 
294.0048855897958 1889.0 0.0 39.0 125.0 13954.159931360213 13987.059259259278 14232.777777777797 
295.0048855897958 1911.0 0.0 31.0 128.0 13940.091951952165 13907.266666666654 14232.777777777797 
296.0048855897958 1934.0 0.0 21.0 125.0 13940.473255255403 13941.362962962958 14232.777777777797 
297.0048855897958 1945.0 0.0 31.0 127.0 13979.595723123231 14070.88148148148 14232.777777777797 
298.0048855897958 1962.0 0.0 37.0 128.0 13988.657006186279 14009.799999999974 14232.777777777797 
299.0044804446459 1987.0 0.0 39.0 128.0 13965.851576460675 13912.392592592572 14232.777777777797 
300.0048855897958 2015.0 0.0 36.0 128.0 13960.276821920143 13935.111111111119 14232.777777777797 
301.0048855897958 2036.0 0.0 31.0 123.0 13974.793775344106 14008.666666666668 14232.777777777797 
302.0048855897958 2056.0 0.0 36.0 126.0 13968.851198296428 13954.985185185162 14232.777777777797 
303.0048855897958 2074.0 0.0 39.0 129.0 13954.720283251943 13921.748148148132 14232.777777777797 
304.0048855897958 2099.0 0.0 41.0 125.0 13980.795309387477 14041.637037037042 14232.777777777797 
305.0048855897958 2124.0 0.0 38.0 120.0 13967.692272126797 13937.11851851852 14232.777777777797 
306.0048855897958 2145.0 0.0 42.0 124.0 13942.14459048876 13882.533333333322 14232.777777777797 
307.0048855897958 2168.0 0.0 45.0 127.0 13925.461213342109 13886.533333333322 14232.777777777797 
308.0048855897958 2195.0 0.0 42.0 125.0 13886.693960450606 13796.23703703704 14232.777777777797 
309.0048855897958 2217.0 0.0 39.0 121.0 13887.839105648747 13890.511111111091 14232.777777777797 
310.0048855897958 2242.0 0.0 33.0 123.0 13900.487373954113 13930.0 14232.777777777797 
311.0048855897958 2260.0 0.0 41.0 125.0 13917.438939545664 13956.9925925926 14232.777777777797 
312.0048855897958 2291.0 0.0 33.0 126.0 13898.79836879308 13855.303703703716 14232.777777777797 
313.0048855897958 2307.0 0.0 42.0 124.0 13900.065524821805 13903.022222222227 14232.777777777797 
314.0048855897958 2333.0 0.0 33.0 121.0 13922.685867375294 13975.46666666668 14232.777777777797 
315.0048855897958 2354.0 0.0 35.0 123.0 13929.22010716269 13944.46666666668 14232.777777777797 
316.0048855897958 2373.0 0.0 35.0 130.0 13912.065186124993 13872.037037037015 14232.777777777797 
317.0048855897958 2396.0 0.0 41.0 125.0 13932.02118584306 13978.5851851852 14232.777777777797 
318.0048855897958 2418.0 0.0 48.0 122.0 13933.545941201235 13937.103703703682 14232.777777777797 
319.0048855897958 2444.0 0.0 45.0 119.0 13928.133269951984 13915.503703703695 14232.777777777797 
320.0048855897958 2475.0 0.0 42.0 110.0 13900.744400077505 13836.83703703704 14232.777777777797 
321.00436472059596 2499.0 0.0 35.0 127.0 13874.471384413438 13827.629629629611 14232.777777777797 
322.0031471014999 2525.0 0.0 38.0 125.0 13898.876635756062 13955.82222222224 14232.777777777797 
323.0048855897958 2549.0 0.0 40.0 122.0 13893.90732922657 13899.88148148148 14232.777777777797 
324.0048855897958 2570.0 0.0 43.0 127.0 13870.559574903044 13816.081481481506 14232.777777777797 
325.0048855897958 2600.0 0.0 37.0 122.0 13900.749480209912 13971.192592592592 14232.777777777797 
326.0048855897958 2616.0 0.0 44.0 123.0 13935.00241392472 14014.925925925929 14232.777777777797 
327.0048855897958 2643.0 0.0 35.0 126.0 13898.39057863618 13812.962962962985 14232.777777777797 
328.0048855897958 2670.0 0.0 33.0 125.0 13922.78673837865 13979.711111111119 14232.777777777797 
329.0048855897958 2689.0 0.0 38.0 125.0 13928.70182797619 13942.503703703695 14232.777777777797 
330.0048855897958 2709.0 0.0 41.0 128.0 13927.213501805552 13923.740740740732 14232.777777777797 
331.0048855897958 2733.0 0.0 41.0 123.0 13946.031673486097 13989.940740740722 14232.777777777797 
332.0048855897958 2750.0 0.0 43.0 120.0 13934.064393662504 13906.140740740748 14232.777777777797 
333.0048855897958 2784.0 0.0 31.0 125.0 13915.453964452638 13872.029629629666 14232.777777777797 
334.0048855897958 2800.0 0.0 42.0 129.0 13933.19110845017 13974.577777777764 14232.777777777797 
335.0048855897958 2826.0 0.0 52.0 125.0 13927.213775915137 13913.266666666656 14232.777777777797 
336.0048855897958 2852.0 0.0 54.0 121.0 13900.022976473929 13836.577777777764 14232.777777777797 
337.0048855897958 2884.0 0.0 48.0 121.0 13896.573861309509 13888.525925925918 14232.777777777797 
338.0048855897958 2915.0 0.0 39.0 125.0 13859.050591805546 13771.496296296307 14232.777777777797 
339.0048855897958 2942.0 0.0 40.0 121.0 13869.088747597221 13892.511111111091 14232.777777777797 
340.0048855897958 2966.0 0.0 44.0 123.0 13880.199901095835 13906.125925925919 14232.777777777797 
341.0048855897958 2991.0 0.0 48.0 124.0 13844.18437521153 13760.148148148146 14232.777777777797 
342.0048855897958 3022.0 0.0 52.0 124.0 13852.80017375916 13872.903703703709 14232.777777777797 
343.0048855897958 3049.0 0.0 53.0 121.0 13803.529010520311 13688.562962962935 14232.777777777797 
344.0048855897958 3078.0 0.0 44.0 125.0 13799.201418475328 13789.103703703682 14232.777777777797 
345.0048855897958 3111.0 0.0 30.0 117.0 13838.698770710518 13930.859259259254 14232.777777777797 
346.0048855897958 3128.0 0.0 36.0 113.0 13895.91358394182 14029.4148148148 14232.777777777797 
347.0048855897958 3147.0 0.0 49.0 122.0 13901.779508759257 13915.46666666668 14232.777777777797 
348.0048855897958 3174.0 0.0 48.0 120.0 13872.918989464795 13805.577777777764 14232.777777777797 
349.0048855897958 3200.0 0.0 46.0 123.0 13872.318848180934 13870.918518518494 14232.777777777797 
350.0048855897958 3228.0 0.0 39.0 124.0 13890.820971504432 13933.9925925926 14232.777777777797 
351.0048855897958 3247.0 0.0 44.0 122.0 13864.308013386435 13802.444444444414 14232.777777777797 
352.0048855897958 3272.0 0.0 49.0 123.0 13870.633387148273 13885.392592592572 14232.777777777797 
353.0048855897958 3298.0 0.0 43.0 125.0 13844.296704337119 13782.844444444469 14232.777777777797 
354.0048855897958 3331.0 0.0 35.0 123.0 13874.952137480415 13946.481481481478 14232.777777777797 
355.0048855897958 3347.0 0.0 42.0 125.0 13889.590940680757 13923.748148148132 14232.777777777797 
356.0048855897958 3374.0 0.0 45.0 121.0 13896.084769587631 13911.23703703704 14232.777777777797 
357.0047857044888 3394.0 0.0 56.0 122.0 13887.573241355061 13870.911111111145 14232.777777777797 
358.0048855897958 3426.0 0.0 50.0 122.0 13851.208425986839 13764.11851851852 14232.777777777797 
359.0048855897958 3464.0 0.0 41.0 121.0 13833.434787079661 13791.962962962985 14232.777777777797 
360.0048855897958 3481.0 0.0 44.0 118.0 13830.704350955759 13824.333333333332 14232.777777777797 
361.0048855897958 3511.0 0.0 44.0 123.0 13847.115267891277 13885.407407407401 14232.777777777797 
362.0048855897958 3541.0 0.0 28.0 120.0 13842.41179863498 13831.437037037065 14232.777777777797 
363.0048855897958 3557.0 0.0 40.0 124.0 13907.543814600043 14059.518518518522 14232.777777777797 
364.00129704524875 3582.0 0.0 37.0 122.0 13901.367977299413 13896.76296296296 14232.777777777797 
365.0048855897958 3601.0 0.0 41.0 124.0 13913.355802487364 13971.444444444414 14232.777777777797 
366.0048855897958 3626.0 0.0 41.0 127.0 13895.340172852266 13853.303703703716 14232.777777777797 
367.0048855897958 3653.0 0.0 54.0 122.0 13905.060343218802 13927.740740740734 14232.777777777797 
368.0048855897958 3676.0 0.0 66.0 121.0 13871.471129142043 13793.096296296291 14232.777777777797 
369.0048855897958 3716.0 0.0 55.0 121.0 13862.872012621661 13842.807407407408 14232.777777777797 
370.0048855897958 3748.0 0.0 52.0 121.0 13807.76596439072 13679.185185185197 14232.777777777797 
371.0048855897958 3775.0 0.0 56.0 121.0 13780.69173062906 13717.51851851852 14232.777777777797 
372.0048855897958 3813.0 0.0 44.0 112.0 13783.135322551434 13788.83703703704 14232.777777777797 
373.0048855897958 3841.0 0.0 49.0 112.0 13806.65694800823 13861.540740740757 14232.777777777797 
374.00285435634197 3861.0 0.0 53.0 122.0 13790.577466371775 13748.851851851854 14232.777777777797 
375.0048855897958 3899.0 0.0 44.0 121.0 13794.782126746246 13795.207407407375 14232.777777777797 
376.0048855897958 3921.0 0.0 52.0 122.0 13836.876377611268 13935.096296296291 14232.777777777797 
377.0048855897958 3949.0 0.0 60.0 122.0 13806.953464327897 13737.13333333335 14232.777777777797 
378.0048855897958 3989.0 0.0 47.0 117.0 13849.67186947395 13949.348148148161 14232.777777777797 
379.0048855897958 4018.0 0.0 44.0 118.0 13824.336975298445 13765.222222222203 14232.777777777797 
380.0048855897958 4044.0 0.0 52.0 112.0 13845.802549375569 13895.888888888881 14232.777777777797 
381.00140225122544 4075.0 0.0 48.0 125.0 13818.320376187705 13757.888888888881 14232.777777777797 
382.0048855897958 4102.0 0.0 47.0 121.0 13839.846582527362 13887.488888888909 14232.777777777797 
383.0013449878491 4130.0 0.0 45.0 123.0 13834.59098433197 13811.807407407408 14232.777777777797 
384.0048855897958 4155.0 0.0 39.0 125.0 13851.32126988286 13885.392592592572 14232.777777777797 
385.0048855897958 4183.0 0.0 37.0 123.0 13854.044888917979 13860.400000000001 14232.777777777797 
386.0048855897958 4199.0 0.0 47.0 125.0 13887.053644464824 13964.074074074071 14232.777777777797 
387.00229770499624 4232.0 0.0 44.0 120.0 13903.415470893671 13948.474074074082 14232.777777777797 
388.0048855897958 4255.0 0.0 54.0 110.0 13882.062508009985 13827.422222222236 14232.777777777797 
389.0048855897958 4287.0 0.0 52.0 125.0 13870.285977829199 13842.807407407408 14232.777777777797 
390.0048855897958 4317.0 0.0 53.0 118.0 13868.251295591557 13863.503703703695 14232.777777777797 
391.0048855897958 4351.0 0.0 41.0 119.0 13820.822573580745 13710.155555555531 14232.777777777797 
392.0005281895838 4380.0 0.0 33.0 118.0 13866.912751526426 13984.82222222224 14232.777777777797 
393.00256810172465 4395.0 0.0 43.0 128.0 13900.4878149574 13978.82962962964 14232.777777777797 
394.0048855897958 4426.0 0.0 47.0 126.0 13916.405231627086 13948.46666666668 14232.777777777797 
395.0048855897958 4459.0 0.0 43.0 123.0 13904.894773250075 13878.037037037015 14232.777777777797 
396.0048855897958 4482.0 0.0 48.0 124.0 13875.444119052832 13806.725925925948 14232.777777777797 
397.0048855897958 4510.0 0.0 53.0 125.0 13880.901994448095 13893.63703703704 14232.777777777797 
398.00135066587427 4543.0 0.0 43.0 119.0 13880.872207726543 13882.022222222226 14232.777777777797 
399.0048855897958 4568.0 0.0 51.0 122.0 13884.067532835135 13903.0 14232.777777777797 
400.0048855897958 4596.0 0.0 53.0 122.0 13891.880606317924 13910.11111111112 14232.777777777797 
401.0048855897958 4627.0 0.0 51.0 120.0 13851.676424422543 13757.86666666665 14232.777777777797 
402.0048855897958 4657.0 0.0 30.0 123.0 13844.06683042911 13826.31111111111 14232.777777777797 
403.0048855897958 4680.0 0.0 13.0 124.0 13888.160114633709 13991.04444444444 14232.777777777797 
404.0048855897958 4690.0 0.0 4.0 128.0 13962.572080243588 14136.200000000026 14232.777777777797 
405.0048855897958 4694.0 0.0 1.0 130.0 14034.59823394829 14202.659259259277 14232.777777777797 
406.0048855897958 4695.0 0.0 0.0 134.0 14093.114319319362 14229.651851851839 14232.777777777797 
407.0048855897958 4695.0 0.0 0.0 135.0 14135.01335685688 14232.777777777797 14232.777777777797 
408.0048855897958 4695.0 0.0 0.0 135.0 14164.342683133142 14232.777777777797 14232.777777777797 
409.0048855897958 4695.0 0.0 0.0 135.0 14184.873211526536 14232.777777777797 14232.777777777797 
410.0048855897958 4695.0 0.0 1.0 135.0 14199.244581401914 14232.777777777797 14232.777777777797 
411.0048855897958 4695.0 0.0 1.0 135.0 14208.366762536894 14229.651851851839 14232.777777777797 
412.0048855897958 4696.0 0.0 0.0 135.0 14214.752289331382 14229.651851851839 14232.777777777797 
413.0048855897958 4696.0 0.0 0.0 135.0 14220.15993586529 14232.777777777797 14232.777777777797 
414.0048855897958 4696.0 0.0 0.0 135.0 14223.945288439034 14232.777777777797 14232.777777777797 
415.0048855897958 4696.0 0.0 0.0 135.0 14226.595035240662 14232.777777777797 14232.777777777797 
416.0048855897958 4696.0 0.0 1.0 135.0 14228.449858001793 14232.777777777797 14232.777777777797 
417.0048855897958 4696.0 0.0 1.0 135.0 14228.810456156813 14229.651851851839 14232.777777777797 
418.0048855897958 4697.0 0.0 0.0 135.0 14229.062874865322 14229.651851851839 14232.777777777797 
419.0048855897958 4697.0 0.0 0.0 135.0 14230.177345739061 14232.777777777797 14232.777777777797 
420.0048855897958 4697.0 0.0 1.0 135.0 14230.957475350662 14232.777777777797 14232.777777777797 
421.0048855897958 4697.0 0.0 2.0 135.0 14230.565788301028 14229.651851851839 14232.777777777797 
422.0048855897958 4698.0 0.0 1.0 135.0 14229.353829588496 14226.525925925918 14232.777777777797 
423.0048855897958 4699.0 0.0 1.0 135.0 14229.443236267502 14229.651851851839 14232.777777777797 
424.0048855897958 4700.0 0.0 1.0 135.0 14229.5058209428 14229.651851851839 14232.777777777797 
425.0048855897958 4701.0 0.0 0.0 135.0 14229.549630215513 14229.651851851839 14232.777777777797 
426.0048855897958 4701.0 0.0 1.0 135.0 14230.518074484185 14232.777777777797 14232.777777777797 
427.0048855897958 4702.0 0.0 1.0 135.0 14225.911541027834 14215.162962962962 14232.777777777797 
428.0048855897958 4703.0 0.0 0.0 135.0 14222.686967608368 14215.162962962962 14232.777777777797 
429.0048855897958 4703.0 0.0 0.0 135.0 14225.714210659187 14232.777777777797 14232.777777777797 
430.0048855897958 4703.0 0.0 0.0 135.0 14227.833280794755 14232.777777777797 14232.777777777797 
431.0048855897958 4703.0 0.0 0.0 135.0 14229.316629889678 14232.777777777797 14232.777777777797 
432.0048855897958 4703.0 0.0 0.0 135.0 14230.35497425609 14232.777777777797 14232.777777777797 
433.0048855897958 4703.0 0.0 0.0 135.0 14231.081815312597 14232.777777777797 14232.777777777797 
434.0048855897958 4703.0 0.0 1.0 135.0 14231.590604052142 14232.777777777797 14232.777777777797 
435.0048855897958 4703.0 0.0 1.0 135.0 14231.008978392058 14229.651851851839 14232.777777777797 
436.0048855897958 4704.0 0.0 0.0 135.0 14230.601840429994 14229.651851851839 14232.777777777797 
437.0048855897958 4704.0 0.0 0.0 135.0 14231.254621634334 14232.777777777797 14232.777777777797 
438.0048855897958 4704.0 0.0 0.0 135.0 14231.711568477378 14232.777777777797 14232.777777777797 
439.0048855897958 4704.0 0.0 0.0 135.0 14232.03143126748 14232.777777777797 14232.777777777797 
440.0048855897958 4704.0 0.0 0.0 135.0 14232.255335220565 14232.777777777797 14232.777777777797 
441.0048855897958 4704.0 0.0 0.0 135.0 14232.412067987745 14232.777777777797 14232.777777777797 
442.0048855897958 4704.0 0.0 0.0 135.0 14232.521780924753 14232.777777777797 14232.777777777797 
443.0048855897958 4704.0 0.0 0.0 135.0 14232.59857998065 14232.777777777797 14232.777777777797 
444.0048855897958 4704.0 0.0 0.0 135.0 14232.652339319797 14232.777777777797 14232.777777777797 
445.0048855897958 4704.0 0.0 0.0 135.0 14232.689970857173 14232.777777777797 14232.777777777797 
446.0048855897958 4704.0 0.0 0.0 135.0 14232.71631293337 14232.777777777797 14232.777777777797 
447.0048855897958 4704.0 0.0 1.0 135.0 14232.734752386681 14232.777777777797 14232.777777777797 
448.0048855897958 4705.0 0.0 0.0 135.0 14231.809882226235 14229.651851851839 14232.777777777797 
449.0048855897958 4705.0 0.0 0.0 135.0 14232.100250891717 14232.777777777797 14232.777777777797 
450.0048855897958 4705.0 0.0 0.0 135.0 14232.303508957519 14232.777777777797 14232.777777777797 
451.0048855897958 4705.0 0.0 0.0 135.0 14232.4457896036 14232.777777777797 14232.777777777797 
452.0048855897958 4705.0 0.0 0.0 135.0 14232.54538605585 14232.777777777797 14232.777777777797 
453.0048855897958 4705.0 0.0 1.0 135.0 14232.615103572447 14232.777777777797 14232.777777777797 
454.0048855897958 4706.0 0.0 0.0 135.0 14231.726128056256 14229.651851851839 14232.777777777797 
455.0048855897958 4706.0 0.0 0.0 135.0 14232.041622972707 14232.777777777797 14232.777777777797 
456.0048855897958 4706.0 0.0 0.0 135.0 14232.262469414223 14232.777777777797 14232.777777777797 
457.0048855897958 4706.0 0.0 0.0 135.0 14232.417061923295 14232.777777777797 14232.777777777797 
458.0048855897958 4706.0 0.0 0.0 135.0 14232.525276679642 14232.777777777797 14232.777777777797 
459.0048855897958 4706.0 0.0 0.0 135.0 14232.601027009081 14232.777777777797 14232.777777777797 
460.0048855897958 4706.0 0.0 0.0 135.0 14232.65405223969 14232.777777777797 14232.777777777797 
461.0048855897958 4706.0 0.0 0.0 135.0 14232.69116990111 14232.777777777797 14232.777777777797 
462.0048855897958 4706.0 0.0 1.0 135.0 14232.717152264113 14232.777777777797 14232.777777777797 
463.0048855897958 4707.0 0.0 0.0 135.0 14227.450895473754 14215.162962962962 14232.777777777797 
464.0048855897958 4707.0 0.0 0.0 135.0 14229.048960164972 14232.777777777797 14232.777777777797 
465.0048855897958 4707.0 0.0 0.0 135.0 14230.167605448807 14232.777777777797 14232.777777777797 
466.0048855897958 4707.0 0.0 0.0 135.0 14230.95065714752 14232.777777777797 14232.777777777797 
467.0048855897958 4707.0 0.0 0.0 135.0 14231.49879333659 14232.777777777797 14232.777777777797 
468.0048855897958 4707.0 0.0 0.0 135.0 14231.882488668958 14232.777777777797 14232.777777777797 
469.0048855897958 4707.0 0.0 0.0 135.0 14232.1510754016 14232.777777777797 14232.777777777797 
470.0048855897958 4707.0 0.0 0.0 135.0 14232.339086114458 14232.777777777797 14232.777777777797 
471.0048855897958 4707.0 0.0 0.0 135.0 14232.470693613463 14232.777777777797 14232.777777777797 
472.0048855897958 4707.0 0.0 0.0 135.0 14232.562818862756 14232.777777777797 14232.777777777797 
473.0048855897958 4707.0 0.0 0.0 135.0 14232.627306537262 14232.777777777797 14232.777777777797 
474.0048855897958 4707.0 0.0 1.0 135.0 14232.672447909426 14232.777777777797 14232.777777777797 
475.0048855897958 4708.0 0.0 0.0 135.0 14231.766269092144 14229.651851851839 14232.777777777797 
476.0048855897958 4708.0 0.0 0.0 135.0 14232.069721697837 14232.777777777797 14232.777777777797 
477.0048855897958 4708.0 0.0 0.0 135.0 14232.282138521823 14232.777777777797 14232.777777777797 
478.0048855897958 4708.0 0.0 0.0 135.0 14232.430830298605 14232.777777777797 14232.777777777797 
479.0048855897958 4708.0 0.0 0.0 135.0 14232.534914542353 14232.777777777797 14232.777777777797 
480.0048855897958 4708.0 0.0 0.0 135.0 14232.607773512982 14232.777777777797 14232.777777777797 
481.0048855897958 4708.0 0.0 0.0 135.0 14232.65877479241 14232.777777777797 14232.777777777797 
482.0048855897958 4708.0 0.0 0.0 135.0 14232.694475688022 14232.777777777797 14232.777777777797 
483.0048855897958 4708.0 0.0 0.0 135.0 14232.71946631494 14232.777777777797 14232.777777777797 
484.0048855897958 4708.0 0.0 0.0 135.0 14232.736959753805 14232.777777777797 14232.777777777797 
485.0048855897958 4708.0 0.0 0.0 135.0 14232.749205160999 14232.777777777797 14232.777777777797 
486.0048855897958 4708.0 0.0 0.0 135.0 14232.757776946013 14232.777777777797 14232.777777777797 
487.0048855897958 4708.0 0.0 0.0 135.0 14232.763777195554 14232.777777777797 14232.777777777797 
488.0048855897958 4708.0 0.0 0.0 135.0 14232.76797737023 14232.777777777797 14232.777777777797 
489.0048855897958 4708.0 0.0 0.0 135.0 14232.770917492497 14232.777777777797 14232.777777777797 
490.0048855897958 4708.0 0.0 0.0 135.0 14232.772975578078 14232.777777777797 14232.777777777797 
491.0048855897958 4708.0 0.0 0.0 135.0 14232.774416237986 14232.777777777797 14232.777777777797 
492.0048855897958 4708.0 0.0 0.0 135.0 14232.775424699923 14232.777777777797 14232.777777777797 
493.0048855897958 4708.0 0.0 0.0 135.0 14232.776130623282 14232.777777777797 14232.777777777797 
494.0048855897958 4708.0 0.0 0.0 135.0 14232.776624769607 14232.777777777797 14232.777777777797 
495.0048855897958 4708.0 0.0 0.0 135.0 14232.77697067206 14232.777777777797 14232.777777777797 
496.0048855897958 4708.0 0.0 0.0 135.0 14232.777212803781 14232.777777777797 14232.777777777797 
497.0048855897958 4708.0 0.0 0.0 135.0 14232.777382295983 14232.777777777797 14232.777777777797 
498.0048855897958 4708.0 0.0 0.0 135.0 14232.77750094054 14232.777777777797 14232.777777777797 
499.0048855897958 4708.0 0.0 0.0 135.0 14232.777583991716 14232.777777777797 14232.777777777797 
500.0048855897958 4708.0 0.0 0.0 135.0 14232.777642127518 14232.777777777797 14232.777777777797 
501.0048855897958 4708.0 0.0 0.0 135.0 14232.777682822594 14232.777777777797 14232.777777777797 
502.0048855897958 4708.0 0.0 1.0 135.0 14232.777711309138 14232.777777777797 14232.777777777797 
503.0048855897958 4708.0 0.0 1.0 135.0 14231.83995347198 14229.651851851839 14232.777777777797 
504.0048855897958 4709.0 0.0 0.0 135.0 14231.183522985924 14229.651851851839 14232.777777777797 
505.0048855897958 4709.0 0.0 0.0 135.0 14231.661799423482 14232.777777777797 14232.777777777797 
506.0048855897958 4709.0 0.0 0.0 135.0 14231.996592929743 14232.777777777797 14232.777777777797 
507.0048855897958 4709.0 0.0 1.0 135.0 14232.230948384184 14232.777777777797 14232.777777777797 
508.0048855897958 4710.0 0.0 0.0 135.0 14231.457219424492 14229.651851851839 14232.777777777797 
509.0048855897958 4710.0 0.0 1.0 135.0 14231.853386930488 14232.777777777797 14232.777777777797 
510.0048855897958 4710.0 0.0 1.0 135.0 14231.192926406895 14229.651851851839 14232.777777777797 
511.0048855897958 4711.0 0.0 0.0 135.0 14230.730604040371 14229.651851851839 14232.777777777797 
512.0048855897958 4711.0 0.0 0.0 135.0 14231.344756161607 14232.777777777797 14232.777777777797 
513.0048855897958 4711.0 0.0 0.0 135.0 14231.774662646436 14232.777777777797 14232.777777777797 
514.0048855897958 4711.0 0.0 0.0 135.0 14232.075597185827 14232.777777777797 14232.777777777797 
515.0048855897958 4711.0 0.0 0.0 135.0 14232.286251363426 14232.777777777797 14232.777777777797 
516.0048855897958 4711.0 0.0 0.0 135.0 14232.433709287703 14232.777777777797 14232.777777777797 
517.0048855897958 4711.0 0.0 0.0 135.0 14232.536929834752 14232.777777777797 14232.777777777797 
518.0048855897958 4711.0 0.0 0.0 135.0 14232.609184217665 14232.777777777797 14232.777777777797 
519.0048855897958 4711.0 0.0 0.0 135.0 14232.659762285713 14232.777777777797 14232.777777777797 
520.0048855897958 4711.0 0.0 0.0 135.0 14232.695166933298 14232.777777777797 14232.777777777797 
521.0048855897958 4711.0 0.0 0.0 135.0 14232.719950186663 14232.777777777797 14232.777777777797 
522.0048855897958 4711.0 0.0 0.0 135.0 14232.73729846401 14232.777777777797 14232.777777777797 
523.0048855897958 4711.0 0.0 0.0 135.0 14232.749442258111 14232.777777777797 14232.777777777797 
524.0048855897958 4711.0 0.0 0.0 135.0 14232.757942914011 14232.777777777797 14232.777777777797 
525.0048855897958 4711.0 0.0 0.0 135.0 14232.763893373143 14232.777777777797 14232.777777777797 
526.0048855897958 4711.0 0.0 0.0 135.0 14232.768058694537 14232.777777777797 14232.777777777797 
527.0048855897958 4711.0 0.0 0.0 135.0 14232.770974419487 14232.777777777797 14232.777777777797 
528.0048855897958 4711.0 0.0 0.0 135.0 14232.773015427005 14232.777777777797 14232.777777777797 
529.0048855897958 4711.0 0.0 0.0 135.0 14232.774444132232 14232.777777777797 14232.777777777797 
530.0048855897958 4711.0 0.0 0.0 135.0 14232.775444225901 14232.777777777797 14232.777777777797 
531.0048855897958 4711.0 0.0 0.0 135.0 14232.776144291429 14232.777777777797 14232.777777777797 
532.0048855897958 4711.0 0.0 0.0 135.0 14232.776634337333 14232.777777777797 14232.777777777797 
533.0048855897958 4711.0 0.0 0.0 135.0 14232.776977369476 14232.777777777797 14232.777777777797 
534.0048855897958 4711.0 0.0 0.0 135.0 14232.77721749195 14232.777777777797 14232.777777777797 
535.0048855897958 4711.0 0.0 0.0 135.0 14232.777385577709 14232.777777777797 14232.777777777797 
536.0048855897958 4711.0 0.0 0.0 135.0 14232.777503237727 14232.777777777797 14232.777777777797 
537.0048855897958 4711.0 0.0 0.0 135.0 14232.777585599742 14232.777777777797 14232.777777777797 
538.0048855897958 4711.0 0.0 0.0 135.0 14232.777643253141 14232.777777777797 14232.777777777797 
539.0048855897958 4711.0 0.0 0.0 135.0 14232.777683610528 14232.777777777797 14232.777777777797 
540.0048855897958 4711.0 0.0 0.0 135.0 14232.777711860715 14232.777777777797 14232.777777777797 
541.0048855897958 4711.0 0.0 0.0 135.0 14232.77773163582 14232.777777777797 14232.777777777797 
542.0048855897958 4711.0 0.0 0.0 135.0 14232.77774547842 14232.777777777797 14232.777777777797 
543.0048855897958 4711.0 0.0 0.0 135.0 14232.7777551682 14232.777777777797 14232.777777777797 
544.0048855897958 4711.0 0.0 0.0 135.0 14232.777761951089 14232.777777777797 14232.777777777797 
545.0048855897958 4711.0 0.0 0.0 135.0 14232.777766699079 14232.777777777797 14232.777777777797 
546.0048855897958 4711.0 0.0 0.0 135.0 14232.777770022698 14232.777777777797 14232.777777777797 
547.0048855897958 4711.0 0.0 0.0 135.0 14232.777772349218 14232.777777777797 14232.777777777797 
548.0048855897958 4711.0 0.0 0.0 135.0 14232.77777397778 14232.777777777797 14232.777777777797 
549.0048855897958 4711.0 0.0 1.0 135.0 14232.777775117771 14232.777777777797 14232.777777777797 
550.0048855897958 4712.0 0.0 0.0 135.0 14231.839998138006 14229.651851851839 14232.777777777797 
551.0048855897958 4712.0 0.0 0.0 135.0 14232.121332029923 14232.777777777797 14232.777777777797 
552.0048855897958 4712.0 0.0 0.0 135.0 14232.318265754306 14232.777777777797 14232.777777777797 
553.0048855897958 4712.0 0.0 1.0 135.0 14232.456119361337 14232.777777777797 14232.777777777797 
554.0048855897958 4712.0 0.0 1.0 135.0 14231.614839108477 14229.651851851839 14232.777777777797 
555.0048855897958 4713.0 0.0 0.0 135.0 14231.0259429315 14229.651851851839 14232.777777777797 
556.0048855897958 4713.0 0.0 0.0 135.0 14231.551493385403 14232.777777777797 14232.777777777797 
557.0048855897958 4713.0 0.0 0.0 135.0 14231.919378703104 14232.777777777797 14232.777777777797 
558.0048855897958 4713.0 0.0 0.0 135.0 14232.176898425521 14232.777777777797 14232.777777777797 
559.0048855897958 4713.0 0.0 0.0 135.0 14232.357162231183 14232.777777777797 14232.777777777797 
560.0048855897958 4713.0 0.0 0.0 135.0 14232.483346895162 14232.777777777797 14232.777777777797 
561.0048855897958 4713.0 0.0 0.0 135.0 14232.571676159927 14232.777777777797 14232.777777777797 
562.0048855897958 4713.0 0.0 1.0 135.0 14232.633506645298 14232.777777777797 14232.777777777797 
563.0048855897958 4714.0 0.0 0.0 135.0 14227.392343540596 14215.162962962962 14232.777777777797 
564.0048855897958 4714.0 0.0 0.0 135.0 14229.007973811746 14232.777777777797 14232.777777777797 
565.0048855897958 4714.0 0.0 0.0 135.0 14230.138915001557 14232.777777777797 14232.777777777797 
566.0048855897958 4714.0 0.0 0.0 135.0 14230.930573834426 14232.777777777797 14232.777777777797 
567.0048855897958 4714.0 0.0 0.0 135.0 14231.484735017442 14232.777777777797 14232.777777777797 
568.0048855897958 4714.0 0.0 0.0 135.0 14231.872647845517 14232.777777777797 14232.777777777797 
569.0048855897958 4714.0 0.0 0.0 135.0 14232.144186825177 14232.777777777797 14232.777777777797 
570.0048855897958 4714.0 0.0 0.0 135.0 14232.334264110956 14232.777777777797 14232.777777777797 
571.0048855897958 4714.0 0.0 0.0 135.0 14232.467318211033 14232.777777777797 14232.777777777797 
572.0048855897958 4714.0 0.0 0.0 135.0 14232.560456081033 14232.777777777797 14232.777777777797 
573.0048855897958 4714.0 0.0 0.0 135.0 14232.625652590063 14232.777777777797 14232.777777777797 
574.0048855897958 4714.0 0.0 0.0 135.0 14232.671290146354 14232.777777777797 14232.777777777797 
575.0048855897958 4714.0 0.0 0.0 135.0 14232.703236435811 14232.777777777797 14232.777777777797 
576.0048855897958 4714.0 0.0 0.0 135.0 14232.725598838377 14232.777777777797 14232.777777777797 
577.0048855897958 4714.0 0.0 0.0 135.0 14232.74125252021 14232.777777777797 14232.777777777797 
578.0048855897958 4714.0 0.0 0.0 135.0 14232.752210097478 14232.777777777797 14232.777777777797 
579.0048855897958 4714.0 0.0 0.0 135.0 14232.759880401567 14232.777777777797 14232.777777777797 
580.0048855897958 4714.0 0.0 0.0 135.0 14232.765249614447 14232.777777777797 14232.777777777797 
581.0048855897958 4714.0 0.0 0.0 135.0 14232.76900806341 14232.777777777797 14232.777777777797 
582.0048855897958 4714.0 0.0 0.0 135.0 14232.771638977734 14232.777777777797 14232.777777777797 
583.0048855897958 4714.0 0.0 0.0 135.0 14232.773480617747 14232.777777777797 14232.777777777797 
584.0048855897958 4714.0 0.0 0.0 135.0 14232.774769765736 14232.777777777797 14232.777777777797 
585.0048855897958 4714.0 0.0 0.0 135.0 14232.77567216934 14232.777777777797 14232.777777777797 
586.0048855897958 4714.0 0.0 0.0 135.0 14232.776303851888 14232.777777777797 14232.777777777797 
587.0048855897958 4714.0 0.0 0.0 135.0 14232.776746029655 14232.777777777797 14232.777777777797 
588.0048855897958 4714.0 0.0 0.0 135.0 14232.77705555409 14232.777777777797 14232.777777777797 
589.0048855897958 4714.0 0.0 1.0 135.0 14232.777272221216 14232.777777777797 14232.777777777797 
590.0048855897958 4714.0 0.0 1.0 135.0 14231.839646110393 14229.651851851839 14232.777777777797 
591.0048855897958 4715.0 0.0 0.0 135.0 14231.183307832845 14229.651851851839 14232.777777777797 
592.0048855897958 4715.0 0.0 0.0 135.0 14231.661648816298 14232.777777777797 14232.777777777797 
593.0048855897958 4715.0 0.0 0.0 135.0 14231.996487504724 14232.777777777797 14232.777777777797 
594.0048855897958 4715.0 0.0 0.0 135.0 14232.230874586683 14232.777777777797 14232.777777777797 
595.0048855897958 4715.0 0.0 0.0 135.0 14232.394945544014 14232.777777777797 14232.777777777797 
596.0048855897958 4715.0 0.0 0.0 135.0 14232.509795214128 14232.777777777797 14232.777777777797 
597.0048855897958 4715.0 0.0 0.0 135.0 14232.590189983228 14232.777777777797 14232.777777777797 
598.0048855897958 4715.0 0.0 0.0 135.0 14232.646466321614 14232.777777777797 14232.777777777797 
599.0048855897958 4715.0 0.0 0.0 135.0 14232.685859758465 14232.777777777797 14232.777777777797 
600.0048855897958 4715.0 0.0 0.0 135.0 14232.713435164262 14232.777777777797 14232.777777777797 
#####################################################################
# End of data export. Simulation finished at: 2020-01-24T21:15+0000 #
#####################################################################
