#####################################################################
# Alchemist log file - simulation started at: 2020-02-18T16:47+0000 #
#####################################################################
# longseed = 73.0, meanTaskSize = 100, peakFrequency = 0.3
#
# The columns have the following meaning: 
# time done[Sum] drop[Sum] waiting[Sum] isLeader[Sum] capacity[Mean] freeCapacity[Mean] maxCapacity[Mean] 
0.0 NaN 0.0 NaN NaN NaN NaN NaN 
1.005389929933351 0.0 0.0 0.0 135.0 14232.777777777797 14232.777777777797 14232.777777777797 
2.005389929933351 0.0 0.0 0.0 135.0 14232.777777777797 14232.777777777797 14232.777777777797 
3.005389929933351 0.0 0.0 0.0 135.0 14232.777777777797 14232.777777777797 14232.777777777797 
4.005389929933351 0.0 0.0 0.0 135.0 14232.777777777797 14232.777777777797 14232.777777777797 
5.005389929933351 0.0 0.0 0.0 135.0 14232.777777777797 14232.777777777797 14232.777777777797 
6.005389929933351 0.0 0.0 0.0 135.0 14232.777777777797 14232.777777777797 14232.777777777797 
7.005389929933351 0.0 0.0 0.0 135.0 14232.777777777797 14232.777777777797 14232.777777777797 
8.00538992993335 0.0 0.0 0.0 135.0 14232.777777777797 14232.777777777797 14232.777777777797 
9.00538992993335 0.0 0.0 0.0 135.0 14232.777777777797 14232.777777777797 14232.777777777797 
10.00538992993335 0.0 0.0 0.0 135.0 14232.777777777797 14232.777777777797 14232.777777777797 
11.00538992993335 0.0 0.0 0.0 135.0 14232.777777777797 14232.777777777797 14232.777777777797 
12.00538992993335 0.0 0.0 1.0 135.0 14232.777777777797 14232.777777777797 14232.777777777797 
13.00538992993335 1.0 0.0 0.0 135.0 14231.016296296293 14215.162962962962 14232.777777777797 
14.00538992993335 1.0 0.0 0.0 135.0 14231.192444444468 14232.777777777797 14232.777777777797 
15.00538992993335 1.0 0.0 1.0 135.0 14231.350977777802 14232.777777777797 14232.777777777797 
16.00538992993335 1.0 0.0 2.0 135.0 14229.732176296277 14215.162962962962 14232.777777777797 
17.00538992993335 2.0 0.0 1.0 135.0 14227.962662370348 14212.037037037013 14232.777777777797 
18.00538992993335 2.0 0.0 3.0 135.0 14228.131581318492 14229.651851851839 14232.777777777797 
19.00538992993335 4.0 0.0 1.0 135.0 14226.20953429778 14208.911111111145 14232.777777777797 
20.00538992993335 4.0 0.0 1.0 135.0 14226.553766053197 14229.651851851839 14232.777777777797 
21.00538992993335 4.0 0.0 1.0 135.0 14226.863574633053 14229.651851851839 14232.777777777797 
22.00538992993335 4.0 0.0 2.0 134.0 14227.142402354928 14229.651851851839 14232.777777777797 
23.00538992993335 4.0 0.0 2.0 134.0 14227.080754712053 14226.525925925918 14232.777777777797 
24.00538992993335 4.0 0.0 2.0 134.0 14227.02527183343 14226.525925925918 14232.777777777797 
25.00538992993335 5.0 0.0 1.0 134.0 14226.975337242651 14226.525925925918 14232.777777777797 
26.00538992993335 5.0 0.0 1.0 134.0 14227.242988703616 14229.651851851839 14232.777777777797 
27.00538992993335 5.0 0.0 1.0 134.0 14227.483875018426 14229.651851851839 14232.777777777797 
28.00538992993335 5.0 0.0 2.0 134.0 14227.700672701749 14229.651851851839 14232.777777777797 
29.00538992993335 6.0 0.0 1.0 134.0 14226.134309135288 14212.037037037013 14232.777777777797 
30.00538992993335 6.0 0.0 1.0 134.0 14226.486063406943 14229.651851851839 14232.777777777797 
31.00538992993335 6.0 0.0 1.0 134.0 14226.802642251429 14229.651851851839 14232.777777777797 
32.00538992993335 6.0 0.0 1.0 134.0 14227.087563211477 14229.651851851839 14232.777777777797 
33.00538992993335 6.0 0.0 1.0 134.0 14227.343992075517 14229.651851851839 14232.777777777797 
34.00538992993335 6.0 0.0 1.0 134.0 14227.574778053155 14229.651851851839 14232.777777777797 
35.00538992993335 6.0 0.0 1.0 134.0 14227.782485433021 14229.651851851839 14232.777777777797 
36.00538992993335 6.0 0.0 2.0 134.0 14227.969422074908 14229.651851851839 14232.777777777797 
37.00538992993335 6.0 0.0 2.0 134.0 14227.825072459991 14226.525925925918 14232.777777777797 
38.00538992993335 7.0 0.0 1.0 134.0 14227.695157806576 14226.525925925918 14232.777777777797 
39.00538992993335 7.0 0.0 1.0 134.0 14227.89082721114 14229.651851851839 14232.777777777797 
40.00538992993335 7.0 0.0 1.0 134.0 14228.066929675211 14229.651851851839 14232.777777777797 
41.00538992993335 7.0 0.0 1.0 134.0 14228.225421892856 14229.651851851839 14232.777777777797 
42.00538992993335 7.0 0.0 1.0 133.0 14228.368064888764 14229.651851851839 14232.777777777797 
43.00538992993335 7.0 0.0 1.0 133.0 14228.496443585089 14229.651851851839 14232.777777777797 
44.00538992993335 7.0 0.0 1.0 133.0 14228.611984411766 14229.651851851839 14232.777777777797 
45.00538992993335 7.0 0.0 1.0 134.0 14228.715971155738 14229.651851851839 14232.777777777797 
46.00538992993335 7.0 0.0 1.0 134.0 14228.809559225387 14229.651851851839 14232.777777777797 
47.00538992993335 7.0 0.0 1.0 134.0 14228.893788488007 14229.651851851839 14232.777777777797 
48.00538992993335 7.0 0.0 1.0 134.0 14228.969594824417 14229.651851851839 14232.777777777797 
49.00538992993335 7.0 0.0 1.0 134.0 14229.037820527166 14229.651851851839 14232.777777777797 
50.00538992993335 7.0 0.0 1.0 134.0 14229.099223659621 14229.651851851839 14232.777777777797 
51.00538992993335 7.0 0.0 2.0 134.0 14229.154486478832 14229.651851851839 14232.777777777797 
52.00538992993335 7.0 0.0 2.0 134.0 14228.89163042358 14226.525925925918 14232.777777777797 
53.00538992993335 8.0 0.0 1.0 134.0 14228.655059973784 14226.525925925918 14232.777777777797 
54.00538992993335 8.0 0.0 1.0 134.0 14228.754739161599 14229.651851851839 14232.777777777797 
55.00538992993335 8.0 0.0 1.0 134.0 14228.844450430615 14229.651851851839 14232.777777777797 
56.00538992993335 8.0 0.0 1.0 134.0 14228.92519057276 14229.651851851839 14232.777777777797 
57.00538992993335 8.0 0.0 1.0 133.0 14228.997856700655 14229.651851851839 14232.777777777797 
58.00538992993335 8.0 0.0 1.0 133.0 14229.063256215773 14229.651851851839 14232.777777777797 
59.00538992993335 8.0 0.0 1.0 133.0 14229.12211577935 14229.651851851839 14232.777777777797 
60.00538992993335 8.0 0.0 1.0 134.0 14229.175089386637 14229.651851851839 14232.777777777797 
61.00538992993335 8.0 0.0 2.0 134.0 14229.222765633156 14229.651851851839 14232.777777777797 
62.00538992993335 9.0 0.0 2.0 134.0 14228.953081662414 14226.525925925918 14232.777777777797 
63.00538992993335 10.0 0.0 1.0 134.0 14227.261477199907 14212.037037037013 14232.777777777797 
64.00538992993336 10.0 0.0 1.0 134.0 14227.50051466509 14229.651851851839 14232.777777777797 
65.00538992993336 10.0 0.0 1.0 134.0 14227.715648383764 14229.651851851839 14232.777777777797 
66.00538992993336 10.0 0.0 2.0 134.0 14227.909268730582 14229.651851851839 14232.777777777797 
67.00538992993336 10.0 0.0 3.0 134.0 14227.770934450096 14226.525925925918 14232.777777777797 
68.00538992993336 11.0 0.0 2.0 134.0 14227.333841005087 14223.400000000001 14232.777777777797 
69.00538992993336 12.0 0.0 1.0 134.0 14227.253049497174 14226.525925925918 14232.777777777797 
70.00538992993336 12.0 0.0 1.0 134.0 14227.492929732633 14229.651851851839 14232.777777777797 
71.00538992993336 12.0 0.0 1.0 134.0 14227.708821944561 14229.651851851839 14232.777777777797 
72.00538992993336 12.0 0.0 1.0 134.0 14227.903124935292 14229.651851851839 14232.777777777797 
73.00538992993336 12.0 0.0 1.0 134.0 14228.077997626937 14229.651851851839 14232.777777777797 
74.00538992993336 13.0 0.0 0.0 134.0 14228.235383049445 14229.651851851839 14232.777777777797 
75.00538992993336 13.0 0.0 0.0 134.0 14228.689622522244 14232.777777777797 14232.777777777797 
76.00538992993336 13.0 0.0 0.0 134.0 14229.098438047837 14232.777777777797 14232.777777777797 
77.00538992993336 13.0 0.0 0.0 134.0 14229.466372020843 14232.777777777797 14232.777777777797 
78.00538992993336 13.0 0.0 0.0 134.0 14229.797512596539 14232.777777777797 14232.777777777797 
79.00538992993336 13.0 0.0 0.0 134.0 14230.095539114624 14232.777777777797 14232.777777777797 
80.00538992993336 13.0 0.0 0.0 134.0 14230.363762980958 14232.777777777797 14232.777777777797 
81.00538992993336 13.0 0.0 0.0 135.0 14230.605164460652 14232.777777777797 14232.777777777797 
82.00538992993336 13.0 0.0 0.0 135.0 14230.822425792336 14232.777777777797 14232.777777777797 
83.00538992993336 13.0 0.0 0.0 135.0 14231.017960990914 14232.777777777797 14232.777777777797 
84.00538992993336 13.0 0.0 1.0 135.0 14231.1939426696 14232.777777777797 14232.777777777797 
85.00538992993336 13.0 0.0 1.0 135.0 14231.039733587833 14229.651851851839 14232.777777777797 
86.00538992993336 13.0 0.0 1.0 135.0 14230.9009454142 14229.651851851839 14232.777777777797 
87.00538992993336 13.0 0.0 1.0 135.0 14230.776036057961 14229.651851851839 14232.777777777797 
88.00538992993336 13.0 0.0 1.0 135.0 14230.663617637349 14229.651851851839 14232.777777777797 
89.00538992993336 13.0 0.0 1.0 135.0 14230.562441058797 14229.651851851839 14232.777777777797 
90.00538992993336 13.0 0.0 1.0 134.0 14230.471382138132 14229.651851851839 14232.777777777797 
91.00538992993336 13.0 0.0 1.0 134.0 14230.389429109495 14229.651851851839 14232.777777777797 
92.00538992993336 13.0 0.0 1.0 134.0 14230.315671383725 14229.651851851839 14232.777777777797 
93.00538992993336 14.0 0.0 0.0 134.0 14230.249289430541 14229.651851851839 14232.777777777797 
94.00538992993336 14.0 0.0 0.0 134.0 14230.502138265269 14232.777777777797 14232.777777777797 
95.00538992993336 14.0 0.0 0.0 134.0 14230.729702216486 14232.777777777797 14232.777777777797 
96.00538992993336 14.0 0.0 0.0 134.0 14230.934509772635 14232.777777777797 14232.777777777797 
97.00538992993336 14.0 0.0 0.0 135.0 14231.118836573154 14232.777777777797 14232.777777777797 
98.00538992993336 14.0 0.0 0.0 135.0 14231.284730693615 14232.777777777797 14232.777777777797 
99.00538992993336 14.0 0.0 0.0 135.0 14231.434035402042 14232.777777777797 14232.777777777797 
100.00538992993336 14.0 0.0 0.0 135.0 14231.568409639589 14232.777777777797 14232.777777777797 
101.00538992993336 14.0 0.0 0.0 135.0 14231.689346453435 14232.777777777797 14232.777777777797 
102.00538992993336 14.0 0.0 0.0 135.0 14231.798189585854 14232.777777777797 14232.777777777797 
103.00538992993336 14.0 0.0 0.0 135.0 14231.896148405061 14232.777777777797 14232.777777777797 
104.00538992993336 14.0 0.0 0.0 135.0 14231.984311342325 14232.777777777797 14232.777777777797 
105.00538992993336 14.0 0.0 0.0 135.0 14232.063657985876 14232.777777777797 14232.777777777797 
106.00538992993336 14.0 0.0 0.0 135.0 14232.135069965056 14232.777777777797 14232.777777777797 
107.00538992993336 14.0 0.0 0.0 135.0 14232.19934074633 14232.777777777797 14232.777777777797 
108.00538992993336 14.0 0.0 2.0 135.0 14232.257184449461 14232.777777777797 14232.777777777797 
109.00538992993336 16.0 0.0 0.0 135.0 14228.787021560058 14197.555555555586 14232.777777777797 
110.00538992993336 16.0 0.0 1.0 135.0 14229.186097181846 14232.777777777797 14232.777777777797 
111.00538992993336 17.0 0.0 0.0 135.0 14227.783783759984 14215.162962962962 14232.777777777797 
112.00538992993336 17.0 0.0 0.0 135.0 14228.28318316176 14232.777777777797 14232.777777777797 
113.00538992993336 17.0 0.0 2.0 135.0 14228.73264262334 14232.777777777797 14232.777777777797 
114.00538992993336 18.0 0.0 3.0 135.0 14227.063082064706 14212.037037037013 14232.777777777797 
115.00538992993336 18.0 0.0 3.0 135.0 14226.697514599007 14223.407407407401 14232.777777777797 
116.00538992993336 18.0 0.0 3.0 134.0 14226.368503879827 14223.407407407401 14232.777777777797 
117.00538992993336 18.0 0.0 3.0 134.0 14226.072394232588 14223.407407407401 14232.777777777797 
118.00538992993336 19.0 0.0 3.0 134.0 14225.805895550053 14223.407407407401 14232.777777777797 
119.00538992993336 21.0 0.0 2.0 134.0 14224.117157846906 14208.918518518494 14232.777777777797 
120.00538992993336 21.0 0.0 4.0 134.0 14222.909145765918 14212.037037037013 14232.777777777797 
121.00538992993336 22.0 0.0 4.0 134.0 14218.299712670818 14176.814814814803 14232.777777777797 
122.00538992993336 24.0 0.0 3.0 134.0 14219.122333996329 14226.525925925918 14232.777777777797 
123.00538992993336 24.0 0.0 3.0 134.0 14219.550841337423 14223.407407407401 14232.777777777797 
124.00538992993336 24.0 0.0 4.0 133.0 14219.936497944449 14223.407407407401 14232.777777777797 
125.00538992993336 24.0 0.0 5.0 133.0 14220.283588890747 14223.407407407401 14232.777777777797 
126.00538992993336 25.0 0.0 4.0 133.0 14218.521896668326 14202.666666666668 14232.777777777797 
127.00538992993336 26.0 0.0 5.0 133.0 14218.697855149645 14220.281481481483 14232.777777777797 
128.00538992993336 26.0 0.0 7.0 133.0 14217.095477042081 14202.674074074106 14232.777777777797 
129.00538992993336 27.0 0.0 6.0 132.0 14213.892596004545 14185.066666666678 14232.777777777797 
130.00538992993336 30.0 0.0 3.0 132.0 14213.08259566333 14205.792592592627 14232.777777777797 
131.00538992993336 30.0 0.0 4.0 132.0 14214.115076837752 14223.407407407401 14232.777777777797 
132.00538992993336 30.0 0.0 6.0 132.0 14213.28282841326 14205.792592592627 14232.777777777797 
133.00538992993336 31.0 0.0 6.0 132.0 14212.533804831173 14205.792592592627 14232.777777777797 
134.00538992993336 33.0 0.0 6.0 132.0 14208.336720644347 14170.562962962935 14232.777777777797 
135.00538992993336 34.0 0.0 6.0 132.0 14208.39490043177 14208.918518518494 14232.777777777797 
136.00538992993336 34.0 0.0 10.0 133.0 14204.925040018192 14173.696296296283 14232.777777777797 
137.00538992993336 37.0 0.0 8.0 132.0 14197.655498979353 14132.22962962964 14232.777777777797 
138.00538992993336 38.0 0.0 9.0 132.0 14194.635134266608 14167.45185185185 14232.777777777797 
139.00538992993336 40.0 0.0 11.0 133.0 14191.916806025138 14167.45185185185 14232.777777777797 
140.00538992993336 43.0 0.0 8.0 132.0 14186.771792089263 14140.46666666668 14232.777777777797 
141.00538992993336 46.0 0.0 7.0 132.0 14185.664242509987 14175.696296296283 14232.777777777797 
142.00538992993336 49.0 0.0 10.0 132.0 14184.978558999737 14178.80740740741 14232.777777777797 
143.00538992993336 50.0 0.0 9.0 131.0 14184.049591988647 14175.688888888892 14232.777777777797 
144.00538992993336 51.0 0.0 9.0 131.0 14180.00389204904 14143.592592592599 14232.777777777797 
145.00538992993336 54.0 0.0 8.0 131.0 14176.674613955269 14146.711111111119 14232.777777777797 
146.00538992993336 57.0 0.0 6.0 131.0 14177.513078485661 14185.059259259278 14232.777777777797 
147.00538992993336 57.0 0.0 8.0 131.0 14178.579548414857 14188.17777777776 14232.777777777797 
148.00538992993336 59.0 0.0 6.0 131.0 14176.01714912892 14152.95555555556 14232.777777777797 
149.00538992993336 61.0 0.0 6.0 131.0 14175.47173051234 14170.562962962935 14232.777777777797 
150.00538992993336 63.0 0.0 5.0 131.0 14177.054927831454 14191.303703703717 14232.777777777797 
151.00538992993336 64.0 0.0 6.0 131.0 14178.479805418698 14191.303703703717 14232.777777777797 
152.00538992993336 66.0 0.0 5.0 131.0 14178.000713765716 14173.688888888892 14232.777777777797 
153.00538992993336 69.0 0.0 4.0 131.0 14177.882123870624 14176.814814814803 14232.777777777797 
154.00538992993336 70.0 0.0 4.0 131.0 14179.536133705778 14194.422222222236 14232.777777777797 
155.00538992993336 71.0 0.0 5.0 133.0 14181.024742557423 14194.422222222236 14232.777777777797 
156.00538992993336 72.0 0.0 5.0 131.0 14179.66671274614 14167.444444444414 14232.777777777797 
157.00538992993336 74.0 0.0 5.0 131.0 14180.518559990056 14188.185185185197 14232.777777777797 
158.00538992993336 75.0 0.0 6.0 132.0 14177.762259546585 14152.95555555556 14232.777777777797 
159.00538992993336 78.0 0.0 4.0 132.0 14175.281589147486 14152.95555555556 14232.777777777797 
160.00538992993336 80.0 0.0 7.0 132.0 14176.571208010519 14188.17777777776 14232.777777777797 
161.00538992993336 81.0 0.0 8.0 132.0 14178.86890202428 14199.54814814815 14232.777777777797 
162.00538992993336 83.0 0.0 10.0 132.0 14175.964974784836 14149.82962962964 14232.777777777797 
163.00538992993336 84.0 0.0 13.0 132.0 14169.517366195203 14111.488888888909 14232.777777777797 
164.00538992993336 89.0 0.0 10.0 131.0 14159.878962909035 14073.13333333335 14232.777777777797 
165.00538992993336 92.0 0.0 10.0 130.0 14153.279214766282 14093.88148148148 14232.777777777797 
166.00538992993336 95.0 0.0 11.0 130.0 14149.412034030387 14114.607407407428 14232.777777777797 
167.00538992993336 101.0 0.0 7.0 131.0 14145.930830627347 14114.599999999999 14232.777777777797 
168.00538992993336 102.0 0.0 9.0 130.0 14146.008117934982 14146.70370370372 14232.777777777797 
169.00538992993336 107.0 0.0 8.0 130.0 14146.076935771105 14146.696296296283 14232.777777777797 
170.00538992993336 110.0 0.0 9.0 131.0 14144.689982934735 14132.207407407375 14232.777777777797 
171.00538992993336 113.0 0.0 11.0 131.0 14143.443206863501 14132.222222222203 14232.777777777797 
172.00538992993336 119.0 0.0 11.0 131.0 14139.110738028989 14100.11851851852 14232.777777777797 
173.00538992993336 124.0 0.0 7.0 132.0 14133.13818274461 14079.385185185176 14232.777777777797 
174.00538992993336 125.0 0.0 7.0 131.0 14133.35769780347 14135.333333333332 14232.777777777797 
175.00538992993336 130.0 0.0 6.0 131.0 14135.316742837977 14152.94814814816 14232.777777777797 
176.00538992993336 132.0 0.0 8.0 131.0 14139.976920406012 14181.918518518494 14232.777777777797 
177.00538992993336 133.0 0.0 8.0 131.0 14145.620709846893 14196.414814814798 14232.777777777797 
178.00538992993336 135.0 0.0 10.0 130.0 14148.938638862188 14178.799999999974 14232.777777777797 
179.00538992993336 137.0 0.0 12.0 130.0 14146.954404605605 14129.096296296291 14232.777777777797 
180.00538992993336 142.0 0.0 8.0 130.0 14141.645630811718 14093.86666666665 14232.777777777797 
181.00538992993336 144.0 0.0 10.0 130.0 14142.151438100893 14146.70370370372 14232.777777777797 
182.00538992993336 149.0 0.0 8.0 131.0 14139.083701698217 14111.474074074082 14232.777777777797 
183.00538992993336 153.0 0.0 5.0 131.0 14142.231627824696 14170.562962962935 14232.777777777797 
184.00538992993336 155.0 0.0 6.0 131.0 14145.064761338537 14170.562962962935 14232.777777777797 
185.00538992993336 157.0 0.0 6.0 131.0 14147.927174093558 14173.688888888892 14232.777777777797 
186.00538992993336 158.0 0.0 9.0 131.0 14150.5033455731 14173.688888888892 14232.777777777797 
187.00538992993336 160.0 0.0 8.0 132.0 14149.29893694174 14138.459259259243 14232.777777777797 
188.00538992993336 163.0 0.0 10.0 131.0 14149.352006210524 14149.82962962964 14232.777777777797 
189.00538992993336 164.0 0.0 13.0 132.0 14147.013101885737 14125.962962962985 14232.777777777797 
190.00538992993336 169.0 0.0 11.0 130.0 14140.761421326823 14084.496296296304 14232.777777777797 
191.00538992993336 172.0 0.0 9.0 129.0 14142.180834749664 14154.955555555558 14232.777777777797 
192.00538992993336 175.0 0.0 10.0 128.0 14145.219047571014 14172.562962962935 14232.777777777797 
193.00538992993336 178.0 0.0 13.0 127.0 14149.09047614725 14183.933333333322 14232.777777777797 
194.00069704126534 181.0 0.0 12.0 128.0 14144.78024696217 14102.096296296291 14232.777777777797 
195.00538992993336 184.0 0.0 14.0 127.0 14142.235656049625 14122.83703703704 14232.777777777797 
196.00538992993336 188.0 0.0 12.0 127.0 14137.08542377799 14090.733333333343 14232.777777777797 
197.00538992993336 189.0 0.0 16.0 127.0 14131.00058510392 14076.23703703704 14232.777777777797 
198.00538992993336 194.0 0.0 12.0 128.0 14125.212378445394 14073.11851851852 14232.777777777797 
199.00538992993336 196.0 0.0 13.0 127.0 14122.9015109712 14102.103703703682 14232.777777777797 
200.00538992993336 200.0 0.0 13.0 129.0 14117.298767281503 14066.874074074081 14232.777777777797 
201.00538992993336 204.0 0.0 16.0 129.0 14115.467409071867 14098.985185185162 14232.777777777797 
202.00538992993336 209.0 0.0 16.0 127.0 14113.194742238744 14092.740740740734 14232.777777777797 
203.00538992993336 210.0 0.0 18.0 127.0 14106.178971718593 14043.037037037015 14232.777777777797 
204.00538992993336 216.0 0.0 16.0 127.0 14101.625518991174 14060.644444444439 14232.777777777797 
205.00538992993336 221.0 0.0 15.0 127.0 14100.736300425384 14092.733333333343 14232.777777777797 
206.00538992993336 227.0 0.0 11.0 127.0 14101.696744456933 14110.340740740723 14232.777777777797 
207.00538992993336 229.0 0.0 14.0 127.0 14106.707810751968 14151.80740740741 14232.777777777797 
208.00538992993336 233.0 0.0 12.0 127.0 14105.934066713813 14098.970370370334 14232.777777777797 
209.00538992993336 236.0 0.0 10.0 127.0 14108.248808190581 14129.081481481506 14232.777777777797 
210.00538992993336 238.0 0.0 15.0 127.0 14105.361705149297 14079.377777777787 14232.777777777797 
211.00538992993336 242.0 0.0 12.0 127.0 14103.898867967699 14090.733333333343 14232.777777777797 
212.00538992993336 246.0 0.0 10.0 126.0 14102.895647837615 14093.866666666652 14232.777777777797 
213.00538992993336 252.0 0.0 11.0 126.0 14103.753490461233 14111.474074074082 14232.777777777797 
214.00538992993336 254.0 0.0 11.0 128.0 14108.047771044736 14146.696296296283 14232.777777777797 
215.00538992993336 256.0 0.0 15.0 126.0 14109.839290236552 14125.962962962985 14232.777777777797 
216.00538992993336 257.0 0.0 19.0 127.0 14107.928694546266 14090.733333333343 14232.777777777797 
217.00538992993336 264.0 0.0 16.0 126.0 14096.778788054577 13996.429629629629 14232.777777777797 
218.00538992993336 269.0 0.0 19.0 127.0 14092.34016850838 14052.392592592572 14232.777777777797 
219.00538992993336 279.0 0.0 15.0 127.0 14086.27133684271 14031.651851851839 14232.777777777797 
220.00538992993336 282.0 0.0 15.0 126.0 14090.751610565872 14131.07407407407 14232.777777777797 
221.00538992993336 286.0 0.0 16.0 125.0 14089.500153212957 14078.23703703704 14232.777777777797 
222.00538992993336 289.0 0.0 15.0 126.0 14086.613100854633 14060.629629629611 14232.777777777797 
223.00538992993336 291.0 0.0 19.0 125.0 14085.77549447288 14078.23703703704 14232.777777777797 
224.00538992993336 297.0 0.0 22.0 125.0 14083.26090798857 14060.629629629611 14232.777777777797 
225.00538992993336 305.0 0.0 18.0 125.0 14077.790372745252 14028.555555555586 14232.777777777797 
226.00538992993336 311.0 0.0 16.0 125.0 14069.655039174415 13996.437037037065 14232.777777777797 
227.00538992993336 317.0 0.0 13.0 127.0 14070.826572294038 14081.370370370389 14232.777777777797 
228.00538992993336 319.0 0.0 17.0 126.0 14075.403174323888 14116.592592592599 14232.777777777797 
229.00538992993336 331.0 0.0 11.0 126.0 14072.47915318779 14046.16296296296 14232.777777777797 
230.00538992993336 335.0 0.0 12.0 127.0 14073.991237869011 14087.599999999999 14232.777777777797 
231.00538992993336 338.0 0.0 13.0 125.0 14078.562484452475 14119.70370370372 14232.777777777797 
232.00538992993336 344.0 0.0 16.0 125.0 14077.392161933163 14066.859259259254 14232.777777777797 
233.00538992993336 347.0 0.0 17.0 125.0 14080.175167962065 14105.222222222203 14232.777777777797 
234.00538992993336 355.0 0.0 15.0 126.0 14077.083577091775 14049.259259259266 14232.777777777797 
235.00538992993336 358.0 0.0 16.0 124.0 14079.585589752967 14102.103703703682 14232.777777777797 
236.00538992993336 360.0 0.0 26.0 124.0 14080.388512259178 14087.614814814824 14232.777777777797 
237.00538992993336 365.0 0.0 23.0 125.0 14068.471142514716 13961.214814814812 14232.777777777797 
238.00538992993336 372.0 0.0 19.0 125.0 14056.297361596595 13946.733333333346 14232.777777777797 
239.00538992993336 379.0 0.0 18.0 124.0 14055.90688469618 14052.392592592572 14232.777777777797 
240.00538992993336 382.0 0.0 20.0 125.0 14055.868788819167 14055.525925925918 14232.777777777797 
241.00538992993336 387.0 0.0 18.0 124.0 14051.998206233548 14017.16296296296 14232.777777777797 
242.00538992993336 394.0 0.0 13.0 124.0 14047.89171894352 14010.933333333322 14232.777777777797 
243.00538992993336 398.0 0.0 15.0 123.0 14054.761065567687 14116.5851851852 14232.777777777797 
244.00538992993336 401.0 0.0 16.0 126.0 14055.972366418333 14066.874074074081 14232.777777777797 
245.00538992993336 405.0 0.0 17.0 125.0 14058.509944591315 14081.348148148161 14232.777777777797 
246.00538992993336 408.0 0.0 18.0 125.0 14059.034505687729 14063.755555555561 14232.777777777797 
247.00538992993336 412.0 0.0 18.0 125.0 14059.193277341186 14060.622222222213 14232.777777777797 
248.00538992993336 415.0 0.0 19.0 125.0 14062.233208866322 14089.592592592599 14232.777777777797 
249.00538992993336 419.0 0.0 21.0 125.0 14063.834332424134 14078.244444444439 14232.777777777797 
250.00538992993336 423.0 0.0 23.0 124.0 14059.679047329888 14022.281481481481 14232.777777777797 
251.00538992993336 427.0 0.0 20.0 123.0 14054.177809263532 14004.666666666668 14232.777777777797 
252.00538992993336 432.0 0.0 19.0 123.0 14052.749657966826 14039.896296296318 14232.777777777797 
253.00538992993336 435.0 0.0 21.0 122.0 14054.986544021984 14075.11851851852 14232.777777777797 
254.00538992993336 440.0 0.0 21.0 123.0 14053.476778508706 14039.88888888888 14232.777777777797 
255.00538992993336 448.0 0.0 17.0 122.0 14050.044656213364 14019.155555555531 14232.777777777797 
256.00538992993336 453.0 0.0 19.0 121.0 14059.283894295744 14142.437037037065 14232.777777777797 
257.00538992993336 458.0 0.0 16.0 122.0 14057.968838199487 14046.13333333335 14232.777777777797 
258.00538992993336 463.0 0.0 20.0 123.0 14062.382324749913 14102.103703703682 14232.777777777797 
259.00538992993336 466.0 0.0 27.0 122.0 14055.475944126796 13993.318518518547 14232.777777777797 
260.00538992993336 468.0 0.0 32.0 126.0 14044.288349714083 13943.599999999999 14232.777777777797 
261.00538992993336 480.0 0.0 27.0 124.0 14026.7506258538 13868.911111111145 14232.777777777797 
262.00538992993336 487.0 0.0 23.0 122.0 14024.742970675825 14006.674074074104 14232.777777777797 
263.00538992993336 493.0 0.0 20.0 122.0 14023.249414348995 14009.80740740741 14232.777777777797 
264.00538992993336 500.0 0.0 23.0 122.0 14023.665213654827 14027.407407407401 14232.777777777797 
265.00538992993336 508.0 0.0 23.0 121.0 14016.995729326369 13956.970370370334 14232.777777777797 
266.00538992993336 513.0 0.0 26.0 122.0 14009.856897134481 13945.607407407428 14232.777777777797 
267.00538992993336 522.0 0.0 25.0 122.0 14013.372688902504 14045.014814814838 14232.777777777797 
268.00538992993336 530.0 0.0 20.0 122.0 14008.04430890115 13960.088888888855 14232.777777777797 
269.00538992993336 535.0 0.0 23.0 122.0 14005.636174307334 13983.962962962985 14232.777777777797 
270.00538992993336 544.0 0.0 19.0 122.0 14001.706630950683 13966.340740740723 14232.777777777797 
271.00538992993336 550.0 0.0 25.0 122.0 14003.452264151902 14019.16296296296 14232.777777777797 
272.00538992993336 556.0 0.0 23.0 122.0 14002.326296995978 13992.192592592592 14232.777777777797 
273.00538992993336 565.0 0.0 19.0 124.0 13996.342556185242 13942.488888888909 14232.777777777797 
274.00538992993336 571.0 0.0 17.0 123.0 13998.626819085268 14019.185185185197 14232.777777777797 
275.00538992993336 573.0 0.0 22.0 123.0 13998.92043347301 14001.562962962935 14232.777777777797 
276.00538992993336 577.0 0.0 22.0 123.0 13998.87209382943 13998.437037037065 14232.777777777797 
277.00538992993336 586.0 0.0 17.0 123.0 13994.995254816853 13960.103703703682 14232.777777777797 
278.00538992993336 594.0 0.0 17.0 125.0 14000.622396001847 14051.266666666657 14232.777777777797 
279.00538992993336 597.0 0.0 20.0 124.0 14010.657934179428 14100.977777777773 14232.777777777797 
280.00538992993336 604.0 0.0 16.0 124.0 14012.334362983709 14027.422222222236 14232.777777777797 
281.00538992993336 608.0 0.0 15.0 124.0 14014.467593352012 14033.666666666668 14232.777777777797 
282.00538992993336 611.0 0.0 15.0 124.0 14021.04675994271 14080.259259259266 14232.777777777797 
283.00538992993336 617.0 0.0 13.0 123.0 14024.268009874395 14053.259259259266 14232.777777777797 
284.00538992993336 622.0 0.0 15.0 123.0 14032.762690368427 14109.214814814814 14232.777777777797 
285.00538992993336 625.0 0.0 20.0 122.0 14038.960495405681 14094.740740740734 14232.777777777797 
286.00538992993336 629.0 0.0 24.0 121.0 14044.850371791003 14097.859259259254 14232.777777777797 
287.00538992993336 634.0 0.0 27.0 120.0 14041.657186463764 14012.918518518494 14232.777777777797 
288.00538992993336 641.0 0.0 24.0 120.0 14023.24702337296 13857.555555555586 14232.777777777797 
289.00538992993336 647.0 0.0 28.0 120.0 14012.583802517134 13916.614814814826 14232.777777777797 
290.00538992993336 659.0 0.0 24.0 120.0 13999.777274117276 13884.51851851852 14232.777777777797 
291.00538992993336 670.0 0.0 19.0 122.0 13995.295843001843 13954.962962962985 14232.777777777797 
292.00538992993336 676.0 0.0 20.0 122.0 13995.09662907205 13993.303703703716 14232.777777777797 
293.00538992993336 682.0 0.0 20.0 125.0 13990.259558757421 13946.725925925948 14232.777777777797 
294.00538992993336 687.0 0.0 23.0 123.0 13989.116565844633 13978.82962962964 14232.777777777797 
295.00538992993336 694.0 0.0 22.0 124.0 13994.82194629721 14046.17037037036 14232.777777777797 
296.00538992993336 700.0 0.0 22.0 123.0 13989.900492408227 13945.607407407428 14232.777777777797 
297.00538992993336 704.0 0.0 24.0 122.0 13992.82896168593 14019.185185185197 14232.777777777797 
298.00538992993336 709.0 0.0 22.0 121.0 13994.014954406226 14004.688888888892 14232.777777777797 
299.00538992993336 717.0 0.0 19.0 122.0 13991.8734589656 13972.599999999999 14232.777777777797 
300.00538992993336 724.0 0.0 16.0 124.0 13995.541668624586 14028.555555555586 14232.777777777797 
301.00538992993336 729.0 0.0 15.0 124.0 14007.022316576973 14110.348148148161 14232.777777777797 
302.00538992993336 730.0 0.0 24.0 124.0 14012.383047882213 14060.629629629611 14232.777777777797 
303.00538992993336 738.0 0.0 31.0 123.0 14007.778076427345 13966.333333333332 14232.777777777797 
304.00538992993336 749.0 0.0 24.0 124.0 13998.35063915496 13913.503703703696 14232.777777777797 
305.00538992993336 758.0 0.0 22.0 125.0 13996.283723387607 13977.681481481453 14232.777777777797 
306.00538992993336 763.0 0.0 26.0 124.0 14000.844980678474 14041.896296296318 14232.777777777797 
307.00538992993336 771.0 0.0 23.0 123.0 13996.970852981009 13962.103703703682 14232.777777777797 
308.00538992993336 777.0 0.0 26.0 123.0 14000.839693608834 14035.659259259277 14232.777777777797 
309.00538992993336 782.0 0.0 22.0 123.0 13992.932020544251 13921.76296296296 14232.777777777797 
310.00538992993336 786.0 0.0 24.0 123.0 13989.335855526866 13956.970370370334 14232.777777777797 
311.00538992993336 794.0 0.0 22.0 123.0 13991.694862566772 14012.925925925929 14232.777777777797 
312.00538992993336 801.0 0.0 27.0 123.0 13985.6364874212 13931.111111111119 14232.777777777797 
313.00538992993336 811.0 0.0 23.0 123.0 13973.764690530921 13866.918518518494 14232.777777777797 
314.00538992993336 819.0 0.0 22.0 124.0 13968.67488814452 13922.86666666665 14232.777777777797 
315.00538992993336 828.0 0.0 19.0 125.0 13965.543695626364 13937.36296296296 14232.777777777797 
316.00538992993336 839.0 0.0 12.0 124.0 13967.69673347113 13987.074074074071 14232.777777777797 
317.00538992993336 844.0 0.0 10.0 123.0 13975.230023086955 14043.029629629666 14232.777777777797 
318.00538992993336 847.0 0.0 11.0 123.0 13988.741094852361 14110.340740740723 14232.777777777797 
319.00538992993336 850.0 0.0 19.0 123.0 14002.349948330071 14124.82962962964 14232.777777777797 
320.00538992993336 854.0 0.0 19.0 122.0 14005.169027571155 14030.540740740757 14232.777777777797 
321.00538992993336 862.0 0.0 17.0 123.0 14003.046198888094 13983.940740740722 14232.777777777797 
322.00538992993336 867.0 0.0 20.0 122.0 14000.823060480769 13980.814814814803 14232.777777777797 
323.00538992993336 871.0 0.0 20.0 123.0 14001.40816184011 14006.674074074104 14232.777777777797 
324.00538992993336 880.0 0.0 21.0 120.0 14004.518456767199 14032.511111111091 14232.777777777797 
325.00538992993336 883.0 0.0 26.0 121.0 14002.035499979373 13979.688888888892 14232.777777777797 
326.00538992993336 890.0 0.0 23.0 118.0 13999.800098129595 13979.681481481453 14232.777777777797 
327.00538992993336 895.0 0.0 21.0 119.0 14001.623051279588 14018.029629629666 14232.777777777797 
328.00538992993336 902.0 0.0 22.0 119.0 14003.577042447923 14021.16296296296 14232.777777777797 
329.00538992993336 906.0 0.0 27.0 119.0 14000.988227092013 13977.688888888892 14232.777777777797 
330.00538992993336 916.0 0.0 23.0 119.0 13991.926441419851 13910.370370370389 14232.777777777797 
331.00538992993336 923.0 0.0 21.0 119.0 13980.873797277853 13881.400000000001 14232.777777777797 
332.00538992993336 930.0 0.0 22.0 119.0 13983.567158290807 14007.807407407408 14232.777777777797 
333.00538992993336 941.0 0.0 16.0 120.0 13987.75192394324 14025.4148148148 14232.777777777797 
334.00538992993336 946.0 0.0 17.0 122.0 13995.978213030385 14070.014814814838 14232.777777777797 
335.00538992993336 951.0 0.0 19.0 119.0 14001.818169505132 14054.377777777787 14232.777777777797 
336.0025696724943 955.0 0.0 22.0 120.0 14003.926426598657 14022.266666666657 14232.777777777797 
337.00538992993336 960.0 0.0 21.0 119.0 14003.630791373223 14001.540740740757 14232.777777777797 
338.00538992993336 964.0 0.0 21.0 119.0 14000.21215668035 13969.444444444414 14232.777777777797 
339.00538992993336 971.0 0.0 21.0 121.0 13999.208718790094 13990.17777777776 14232.777777777797 
340.00538992993336 980.0 0.0 20.0 122.0 13999.442661725885 14001.54814814815 14232.777777777797 
341.00538992993336 987.0 0.0 23.0 120.0 13999.342839997764 13998.444444444414 14232.777777777797 
342.00538992993336 993.0 0.0 26.0 120.0 13999.564852294265 14001.562962962935 14232.777777777797 
343.00538992993336 999.0 0.0 28.0 122.0 13990.958737435218 13913.503703703695 14232.777777777797 
344.00538992993336 1013.0 0.0 21.0 121.0 13977.304345173181 13854.414814814802 14232.777777777797 
345.00538992993336 1018.0 0.0 30.0 123.0 13974.445762507707 13948.718518518519 14232.777777777797 
346.00538992993336 1028.0 0.0 26.0 120.0 13961.81748255325 13848.16296296296 14232.777777777797 
347.00538992993336 1036.0 0.0 24.0 121.0 13948.690549112729 13830.548148148151 14232.777777777797 
348.00538992993336 1041.0 0.0 22.0 119.0 13949.517049756985 13956.95555555556 14232.777777777797 
349.00538992993336 1052.0 0.0 19.0 120.0 13951.710529966482 13971.45185185185 14232.777777777797 
350.00538992993336 1060.0 0.0 20.0 120.0 13953.683180673564 13971.437037037065 14232.777777777797 
351.00538992993336 1066.0 0.0 20.0 120.0 13955.772640383975 13974.577777777764 14232.777777777797 
352.00538992993336 1073.0 0.0 20.0 114.0 13957.651672641861 13974.562962962935 14232.777777777797 
353.00538992993336 1080.0 0.0 24.0 114.0 13962.865023896205 14009.785185185188 14232.777777777797 
354.00538992993336 1086.0 0.0 27.0 115.0 13966.931114099156 14003.525925925918 14232.777777777797 
355.00538992993336 1092.0 0.0 28.0 113.0 13955.776521207783 13855.385185185174 14232.777777777797 
356.00538992993336 1099.0 0.0 27.0 114.0 13952.781832049955 13925.82962962964 14232.777777777797 
357.00538992993336 1107.0 0.0 27.0 111.0 13944.924389585698 13874.207407407375 14232.777777777797 
358.00538992993336 1116.0 0.0 28.0 112.0 13942.613432108597 13921.814814814803 14232.777777777797 
359.00538992993336 1120.0 0.0 31.0 111.0 13937.01208889776 13886.599999999999 14232.777777777797 
360.00538992993336 1131.0 0.0 25.0 113.0 13927.311620748727 13840.007407407402 14232.777777777797 
361.00538992993336 1138.0 0.0 22.0 106.0 13929.96490311828 13953.844444444469 14232.777777777797 
362.00538992993336 1145.0 0.0 23.0 113.0 13930.589894287928 13936.214814814812 14232.777777777797 
363.00538992993336 1155.0 0.0 23.0 114.0 13923.494608562836 13859.63703703704 14232.777777777797 
364.00538992993336 1162.0 0.0 20.0 106.0 13927.988110669536 13968.42962962963 14232.777777777797 
365.00538992993336 1174.0 0.0 12.0 113.0 13934.10633663961 13989.17037037036 14232.777777777797 
366.00538992993336 1177.0 0.0 17.0 120.0 13947.49348075345 14067.977777777774 14232.777777777797 
367.00538992993336 1180.0 0.0 24.0 117.0 13955.18487341881 14024.407407407401 14232.777777777797 
368.00538992993336 1187.0 0.0 24.0 105.0 13950.60194163251 13909.355555555561 14232.777777777797 
369.00538992993336 1191.0 0.0 30.0 106.0 13941.506932654445 13859.65185185184 14232.777777777797 
370.00538992993336 1201.0 0.0 30.0 112.0 13921.828831981564 13744.725925925946 14232.777777777797 
371.00538992993336 1214.0 0.0 24.0 115.0 13909.40224507972 13797.562962962935 14232.777777777797 
372.00538992993336 1219.0 0.0 24.0 112.0 13908.162020571743 13897.0 14232.777777777797 
373.00538992993336 1226.0 0.0 26.0 115.0 13901.450262959019 13841.04444444444 14232.777777777797 
374.00538992993336 1237.0 0.0 22.0 112.0 13903.902273700172 13925.970370370334 14232.777777777797 
375.00538992993336 1247.0 0.0 28.0 119.0 13910.25426855235 13967.422222222236 14232.777777777797 
376.00538992993336 1257.0 0.0 24.0 113.0 13909.028841697116 13898.0 14232.777777777797 
377.00538992993336 1261.0 0.0 25.0 106.0 13908.849661231116 13907.23703703704 14232.777777777797 
378.00538992993336 1270.0 0.0 26.0 107.0 13913.660250663577 13956.95555555556 14232.777777777797 
379.00538992993336 1278.0 0.0 27.0 113.0 13910.643855226832 13883.496296296307 14232.777777777797 
380.00538992993336 1292.0 0.0 19.0 117.0 13906.795025259702 13872.155555555531 14232.777777777797 
381.00538992993336 1297.0 0.0 22.0 109.0 13916.482930141145 14003.674074074104 14232.777777777797 
382.00538992993336 1301.0 0.0 29.0 114.0 13922.190933423313 13973.562962962935 14232.777777777797 
383.00538992993336 1307.0 0.0 34.0 114.0 13922.24517341432 13922.733333333344 14232.777777777797 
384.00538992993336 1309.0 0.0 37.0 105.0 13916.073248665489 13860.525925925918 14232.777777777797 
385.00538992993336 1320.0 0.0 38.0 105.0 13904.08814602117 13796.222222222203 14232.777777777797 
386.00538992993336 1331.0 0.0 33.0 105.0 13896.825257344966 13831.459259259243 14232.777777777797 
387.00538992993336 1342.0 0.0 30.0 112.0 13900.541250128985 13933.985185185162 14232.777777777797 
388.00538992993336 1351.0 0.0 29.0 113.0 13905.646384375328 13951.592592592599 14232.777777777797 
389.00538992993336 1365.0 0.0 22.0 105.0 13905.581005197093 13904.992592592598 14232.777777777797 
390.00538992993336 1372.0 0.0 19.0 104.0 13913.816238010706 13987.933333333322 14232.777777777797 
391.00538992993336 1376.0 0.0 25.0 104.0 13923.824984579984 14013.903703703709 14232.777777777797 
392.00538992993336 1388.0 0.0 21.0 111.0 13924.652115751633 13932.096296296291 14232.777777777797 
393.00538992993336 1391.0 0.0 25.0 100.0 13926.332089361653 13941.451851851849 14232.777777777797 
394.0021674482233 1397.0 0.0 26.0 97.0 13931.155061294252 13972.659259259277 14232.777777777797 
395.00538992993336 1409.0 0.0 24.0 106.0 13924.969807197735 13871.014814814838 14232.777777777797 
396.0031958833258 1414.0 0.0 24.0 105.0 13925.637303352043 13930.103703703682 14232.777777777797 
397.00538992993336 1421.0 0.0 30.0 105.0 13915.691173459789 13827.562962962935 14232.777777777797 
398.00538992993336 1426.0 0.0 37.0 113.0 13901.180574632346 13770.585185185197 14232.777777777797 
399.00538992993336 1434.0 0.0 31.0 111.0 13891.00548013208 13799.42962962963 14232.777777777797 
400.00538992993336 1443.0 0.0 29.0 102.0 13892.206413600343 13903.014814814838 14232.777777777797 
401.00538992993336 1449.0 0.0 28.0 101.0 13895.671698166225 13926.859259259252 14232.777777777797 
402.00538992993336 1457.0 0.0 28.0 102.0 13902.311935757014 13962.074074074071 14232.777777777797 
403.00538992993336 1466.0 0.0 22.0 110.0 13907.462223662813 13953.814814814803 14232.777777777797 
404.00538992993336 1469.0 0.0 21.0 118.0 13917.380445740962 14006.644444444439 14232.777777777797 
405.00538992993336 1475.0 0.0 18.0 117.0 13926.308327092802 14006.659259259277 14232.777777777797 
406.00538992993336 1484.0 0.0 9.0 117.0 13940.250827716833 14065.733333333343 14232.777777777797 
407.00538992993336 1487.0 0.0 8.0 118.0 13957.883522722936 14116.577777777764 14232.777777777797 
408.00538992993336 1489.0 0.0 8.0 117.0 13980.486281561758 14183.911111111145 14232.777777777797 
409.00538992993336 1490.0 0.0 8.0 118.0 13999.067283035201 14166.296296296277 14232.777777777797 
410.00538992993336 1492.0 0.0 7.0 118.0 14015.790184361329 14166.296296296277 14232.777777777797 
411.00538992993336 1495.0 0.0 4.0 118.0 14031.778573332607 14175.674074074106 14232.777777777797 
412.00538992993336 1497.0 0.0 3.0 118.0 14046.7925678512 14181.918518518494 14232.777777777797 
413.00538992993336 1498.0 0.0 3.0 120.0 14064.140718473473 14220.274074074052 14232.777777777797 
414.00538992993336 1499.0 0.0 2.0 123.0 14080.066646626135 14223.400000000001 14232.777777777797 
415.00538992993336 1499.0 0.0 2.0 124.0 14092.951093074618 14208.911111111145 14232.777777777797 
416.00538992993336 1499.0 0.0 2.0 127.0 14104.859687470882 14212.037037037013 14232.777777777797 
417.00538992993336 1499.0 0.0 2.0 127.0 14115.577422427488 14212.037037037013 14232.777777777797 
418.00538992993336 1499.0 0.0 4.0 128.0 14125.223383888433 14212.037037037013 14232.777777777797 
419.00538992993336 1502.0 0.0 1.0 130.0 14130.381786240328 14176.80740740741 14232.777777777797 
420.00538992993336 1502.0 0.0 1.0 131.0 14140.308792801488 14229.651851851839 14232.777777777797 
421.00538992993336 1502.0 0.0 1.0 132.0 14149.243098706544 14229.651851851839 14232.777777777797 
422.00538992993336 1502.0 0.0 1.0 132.0 14157.283974021057 14229.651851851839 14232.777777777797 
423.00538992993336 1503.0 0.0 0.0 133.0 14164.520761804119 14229.651851851839 14232.777777777797 
424.00538992993336 1503.0 0.0 1.0 134.0 14171.346463401505 14232.777777777797 14232.777777777797 
425.00538992993336 1504.0 0.0 0.0 134.0 14175.728113357633 14215.162962962962 14232.777777777797 
426.00538992993336 1504.0 0.0 0.0 134.0 14181.43307979967 14232.777777777797 14232.777777777797 
427.00538992993336 1504.0 0.0 0.0 134.0 14186.56754959747 14232.777777777797 14232.777777777797 
428.00538992993336 1504.0 0.0 0.0 135.0 14191.188572415509 14232.777777777797 14232.777777777797 
429.00538992993336 1504.0 0.0 0.0 135.0 14195.34749295172 14232.777777777797 14232.777777777797 
430.00538992993336 1504.0 0.0 0.0 135.0 14199.090521434342 14232.777777777797 14232.777777777797 
431.00538992993336 1504.0 0.0 0.0 135.0 14202.459247068655 14232.777777777797 14232.777777777797 
432.00538992993336 1504.0 0.0 0.0 135.0 14205.491100139585 14232.777777777797 14232.777777777797 
433.00538992993336 1504.0 0.0 0.0 135.0 14208.21976790339 14232.777777777797 14232.777777777797 
434.00538992993336 1504.0 0.0 0.0 135.0 14210.675568890842 14232.777777777797 14232.777777777797 
435.00538992993336 1504.0 0.0 0.0 135.0 14212.885789779559 14232.777777777797 14232.777777777797 
436.00538992993336 1504.0 0.0 1.0 135.0 14214.874988579366 14232.777777777797 14232.777777777797 
437.00538992993336 1505.0 0.0 0.0 135.0 14214.903786017723 14215.162962962962 14232.777777777797 
438.00538992993336 1505.0 0.0 0.0 135.0 14216.691185193724 14232.777777777797 14232.777777777797 
439.00538992993336 1505.0 0.0 0.0 135.0 14218.299844452114 14232.777777777797 14232.777777777797 
440.00538992993336 1505.0 0.0 0.0 135.0 14219.747637784698 14232.777777777797 14232.777777777797 
441.00538992993336 1505.0 0.0 0.0 135.0 14221.050651783982 14232.777777777797 14232.777777777797 
442.00538992993336 1505.0 0.0 0.0 135.0 14222.22336438339 14232.777777777797 14232.777777777797 
443.00538992993336 1505.0 0.0 1.0 135.0 14223.278805722823 14232.777777777797 14232.777777777797 
444.00538992993336 1505.0 0.0 1.0 135.0 14223.916110335731 14229.651851851839 14232.777777777797 
445.00538992993336 1505.0 0.0 1.0 135.0 14224.489684487342 14229.651851851839 14232.777777777797 
446.00538992993336 1505.0 0.0 1.0 135.0 14225.005901223798 14229.651851851839 14232.777777777797 
447.00538992993336 1505.0 0.0 2.0 135.0 14225.470496286576 14229.651851851839 14232.777777777797 
448.00538992993336 1505.0 0.0 3.0 135.0 14225.576039250542 14226.525925925918 14232.777777777797 
449.00538992993336 1506.0 0.0 2.0 134.0 14223.909546436582 14208.911111111145 14232.777777777797 
450.00538992993336 1506.0 0.0 2.0 134.0 14224.171184385521 14226.525925925918 14232.777777777797 
451.00538992993336 1506.0 0.0 2.0 134.0 14224.40665853957 14226.525925925918 14232.777777777797 
452.00538992993336 1507.0 0.0 1.0 134.0 14224.618585278198 14226.525925925918 14232.777777777797 
453.00538992993336 1507.0 0.0 1.0 134.0 14225.121911935581 14229.651851851839 14232.777777777797 
454.00538992993336 1507.0 0.0 1.0 134.0 14225.574905927186 14229.651851851839 14232.777777777797 
455.00538992993336 1507.0 0.0 1.0 134.0 14225.982600519648 14229.651851851839 14232.777777777797 
456.00538992993336 1507.0 0.0 1.0 134.0 14226.349525652893 14229.651851851839 14232.777777777797 
457.00538992993336 1507.0 0.0 1.0 134.0 14226.679758272783 14229.651851851839 14232.777777777797 
458.00538992993336 1507.0 0.0 1.0 134.0 14226.976967630684 14229.651851851839 14232.777777777797 
459.00538992993336 1507.0 0.0 1.0 134.0 14227.244456052802 14229.651851851839 14232.777777777797 
460.00538992993336 1507.0 0.0 2.0 134.0 14227.48519563271 14229.651851851839 14232.777777777797 
461.00538992993336 1508.0 0.0 1.0 134.0 14227.389268662002 14226.525925925918 14232.777777777797 
462.00538992993336 1508.0 0.0 1.0 134.0 14227.615526981028 14229.651851851839 14232.777777777797 
463.00538992993336 1508.0 0.0 1.0 134.0 14227.819159468096 14229.651851851839 14232.777777777797 
464.00538992993336 1508.0 0.0 1.0 134.0 14228.002428706453 14229.651851851839 14232.777777777797 
465.00538992993336 1508.0 0.0 1.0 134.0 14228.167371021002 14229.651851851839 14232.777777777797 
466.00538992993336 1508.0 0.0 1.0 133.0 14228.315819104084 14229.651851851839 14232.777777777797 
467.00538992993336 1508.0 0.0 1.0 133.0 14228.449422378855 14229.651851851839 14232.777777777797 
468.00538992993336 1508.0 0.0 1.0 134.0 14228.569665326158 14229.651851851839 14232.777777777797 
469.00538992993336 1508.0 0.0 1.0 134.0 14228.67788397875 14229.651851851839 14232.777777777797 
470.00538992993336 1508.0 0.0 1.0 134.0 14228.775280766044 14229.651851851839 14232.777777777797 
471.00538992993336 1508.0 0.0 1.0 134.0 14228.862937874625 14229.651851851839 14232.777777777797 
472.00538992993336 1508.0 0.0 1.0 134.0 14228.941829272364 14229.651851851839 14232.777777777797 
473.00538992993336 1508.0 0.0 1.0 134.0 14229.012831530295 14229.651851851839 14232.777777777797 
474.00538992993336 1508.0 0.0 1.0 134.0 14229.076733562468 14229.651851851839 14232.777777777797 
475.00538992993336 1508.0 0.0 1.0 134.0 14229.1342453914 14229.651851851839 14232.777777777797 
476.00538992993336 1508.0 0.0 1.0 134.0 14229.18600603744 14229.651851851839 14232.777777777797 
477.00538992993336 1508.0 0.0 1.0 134.0 14229.232590618883 14229.651851851839 14232.777777777797 
478.00538992993336 1508.0 0.0 1.0 134.0 14229.274516742164 14229.651851851839 14232.777777777797 
479.00538992993336 1508.0 0.0 1.0 134.0 14229.312250253146 14229.651851851839 14232.777777777797 
480.00538992993336 1508.0 0.0 1.0 134.0 14229.346210413018 14229.651851851839 14232.777777777797 
481.00538992993336 1508.0 0.0 1.0 134.0 14229.37677455689 14229.651851851839 14232.777777777797 
482.00538992993336 1508.0 0.0 2.0 134.0 14229.404282286392 14229.651851851839 14232.777777777797 
483.00538992993336 1508.0 0.0 2.0 134.0 14229.116446650341 14226.525925925918 14232.777777777797 
484.00538992993336 1509.0 0.0 1.0 134.0 14228.857394577894 14226.525925925918 14232.777777777797 
485.00538992993336 1509.0 0.0 1.0 134.0 14228.936840305285 14229.651851851839 14232.777777777797 
486.00538992993336 1509.0 0.0 2.0 134.0 14229.008341459961 14229.651851851839 14232.777777777797 
487.00538992993336 1509.0 0.0 2.0 134.0 14228.760099906545 14226.525925925918 14232.777777777797 
488.00538992993336 1509.0 0.0 2.0 133.0 14228.536682508482 14226.525925925918 14232.777777777797 
489.00538992993336 1509.0 0.0 2.0 133.0 14228.335606850238 14226.525925925918 14232.777777777797 
490.00538992993336 1509.0 0.0 2.0 133.0 14228.154638757802 14226.525925925918 14232.777777777797 
491.00538992993336 1509.0 0.0 2.0 134.0 14227.99176747462 14226.525925925918 14232.777777777797 
492.00538992993336 1509.0 0.0 2.0 133.0 14227.845183319745 14226.525925925918 14232.777777777797 
493.00538992993336 1509.0 0.0 2.0 133.0 14227.713257580355 14226.525925925918 14232.777777777797 
494.00538992993336 1509.0 0.0 2.0 133.0 14227.594524414897 14226.525925925918 14232.777777777797 
495.00538992993336 1509.0 0.0 2.0 133.0 14227.487664566026 14226.525925925918 14232.777777777797 
496.00538992993336 1509.0 0.0 2.0 133.0 14227.391490701992 14226.525925925918 14232.777777777797 
497.00538992993336 1509.0 0.0 2.0 133.0 14227.304934224408 14226.525925925918 14232.777777777797 
498.00538992993336 1509.0 0.0 2.0 133.0 14227.227033394563 14226.525925925918 14232.777777777797 
499.00538992993336 1509.0 0.0 2.0 133.0 14227.156922647677 14226.525925925918 14232.777777777797 
500.00538992993336 1510.0 0.0 1.0 133.0 14227.093822975514 14226.525925925918 14232.777777777797 
501.00538992993336 1510.0 0.0 1.0 133.0 14227.349625863151 14229.651851851839 14232.777777777797 
502.00538992993336 1510.0 0.0 1.0 133.0 14227.579848462015 14229.651851851839 14232.777777777797 
503.00538992993336 1511.0 0.0 0.0 133.0 14227.787048801001 14229.651851851839 14232.777777777797 
504.00538992993336 1511.0 0.0 0.0 133.0 14228.286121698686 14232.777777777797 14232.777777777797 
505.00538992993336 1511.0 0.0 0.0 133.0 14228.735287306587 14232.777777777797 14232.777777777797 
506.00538992993336 1511.0 0.0 0.0 134.0 14229.139536353687 14232.777777777797 14232.777777777797 
507.00538992993336 1511.0 0.0 0.0 134.0 14229.503360496105 14232.777777777797 14232.777777777797 
508.00538992993336 1511.0 0.0 0.0 134.0 14229.830802224289 14232.777777777797 14232.777777777797 
509.00538992993336 1511.0 0.0 0.0 134.0 14230.12549977964 14232.777777777797 14232.777777777797 
510.00538992993336 1511.0 0.0 0.0 135.0 14230.390727579445 14232.777777777797 14232.777777777797 
511.00538992993336 1511.0 0.0 0.0 135.0 14230.629432599268 14232.777777777797 14232.777777777797 
512.0053899299334 1511.0 0.0 0.0 135.0 14230.844267117134 14232.777777777797 14232.777777777797 
513.0053899299334 1511.0 0.0 0.0 135.0 14231.037618183187 14232.777777777797 14232.777777777797 
514.0053899299334 1511.0 0.0 0.0 135.0 14231.211634142648 14232.777777777797 14232.777777777797 
515.0053899299334 1511.0 0.0 0.0 135.0 14231.368248506145 14232.777777777797 14232.777777777797 
516.0053899299334 1511.0 0.0 0.0 135.0 14231.509201433339 14232.777777777797 14232.777777777797 
517.0053899299334 1511.0 0.0 0.0 135.0 14231.636059067767 14232.777777777797 14232.777777777797 
518.0053899299334 1511.0 0.0 0.0 135.0 14231.750230938776 14232.777777777797 14232.777777777797 
519.0053899299334 1511.0 0.0 0.0 135.0 14231.852985622663 14232.777777777797 14232.777777777797 
520.0053899299334 1511.0 0.0 0.0 135.0 14231.945464838174 14232.777777777797 14232.777777777797 
521.0053899299334 1511.0 0.0 0.0 135.0 14232.028696132149 14232.777777777797 14232.777777777797 
522.0053899299334 1511.0 0.0 0.0 135.0 14232.103604296713 14232.777777777797 14232.777777777797 
523.0053899299334 1511.0 0.0 0.0 135.0 14232.171021644808 14232.777777777797 14232.777777777797 
524.0053899299334 1511.0 0.0 0.0 135.0 14232.231697258121 14232.777777777797 14232.777777777797 
525.0053899299334 1511.0 0.0 0.0 135.0 14232.286305310081 14232.777777777797 14232.777777777797 
526.0053899299334 1511.0 0.0 0.0 135.0 14232.335452556852 14232.777777777797 14232.777777777797 
527.0053899299334 1511.0 0.0 0.0 135.0 14232.379685078922 14232.777777777797 14232.777777777797 
528.0053899299334 1511.0 0.0 0.0 135.0 14232.419494348827 14232.777777777797 14232.777777777797 
529.0053899299334 1511.0 0.0 0.0 135.0 14232.455322691723 14232.777777777797 14232.777777777797 
530.0053899299334 1511.0 0.0 0.0 135.0 14232.487568200322 14232.777777777797 14232.777777777797 
531.0053899299334 1511.0 0.0 0.0 135.0 14232.51658915807 14232.777777777797 14232.777777777797 
532.0053899299334 1511.0 0.0 0.0 135.0 14232.542708020035 14232.777777777797 14232.777777777797 
533.0053899299334 1511.0 0.0 0.0 135.0 14232.566214995804 14232.777777777797 14232.777777777797 
534.0053899299334 1511.0 0.0 1.0 135.0 14232.587371274018 14232.777777777797 14232.777777777797 
535.0053899299334 1511.0 0.0 1.0 135.0 14232.293819331793 14229.651851851839 14232.777777777797 
536.0053899299334 1511.0 0.0 1.0 135.0 14232.0296225838 14229.651851851839 14232.777777777797 
537.0053899299334 1511.0 0.0 1.0 135.0 14231.791845510596 14229.651851851839 14232.777777777797 
538.0053899299334 1511.0 0.0 1.0 135.0 14231.577846144713 14229.651851851839 14232.777777777797 
539.0053899299334 1511.0 0.0 1.0 135.0 14231.385246715447 14229.651851851839 14232.777777777797 
540.0053899299334 1511.0 0.0 2.0 134.0 14231.211907229084 14229.651851851839 14232.777777777797 
541.0053899299334 1511.0 0.0 2.0 134.0 14230.743309098765 14226.525925925918 14232.777777777797 
542.0053899299334 1511.0 0.0 2.0 134.0 14230.321570781467 14226.525925925918 14232.777777777797 
543.0053899299334 1511.0 0.0 2.0 134.0 14229.942006295927 14226.525925925918 14232.777777777797 
544.0053899299334 1511.0 0.0 2.0 134.0 14229.600398258926 14226.525925925918 14232.777777777797 
545.0053899299334 1511.0 0.0 2.0 134.0 14229.292951025624 14226.525925925918 14232.777777777797 
546.0053899299334 1511.0 0.0 2.0 133.0 14229.016248515656 14226.525925925918 14232.777777777797 
547.0053899299334 1511.0 0.0 2.0 133.0 14228.767216256681 14226.525925925918 14232.777777777797 
548.0053899299334 1511.0 0.0 2.0 133.0 14228.543087223596 14226.525925925918 14232.777777777797 
549.0053899299334 1511.0 0.0 2.0 133.0 14228.34137109382 14226.525925925918 14232.777777777797 
550.0053899299334 1511.0 0.0 2.0 133.0 14228.159826577052 14226.525925925918 14232.777777777797 
551.0053899299334 1511.0 0.0 2.0 133.0 14227.99643651193 14226.525925925918 14232.777777777797 
552.0053899299334 1511.0 0.0 2.0 133.0 14227.849385453314 14226.525925925918 14232.777777777797 
553.0053899299334 1511.0 0.0 2.0 133.0 14227.717039500589 14226.525925925918 14232.777777777797 
554.0053899299334 1512.0 0.0 1.0 133.0 14227.597928143137 14226.525925925918 14232.777777777797 
555.0053899299334 1512.0 0.0 1.0 133.0 14227.803320513985 14229.651851851839 14232.777777777797 
556.0053899299334 1512.0 0.0 2.0 133.0 14227.988173647778 14229.651851851839 14232.777777777797 
557.0053899299334 1512.0 0.0 2.0 133.0 14227.841948875597 14226.525925925918 14232.777777777797 
558.0053899299334 1512.0 0.0 2.0 133.0 14227.710346580625 14226.525925925918 14232.777777777797 
559.0053899299334 1512.0 0.0 3.0 133.0 14227.591904515153 14226.525925925918 14232.777777777797 
560.0053899299334 1512.0 0.0 3.0 133.0 14227.172714063636 14223.400000000001 14232.777777777797 
561.0053899299334 1513.0 0.0 2.0 134.0 14226.795442657269 14223.400000000001 14232.777777777797 
562.0053899299334 1514.0 0.0 1.0 133.0 14226.768490984157 14226.525925925918 14232.777777777797 
563.0053899299334 1514.0 0.0 1.0 133.0 14227.056827070926 14229.651851851839 14232.777777777797 
564.0053899299334 1514.0 0.0 1.0 133.0 14227.31632954899 14229.651851851839 14232.777777777797 
565.0053899299334 1515.0 0.0 0.0 133.0 14227.5498817793 14229.651851851839 14232.777777777797 
566.0053899299334 1515.0 0.0 0.0 133.0 14228.072671379125 14232.777777777797 14232.777777777797 
567.0053899299334 1515.0 0.0 0.0 133.0 14228.543182019002 14232.777777777797 14232.777777777797 
568.0053899299334 1515.0 0.0 0.0 133.0 14228.966641594874 14232.777777777797 14232.777777777797 
569.0053899299334 1515.0 0.0 0.0 135.0 14229.347755213168 14232.777777777797 14232.777777777797 
570.0053899299334 1515.0 0.0 0.0 135.0 14229.690757469625 14232.777777777797 14232.777777777797 
571.0053899299334 1515.0 0.0 0.0 135.0 14229.999459500457 14232.777777777797 14232.777777777797 
572.0053899299334 1515.0 0.0 0.0 135.0 14230.27729132818 14232.777777777797 14232.777777777797 
573.0053899299334 1515.0 0.0 0.0 135.0 14230.52733997313 14232.777777777797 14232.777777777797 
574.0053899299334 1515.0 0.0 1.0 135.0 14230.752383753592 14232.777777777797 14232.777777777797 
575.0053899299334 1515.0 0.0 1.0 135.0 14230.642330563438 14229.651851851839 14232.777777777797 
576.0053899299334 1515.0 0.0 1.0 135.0 14230.543282692255 14229.651851851839 14232.777777777797 
577.0053899299334 1515.0 0.0 1.0 135.0 14230.45413960824 14229.651851851839 14232.777777777797 
578.0053899299334 1515.0 0.0 1.0 135.0 14230.373910832588 14229.651851851839 14232.777777777797 
579.0053899299334 1515.0 0.0 1.0 135.0 14230.3017049345 14229.651851851839 14232.777777777797 
580.0053899299334 1515.0 0.0 1.0 134.0 14230.236719626257 14229.651851851839 14232.777777777797 
581.0053899299334 1516.0 0.0 0.0 134.0 14230.178232848815 14229.651851851839 14232.777777777797 
582.0053899299334 1516.0 0.0 0.0 134.0 14230.438187341715 14232.777777777797 14232.777777777797 
583.0053899299334 1516.0 0.0 0.0 135.0 14230.672146385314 14232.777777777797 14232.777777777797 
584.0053899299334 1516.0 0.0 0.0 135.0 14230.882709524549 14232.777777777797 14232.777777777797 
585.0053899299334 1516.0 0.0 0.0 135.0 14231.072216349878 14232.777777777797 14232.777777777797 
586.0053899299334 1516.0 0.0 0.0 135.0 14231.242772492667 14232.777777777797 14232.777777777797 
587.0053899299334 1516.0 0.0 0.0 135.0 14231.396273021199 14232.777777777797 14232.777777777797 
588.0053899299334 1516.0 0.0 0.0 135.0 14231.53442349685 14232.777777777797 14232.777777777797 
589.0053899299334 1516.0 0.0 0.0 135.0 14231.65875892493 14232.777777777797 14232.777777777797 
590.0053899299334 1516.0 0.0 0.0 135.0 14231.770660810233 14232.777777777797 14232.777777777797 
591.0053899299334 1516.0 0.0 0.0 135.0 14231.871372506983 14232.777777777797 14232.777777777797 
592.0053899299334 1516.0 0.0 0.0 135.0 14231.962013034059 14232.777777777797 14232.777777777797 
593.0053899299334 1516.0 0.0 0.0 135.0 14232.043589508441 14232.777777777797 14232.777777777797 
594.0053899299334 1516.0 0.0 0.0 135.0 14232.117008335368 14232.777777777797 14232.777777777797 
595.0053899299334 1516.0 0.0 0.0 135.0 14232.183085279597 14232.777777777797 14232.777777777797 
596.0053899299334 1516.0 0.0 0.0 135.0 14232.24255452942 14232.777777777797 14232.777777777797 
597.0053899299334 1516.0 0.0 0.0 135.0 14232.296076854267 14232.777777777797 14232.777777777797 
598.0053899299334 1516.0 0.0 0.0 135.0 14232.344246946612 14232.777777777797 14232.777777777797 
599.0053899299334 1516.0 0.0 1.0 135.0 14232.387600029728 14232.777777777797 14232.777777777797 
600.0053899299334 1516.0 0.0 1.0 135.0 14232.114025211946 14229.651851851839 14232.777777777797 
#####################################################################
# End of data export. Simulation finished at: 2020-02-19T01:05+0000 #
#####################################################################
