#####################################################################
# Alchemist log file - simulation started at: 2020-02-11T04:16+0000 #
#####################################################################
# longseed = 9.0, meanTaskSize = 10000, peakFrequency = 0.3
#
# The columns have the following meaning: 
# time done[Sum] drop[Sum] waiting[Sum] isLeader[Sum] capacity[Mean] freeCapacity[Mean] maxCapacity[Mean] 
0.0 NaN 0.0 NaN NaN NaN NaN NaN 
1.0015323036356916 0.0 0.0 0.0 135.0 14232.777777777797 14232.777777777797 14232.777777777797 
2.001532303635692 0.0 0.0 0.0 135.0 14232.777777777797 14232.777777777797 14232.777777777797 
3.001532303635692 0.0 0.0 0.0 135.0 14232.777777777797 14232.777777777797 14232.777777777797 
4.001532303635692 0.0 0.0 0.0 135.0 14232.777777777797 14232.777777777797 14232.777777777797 
5.001532303635692 0.0 0.0 0.0 135.0 14232.777777777797 14232.777777777797 14232.777777777797 
6.001532303635692 0.0 0.0 0.0 135.0 14232.777777777797 14232.777777777797 14232.777777777797 
7.001532303635692 0.0 0.0 0.0 135.0 14232.777777777797 14232.777777777797 14232.777777777797 
8.001532303635692 0.0 0.0 0.0 135.0 14232.777777777797 14232.777777777797 14232.777777777797 
9.001532303635692 0.0 0.0 0.0 135.0 14232.777777777797 14232.777777777797 14232.777777777797 
10.001532303635692 0.0 0.0 0.0 135.0 14232.777777777797 14232.777777777797 14232.777777777797 
11.001532303635692 0.0 0.0 0.0 135.0 14232.777777777797 14232.777777777797 14232.777777777797 
12.001532303635692 0.0 0.0 0.0 135.0 14232.777777777797 14232.777777777797 14232.777777777797 
13.001532303635692 0.0 0.0 0.0 135.0 14232.777777777797 14232.777777777797 14232.777777777797 
14.001532303635692 0.0 0.0 0.0 135.0 14232.777777777797 14232.777777777797 14232.777777777797 
15.001532303635692 0.0 0.0 0.0 135.0 14232.777777777797 14232.777777777797 14232.777777777797 
16.001532303635692 0.0 0.0 0.0 135.0 14232.777777777797 14232.777777777797 14232.777777777797 
17.001532303635692 0.0 0.0 0.0 135.0 14232.777777777797 14232.777777777797 14232.777777777797 
18.001532303635692 0.0 0.0 0.0 135.0 14232.777777777797 14232.777777777797 14232.777777777797 
19.001532303635692 0.0 0.0 0.0 135.0 14232.777777777797 14232.777777777797 14232.777777777797 
20.001532303635692 0.0 0.0 2.0 135.0 14232.777777777797 14232.777777777797 14232.777777777797 
21.001532303635692 0.0 0.0 2.0 135.0 14232.152592592565 14226.525925925918 14232.777777777797 
22.001532303635692 0.0 0.0 2.0 135.0 14231.589925925913 14226.525925925918 14232.777777777797 
23.001532303635692 0.0 0.0 2.0 135.0 14231.083525925955 14226.525925925918 14232.777777777797 
24.001532303635692 0.0 0.0 2.0 135.0 14230.627765925927 14226.525925925918 14232.777777777797 
25.001532303635692 0.0 0.0 2.0 135.0 14230.217581925937 14226.525925925918 14232.777777777797 
26.001532303635692 0.0 0.0 2.0 133.0 14229.84841632596 14226.525925925918 14232.777777777797 
27.001532303635692 0.0 0.0 2.0 133.0 14229.516167285923 14226.525925925918 14232.777777777797 
28.001532303635692 0.0 0.0 2.0 133.0 14229.217143149945 14226.525925925918 14232.777777777797 
29.001532303635692 0.0 0.0 2.0 133.0 14228.948021427548 14226.525925925918 14232.777777777797 
30.001532303635692 0.0 0.0 2.0 133.0 14228.705811877371 14226.525925925918 14232.777777777797 
31.001532303635692 0.0 0.0 2.0 133.0 14228.48782328222 14226.525925925918 14232.777777777797 
32.00153230363569 0.0 0.0 2.0 133.0 14228.291633546598 14226.525925925918 14232.777777777797 
33.00153230363569 0.0 0.0 4.0 133.0 14228.115062784507 14226.525925925918 14232.777777777797 
34.00153230363569 0.0 0.0 4.0 133.0 14225.882075024627 14205.785185185186 14232.777777777797 
35.00153230363569 0.0 0.0 4.0 133.0 14223.872386040666 14205.785185185186 14232.777777777797 
36.00153230363569 0.0 0.0 4.0 133.0 14222.063665955111 14205.785185185186 14232.777777777797 
37.00153230363569 0.0 0.0 4.0 133.0 14220.435817878097 14205.785185185186 14232.777777777797 
38.00153230363569 0.0 0.0 4.0 133.0 14218.970754608816 14205.785185185186 14232.777777777797 
39.00153230363569 0.0 0.0 4.0 132.0 14217.652197666448 14205.785185185186 14232.777777777797 
40.00153230363569 0.0 0.0 4.0 132.0 14216.465496418343 14205.785185185186 14232.777777777797 
41.00153230363569 0.0 0.0 4.0 132.0 14215.397465295015 14205.785185185186 14232.777777777797 
42.00153230363569 0.0 0.0 4.0 132.0 14214.436237284059 14205.785185185186 14232.777777777797 
43.00153230363569 0.0 0.0 4.0 132.0 14213.571132074167 14205.785185185186 14232.777777777797 
44.00153230363569 0.0 0.0 4.0 132.0 14212.792537385236 14205.785185185186 14232.777777777797 
45.00153230363569 0.0 0.0 4.0 132.0 14212.091802165252 14205.785185185186 14232.777777777797 
46.00153230363569 0.0 0.0 6.0 132.0 14211.461140467238 14205.785185185186 14232.777777777797 
47.00153230363569 0.0 0.0 6.0 132.0 14208.819470864968 14185.044444444442 14232.777777777797 
48.00153230363569 0.0 0.0 6.0 132.0 14206.441968222896 14185.044444444442 14232.777777777797 
49.00153230363569 0.0 0.0 6.0 132.0 14204.302215845039 14185.044444444442 14232.777777777797 
50.00153230363569 0.0 0.0 6.0 132.0 14202.376438704987 14185.044444444442 14232.777777777797 
51.00153230363569 0.0 0.0 6.0 132.0 14200.64323927894 14185.044444444442 14232.777777777797 
52.00153230363569 0.0 0.0 6.0 131.0 14199.083359795506 14185.044444444442 14232.777777777797 
53.00153230363569 0.0 0.0 6.0 131.0 14197.679468260398 14185.044444444442 14232.777777777797 
54.00153230363569 0.0 0.0 6.0 131.0 14196.4159658788 14185.044444444442 14232.777777777797 
55.00153230363569 0.0 0.0 6.0 131.0 14195.278813735371 14185.044444444442 14232.777777777797 
56.00153230363569 0.0 0.0 6.0 131.0 14194.255376806283 14185.044444444442 14232.777777777797 
57.00153230363569 0.0 0.0 6.0 131.0 14193.334283570106 14185.044444444442 14232.777777777797 
58.00153230363569 1.0 0.0 6.0 131.0 14192.505299657521 14185.044444444442 14232.777777777797 
59.00153230363569 1.0 0.0 6.0 131.0 14193.208103025108 14199.533333333318 14232.777777777797 
60.00153230363569 1.0 0.0 6.0 131.0 14193.840626055931 14199.533333333318 14232.777777777797 
61.00153230363569 1.0 0.0 6.0 131.0 14194.409896783663 14199.533333333318 14232.777777777797 
62.00153230363569 1.0 0.0 6.0 131.0 14194.92224043863 14199.533333333318 14232.777777777797 
63.00153230363569 1.0 0.0 6.0 131.0 14195.383349728121 14199.533333333318 14232.777777777797 
64.00153230363568 1.0 0.0 6.0 130.0 14195.79834808864 14199.533333333318 14232.777777777797 
65.00153230363568 2.0 0.0 5.0 130.0 14196.171846613119 14199.533333333318 14232.777777777797 
66.00153230363568 2.0 0.0 5.0 130.0 14196.820587877706 14202.659259259277 14232.777777777797 
67.00153230363568 2.0 0.0 5.0 130.0 14197.40445501585 14202.659259259277 14232.777777777797 
68.00153230363568 2.0 0.0 5.0 130.0 14197.929935440221 14202.659259259277 14232.777777777797 
69.00153230363568 2.0 0.0 5.0 130.0 14198.40286782211 14202.659259259277 14232.777777777797 
70.00153230363568 2.0 0.0 5.0 130.0 14198.828506965825 14202.659259259277 14232.777777777797 
71.00153230363568 2.0 0.0 5.0 130.0 14199.21158219517 14202.659259259277 14232.777777777797 
72.00153230363568 2.0 0.0 5.0 130.0 14199.556349901583 14202.659259259277 14232.777777777797 
73.00153230363568 2.0 0.0 5.0 131.0 14199.86664083732 14202.659259259277 14232.777777777797 
74.00153230363568 2.0 0.0 6.0 131.0 14200.145902679542 14202.659259259277 14232.777777777797 
75.00153230363568 2.0 0.0 6.0 131.0 14198.635756856014 14185.044444444442 14232.777777777797 
76.00153230363568 2.0 0.0 6.0 131.0 14197.276625614888 14185.044444444442 14232.777777777797 
77.00153230363568 2.0 0.0 6.0 131.0 14196.053407497811 14185.044444444442 14232.777777777797 
78.00153230363568 3.0 0.0 5.0 131.0 14194.952511192465 14185.044444444442 14232.777777777797 
79.00153230363568 3.0 0.0 5.0 131.0 14194.274297110283 14188.17037037036 14232.777777777797 
80.00153230363568 3.0 0.0 5.0 131.0 14193.663904436273 14188.17037037036 14232.777777777797 
81.00153230363568 3.0 0.0 5.0 131.0 14193.114551029697 14188.17037037036 14232.777777777797 
82.00153230363568 3.0 0.0 5.0 131.0 14192.62013296375 14188.17037037036 14232.777777777797 
83.00153230363568 3.0 0.0 5.0 131.0 14192.175156704445 14188.17037037036 14232.777777777797 
84.00153230363568 3.0 0.0 5.0 131.0 14191.774678071006 14188.17037037036 14232.777777777797 
85.00153230363568 3.0 0.0 5.0 131.0 14191.414247300963 14188.17037037036 14232.777777777797 
86.00153230363568 3.0 0.0 5.0 132.0 14191.08985960791 14188.17037037036 14232.777777777797 
87.00153230363568 3.0 0.0 5.0 132.0 14190.797910684127 14188.17037037036 14232.777777777797 
88.00153230363568 3.0 0.0 5.0 132.0 14190.53515665275 14188.17037037036 14232.777777777797 
89.00153230363568 3.0 0.0 5.0 132.0 14190.298678024523 14188.17037037036 14232.777777777797 
90.00153230363568 3.0 0.0 5.0 132.0 14190.08584725911 14188.17037037036 14232.777777777797 
91.00153230363568 3.0 0.0 5.0 132.0 14189.894299570236 14188.17037037036 14232.777777777797 
92.00153230363568 3.0 0.0 5.0 132.0 14189.721906650248 14188.17037037036 14232.777777777797 
93.00153230363568 3.0 0.0 6.0 132.0 14189.566753022247 14188.17037037036 14232.777777777797 
94.00153230363568 3.0 0.0 6.0 132.0 14189.1145221645 14185.044444444442 14232.777777777797 
95.00153230363568 3.0 0.0 6.0 132.0 14188.707514392494 14185.044444444442 14232.777777777797 
96.00153230363568 3.0 0.0 6.0 132.0 14188.341207397692 14185.044444444442 14232.777777777797 
97.00153230363568 3.0 0.0 6.0 132.0 14188.011531102366 14185.044444444442 14232.777777777797 
98.00153230363568 3.0 0.0 6.0 132.0 14187.714822436574 14185.044444444442 14232.777777777797 
99.00153230363568 3.0 0.0 6.0 131.0 14187.44778463736 14185.044444444442 14232.777777777797 
100.00153230363568 3.0 0.0 6.0 131.0 14187.207450618072 14185.044444444442 14232.777777777797 
101.00153230363568 3.0 0.0 6.0 131.0 14186.991150000702 14185.044444444442 14232.777777777797 
102.00153230363568 3.0 0.0 6.0 131.0 14186.796479445058 14185.044444444442 14232.777777777797 
103.00153230363568 3.0 0.0 6.0 131.0 14186.621275945006 14185.044444444442 14232.777777777797 
104.00153230363568 3.0 0.0 6.0 131.0 14186.463592794951 14185.044444444442 14232.777777777797 
105.00153230363568 3.0 0.0 6.0 131.0 14186.321677959904 14185.044444444442 14232.777777777797 
106.00153230363568 4.0 0.0 6.0 131.0 14186.19395460833 14185.044444444442 14232.777777777797 
107.00153230363568 4.0 0.0 6.0 131.0 14186.079003591936 14185.044444444442 14232.777777777797 
108.00153230363568 4.0 0.0 6.0 131.0 14185.975547677212 14185.044444444442 14232.777777777797 
109.00153230363568 4.0 0.0 6.0 131.0 14185.882437353926 14185.044444444442 14232.777777777797 
110.00153230363568 4.0 0.0 6.0 131.0 14185.798638062966 14185.044444444442 14232.777777777797 
111.00153230363568 4.0 0.0 6.0 131.0 14185.72321870116 14185.044444444442 14232.777777777797 
112.00153230363568 4.0 0.0 6.0 131.0 14185.65534127544 14185.044444444442 14232.777777777797 
113.00153230363568 4.0 0.0 7.0 131.0 14185.594251592334 14185.044444444442 14232.777777777797 
114.00153230363568 4.0 0.0 7.0 131.0 14183.778530136826 14167.437037037065 14232.777777777797 
115.00153230363568 4.0 0.0 9.0 131.0 14182.144380826854 14167.437037037065 14232.777777777797 
116.00153230363568 4.0 0.0 9.0 131.0 14178.600313114526 14146.70370370372 14232.777777777797 
117.00153230363568 4.0 0.0 9.0 131.0 14175.410652173456 14146.70370370372 14232.777777777797 
118.00153230363568 4.0 0.0 10.0 131.0 14172.539957326488 14146.70370370372 14232.777777777797 
119.00153230363568 4.0 0.0 10.0 130.0 14169.644480112356 14143.5851851852 14232.777777777797 
120.00153230363568 4.0 0.0 13.0 130.0 14167.038550619625 14143.5851851852 14232.777777777797 
121.00153230363568 4.0 0.0 13.0 130.0 14161.170991853964 14108.362962962958 14232.777777777797 
122.00153230363568 4.0 0.0 13.0 130.0 14154.128707483367 14090.748148148132 14232.777777777797 
123.00153230363568 4.0 0.0 14.0 130.0 14147.790651549882 14090.748148148132 14232.777777777797 
124.00153230363568 4.0 0.0 16.0 130.0 14142.086401209675 14090.748148148132 14232.777777777797 
125.00153230363568 4.0 0.0 17.0 130.0 14133.431094422076 14055.533333333322 14232.777777777797 
126.00153230363568 4.0 0.0 18.0 130.0 14122.11909609093 14020.311111111108 14232.777777777797 
127.00153230363568 4.0 0.0 19.0 130.0 14111.938297592986 14020.311111111108 14232.777777777797 
128.00153230363568 5.0 0.0 20.0 130.0 14102.462986352213 14017.185185185197 14232.777777777797 
129.00153230363568 5.0 0.0 21.0 130.0 14093.623354383637 14014.066666666678 14232.777777777797 
130.00153230363568 5.0 0.0 21.0 129.0 14083.594352278604 13993.333333333332 14232.777777777797 
131.00153230363568 5.0 0.0 21.0 129.0 14074.56825038408 13993.333333333332 14232.777777777797 
132.00153230363568 5.0 0.0 21.0 129.0 14066.444758679003 13993.333333333332 14232.777777777797 
133.00153230363568 5.0 0.0 25.0 129.0 14059.133616144441 13993.333333333332 14232.777777777797 
134.00153230363568 5.0 0.0 28.0 129.0 14049.031365641084 13958.111111111119 14232.777777777797 
135.00153230363568 5.0 0.0 29.0 129.0 14032.894895743659 13887.666666666668 14232.777777777797 
136.00153230363568 6.0 0.0 29.0 129.0 14016.297998761886 13866.925925925929 14232.777777777797 
137.00153230363568 6.0 0.0 29.0 129.0 13999.91264333013 13852.444444444414 14232.777777777797 
138.00153230363568 6.0 0.0 32.0 129.0 13985.165823441586 13852.444444444414 14232.777777777797 
139.00153230363568 6.0 0.0 33.0 128.0 13969.821092949283 13831.71851851852 14232.777777777797 
140.00153230363568 6.0 0.0 37.0 128.0 13954.250094765443 13814.111111111117 14232.777777777797 
141.00153230363568 6.0 0.0 38.0 126.0 13934.95323343706 13761.281481481477 14232.777777777797 
142.00153230363568 6.0 0.0 44.0 113.0 13914.063836019293 13726.059259259277 14232.777777777797 
143.00153230363568 6.0 0.0 46.0 126.0 13889.669304269195 13670.11851851852 14232.777777777797 
144.00153230363568 6.0 0.0 47.0 114.0 13864.192003471908 13634.896296296318 14232.777777777797 
145.00153230363568 6.0 0.0 49.0 127.0 13839.501692013624 13617.288888888881 14232.777777777797 
146.00153230363568 8.0 0.0 50.0 114.0 13817.280411701115 13617.288888888881 14232.777777777797 
147.00153230363568 9.0 0.0 53.0 127.0 13796.043481642124 13604.911111111145 14232.777777777797 
148.00153230363568 9.0 0.0 56.0 113.0 13776.617651996443 13601.785185185192 14232.777777777797 
149.00153230363568 9.0 0.0 58.0 127.0 13757.373664574561 13584.177777777762 14232.777777777797 
150.00153230363568 9.0 0.0 61.0 111.0 13734.14592774673 13525.096296296288 14232.777777777797 
151.00153230363568 9.0 0.0 61.0 114.0 13710.7661497869 13500.348148148156 14232.777777777797 
152.00153230363568 9.0 0.0 64.0 126.0 13684.441386660028 13447.518518518516 14232.777777777797 
153.00153230363568 9.0 0.0 69.0 109.0 13660.749099845892 13447.518518518516 14232.777777777797 
154.00153230363568 11.0 0.0 69.0 109.0 13636.427523194667 13417.533333333327 14232.777777777797 
155.00153230363568 12.0 0.0 72.0 112.0 13607.493659764066 13347.088888888855 14232.777777777797 
156.00153230363568 13.0 0.0 73.0 125.0 13577.930219713575 13311.859259259247 14232.777777777797 
157.00153230363568 13.0 0.0 76.0 109.0 13548.626086631128 13284.888888888887 14232.777777777797 
158.00153230363568 13.0 0.0 79.0 109.0 13521.01458907912 13272.511111111091 14232.777777777797 
159.00153230363568 13.0 0.0 83.0 111.0 13492.64201906009 13237.288888888881 14232.777777777797 
160.00153230363568 13.0 0.0 85.0 124.0 13465.345965302231 13219.681481481455 14232.777777777797 
161.00153230363568 13.0 0.0 91.0 111.0 13433.735813216455 13149.244444444446 14232.777777777797 
162.00153230363568 15.0 0.0 93.0 124.0 13398.45334300591 13080.911111111145 14232.777777777797 
163.00153230363568 15.0 0.0 97.0 108.0 13359.96726796458 13013.592592592599 14232.777777777797 
164.00153230363568 15.0 0.0 102.0 110.0 13318.497948575532 12945.274074074054 14232.777777777797 
165.00153230363568 16.0 0.0 104.0 122.0 13272.180005569824 12855.318518518545 14232.777777777797 
166.00153230363568 16.0 0.0 105.0 107.0 13223.450153161006 12784.88148148148 14232.777777777797 
167.00153230363568 16.0 0.0 108.0 107.0 13177.831804511547 12767.266666666645 14232.777777777797 
168.00153230363568 18.0 0.0 109.0 107.0 13133.776031467809 12737.274074074054 14232.777777777797 
169.00153230363568 18.0 0.0 113.0 107.0 13088.843613506227 12684.45185185184 14232.777777777797 
170.00153230363568 19.0 0.0 115.0 111.0 13043.8555484519 12638.962962962984 14232.777777777797 
171.00153230363568 21.0 0.0 115.0 119.0 12998.607030643741 12591.370370370387 14232.777777777797 
172.00153230363568 23.0 0.0 117.0 98.0 12954.361142394202 12556.148148148133 14232.777777777797 
173.00153230363568 23.0 3.0 120.0 85.0 12907.496139265893 12485.711111111119 14232.777777777797 
174.0006871961299 23.0 3.0 124.0 99.0 12841.710229042985 12249.637037037022 14232.777777777797 
175.00153230363568 23.0 3.0 129.0 94.0 12749.269576509083 11917.303703703717 14232.777777777797 
176.00153230363568 23.0 3.0 129.0 117.0 12657.26780404333 11829.251851851866 14232.777777777797 
177.00153230363568 27.0 3.0 126.0 82.0 12563.709912527887 11721.688888888873 14232.777777777797 
178.00153230363568 28.0 3.0 129.0 97.0 12452.091513867688 11447.525925925918 14232.777777777797 
179.00153230363568 29.0 3.0 131.0 87.0 12332.5853254439 11257.029629629658 14232.777777777797 
180.00153230363568 29.0 3.0 133.0 89.0 12215.510496603207 11161.837037037056 14232.777777777797 
181.00153230363568 30.0 3.0 133.0 108.0 12106.4194469429 11124.600000000017 14232.777777777797 
182.00153230363568 30.0 5.0 134.0 81.0 12006.476761507876 11106.99259259258 14232.777777777797 
183.00153230363568 30.0 5.0 137.0 93.0 11879.643159431129 10738.140740740759 14232.777777777797 
184.00153230363568 30.0 6.0 138.0 79.0 11764.244028673196 10725.651851851859 14232.777777777797 
185.00153230363568 30.0 6.0 140.0 84.0 11629.828514694775 10420.088888888866 14232.777777777797 
186.00153230363568 31.0 6.0 148.0 82.0 11507.093811373448 10402.481481481496 14232.777777777797 
187.00153230363568 31.0 6.0 151.0 94.0 11392.997763569427 10366.133333333342 14232.777777777797 
188.00153230363568 32.0 7.0 154.0 79.0 11286.789839064346 10330.918518518502 14232.777777777797 
189.00153230363568 32.0 7.0 158.0 85.0 11187.681225528295 10295.7037037037 14232.777777777797 
190.00153230363568 32.0 7.0 164.0 77.0 11055.83902890137 9869.259259259275 14232.777777777797 
191.00153230363568 32.0 7.0 169.0 82.0 10934.181792677922 9839.266666666645 14232.777777777797 
192.00153230363568 32.0 7.0 172.0 86.0 10792.182872669366 9514.1925925926 14232.777777777797 
193.00153230363568 32.0 9.0 175.0 93.0 10653.817918735767 9408.53333333334 14232.777777777797 
194.00153230363568 32.0 12.0 183.0 68.0 10527.527978714039 9390.918518518507 14232.777777777797 
195.00153230363568 35.0 13.0 181.0 86.0 10407.769254916728 9329.940740740742 14232.777777777797 
196.00153230363568 37.0 13.0 181.0 79.0 10293.677514610235 9266.851851851865 14232.777777777797 
197.00153230363568 38.0 13.0 183.0 79.0 10169.340133519576 9050.303703703716 14232.777777777797 
198.00153230363568 38.0 13.0 185.0 77.0 10027.926860908357 8755.207407407392 14232.777777777797 
199.00153230363568 40.0 15.0 188.0 91.0 9896.942322965666 8718.08148148149 14232.777777777797 
200.00153230363568 40.0 17.0 190.0 76.0 9773.57105363207 8663.22962962962 14232.777777777797 
201.00153230363568 42.0 21.0 194.0 64.0 9659.0146890096 8628.007407407418 14232.777777777797 
202.00153230363568 43.0 23.0 199.0 64.0 9553.427294182722 8603.140740740748 14232.777777777797 
203.00153230363568 45.0 24.0 199.0 67.0 9432.649009208888 8345.644444444439 14232.777777777797 
204.00153230363568 45.0 25.0 199.0 71.0 9277.876700880597 7884.925925925927 14232.777777777797 
205.00153230363568 45.0 25.0 204.0 59.0 9134.334956718458 7842.459259259246 14232.777777777797 
206.00153230363568 48.0 28.0 204.0 66.0 8953.74442400958 7328.429629629628 14232.777777777797 
207.00153230363568 48.0 28.0 209.0 74.0 8778.349981608626 7199.799999999999 14232.777777777797 
208.00153230363568 48.0 28.0 210.0 61.0 8609.92979826257 7094.148148148144 14232.777777777797 
209.00153230363568 52.0 30.0 209.0 68.0 8418.693114732607 6697.562962962966 14232.777777777797 
210.00153230363568 54.0 35.0 211.0 62.0 8239.757136592685 6629.33333333334 14232.777777777797 
211.00153230363568 56.0 36.0 211.0 53.0 8056.951793303781 6411.7037037037 14232.777777777797 
212.00153230363568 56.0 37.0 214.0 60.0 7880.09883619562 6288.422222222232 14232.777777777797 
213.00153230363568 56.0 40.0 215.0 50.0 7687.080804427919 5949.918518518529 14232.777777777797 
214.00153230363568 59.0 40.0 212.0 74.0 7508.0823536147645 5897.096296296302 14232.777777777797 
215.00153230363568 59.0 42.0 215.0 48.0 7348.221525660682 5909.474074074081 14232.777777777797 
216.00153230363568 59.0 42.0 219.0 53.0 7180.811224946474 5674.11851851852 14232.777777777797 
217.00153230363568 60.0 43.0 222.0 63.0 7025.371583933306 5626.41481481482 14232.777777777797 
218.00153230363568 61.0 44.0 225.0 55.0 6879.812203317751 5569.777777777787 14232.777777777797 
219.00153230363568 61.0 46.0 232.0 51.0 6747.559871874868 5557.288888888882 14232.777777777797 
220.00153230363568 62.0 49.0 238.0 73.0 6603.97351431701 5311.696296296292 14232.777777777797 
221.00153230363568 63.0 51.0 241.0 45.0 6468.425792514943 5248.49629629629 14232.777777777797 
222.00153230363568 63.0 51.0 244.0 42.0 6341.99432437456 5204.111111111102 14232.777777777797 
223.00153230363568 64.0 52.0 245.0 53.0 6182.0808178630205 4742.859259259268 14232.777777777797 
224.00153230363568 66.0 55.0 246.0 45.0 6026.856439780423 4629.837037037042 14232.777777777797 
225.00153230363568 67.0 56.0 249.0 32.0 5885.905610617204 4617.348148148142 14232.777777777797 
226.00153230363568 69.0 61.0 254.0 50.0 5734.299493999929 4369.844444444446 14232.777777777797 
227.00153230363568 72.0 63.0 255.0 33.0 5555.1325075629 3942.629629629628 14232.777777777797 
228.00153230363568 72.0 66.0 260.0 38.0 5388.686664214015 3890.6740740740706 14232.777777777797 
229.00153230363568 72.0 66.0 262.0 37.0 5191.766145940763 3419.48148148148 14232.777777777797 
230.00153230363568 75.0 70.0 261.0 16.0 4999.355457272607 3267.659259259256 14232.777777777797 
231.00153230363568 77.0 72.0 263.0 37.0 4826.185837471274 3267.659259259256 14232.777777777797 
232.00153230363568 79.0 73.0 268.0 15.0 4634.445031501923 2908.777777777775 14232.777777777797 
233.00153230363568 80.0 75.0 271.0 28.0 4460.640528351733 2896.4000000000033 14232.777777777797 
234.00153230363568 80.0 79.0 273.0 26.0 4302.979438479521 2884.02962962963 14232.777777777797 
235.00153230363568 82.0 82.0 277.0 24.0 4115.285939076017 2426.0444444444447 14232.777777777797 
236.00153230363568 84.0 85.0 279.0 27.0 3943.886974798041 2401.2962962962974 14232.777777777797 
237.00153230363568 85.0 88.0 282.0 20.0 3789.62790694787 2401.2962962962974 14232.777777777797 
238.00153230363568 86.0 88.0 286.0 9.0 3650.4821532901165 2398.1703703703715 14232.777777777797 
239.00153230363568 87.0 91.0 287.0 27.0 3497.075419442589 2116.414814814816 14232.777777777797 
240.00153230363568 87.0 94.0 295.0 24.0 3359.0093589798103 2116.414814814816 14232.777777777797 
241.00153230363568 89.0 96.0 294.0 23.0 3214.0173119707174 1909.0888888888899 14232.777777777797 
242.00153230363568 91.0 99.0 296.0 16.0 3078.2422474403143 1856.2666666666664 14232.777777777797 
243.00153230363568 92.0 101.0 299.0 13.0 2926.620244918503 1562.0222222222224 14232.777777777797 
244.00153230363568 92.0 105.0 306.0 9.0 2790.160442648877 1562.0222222222224 14232.777777777797 
245.00153230363568 96.0 109.0 303.0 19.0 2659.4673613469517 1483.2296296296304 14232.777777777797 
246.00153230363568 98.0 109.0 312.0 12.0 2544.116180767813 1505.955555555555 14232.777777777797 
247.00153230363568 99.0 114.0 314.0 5.0 2429.8771552836233 1401.725925925926 14232.777777777797 
248.00153230363568 99.0 114.0 317.0 22.0 2327.062032347855 1401.725925925926 14232.777777777797 
249.00153230363568 100.0 115.0 322.0 9.0 2222.201755038996 1278.4592592592587 14232.777777777797 
250.00153230363568 101.0 118.0 324.0 16.0 2110.2186165721314 1102.3703703703704 14232.777777777797 
251.00153230363568 101.0 122.0 328.0 6.0 1994.098236396401 949.0148148148149 14232.777777777797 
252.00153230363568 102.0 127.0 332.0 16.0 1891.3506349789823 966.6222222222223 14232.777777777797 
253.00153230363568 103.0 131.0 332.0 4.0 1798.877793703307 966.6222222222223 14232.777777777797 
254.00153230363568 105.0 137.0 333.0 12.0 1715.6522365551984 966.6222222222223 14232.777777777797 
255.00153230363568 107.0 140.0 340.0 6.0 1638.875901788567 947.888888888889 14232.777777777797 
256.0015323036357 111.0 140.0 339.0 7.0 1568.5283116097107 935.4000000000001 14232.777777777797 
257.0015323036357 112.0 141.0 342.0 26.0 1505.2154804487398 935.4000000000001 14232.777777777797 
258.0015323036357 113.0 144.0 346.0 7.0 1448.2339324038658 935.4000000000001 14232.777777777797 
259.0015323036357 115.0 147.0 346.0 1.0 1396.0135021264416 926.0296296296298 14232.777777777797 
260.0015323036357 116.0 147.0 351.0 9.0 1340.2106704323164 837.9851851851851 14232.777777777797 
261.0015323036357 118.0 154.0 356.0 6.0 1289.988121907603 837.9851851851851 14232.777777777797 
262.0015323036357 118.0 158.0 360.0 17.0 1244.7878282353615 837.9851851851851 14232.777777777797 
263.0015323036357 120.0 160.0 365.0 9.0 1203.4831194858991 831.7407407407406 14232.777777777797 
264.0015323036357 122.0 163.0 368.0 9.0 1159.2651779076798 761.3037037037041 14232.777777777797 
265.0015323036357 122.0 165.0 374.0 6.0 1119.4690304872822 761.3037037037041 14232.777777777797 
266.0015323036357 124.0 170.0 374.0 15.0 1083.02805336448 755.0592592592596 14232.777777777797 
267.0015323036357 127.0 171.0 379.0 3.0 1047.7563591391431 730.3111111111116 14232.777777777797 
268.0015323036357 128.0 172.0 383.0 8.0 1015.6992417437473 727.1851851851848 14232.777777777797 
269.0015323036357 131.0 175.0 385.0 3.0 986.8478360878912 727.1851851851848 14232.777777777797 
270.0015323036357 133.0 179.0 391.0 8.0 960.8815709976205 727.1851851851848 14232.777777777797 
271.0015323036357 134.0 182.0 396.0 13.0 939.5852657497104 747.9185185185188 14232.777777777797 
272.0015323036357 138.0 183.0 396.0 15.0 922.8926651006652 772.6592592592596 14232.777777777797 
273.0015323036357 138.0 185.0 401.0 2.0 908.6937689609691 780.903703703704 14232.777777777797 
274.0015323036357 139.0 186.0 405.0 11.0 895.9147624352426 780.903703703704 14232.777777777797 
275.0015323036357 140.0 187.0 408.0 1.0 881.1936565620887 748.7037037037035 14232.777777777797 
276.0015323036357 140.0 191.0 413.0 2.0 867.9446612762503 748.7037037037035 14232.777777777797 
277.0015323036357 140.0 191.0 416.0 10.0 856.0205655189956 748.7037037037035 14232.777777777797 
278.0015323036357 142.0 192.0 421.0 8.0 845.2888793374664 748.7037037037035 14232.777777777797 
279.0015323036357 142.0 195.0 426.0 5.0 837.3911025148309 766.3111111111114 14232.777777777797 
280.0015323036357 145.0 201.0 426.0 10.0 830.283103374459 766.3111111111114 14232.777777777797 
281.0015323036357 145.0 203.0 431.0 1.0 820.3644226666427 731.096296296296 14232.777777777797 
282.0015323036357 145.0 206.0 433.0 4.0 807.9161285481265 695.8814814814814 14232.777777777797 
283.0015323036357 147.0 213.0 433.0 16.0 797.9497008784991 708.2518518518518 14232.777777777797 
284.0015323036357 148.0 217.0 435.0 8.0 787.7310270869455 695.7629629629631 14232.777777777797 
285.0015323036357 150.0 220.0 441.0 8.0 778.5342206745472 695.7629629629631 14232.777777777797 
286.0015323036357 153.0 225.0 441.0 12.0 771.4948726811665 708.1407407407409 14232.777777777797 
287.0015323036357 154.0 227.0 444.0 4.0 765.1594594871241 708.1407407407409 14232.777777777797 
288.0015323036357 155.0 228.0 451.0 1.0 759.4575876124858 708.1407407407409 14232.777777777797 
289.0015323036357 156.0 231.0 456.0 8.0 750.6140510734593 671.0222222222225 14232.777777777797 
290.0015323036357 157.0 238.0 457.0 13.0 742.6548681883355 671.0222222222225 14232.777777777797 
291.0015323036357 160.0 240.0 460.0 10.0 733.618270258391 652.2888888888892 14232.777777777797 
292.0015323036357 161.0 247.0 461.0 10.0 725.4853321214407 652.2888888888892 14232.777777777797 
293.0015323036357 163.0 251.0 463.0 7.0 718.1656877981856 652.2888888888892 14232.777777777797 
294.0015323036357 165.0 253.0 464.0 1.0 711.578007907256 652.2888888888892 14232.777777777797 
295.0015323036357 166.0 257.0 464.0 2.0 703.1742811906045 627.5407407407411 14232.777777777797 
296.0015323036357 166.0 260.0 467.0 10.0 695.6109271456179 627.5407407407411 14232.777777777797 
297.0015323036357 166.0 264.0 472.0 13.0 688.8039085051303 627.5407407407411 14232.777777777797 
298.0015323036357 166.0 268.0 479.0 4.0 682.6775917286913 627.5407407407411 14232.777777777797 
299.0015323036357 167.0 273.0 482.0 2.0 677.1639066298964 627.5407407407411 14232.777777777797 
300.0015323036357 168.0 276.0 482.0 2.0 672.2015900409808 627.5407407407411 14232.777777777797 
301.0015323036357 170.0 283.0 484.0 14.0 667.7355051109568 627.5407407407411 14232.777777777797 
302.0015323036357 173.0 286.0 485.0 4.0 663.7160286739353 627.5407407407411 14232.777777777797 
303.0015323036357 175.0 295.0 487.0 4.0 660.0984998806157 627.5407407407411 14232.777777777797 
304.0015323036357 175.0 302.0 493.0 2.0 658.0797610036652 639.9111111111113 14232.777777777797 
305.0015323036357 177.0 307.0 493.0 3.0 657.5006737921877 652.2888888888892 14232.777777777797 
306.0015323036357 179.0 313.0 497.0 1.0 655.730606412969 639.8000000000002 14232.777777777797 
307.0015323036357 181.0 321.0 500.0 1.0 654.12569391982 639.6814814814816 14232.777777777797 
308.0015323036357 182.0 329.0 509.0 9.0 652.6812726759864 639.6814814814816 14232.777777777797 
309.0015323036357 182.0 335.0 515.0 7.0 652.6190713343137 652.0592592592595 14232.777777777797 
310.0015323036357 182.0 340.0 520.0 1.0 652.5630901268081 652.0592592592595 14232.777777777797 
311.0015323036357 183.0 345.0 523.0 1.0 647.5630774104237 602.5629629629634 14232.777777777797 
312.0015323036357 185.0 352.0 523.0 16.0 643.0630659656775 602.5629629629634 14232.777777777797 
313.0015323036357 185.0 359.0 525.0 9.0 639.3256482579986 605.6888888888884 14232.777777777797 
314.0015323036357 185.0 364.0 527.0 8.0 635.9619723210876 605.6888888888884 14232.777777777797 
315.0015323036357 186.0 368.0 531.0 4.0 634.6954047186088 623.2962962962965 14232.777777777797 
316.0015323036357 190.0 376.0 529.0 2.0 632.6184568393404 613.925925925926 14232.777777777797 
317.0015323036357 193.0 378.0 527.0 4.0 630.7492037479989 613.925925925926 14232.777777777797 
318.0015323036357 194.0 384.0 528.0 17.0 629.3787278176436 617.0444444444447 14232.777777777797 
319.0015323036357 197.0 394.0 529.0 2.0 627.520855035879 610.8000000000003 14232.777777777797 
320.0015323036357 198.0 405.0 535.0 1.0 627.6095102730319 628.4074074074077 14232.777777777797 
321.0015323036357 199.0 413.0 536.0 1.0 626.4404110975806 615.9185185185188 14232.777777777797 
322.0012203361604 199.0 423.0 539.0 12.0 625.3882218396744 615.9185185185188 14232.777777777797 
323.0015323036357 201.0 432.0 538.0 6.0 624.4412515075588 615.9185185185188 14232.777777777797 
324.0015323036357 204.0 442.0 537.0 7.0 622.340089319766 603.4296296296299 14232.777777777797 
325.0015323036357 206.0 448.0 536.0 3.0 620.4490433507523 603.4296296296299 14232.777777777797 
326.0015323036357 210.0 456.0 534.0 1.0 622.2685834601216 638.6444444444446 14232.777777777797 
327.0015323036357 213.0 457.0 534.0 1.0 620.3846880770723 603.4296296296299 14232.777777777797 
328.0015323036357 215.0 467.0 537.0 2.0 618.689182232328 603.4296296296299 14232.777777777797 
329.0015323036357 215.0 476.0 540.0 4.0 617.1632269720583 603.4296296296299 14232.777777777797 
330.0015323036357 217.0 484.0 538.0 1.0 612.2683857563339 568.2148148148145 14232.777777777797 
331.0015323036357 220.0 496.0 536.0 1.0 607.863028662182 568.2148148148145 14232.777777777797 
332.0015323036357 220.0 503.0 537.0 5.0 603.8982072774453 568.2148148148145 14232.777777777797 
333.0015323036357 220.0 508.0 538.0 14.0 602.090608771923 585.8222222222221 14232.777777777797 
334.0015323036357 222.0 514.0 537.0 5.0 599.8393256725085 579.5777777777776 14232.777777777797 
335.0015323036357 224.0 522.0 536.0 1.0 596.8761338459983 570.2074074074071 14232.777777777797 
336.0015323036357 224.0 528.0 539.0 1.0 593.272964905843 560.8444444444441 14232.777777777797 
337.0015323036357 227.0 531.0 538.0 15.0 590.0301128597032 560.8444444444441 14232.777777777797 
338.0015323036357 230.0 537.0 536.0 6.0 585.8626571292883 548.3555555555554 14232.777777777797 
339.0015323036357 231.0 546.0 540.0 4.0 583.8726877126559 565.9629629629627 14232.777777777797 
340.0015323036357 233.0 554.0 540.0 2.0 582.0817152376866 565.9629629629627 14232.777777777797 
341.0015323036357 233.0 558.0 544.0 1.0 579.2209511213254 553.4740740740739 14232.777777777797 
342.0015323036357 236.0 562.0 546.0 1.0 573.1247819351187 518.2592592592594 14232.777777777797 
343.0015323036357 236.0 566.0 549.0 6.0 567.6382296675328 518.2592592592594 14232.777777777797 
344.0015323036357 236.0 572.0 554.0 21.0 562.7003326267054 518.2592592592594 14232.777777777797 
345.0015323036357 236.0 577.0 555.0 5.0 557.3191882529238 508.888888888889 14232.777777777797 
346.0015323036357 237.0 579.0 556.0 1.0 552.4761583165202 508.888888888889 14232.777777777797 
347.0015323036357 237.0 586.0 557.0 2.0 546.8685424848684 496.4000000000002 14232.777777777797 
348.0015323036357 238.0 589.0 557.0 13.0 541.8216882363814 496.4000000000002 14232.777777777797 
349.0015323036357 240.0 592.0 556.0 7.0 537.2795194127434 496.4000000000002 14232.777777777797 
350.0015323036357 243.0 597.0 557.0 4.0 533.1915674714689 496.4000000000002 14232.777777777797 
351.0015323036357 244.0 600.0 560.0 2.0 529.824262576174 499.5185185185187 14232.777777777797 
352.0015323036357 245.0 612.0 563.0 1.0 526.7936881704085 499.5185185185187 14232.777777777797 
353.0015323036357 248.0 618.0 560.0 3.0 524.0661712052193 499.5185185185187 14232.777777777797 
354.0015323036357 249.0 625.0 560.0 10.0 521.6114059365493 499.5185185185187 14232.777777777797 
355.0015323036357 249.0 629.0 563.0 6.0 518.1532283058575 487.02962962962994 14232.777777777797 
356.0015323036357 250.0 634.0 565.0 1.0 513.4793869567532 471.414814814815 14232.777777777797 
357.0015323036357 251.0 636.0 568.0 1.0 509.27292974255926 471.414814814815 14232.777777777797 
358.0015323036357 253.0 642.0 568.0 8.0 507.24785899052563 489.0222222222224 14232.777777777797 
359.0015323036357 254.0 647.0 570.0 14.0 503.66455457295444 471.414814814815 14232.777777777797 
360.0015323036357 254.0 654.0 571.0 9.0 500.1277287452888 468.2962962962965 14232.777777777797 
361.0015323036357 254.0 664.0 573.0 3.0 496.9445855003894 468.2962962962965 14232.777777777797 
362.0015323036357 259.0 667.0 571.0 1.0 494.07975657998014 468.2962962962965 14232.777777777797 
363.0015323036357 260.0 678.0 572.0 1.0 490.2525216627229 455.8074074074076 14232.777777777797 
364.0015323036357 264.0 690.0 572.0 1.0 486.8080102371914 455.8074074074076 14232.777777777797 
365.0015323036357 265.0 702.0 577.0 9.0 485.4686906949538 473.4148148148149 14232.777777777797 
366.0015323036357 265.0 707.0 577.0 5.0 483.9514512550879 470.29629629629636 14232.777777777797 
367.0015323036357 267.0 713.0 579.0 4.0 481.33704687031997 457.8074074074076 14232.777777777797 
368.0015323036357 268.0 720.0 582.0 1.0 480.7448236647695 475.414814814815 14232.777777777797 
369.0015323036357 268.0 731.0 589.0 11.0 480.2118227797739 475.414814814815 14232.777777777797 
370.0015323036357 272.0 734.0 589.0 8.0 479.7321219832781 475.414814814815 14232.777777777797 
371.0015323036357 274.0 739.0 594.0 1.0 480.53742830346874 487.7851851851853 14232.777777777797 
372.0015323036357 275.0 746.0 594.0 1.0 478.97850028793675 464.94814814814805 14232.777777777797 
373.0015323036357 276.0 751.0 596.0 1.0 478.8125021109949 477.3185185185185 14232.777777777797 
374.0015323036357 277.0 759.0 601.0 10.0 479.900881529525 489.6962962962962 14232.777777777797 
375.0015323036357 277.0 766.0 607.0 2.0 480.8804230062022 489.6962962962962 14232.777777777797 
376.0015323036357 279.0 772.0 608.0 1.0 481.7620103352117 489.6962962962962 14232.777777777797 
377.0015323036357 281.0 781.0 611.0 1.0 477.60580930169044 440.1999999999999 14232.777777777797 
378.0015323036357 284.0 789.0 611.0 6.0 473.86522837152137 440.1999999999999 14232.777777777797 
379.0015323036357 286.0 796.0 611.0 18.0 470.49870553436926 440.1999999999999 14232.777777777797 
380.0015323036357 287.0 802.0 613.0 6.0 466.2199460920435 427.71111111111105 14232.777777777797 
381.0015323036357 290.0 814.0 611.0 1.0 462.3690625939502 427.71111111111105 14232.777777777797 
382.0015323036357 290.0 822.0 615.0 6.0 458.9032674456663 427.71111111111105 14232.777777777797 
383.0015323036357 291.0 826.0 619.0 7.0 454.53516292332193 415.222222222222 14232.777777777797 
384.0015323036357 292.0 835.0 620.0 2.0 450.60386885321196 415.222222222222 14232.777777777797 
385.0015323036357 293.0 838.0 621.0 9.0 447.0657041901131 415.222222222222 14232.777777777797 
386.0015323036357 293.0 846.0 625.0 1.0 443.8813559933239 415.222222222222 14232.777777777797 
387.0015323036357 294.0 853.0 627.0 1.0 439.76655372732495 402.7333333333332 14232.777777777797 
388.0015323036357 297.0 857.0 629.0 6.0 436.06323168792574 402.7333333333332 14232.777777777797 
389.0015323036357 297.0 864.0 633.0 17.0 434.49098259320726 420.3407407407406 14232.777777777797 
390.0015323036357 297.0 876.0 638.0 1.0 431.82706951907176 407.85185185185173 14232.777777777797 
391.0015323036357 298.0 883.0 639.0 1.0 428.1806588634609 395.36296296296285 14232.777777777797 
392.0015323036357 300.0 895.0 642.0 1.0 424.8988892734111 395.36296296296285 14232.777777777797 
393.0015323036357 301.0 905.0 642.0 8.0 421.9452966423663 395.36296296296285 14232.777777777797 
394.0015323036357 301.0 911.0 646.0 18.0 419.2870632744259 395.36296296296285 14232.777777777797 
395.0015323036357 303.0 918.0 645.0 1.0 416.89465324327966 395.36296296296285 14232.777777777797 
396.00132153149883 304.0 930.0 647.0 1.0 413.49322917342084 382.8740740740741 14232.777777777797 
397.0015323036357 305.0 937.0 650.0 1.0 410.43074320113067 382.8740740740741 14232.777777777797 
398.0015323036357 308.0 944.0 648.0 12.0 407.675076288425 382.8740740740741 14232.777777777797 
399.0015323036357 310.0 953.0 648.0 4.0 405.1949760669898 382.8740740740741 14232.777777777797 
400.0015323036357 312.0 958.0 649.0 14.0 402.9628858676983 382.8740740740741 14232.777777777797 
401.0015323036357 312.0 963.0 650.0 1.0 400.9540046883359 382.8740740740741 14232.777777777797 
402.0015323036357 314.0 970.0 651.0 1.0 397.38527088616905 365.2666666666668 14232.777777777797 
403.0015323036357 314.0 973.0 653.0 2.0 394.17341046421876 365.2666666666668 14232.777777777797 
404.0015323036357 314.0 975.0 656.0 20.0 392.51977312150063 377.63703703703715 14232.777777777797 
405.0015323036357 315.0 976.0 657.0 9.0 391.0314995130542 377.63703703703715 14232.777777777797 
406.0015323036357 316.0 976.0 656.0 8.0 388.7557569691562 368.2740740740742 14232.777777777797 
407.0015323036357 316.0 978.0 656.0 1.0 386.6957368277961 368.15555555555574 14232.777777777797 
408.0015323036357 318.0 979.0 654.0 2.0 386.6024594413128 385.76296296296306 14232.777777777797 
409.0015323036357 318.0 980.0 654.0 17.0 386.206657941626 382.64444444444456 14232.777777777797 
410.0015323036357 319.0 980.0 653.0 5.0 385.8504365919079 382.64444444444456 14232.777777777797 
411.0015323036357 319.0 984.0 653.0 1.0 386.0416892290134 387.76296296296306 14232.777777777797 
412.0015323036357 321.0 984.0 651.0 1.0 386.2027054912972 387.6518518518521 14232.777777777797 
413.0015323036357 323.0 984.0 649.0 2.0 386.3476201273527 387.6518518518521 14232.777777777797 
414.0015323036357 323.0 984.0 649.0 5.0 387.71508033683966 400.0222222222224 14232.777777777797 
415.0015323036357 323.0 984.0 649.0 1.0 385.42431304389646 364.80740740740754 14232.777777777797 
416.0015323036357 325.0 985.0 647.0 2.0 383.3626224802475 364.80740740740754 14232.777777777797 
417.0015323036357 326.0 985.0 646.0 2.0 381.5071009729636 364.80740740740754 14232.777777777797 
418.0015323036357 326.0 986.0 646.0 1.0 378.6000945793708 352.4370370370369 14232.777777777797 
419.0015323036357 328.0 986.0 644.0 1.0 374.7467517881005 340.0666666666666 14232.777777777797 
420.0015323036357 332.0 986.0 640.0 7.0 371.27874327595714 340.0666666666666 14232.777777777797 
421.0015323036357 333.0 986.0 639.0 21.0 368.1575356150281 340.0666666666666 14232.777777777797 
422.0015323036357 335.0 986.0 637.0 2.0 364.7240042757475 333.8222222222222 14232.777777777797 
423.0015323036357 336.0 986.0 636.0 1.0 360.3960482926172 321.4444444444444 14232.777777777797 
424.0015323036357 336.0 986.0 636.0 1.0 355.2638508707629 309.074074074074 14232.777777777797 
425.0015323036357 338.0 986.0 634.0 6.0 350.64487319109406 309.074074074074 14232.777777777797 
426.0015323036357 340.0 986.0 632.0 15.0 346.48779327939206 309.074074074074 14232.777777777797 
427.0015323036357 341.0 986.0 631.0 5.0 342.7464213588603 309.074074074074 14232.777777777797 
428.0015323036357 341.0 986.0 632.0 1.0 339.37918663038164 309.074074074074 14232.777777777797 
429.0015323036357 341.0 986.0 632.0 1.0 335.099786485862 296.58518518518514 14232.777777777797 
430.0015323036357 345.0 986.0 628.0 6.0 331.24832635579435 296.58518518518514 14232.777777777797 
431.0015323036357 346.0 986.0 627.0 16.0 327.47016038688156 293.46666666666664 14232.777777777797 
432.0015323036357 348.0 986.0 625.0 1.0 323.1327739778231 284.09629629629615 14232.777777777797 
433.0015323036357 351.0 986.0 622.0 1.0 317.9802373207815 271.60740740740727 14232.777777777797 
434.0015323036357 352.0 986.0 622.0 7.0 313.34295432944407 271.60740740740727 14232.777777777797 
435.0015323036357 353.0 986.0 621.0 12.0 309.1693996372405 271.60740740740727 14232.777777777797 
436.0015323036357 355.0 986.0 619.0 9.0 305.10134856240524 268.48888888888877 14232.777777777797 
437.0015323036357 361.0 986.0 613.0 7.0 301.44010259505365 268.48888888888877 14232.777777777797 
438.0015323036357 362.0 986.0 612.0 1.0 298.1449812244372 268.48888888888877 14232.777777777797 
439.0015323036357 364.0 986.0 610.0 1.0 294.5549275464379 262.2444444444444 14232.777777777797 
440.0015323036357 366.0 986.0 608.0 7.0 293.0846199769793 279.85185185185173 14232.777777777797 
441.0015323036357 366.0 986.0 609.0 4.0 291.13689872002215 273.6074074074073 14232.777777777797 
442.0015323036357 368.0 986.0 607.0 12.0 289.3839495887607 273.6074074074073 14232.777777777797 
443.0015323036357 369.0 986.0 606.0 5.0 287.4937027780328 270.4814814814814 14232.777777777797 
444.0015323036357 371.0 986.0 604.0 1.0 285.79248064837765 270.4814814814814 14232.777777777797 
445.0015323036357 373.0 986.0 602.0 1.0 283.6369362872436 264.2370370370369 14232.777777777797 
446.0015323036357 378.0 986.0 597.0 9.0 281.0725019177785 257.9925925925925 14232.777777777797 
447.0015323036357 380.0 986.0 595.0 16.0 280.5252517260007 275.59999999999985 14232.777777777797 
448.0015323036357 382.0 986.0 593.0 2.0 281.48161544228947 290.0888888888889 14232.777777777797 
449.0015323036357 383.0 986.0 592.0 1.0 277.0601205647272 237.26666666666674 14232.777777777797 
450.0015323036357 384.0 986.0 591.0 1.0 273.08077517492114 237.26666666666674 14232.777777777797 
451.0015323036357 387.0 986.0 588.0 8.0 269.4993643240957 237.26666666666674 14232.777777777797 
452.0015323036357 388.0 986.0 587.0 5.0 266.27609455835284 237.26666666666674 14232.777777777797 
453.0015323036357 391.0 986.0 584.0 21.0 263.37515176918424 237.26666666666674 14232.777777777797 
454.0015323036357 394.0 986.0 581.0 6.0 260.7643032589325 237.26666666666674 14232.777777777797 
455.0015323036357 394.0 986.0 582.0 1.0 258.4145395997059 237.26666666666674 14232.777777777797 
456.0015323036357 396.0 986.0 580.0 1.0 256.29975230640196 237.26666666666674 14232.777777777797 
457.0015323036357 398.0 986.0 578.0 1.0 254.3964437424285 237.26666666666674 14232.777777777797 
458.0015323036357 399.0 986.0 577.0 12.0 252.68346603485227 237.26666666666674 14232.777777777797 
459.0015323036357 401.0 986.0 575.0 13.0 253.4143786906263 259.9925925925925 14232.777777777797 
460.0015323036357 403.0 986.0 573.0 3.0 254.07220008082294 259.9925925925925 14232.777777777797 
461.0015323036357 404.0 986.0 572.0 1.0 253.415350443111 247.50370370370376 14232.777777777797 
462.0015323036357 406.0 986.0 570.0 2.0 254.58492650991104 265.111111111111 14232.777777777797 
463.0015323036357 407.0 986.0 570.0 1.0 257.08643385892 279.59999999999985 14232.777777777797 
464.0015323036357 407.0 986.0 570.0 1.0 252.29408676932425 209.1629629629629 14232.777777777797 
465.0015323036357 408.0 986.0 569.0 1.0 247.98097438868817 209.1629629629629 14232.777777777797 
466.0015323036357 411.0 986.0 566.0 9.0 244.09917324611567 209.1629629629629 14232.777777777797 
467.0015323036357 411.0 986.0 566.0 18.0 240.60555221780035 209.1629629629629 14232.777777777797 
468.0015323036357 414.0 986.0 563.0 6.0 237.7731451441685 212.28148148148173 14232.777777777797 
469.0015323036357 415.0 986.0 562.0 1.0 235.22397877789982 212.28148148148173 14232.777777777797 
470.0015323036357 416.0 986.0 561.0 1.0 232.61713645566536 209.15555555555582 14232.777777777797 
471.0015323036357 417.0 986.0 560.0 5.0 230.2709783656544 209.15555555555582 14232.777777777797 
472.0015323036357 418.0 986.0 559.0 17.0 228.15943608464445 209.15555555555582 14232.777777777797 
473.0015323036357 421.0 986.0 556.0 1.0 226.25904803173563 209.15555555555582 14232.777777777797 
474.0015323036357 423.0 986.0 554.0 1.0 223.29980989522875 196.66666666666654 14232.777777777797 
475.0015323036357 426.0 986.0 551.0 1.0 220.63649557237252 196.66666666666654 14232.777777777797 
476.0015323036357 428.0 986.0 550.0 1.0 218.23951268180198 196.66666666666654 14232.777777777797 
477.0015323036357 431.0 987.0 547.0 13.0 216.08222808028844 196.66666666666654 14232.777777777797 
478.0015323036357 431.0 987.0 547.0 1.0 215.90141267966703 214.2740740740742 14232.777777777797 
479.0015323036357 434.0 987.0 544.0 1.0 215.73867881910772 214.2740740740742 14232.777777777797 
480.0015323036357 434.0 987.0 544.0 13.0 215.59221834460436 214.2740740740742 14232.777777777797 
481.0015323036357 437.0 987.0 541.0 1.0 217.2211446582921 231.88148148148156 14232.777777777797 
482.0015323036357 438.0 987.0 540.0 1.0 219.19903019246289 237.0 14232.777777777797 
483.0015323036357 438.0 987.0 540.0 2.0 220.9791271732166 237.0 14232.777777777797 
484.0015323036357 440.0 987.0 538.0 1.0 222.58121445589495 237.0 14232.777777777797 
485.0015323036357 442.0 987.0 536.0 1.0 218.74087078808327 184.1777777777777 14232.777777777797 
486.0015323036357 442.0 987.0 536.0 6.0 215.28456148705274 184.1777777777777 14232.777777777797 
487.0015323036357 442.0 987.0 536.0 4.0 212.1738831161252 184.1777777777777 14232.777777777797 
488.0015323036357 444.0 987.0 534.0 13.0 209.3742725822905 184.1777777777777 14232.777777777797 
489.0015323036357 445.0 987.0 533.0 6.0 206.85462310183928 184.1777777777777 14232.777777777797 
490.0015323036357 446.0 987.0 532.0 1.0 204.58693856943304 184.1777777777777 14232.777777777797 
491.0015323036357 447.0 987.0 531.0 1.0 202.5460224902676 184.1777777777777 14232.777777777797 
492.0015323036357 448.0 987.0 530.0 15.0 199.46030913012976 171.6888888888889 14232.777777777797 
493.0015323036357 449.0 987.0 529.0 10.0 196.68316710600564 171.6888888888889 14232.777777777797 
494.0015323036357 449.0 987.0 529.0 2.0 194.183739284294 171.6888888888889 14232.777777777797 
495.0015323036357 450.0 987.0 528.0 1.0 190.6853653558646 159.2000000000001 14232.777777777797 
496.0015323036357 453.0 987.0 525.0 1.0 187.53682882027815 159.2000000000001 14232.777777777797 
497.0015323036357 455.0 987.0 523.0 6.0 184.70314593825034 159.2000000000001 14232.777777777797 
498.0015323036357 455.0 987.0 523.0 10.0 182.15283134442532 159.2000000000001 14232.777777777797 
499.0015323036357 457.0 987.0 521.0 12.0 179.85754820998278 159.2000000000001 14232.777777777797 
500.0015323036357 458.0 987.0 520.0 1.0 177.7917933889845 159.2000000000001 14232.777777777797 
501.0015323036357 460.0 987.0 518.0 1.0 174.6837251611972 146.7111111111111 14232.777777777797 
502.0015323036357 460.0 987.0 519.0 1.0 171.88646375618856 146.7111111111111 14232.777777777797 
503.0015323036357 460.0 987.0 520.0 9.0 169.36892849168083 146.7111111111111 14232.777777777797 
504.0015323036357 461.0 987.0 519.0 4.0 167.1031467536239 146.7111111111111 14232.777777777797 
505.0015323036357 462.0 987.0 518.0 5.0 165.0639431893726 146.7111111111111 14232.777777777797 
506.0015323036357 465.0 987.0 515.0 11.0 163.22865998154649 146.7111111111111 14232.777777777797 
507.0015323036357 466.0 987.0 514.0 1.0 161.57690509450296 146.7111111111111 14232.777777777797 
508.0015323036357 469.0 987.0 512.0 1.0 158.84143680727487 134.2222222222222 14232.777777777797 
509.0015323036357 471.0 987.0 510.0 1.0 156.37951534876962 134.2222222222222 14232.777777777797 
510.0015323036357 473.0 987.0 508.0 1.0 154.16378603611486 134.2222222222222 14232.777777777797 
511.0015323036357 475.0 987.0 506.0 11.0 152.1696296547256 134.2222222222222 14232.777777777797 
512.0015323036357 476.0 987.0 506.0 9.0 150.68748150406788 137.3481481481481 14232.777777777797 
513.0015323036357 477.0 987.0 505.0 1.0 149.35354816847592 137.3481481481481 14232.777777777797 
514.0015323036357 479.0 987.0 503.0 1.0 147.52856372199872 131.10370370370367 14232.777777777797 
515.0015323036357 481.0 987.0 501.0 3.0 145.26163327572476 124.85925925925916 14232.777777777797 
516.0015323036357 482.0 987.0 500.0 1.0 143.5339884666708 127.9851851851851 14232.777777777797 
517.0015323036357 489.0 987.0 493.0 12.0 141.97910813852226 127.9851851851851 14232.777777777797 
518.0015323036357 490.0 987.0 492.0 5.0 140.57971584318855 127.9851851851851 14232.777777777797 
519.0015323036357 492.0 987.0 490.0 1.0 139.32026277738822 127.9851851851851 14232.777777777797 
520.0015323036357 492.0 987.0 490.0 1.0 137.87416242557535 124.85925925925916 14232.777777777797 
521.0015323036357 493.0 987.0 489.0 1.0 135.63637581264746 115.49629629629625 14232.777777777797 
522.0015323036357 494.0 987.0 488.0 10.0 133.62236786101235 115.49629629629625 14232.777777777797 
523.0015323036357 495.0 987.0 487.0 14.0 131.80976070454076 115.49629629629625 14232.777777777797 
524.0015323036357 497.0 987.0 485.0 4.0 130.17841426371632 115.49629629629625 14232.777777777797 
525.0015323036357 497.0 987.0 485.0 1.0 128.39760987438171 112.37037037037032 14232.777777777797 
526.0015323036357 500.0 987.0 483.0 1.0 125.5459970350917 99.88148148148154 14232.777777777797 
527.0015323036357 505.0 987.0 478.0 1.0 122.97954547973069 99.88148148148154 14232.777777777797 
528.0015323036357 507.0 987.0 476.0 15.0 120.66973907990577 99.88148148148154 14232.777777777797 
529.0015323036357 510.0 987.0 473.0 2.0 118.59091332006338 99.88148148148154 14232.777777777797 
530.0015323036357 510.0 987.0 473.0 1.0 117.85626643250146 111.2444444444444 14232.777777777797 
531.0015323036357 512.0 987.0 471.0 7.0 117.50693608554764 114.36296296296294 14232.777777777797 
532.0015323036357 514.0 987.0 469.0 6.0 116.56809432884472 108.11851851851846 14232.777777777797 
533.0015323036357 514.0 987.0 469.0 6.0 115.72313674781212 108.11851851851846 14232.777777777797 
534.0015323036357 515.0 987.0 468.0 1.0 114.96267492488276 108.11851851851846 14232.777777777797 
535.0015323036357 516.0 987.0 467.0 1.0 114.27825928424636 108.11851851851846 14232.777777777797 
536.0015323036357 517.0 987.0 466.0 6.0 113.66228520767358 108.11851851851846 14232.777777777797 
537.0015323036357 519.0 987.0 464.0 2.0 113.10790853875808 108.11851851851846 14232.777777777797 
538.0015323036357 520.0 987.0 463.0 2.0 112.60896953673414 108.11851851851846 14232.777777777797 
539.0015323036357 520.0 987.0 465.0 1.0 110.08733184231998 87.39259259259252 14232.777777777797 
540.0015323036357 520.0 987.0 465.0 1.0 107.81785791734725 87.39259259259252 14232.777777777797 
541.0015323036357 521.0 987.0 464.0 1.0 105.77533138487179 87.39259259259252 14232.777777777797 
542.0015323036357 522.0 987.0 463.0 1.0 103.93705750564389 87.39259259259252 14232.777777777797 
543.0015323036357 522.0 987.0 463.0 10.0 102.28261101433877 87.39259259259252 14232.777777777797 
544.0015323036357 524.0 987.0 461.0 4.0 100.79360917216415 87.39259259259252 14232.777777777797 
545.0015323036357 524.0 987.0 461.0 1.0 99.45350751420702 87.39259259259252 14232.777777777797 
546.0015323036357 524.0 987.0 461.0 1.0 97.31111972574928 78.02962962962961 14232.777777777797 
547.0015323036357 526.0 987.0 459.0 1.0 95.38297071613731 78.02962962962961 14232.777777777797 
548.0015323036357 527.0 987.0 460.0 1.0 93.64763660748656 78.02962962962961 14232.777777777797 
549.0015323036357 528.0 987.0 459.0 18.0 93.32287294673793 90.39999999999996 14232.777777777797 
550.0015323036357 531.0 987.0 457.0 7.0 94.2683634298419 102.77777777777774 14232.777777777797 
551.0015323036357 533.0 987.0 455.0 1.0 98.1170826424133 132.75555555555562 14232.777777777797 
552.0015323036357 534.0 987.0 454.0 2.0 103.64315215594974 153.3777777777778 14232.777777777797 
553.0015323036357 534.0 987.0 454.0 1.0 109.85439249591033 165.75555555555565 14232.777777777797 
554.0015323036357 534.0 987.0 454.0 1.0 109.25710139446744 103.88148148148154 14232.777777777797 
555.0015323036357 535.0 987.0 453.0 2.0 108.71953940316887 103.88148148148154 14232.777777777797 
556.0015323036357 536.0 987.0 452.0 1.0 110.30906694433347 124.61481481481475 14232.777777777797 
557.0015323036357 536.0 987.0 452.0 1.0 109.97890099064087 107.00740740740747 14232.777777777797 
558.0015323036357 537.0 987.0 451.0 1.0 106.16027015083604 71.7925925925926 14232.777777777797 
559.0015323036357 537.0 987.0 451.0 1.0 102.72350239501172 71.7925925925926 14232.777777777797 
560.0015323036357 540.0 987.0 449.0 9.0 99.63041141476981 71.7925925925926 14232.777777777797 
561.0015323036357 541.0 987.0 448.0 12.0 99.3214443473669 96.54074074074077 14232.777777777797 
562.0015323036357 541.0 987.0 448.0 1.0 99.04337398670431 96.54074074074077 14232.777777777797 
563.0015323036357 544.0 987.0 445.0 1.0 98.79311066210796 96.54074074074077 14232.777777777797 
564.0015323036357 547.0 987.0 442.0 1.0 98.56787366997123 96.54074074074077 14232.777777777797 
565.0015323036357 548.0 987.0 442.0 3.0 98.3651603770482 96.54074074074077 14232.777777777797 
566.0015323036357 549.0 987.0 442.0 16.0 98.18271841341745 96.54074074074077 14232.777777777797 
567.0015323036357 550.0 987.0 441.0 2.0 98.0185206461498 96.54074074074077 14232.777777777797 
568.0015323036357 552.0 987.0 440.0 2.0 95.69592784079408 74.79259259259257 14232.777777777797 
569.0015323036357 553.0 987.0 439.0 1.0 93.60559431597393 74.79259259259257 14232.777777777797 
570.0015323036357 554.0 987.0 438.0 1.0 92.9620719214136 87.17037037037039 14232.777777777797 
571.0015323036357 557.0 987.0 435.0 1.0 93.61993880334632 99.54074074074076 14232.777777777797 
572.0015323036357 559.0 987.0 433.0 17.0 94.21201899708575 99.54074074074076 14232.777777777797 
573.0015323036357 559.0 987.0 433.0 1.0 94.74489117145127 99.54074074074076 14232.777777777797 
574.0015323036357 562.0 987.0 430.0 1.0 91.51262427652837 62.42222222222221 14232.777777777797 
575.0015323036357 566.0 987.0 426.0 1.0 88.60358407109776 62.42222222222221 14232.777777777797 
576.0015323036357 568.0 987.0 424.0 1.0 85.98544788621022 62.42222222222221 14232.777777777797 
577.0015323036357 568.0 987.0 424.0 19.0 83.62912531981142 62.42222222222221 14232.777777777797 
578.0015323036357 568.0 987.0 424.0 5.0 81.50843501005251 62.42222222222221 14232.777777777797 
579.0015323036357 568.0 987.0 424.0 1.0 81.36055447201022 80.02962962962961 14232.777777777797 
580.0015323036357 570.0 987.0 422.0 1.0 80.60301754332774 73.78518518518523 14232.777777777797 
581.0015323036357 570.0 987.0 422.0 1.0 80.84641949269866 83.03703703703707 14232.777777777797 
582.0015323036357 571.0 987.0 421.0 6.0 81.0654812471325 83.03703703703707 14232.777777777797 
583.0015323036357 572.0 987.0 420.0 10.0 84.78411830760446 118.25185185185188 14232.777777777797 
584.0015323036357 573.0 987.0 419.0 2.0 88.13089166202919 118.25185185185188 14232.777777777797 
585.0015323036357 575.0 987.0 417.0 3.0 92.90372842175219 135.8592592592591 14232.777777777797 
586.0015323036357 575.0 987.0 417.0 2.0 98.4370592832807 148.23703703703688 14232.777777777797 
587.0015323036357 578.0 987.0 414.0 1.0 98.13483483643412 95.41481481481485 14232.777777777797 
588.0015323036357 579.0 987.0 413.0 1.0 96.10209209353145 77.80740740740738 14232.777777777797 
589.0015323036357 581.0 987.0 411.0 1.0 96.0333643656598 95.41481481481486 14232.777777777797 
590.0015323036357 583.0 987.0 409.0 1.0 95.97150941057531 95.41481481481486 14232.777777777797 
591.0015323036357 583.0 987.0 409.0 2.0 95.91583995099927 95.41481481481486 14232.777777777797 
592.0015323036357 583.0 987.0 409.0 1.0 93.39092262256602 70.66666666666667 14232.777777777797 
593.0015323036357 584.0 987.0 408.0 1.0 91.11849702697609 70.66666666666667 14232.777777777797 
594.0015323036357 585.0 987.0 407.0 1.0 89.07331399094515 70.66666666666667 14232.777777777797 
595.0015323036357 588.0 987.0 404.0 1.0 87.23264925851731 70.66666666666667 14232.777777777797 
596.0015323036357 589.0 987.0 403.0 1.0 85.57605099933225 70.66666666666667 14232.777777777797 
597.0015323036357 590.0 987.0 402.0 2.0 84.0851125660657 70.66666666666667 14232.777777777797 
598.0015323036357 591.0 987.0 401.0 1.0 82.74326797612581 70.66666666666667 14232.777777777797 
599.0015323036357 592.0 987.0 400.0 1.0 81.53560784517988 70.66666666666667 14232.777777777797 
600.0015323036357 593.0 987.0 400.0 1.0 80.76130631992118 73.79259259259257 14232.777777777797 
#####################################################################
# End of data export. Simulation finished at: 2020-02-11T06:36+0000 #
#####################################################################
