#####################################################################
# Alchemist log file - simulation started at: 2020-02-13T13:54+0000 #
#####################################################################
# longseed = 31.0, meanTaskSize = 1, peakFrequency = 0.001
#
# The columns have the following meaning: 
# time done[Sum] drop[Sum] waiting[Sum] isLeader[Sum] capacity[Mean] freeCapacity[Mean] maxCapacity[Mean] 
0.0 NaN 0.0 NaN NaN NaN NaN NaN 
1.0097024070709293 0.0 0.0 0.0 135.0 14232.777777777797 14232.777777777797 14232.777777777797 
2.0097024070709293 0.0 0.0 0.0 135.0 14232.777777777797 14232.777777777797 14232.777777777797 
3.0097024070709293 0.0 0.0 0.0 135.0 14232.777777777797 14232.777777777797 14232.777777777797 
4.009702407070929 0.0 0.0 0.0 135.0 14232.777777777797 14232.777777777797 14232.777777777797 
5.009702407070929 0.0 0.0 0.0 135.0 14232.777777777797 14232.777777777797 14232.777777777797 
6.009702407070929 0.0 0.0 0.0 135.0 14232.777777777797 14232.777777777797 14232.777777777797 
7.009702407070929 0.0 0.0 0.0 135.0 14232.777777777797 14232.777777777797 14232.777777777797 
8.009702407070929 0.0 0.0 0.0 135.0 14232.777777777797 14232.777777777797 14232.777777777797 
9.009702407070929 0.0 0.0 0.0 135.0 14232.777777777797 14232.777777777797 14232.777777777797 
10.009702407070929 0.0 0.0 0.0 135.0 14232.777777777797 14232.777777777797 14232.777777777797 
11.009702407070929 0.0 0.0 0.0 135.0 14232.777777777797 14232.777777777797 14232.777777777797 
12.009702407070929 0.0 0.0 0.0 135.0 14232.777777777797 14232.777777777797 14232.777777777797 
13.009702407070929 0.0 0.0 0.0 135.0 14232.777777777797 14232.777777777797 14232.777777777797 
14.009702407070929 0.0 0.0 0.0 135.0 14232.777777777797 14232.777777777797 14232.777777777797 
15.009702407070929 0.0 0.0 0.0 135.0 14232.777777777797 14232.777777777797 14232.777777777797 
16.00970240707093 0.0 0.0 0.0 135.0 14232.777777777797 14232.777777777797 14232.777777777797 
17.00970240707093 0.0 0.0 0.0 135.0 14232.777777777797 14232.777777777797 14232.777777777797 
18.00970240707093 0.0 0.0 0.0 135.0 14232.777777777797 14232.777777777797 14232.777777777797 
19.00970240707093 0.0 0.0 0.0 135.0 14232.777777777797 14232.777777777797 14232.777777777797 
20.00970240707093 0.0 0.0 0.0 135.0 14232.777777777797 14232.777777777797 14232.777777777797 
21.00970240707093 0.0 0.0 1.0 135.0 14232.777777777797 14232.777777777797 14232.777777777797 
22.00970240707093 1.0 0.0 0.0 135.0 14232.465185185178 14229.651851851839 14232.777777777797 
23.00970240707093 1.0 0.0 0.0 135.0 14232.496444444467 14232.777777777797 14232.777777777797 
24.00970240707093 1.0 0.0 0.0 135.0 14232.524577777745 14232.777777777797 14232.777777777797 
25.00970240707093 1.0 0.0 0.0 135.0 14232.549897777782 14232.777777777797 14232.777777777797 
26.00970240707093 1.0 0.0 0.0 135.0 14232.572685777786 14232.777777777797 14232.777777777797 
27.00970240707093 1.0 0.0 0.0 135.0 14232.593194977784 14232.777777777797 14232.777777777797 
28.00970240707093 1.0 0.0 0.0 135.0 14232.611653257776 14232.777777777797 14232.777777777797 
29.00970240707093 1.0 0.0 0.0 135.0 14232.628265709784 14232.777777777797 14232.777777777797 
30.00970240707093 1.0 0.0 0.0 135.0 14232.643216916567 14232.777777777797 14232.777777777797 
31.00970240707093 1.0 0.0 0.0 135.0 14232.656673002664 14232.777777777797 14232.777777777797 
32.00970240707093 1.0 0.0 0.0 135.0 14232.668783480201 14232.777777777797 14232.777777777797 
33.00970240707093 1.0 0.0 0.0 135.0 14232.679682909951 14232.777777777797 14232.777777777797 
34.00970240707093 1.0 0.0 0.0 135.0 14232.689492396727 14232.777777777797 14232.777777777797 
35.00970240707093 1.0 0.0 1.0 135.0 14232.698320934842 14232.777777777797 14232.777777777797 
36.00970240707093 2.0 0.0 0.0 135.0 14232.393674026545 14229.651851851839 14232.777777777797 
37.00970240707093 2.0 0.0 1.0 135.0 14232.432084401664 14232.777777777797 14232.777777777797 
38.00970240707093 3.0 0.0 0.0 135.0 14232.15406114669 14229.651851851839 14232.777777777797 
39.00970240707093 3.0 0.0 0.0 135.0 14232.21643280978 14232.777777777797 14232.777777777797 
40.00970240707093 3.0 0.0 0.0 135.0 14232.272567306567 14232.777777777797 14232.777777777797 
41.00970240707093 3.0 0.0 1.0 135.0 14232.323088353702 14232.777777777797 14232.777777777797 
42.00970240707093 4.0 0.0 1.0 135.0 14232.055964703524 14229.651851851839 14232.777777777797 
43.00970240707093 5.0 0.0 1.0 135.0 14231.81555341836 14229.651851851839 14232.777777777797 
44.00970240707093 6.0 0.0 0.0 135.0 14230.150294372826 14215.162962962962 14232.777777777797 
45.00970240707093 6.0 0.0 0.0 135.0 14230.413042713304 14232.777777777797 14232.777777777797 
46.00970240707093 6.0 0.0 0.0 135.0 14230.649516219777 14232.777777777797 14232.777777777797 
47.00970240707093 6.0 0.0 1.0 135.0 14230.862342375563 14232.777777777797 14232.777777777797 
48.00970240707093 7.0 0.0 0.0 135.0 14230.741293323177 14229.651851851839 14232.777777777797 
49.00970240707093 7.0 0.0 0.0 135.0 14230.944941768648 14232.777777777797 14232.777777777797 
50.00970240707093 7.0 0.0 0.0 135.0 14231.128225369539 14232.777777777797 14232.777777777797 
51.00970240707093 7.0 0.0 0.0 135.0 14231.29318061039 14232.777777777797 14232.777777777797 
52.00970240707093 7.0 0.0 0.0 135.0 14231.441640327123 14232.777777777797 14232.777777777797 
53.00970240707093 7.0 0.0 0.0 135.0 14231.57525407218 14232.777777777797 14232.777777777797 
54.00970240707093 7.0 0.0 0.0 135.0 14231.695506442718 14232.777777777797 14232.777777777797 
55.00970240707093 7.0 0.0 0.0 135.0 14231.803733576256 14232.777777777797 14232.777777777797 
56.00970240707093 7.0 0.0 0.0 135.0 14231.901137996414 14232.777777777797 14232.777777777797 
57.00970240707093 7.0 0.0 0.0 135.0 14231.988801974521 14232.777777777797 14232.777777777797 
58.00970240707093 7.0 0.0 0.0 135.0 14232.067699554882 14232.777777777797 14232.777777777797 
59.00970240707093 7.0 0.0 0.0 135.0 14232.138707377153 14232.777777777797 14232.777777777797 
60.00970240707093 7.0 0.0 0.0 135.0 14232.202614417216 14232.777777777797 14232.777777777797 
61.00970240707093 7.0 0.0 0.0 135.0 14232.260130753277 14232.777777777797 14232.777777777797 
62.00970240707093 7.0 0.0 0.0 135.0 14232.311895455743 14232.777777777797 14232.777777777797 
63.00970240707093 7.0 0.0 0.0 135.0 14232.358483687905 14232.777777777797 14232.777777777797 
64.00970240707093 7.0 0.0 0.0 135.0 14232.400413096932 14232.777777777797 14232.777777777797 
65.00970240707093 7.0 0.0 0.0 135.0 14232.438149565007 14232.777777777797 14232.777777777797 
66.00970240707093 7.0 0.0 0.0 135.0 14232.472112386296 14232.777777777797 14232.777777777797 
67.00970240707093 7.0 0.0 1.0 135.0 14232.502678925446 14232.777777777797 14232.777777777797 
68.00970240707093 8.0 0.0 0.0 135.0 14232.217596218074 14229.651851851839 14232.777777777797 
69.00970240707093 8.0 0.0 0.0 135.0 14232.273614374071 14232.777777777797 14232.777777777797 
70.00970240707093 8.0 0.0 0.0 135.0 14232.324030714411 14232.777777777797 14232.777777777797 
71.00970240707093 8.0 0.0 0.0 135.0 14232.369405420764 14232.777777777797 14232.777777777797 
72.00970240707093 8.0 0.0 1.0 135.0 14232.410242656435 14232.777777777797 14232.777777777797 
73.00970240707093 9.0 0.0 0.0 135.0 14232.134403575998 14229.651851851839 14232.777777777797 
74.00970240707093 9.0 0.0 0.0 135.0 14232.198740996162 14232.777777777797 14232.777777777797 
75.00970240707093 9.0 0.0 1.0 135.0 14232.256644674324 14232.777777777797 14232.777777777797 
76.00970240707093 10.0 0.0 0.0 135.0 14231.99616539209 14229.651851851839 14232.777777777797 
77.00970240707093 10.0 0.0 0.0 135.0 14232.074326630633 14232.777777777797 14232.777777777797 
78.00970240707093 10.0 0.0 0.0 135.0 14232.144671745367 14232.777777777797 14232.777777777797 
79.00970240707093 10.0 0.0 0.0 135.0 14232.207982348611 14232.777777777797 14232.777777777797 
80.00970240707093 10.0 0.0 0.0 135.0 14232.264961891497 14232.777777777797 14232.777777777797 
81.00970240707093 10.0 0.0 0.0 135.0 14232.316243480129 14232.777777777797 14232.777777777797 
82.00970240707093 10.0 0.0 1.0 135.0 14232.362396909944 14232.777777777797 14232.777777777797 
83.00970240707093 11.0 0.0 0.0 135.0 14232.091342404106 14229.651851851839 14232.777777777797 
84.00970240707093 11.0 0.0 0.0 135.0 14232.159985941486 14232.777777777797 14232.777777777797 
85.00970240707093 11.0 0.0 0.0 135.0 14232.22176512511 14232.777777777797 14232.777777777797 
86.00970240707093 11.0 0.0 0.0 135.0 14232.27736639037 14232.777777777797 14232.777777777797 
87.00970240707093 11.0 0.0 0.0 135.0 14232.327407529112 14232.777777777797 14232.777777777797 
88.00970240707093 11.0 0.0 1.0 135.0 14232.372444553963 14232.777777777797 14232.777777777797 
89.00970240707093 12.0 0.0 0.0 135.0 14232.100385283738 14229.651851851839 14232.777777777797 
90.00970240707093 12.0 0.0 0.0 135.0 14232.168124533166 14232.777777777797 14232.777777777797 
91.00970240707093 12.0 0.0 0.0 135.0 14232.229089857634 14232.777777777797 14232.777777777797 
92.00970240707093 12.0 0.0 0.0 135.0 14232.283958649641 14232.777777777797 14232.777777777797 
93.00970240707093 12.0 0.0 0.0 135.0 14232.333340562478 14232.777777777797 14232.777777777797 
94.00970240707093 12.0 0.0 0.0 135.0 14232.377784283992 14232.777777777797 14232.777777777797 
95.00970240707093 12.0 0.0 0.0 135.0 14232.417783633386 14232.777777777797 14232.777777777797 
96.00970240707093 12.0 0.0 0.0 135.0 14232.453783047788 14232.777777777797 14232.777777777797 
97.00970240707093 12.0 0.0 0.0 135.0 14232.486182520805 14232.777777777797 14232.777777777797 
98.00970240707093 12.0 0.0 0.0 135.0 14232.5153420465 14232.777777777797 14232.777777777797 
99.00970240707093 12.0 0.0 0.0 135.0 14232.541585619627 14232.777777777797 14232.777777777797 
100.00970240707093 12.0 0.0 0.0 135.0 14232.565204835417 14232.777777777797 14232.777777777797 
101.00970240707093 12.0 0.0 0.0 135.0 14232.586462129679 14232.777777777797 14232.777777777797 
102.00970240707093 12.0 0.0 0.0 135.0 14232.605593694503 14232.777777777797 14232.777777777797 
103.00970240707093 12.0 0.0 0.0 135.0 14232.622812102834 14232.777777777797 14232.777777777797 
104.00970240707093 12.0 0.0 0.0 135.0 14232.638308670283 14232.777777777797 14232.777777777797 
105.00970240707093 12.0 0.0 1.0 135.0 14232.652255581057 14232.777777777797 14232.777777777797 
106.00970240707093 13.0 0.0 0.0 135.0 14232.352215208157 14229.651851851839 14232.777777777797 
107.00970240707093 13.0 0.0 0.0 135.0 14232.394771465108 14232.777777777797 14232.777777777797 
108.00970240707093 13.0 0.0 0.0 135.0 14232.433072096379 14232.777777777797 14232.777777777797 
109.00970240707093 13.0 0.0 0.0 135.0 14232.467542664503 14232.777777777797 14232.777777777797 
110.00970240707093 13.0 0.0 1.0 135.0 14232.498566175862 14232.777777777797 14232.777777777797 
111.00970240707093 14.0 0.0 0.0 135.0 14232.213894743423 14229.651851851839 14232.777777777797 
112.00970240707093 14.0 0.0 2.0 135.0 14232.27028304687 14232.777777777797 14232.777777777797 
113.00970240707093 16.0 0.0 0.0 135.0 14230.246958445878 14212.037037037013 14232.777777777797 
114.00970240707093 16.0 0.0 0.0 135.0 14230.500040379058 14232.777777777797 14232.777777777797 
115.00970240707093 16.0 0.0 0.0 135.0 14230.72781411896 14232.777777777797 14232.777777777797 
116.00970240707093 16.0 0.0 0.0 135.0 14230.93281048484 14232.777777777797 14232.777777777797 
117.00970240707093 16.0 0.0 0.0 135.0 14231.117307214156 14232.777777777797 14232.777777777797 
118.00970240707093 16.0 0.0 0.0 135.0 14231.283354270481 14232.777777777797 14232.777777777797 
119.00970240707093 16.0 0.0 0.0 135.0 14231.43279662121 14232.777777777797 14232.777777777797 
120.00970240707093 16.0 0.0 0.0 135.0 14231.567294736886 14232.777777777797 14232.777777777797 
121.00970240707093 16.0 0.0 0.0 135.0 14231.688343040965 14232.777777777797 14232.777777777797 
122.00970240707093 16.0 0.0 0.0 135.0 14231.79728651464 14232.777777777797 14232.777777777797 
123.00970240707093 16.0 0.0 2.0 135.0 14231.895335640947 14232.777777777797 14232.777777777797 
124.00970240707093 18.0 0.0 0.0 135.0 14231.358394669458 14226.525925925918 14232.777777777797 
125.00970240707093 18.0 0.0 1.0 135.0 14231.500332980302 14232.777777777797 14232.777777777797 
126.00970240707093 19.0 0.0 0.0 135.0 14231.315484867453 14229.651851851839 14232.777777777797 
127.00970240707093 19.0 0.0 0.0 135.0 14231.46171415845 14232.777777777797 14232.777777777797 
128.00970240707093 19.0 0.0 0.0 135.0 14231.593320520433 14232.777777777797 14232.777777777797 
129.00970240707093 19.0 0.0 0.0 135.0 14231.71176624614 14232.777777777797 14232.777777777797 
130.00970240707093 19.0 0.0 1.0 135.0 14231.818367399324 14232.777777777797 14232.777777777797 
131.00970240707093 20.0 0.0 0.0 135.0 14231.601715844543 14229.651851851839 14232.777777777797 
132.00970240707093 20.0 0.0 0.0 135.0 14231.719322037887 14232.777777777797 14232.777777777797 
133.00970240707093 20.0 0.0 0.0 135.0 14231.825167611878 14232.777777777797 14232.777777777797 
134.00970240707093 20.0 0.0 1.0 135.0 14231.920428628451 14232.777777777797 14232.777777777797 
135.00970240707093 21.0 0.0 0.0 135.0 14230.244682061897 14215.162962962962 14232.777777777797 
136.00970240707093 21.0 0.0 0.0 135.0 14230.497991633492 14232.777777777797 14232.777777777797 
137.00970240707093 21.0 0.0 0.0 135.0 14230.725970247933 14232.777777777797 14232.777777777797 
138.00970240707093 21.0 0.0 0.0 135.0 14230.931151000903 14232.777777777797 14232.777777777797 
139.00970240707093 21.0 0.0 0.0 135.0 14231.1158136786 14232.777777777797 14232.777777777797 
140.00970240707093 21.0 0.0 0.0 135.0 14231.282010088518 14232.777777777797 14232.777777777797 
141.00970240707093 21.0 0.0 1.0 135.0 14231.43158685746 14232.777777777797 14232.777777777797 
142.00970240707093 22.0 0.0 0.0 135.0 14231.253613356883 14229.651851851839 14232.777777777797 
143.00970240707093 22.0 0.0 1.0 135.0 14231.406029798953 14232.777777777797 14232.777777777797 
144.00970240707093 23.0 0.0 0.0 135.0 14231.230612004265 14229.651851851839 14232.777777777797 
145.00970240707093 23.0 0.0 0.0 135.0 14231.38532858164 14232.777777777797 14232.777777777797 
146.00970240707093 23.0 0.0 0.0 135.0 14231.524573501249 14232.777777777797 14232.777777777797 
147.00970240707093 23.0 0.0 0.0 135.0 14231.649893928894 14232.777777777797 14232.777777777797 
148.00970240707093 23.0 0.0 0.0 135.0 14231.76268231376 14232.777777777797 14232.777777777797 
149.00970240707093 23.0 0.0 0.0 135.0 14231.864191860162 14232.777777777797 14232.777777777797 
150.00970240707093 23.0 0.0 0.0 135.0 14231.955550451932 14232.777777777797 14232.777777777797 
151.00970240707093 23.0 0.0 0.0 135.0 14232.037773184538 14232.777777777797 14232.777777777797 
152.00970240707093 23.0 0.0 0.0 135.0 14232.111773643832 14232.777777777797 14232.777777777797 
153.00970240707093 23.0 0.0 0.0 135.0 14232.178374057234 14232.777777777797 14232.777777777797 
154.00970240707093 23.0 0.0 0.0 135.0 14232.238314429285 14232.777777777797 14232.777777777797 
155.00970240707093 23.0 0.0 0.0 135.0 14232.292260764121 14232.777777777797 14232.777777777797 
156.00970240707093 23.0 0.0 0.0 135.0 14232.340812465509 14232.777777777797 14232.777777777797 
157.00970240707093 23.0 0.0 0.0 135.0 14232.384508996725 14232.777777777797 14232.777777777797 
158.00970240707093 23.0 0.0 1.0 135.0 14232.423835874833 14232.777777777797 14232.777777777797 
159.00970240707093 24.0 0.0 0.0 135.0 14232.146637472524 14229.651851851839 14232.777777777797 
160.00970240707093 24.0 0.0 0.0 135.0 14232.209751503053 14232.777777777797 14232.777777777797 
161.00970240707093 24.0 0.0 0.0 135.0 14232.26655413056 14232.777777777797 14232.777777777797 
162.00970240707093 24.0 0.0 0.0 135.0 14232.31767649524 14232.777777777797 14232.777777777797 
163.00970240707093 24.0 0.0 0.0 135.0 14232.363686623505 14232.777777777797 14232.777777777797 
164.00970240707093 24.0 0.0 0.0 135.0 14232.40509573895 14232.777777777797 14232.777777777797 
165.00970240707093 24.0 0.0 0.0 135.0 14232.442363942822 14232.777777777797 14232.777777777797 
166.00970240707093 24.0 0.0 0.0 135.0 14232.475905326313 14232.777777777797 14232.777777777797 
167.00970240707093 24.0 0.0 0.0 135.0 14232.506092571479 14232.777777777797 14232.777777777797 
168.00970240707093 24.0 0.0 0.0 135.0 14232.533261092067 14232.777777777797 14232.777777777797 
169.00970240707093 24.0 0.0 0.0 135.0 14232.557712760661 14232.777777777797 14232.777777777797 
170.00970240707093 24.0 0.0 0.0 135.0 14232.57971926235 14232.777777777797 14232.777777777797 
171.00970240707093 24.0 0.0 0.0 135.0 14232.59952511392 14232.777777777797 14232.777777777797 
172.00970240707093 24.0 0.0 0.0 135.0 14232.617350380293 14232.777777777797 14232.777777777797 
173.00970240707093 24.0 0.0 0.0 135.0 14232.633393120066 14232.777777777797 14232.777777777797 
174.00970240707093 24.0 0.0 0.0 135.0 14232.64783158583 14232.777777777797 14232.777777777797 
175.00970240707093 24.0 0.0 0.0 135.0 14232.660826205 14232.777777777797 14232.777777777797 
176.00970240707093 24.0 0.0 0.0 135.0 14232.672521362281 14232.777777777797 14232.777777777797 
177.00970240707093 24.0 0.0 0.0 135.0 14232.683047003855 14232.777777777797 14232.777777777797 
178.00970240707093 24.0 0.0 0.0 135.0 14232.692520081238 14232.777777777797 14232.777777777797 
179.00970240707093 24.0 0.0 0.0 135.0 14232.701045850881 14232.777777777797 14232.777777777797 
180.00970240707093 24.0 0.0 0.0 135.0 14232.708719043607 14232.777777777797 14232.777777777797 
181.00970240707093 24.0 0.0 0.0 135.0 14232.715624917006 14232.777777777797 14232.777777777797 
182.00970240707093 24.0 0.0 0.0 135.0 14232.721840203094 14232.777777777797 14232.777777777797 
183.00970240707093 24.0 0.0 0.0 135.0 14232.727433960536 14232.777777777797 14232.777777777797 
184.00970240707093 24.0 0.0 0.0 135.0 14232.732468342278 14232.777777777797 14232.777777777797 
185.00970240707093 24.0 0.0 0.0 135.0 14232.736999285797 14232.777777777797 14232.777777777797 
186.00970240707093 24.0 0.0 0.0 135.0 14232.74107713502 14232.777777777797 14232.777777777797 
187.00970240707093 24.0 0.0 0.0 135.0 14232.744747199267 14232.777777777797 14232.777777777797 
188.00970240707093 24.0 0.0 2.0 135.0 14232.748050257162 14232.777777777797 14232.777777777797 
189.00970240707093 26.0 0.0 0.0 135.0 14232.125837823995 14226.525925925918 14232.777777777797 
190.00970240707093 26.0 0.0 0.0 135.0 14232.191031819373 14232.777777777797 14232.777777777797 
191.00970240707093 26.0 0.0 0.0 135.0 14232.24970641524 14232.777777777797 14232.777777777797 
192.00970240707093 26.0 0.0 0.0 135.0 14232.302513551514 14232.777777777797 14232.777777777797 
193.00970240707093 26.0 0.0 0.0 135.0 14232.35003997413 14232.777777777797 14232.777777777797 
194.00970240707093 26.0 0.0 0.0 135.0 14232.392813754472 14232.777777777797 14232.777777777797 
195.00970240707093 26.0 0.0 0.0 135.0 14232.4313101568 14232.777777777797 14232.777777777797 
196.00970240707093 26.0 0.0 0.0 135.0 14232.465956918919 14232.777777777797 14232.777777777797 
197.00970240707093 26.0 0.0 0.0 135.0 14232.49713900481 14232.777777777797 14232.777777777797 
198.00970240707093 26.0 0.0 0.0 135.0 14232.525202882094 14232.777777777797 14232.777777777797 
199.00970240707093 26.0 0.0 0.0 135.0 14232.550460371667 14232.777777777797 14232.777777777797 
200.00970240707093 26.0 0.0 0.0 135.0 14232.573192112264 14232.777777777797 14232.777777777797 
201.00970240707093 26.0 0.0 0.0 135.0 14232.593650678802 14232.777777777797 14232.777777777797 
202.00970240707093 26.0 0.0 0.0 135.0 14232.61206338872 14232.777777777797 14232.777777777797 
203.00970240707093 26.0 0.0 0.0 135.0 14232.6286348276 14232.777777777797 14232.777777777797 
204.00970240707093 26.0 0.0 1.0 135.0 14232.643549122657 14232.777777777797 14232.777777777797 
205.00970240707093 27.0 0.0 0.0 135.0 14232.344379395567 14229.651851851839 14232.777777777797 
206.00970240707093 27.0 0.0 0.0 135.0 14232.3877192338 14232.777777777797 14232.777777777797 
207.00970240707093 27.0 0.0 0.0 135.0 14232.426725088195 14232.777777777797 14232.777777777797 
208.00970240707093 27.0 0.0 0.0 135.0 14232.461830357168 14232.777777777797 14232.777777777797 
209.00970240707093 27.0 0.0 0.0 135.0 14232.493425099221 14232.777777777797 14232.777777777797 
210.00970240707093 27.0 0.0 0.0 135.0 14232.521860367062 14232.777777777797 14232.777777777797 
211.00970240707093 27.0 0.0 0.0 135.0 14232.547452108129 14232.777777777797 14232.777777777797 
212.00970240707093 27.0 0.0 0.0 135.0 14232.570484675105 14232.777777777797 14232.777777777797 
213.00970240707093 27.0 0.0 0.0 135.0 14232.591213985379 14232.777777777797 14232.777777777797 
214.00970240707093 27.0 0.0 0.0 135.0 14232.609870364588 14232.777777777797 14232.777777777797 
215.00970240707093 27.0 0.0 0.0 135.0 14232.626661105929 14232.777777777797 14232.777777777797 
216.00970240707093 27.0 0.0 0.0 135.0 14232.641772773108 14232.777777777797 14232.777777777797 
217.00970240707093 27.0 0.0 0.0 135.0 14232.65537327358 14232.777777777797 14232.777777777797 
218.00970240707093 27.0 0.0 1.0 135.0 14232.667613723985 14232.777777777797 14232.777777777797 
219.00970240707093 28.0 0.0 0.0 135.0 14232.366037536778 14229.651851851839 14232.777777777797 
220.00970240707093 28.0 0.0 1.0 135.0 14232.40721156087 14232.777777777797 14232.777777777797 
221.00970240707093 29.0 0.0 0.0 135.0 14232.131675589973 14229.651851851839 14232.777777777797 
222.00970240707093 29.0 0.0 0.0 135.0 14232.196285808755 14232.777777777797 14232.777777777797 
223.00970240707093 29.0 0.0 2.0 135.0 14232.254435005654 14232.777777777797 14232.777777777797 
224.00970240707093 31.0 0.0 1.0 135.0 14231.681584097692 14226.525925925918 14232.777777777797 
225.00970240707093 32.0 0.0 0.0 135.0 14231.478610873091 14229.651851851839 14232.777777777797 
226.00970240707093 32.0 0.0 0.0 135.0 14231.608527563596 14232.777777777797 14232.777777777797 
227.00970240707093 32.0 0.0 0.0 135.0 14231.72545258499 14232.777777777797 14232.777777777797 
228.00970240707093 32.0 0.0 0.0 135.0 14231.830685104285 14232.777777777797 14232.777777777797 
229.00970240707093 32.0 0.0 0.0 135.0 14231.92539437162 14232.777777777797 14232.777777777797 
230.00970240707093 32.0 0.0 0.0 135.0 14232.010632712234 14232.777777777797 14232.777777777797 
231.00970240707093 32.0 0.0 0.0 135.0 14232.087347218809 14232.777777777797 14232.777777777797 
232.00970240707093 32.0 0.0 0.0 135.0 14232.15639027471 14232.777777777797 14232.777777777797 
233.00970240707093 32.0 0.0 0.0 135.0 14232.218529024998 14232.777777777797 14232.777777777797 
234.00970240707093 32.0 0.0 0.0 135.0 14232.274453900267 14232.777777777797 14232.777777777797 
235.00970240707093 32.0 0.0 0.0 135.0 14232.32478628802 14232.777777777797 14232.777777777797 
236.00970240707093 32.0 0.0 0.0 135.0 14232.370085437 14232.777777777797 14232.777777777797 
237.00970240707093 32.0 0.0 0.0 135.0 14232.410854671081 14232.777777777797 14232.777777777797 
238.00970240707093 32.0 0.0 0.0 135.0 14232.447546981757 14232.777777777797 14232.777777777797 
239.00970240707093 32.0 0.0 0.0 135.0 14232.480570061343 14232.777777777797 14232.777777777797 
240.00970240707093 32.0 0.0 0.0 135.0 14232.51029083301 14232.777777777797 14232.777777777797 
241.00970240707093 32.0 0.0 0.0 135.0 14232.537039527491 14232.777777777797 14232.777777777797 
242.00970240707093 32.0 0.0 0.0 135.0 14232.561113352505 14232.777777777797 14232.777777777797 
243.00970240707093 32.0 0.0 0.0 135.0 14232.582779795037 14232.777777777797 14232.777777777797 
244.00970240707093 32.0 0.0 0.0 135.0 14232.6022795933 14232.777777777797 14232.777777777797 
245.00970240707093 32.0 0.0 0.0 135.0 14232.619829411751 14232.777777777797 14232.777777777797 
246.00970240707093 32.0 0.0 0.0 135.0 14232.635624248382 14232.777777777797 14232.777777777797 
247.00970240707093 32.0 0.0 0.0 135.0 14232.649839601321 14232.777777777797 14232.777777777797 
248.00970240707093 32.0 0.0 0.0 135.0 14232.662633418942 14232.777777777797 14232.777777777797 
249.00970240707093 32.0 0.0 1.0 135.0 14232.674147854847 14232.777777777797 14232.777777777797 
250.00970240707093 33.0 0.0 0.0 135.0 14232.37191825453 14229.651851851839 14232.777777777797 
251.00970240707093 33.0 0.0 0.0 135.0 14232.412504206846 14232.777777777797 14232.777777777797 
252.00970240707093 33.0 0.0 0.0 135.0 14232.44903156395 14232.777777777797 14232.777777777797 
253.00970240707093 33.0 0.0 0.0 135.0 14232.481906185336 14232.777777777797 14232.777777777797 
254.00970240707093 33.0 0.0 0.0 135.0 14232.511493344584 14232.777777777797 14232.777777777797 
255.00970240707093 33.0 0.0 0.0 135.0 14232.538121787888 14232.777777777797 14232.777777777797 
256.0097024070709 33.0 0.0 0.0 135.0 14232.5620873869 14232.777777777797 14232.777777777797 
257.0097024070709 33.0 0.0 0.0 135.0 14232.583656425972 14232.777777777797 14232.777777777797 
258.0097024070709 33.0 0.0 0.0 135.0 14232.603068561155 14232.777777777797 14232.777777777797 
259.0097024070709 33.0 0.0 0.0 135.0 14232.620539482808 14232.777777777797 14232.777777777797 
260.0097024070709 33.0 0.0 0.0 135.0 14232.636263312319 14232.777777777797 14232.777777777797 
261.0097024070709 33.0 0.0 1.0 135.0 14232.650414758873 14232.777777777797 14232.777777777797 
262.0097024070709 34.0 0.0 0.0 135.0 14232.350558468168 14229.651851851839 14232.777777777797 
263.0097024070709 34.0 0.0 0.0 135.0 14232.393280399125 14232.777777777797 14232.777777777797 
264.0097024070709 34.0 0.0 0.0 135.0 14232.431730136994 14232.777777777797 14232.777777777797 
265.0097024070709 34.0 0.0 0.0 135.0 14232.466334901075 14232.777777777797 14232.777777777797 
266.0097024070709 34.0 0.0 0.0 135.0 14232.497479188745 14232.777777777797 14232.777777777797 
267.0097024070709 34.0 0.0 0.0 135.0 14232.525509047646 14232.777777777797 14232.777777777797 
268.0097024070709 34.0 0.0 0.0 135.0 14232.550735920646 14232.777777777797 14232.777777777797 
269.0097024070709 34.0 0.0 0.0 135.0 14232.573440106373 14232.777777777797 14232.777777777797 
270.0097024070709 34.0 0.0 0.0 135.0 14232.593873873506 14232.777777777797 14232.777777777797 
271.0097024070709 34.0 0.0 0.0 135.0 14232.612264263948 14232.777777777797 14232.777777777797 
272.0097024070709 34.0 0.0 0.0 135.0 14232.62881561532 14232.777777777797 14232.777777777797 
273.0097024070709 34.0 0.0 0.0 135.0 14232.643711831564 14232.777777777797 14232.777777777797 
274.0097024070709 34.0 0.0 0.0 135.0 14232.657118426197 14232.777777777797 14232.777777777797 
275.0097024070709 34.0 0.0 0.0 135.0 14232.669184361337 14232.777777777797 14232.777777777797 
276.0097024070709 34.0 0.0 1.0 135.0 14232.680043703007 14232.777777777797 14232.777777777797 
277.0097024070709 35.0 0.0 0.0 135.0 14232.377224517859 14229.651851851839 14232.777777777797 
278.0097024070709 35.0 0.0 0.0 135.0 14232.417279843865 14232.777777777797 14232.777777777797 
279.0097024070709 35.0 0.0 0.0 135.0 14232.453329637256 14232.777777777797 14232.777777777797 
280.0097024070709 35.0 0.0 0.0 135.0 14232.485774451308 14232.777777777797 14232.777777777797 
281.0097024070709 35.0 0.0 0.0 135.0 14232.51497478396 14232.777777777797 14232.777777777797 
282.0097024070709 35.0 0.0 0.0 135.0 14232.54125508334 14232.777777777797 14232.777777777797 
283.0097024070709 35.0 0.0 0.0 135.0 14232.564907352793 14232.777777777797 14232.777777777797 
284.0097024070709 35.0 0.0 0.0 135.0 14232.586194395266 14232.777777777797 14232.777777777797 
285.0097024070709 35.0 0.0 0.0 135.0 14232.60535273354 14232.777777777797 14232.777777777797 
286.0097024070709 35.0 0.0 0.0 135.0 14232.622595237955 14232.777777777797 14232.777777777797 
287.0097024070709 35.0 0.0 0.0 135.0 14232.638113491941 14232.777777777797 14232.777777777797 
288.0097024070709 35.0 0.0 0.0 135.0 14232.652079920526 14232.777777777797 14232.777777777797 
289.0097024070709 35.0 0.0 0.0 135.0 14232.664649706245 14232.777777777797 14232.777777777797 
290.0097024070709 35.0 0.0 0.0 135.0 14232.675962513402 14232.777777777797 14232.777777777797 
291.0097024070709 35.0 0.0 0.0 135.0 14232.686144039848 14232.777777777797 14232.777777777797 
292.0097024070709 35.0 0.0 0.0 135.0 14232.695307413655 14232.777777777797 14232.777777777797 
293.0097024070709 35.0 0.0 0.0 135.0 14232.703554450036 14232.777777777797 14232.777777777797 
294.0097024070709 35.0 0.0 0.0 135.0 14232.710976782828 14232.777777777797 14232.777777777797 
295.0097024070709 35.0 0.0 0.0 135.0 14232.717656882314 14232.777777777797 14232.777777777797 
296.0097024070709 35.0 0.0 0.0 135.0 14232.723668971854 14232.777777777797 14232.777777777797 
297.0097024070709 35.0 0.0 0.0 135.0 14232.729079852468 14232.777777777797 14232.777777777797 
298.0097024070709 35.0 0.0 0.0 135.0 14232.733949645 14232.777777777797 14232.777777777797 
299.0097024070709 35.0 0.0 0.0 135.0 14232.738332458255 14232.777777777797 14232.777777777797 
300.0097024070709 35.0 0.0 0.0 135.0 14232.742276990208 14232.777777777797 14232.777777777797 
301.0097024070709 35.0 0.0 1.0 135.0 14232.745827068975 14232.777777777797 14232.777777777797 
302.0097024070709 36.0 0.0 0.0 135.0 14232.436429547277 14229.651851851839 14232.777777777797 
303.0097024070709 36.0 0.0 0.0 135.0 14232.47056437033 14232.777777777797 14232.777777777797 
304.0097024070709 36.0 0.0 0.0 135.0 14232.501285711054 14232.777777777797 14232.777777777797 
305.0097024070709 36.0 0.0 0.0 135.0 14232.528934917731 14232.777777777797 14232.777777777797 
306.0097024070709 36.0 0.0 0.0 135.0 14232.55381920373 14232.777777777797 14232.777777777797 
307.0097024070709 36.0 0.0 0.0 135.0 14232.576215061152 14232.777777777797 14232.777777777797 
308.0097024070709 36.0 0.0 0.0 135.0 14232.5963713328 14232.777777777797 14232.777777777797 
309.0097024070709 36.0 0.0 0.0 135.0 14232.614511977286 14232.777777777797 14232.777777777797 
310.0097024070709 36.0 0.0 1.0 135.0 14232.630838557334 14232.777777777797 14232.777777777797 
311.0097024070709 37.0 0.0 0.0 135.0 14232.332939886799 14229.651851851839 14232.777777777797 
312.0097024070709 37.0 0.0 0.0 135.0 14232.377423675902 14232.777777777797 14232.777777777797 
313.0097024070709 37.0 0.0 0.0 135.0 14232.4174590861 14232.777777777797 14232.777777777797 
314.0097024070709 37.0 0.0 0.0 135.0 14232.453490955235 14232.777777777797 14232.777777777797 
315.0097024070709 37.0 0.0 0.0 135.0 14232.485919637496 14232.777777777797 14232.777777777797 
316.0097024070709 37.0 0.0 0.0 135.0 14232.515105451534 14232.777777777797 14232.777777777797 
317.0097024070709 37.0 0.0 0.0 135.0 14232.541372684162 14232.777777777797 14232.777777777797 
318.0097024070709 37.0 0.0 0.0 135.0 14232.565013193518 14232.777777777797 14232.777777777797 
319.0097024070709 37.0 0.0 0.0 135.0 14232.586289651954 14232.777777777797 14232.777777777797 
320.0097024070709 37.0 0.0 0.0 135.0 14232.605438464521 14232.777777777797 14232.777777777797 
321.0097024070709 37.0 0.0 0.0 135.0 14232.622672395857 14232.777777777797 14232.777777777797 
322.0097024070709 37.0 0.0 1.0 135.0 14232.638182934043 14232.777777777797 14232.777777777797 
323.0097024070709 38.0 0.0 0.0 135.0 14232.339549825823 14229.651851851839 14232.777777777797 
324.0097024070709 38.0 0.0 0.0 135.0 14232.383372621036 14232.777777777797 14232.777777777797 
325.0097024070709 38.0 0.0 0.0 135.0 14232.422813136709 14232.777777777797 14232.777777777797 
326.0097024070709 38.0 0.0 0.0 135.0 14232.458309600795 14232.777777777797 14232.777777777797 
327.0097024070709 38.0 0.0 0.0 135.0 14232.490256418518 14232.777777777797 14232.777777777797 
328.0097024070709 38.0 0.0 0.0 135.0 14232.519008554427 14232.777777777797 14232.777777777797 
329.0097024070709 38.0 0.0 0.0 135.0 14232.544885476742 14232.777777777797 14232.777777777797 
330.0097024070709 38.0 0.0 0.0 135.0 14232.568174706874 14232.777777777797 14232.777777777797 
331.0097024070709 38.0 0.0 0.0 135.0 14232.589135013943 14232.777777777797 14232.777777777797 
332.0097024070709 38.0 0.0 0.0 135.0 14232.60799929034 14232.777777777797 14232.777777777797 
333.0097024070709 38.0 0.0 0.0 135.0 14232.624977139096 14232.777777777797 14232.777777777797 
334.0097024070709 38.0 0.0 1.0 135.0 14232.640257202955 14232.777777777797 14232.777777777797 
335.0097024070709 39.0 0.0 0.0 135.0 14232.341416667845 14229.651851851839 14232.777777777797 
336.0097024070709 39.0 0.0 0.0 135.0 14232.385052778835 14232.777777777797 14232.777777777797 
337.0097024070709 39.0 0.0 0.0 135.0 14232.424325278731 14232.777777777797 14232.777777777797 
338.0097024070709 39.0 0.0 0.0 135.0 14232.459670528642 14232.777777777797 14232.777777777797 
339.0097024070709 39.0 0.0 0.0 135.0 14232.491481253546 14232.777777777797 14232.777777777797 
340.0097024070709 39.0 0.0 0.0 135.0 14232.520110905978 14232.777777777797 14232.777777777797 
341.0097024070709 39.0 0.0 0.0 135.0 14232.545877593177 14232.777777777797 14232.777777777797 
342.0097024070709 39.0 0.0 0.0 135.0 14232.56906761163 14232.777777777797 14232.777777777797 
343.0097024070709 39.0 0.0 0.0 135.0 14232.589938628216 14232.777777777797 14232.777777777797 
344.0097024070709 39.0 0.0 0.0 135.0 14232.608722543187 14232.777777777797 14232.777777777797 
345.0097024070709 39.0 0.0 0.0 135.0 14232.625628066646 14232.777777777797 14232.777777777797 
346.0097024070709 39.0 0.0 0.0 135.0 14232.640843037765 14232.777777777797 14232.777777777797 
347.0097024070709 39.0 0.0 0.0 135.0 14232.654536511769 14232.777777777797 14232.777777777797 
348.0097024070709 39.0 0.0 0.0 135.0 14232.666860638334 14232.777777777797 14232.777777777797 
349.0097024070709 39.0 0.0 0.0 135.0 14232.677952352302 14232.777777777797 14232.777777777797 
350.0097024070709 39.0 0.0 0.0 135.0 14232.68793489487 14232.777777777797 14232.777777777797 
351.0097024070709 39.0 0.0 0.0 135.0 14232.696919183136 14232.777777777797 14232.777777777797 
352.0097024070709 39.0 0.0 1.0 135.0 14232.705005042611 14232.777777777797 14232.777777777797 
353.0097024070709 40.0 0.0 0.0 135.0 14232.399689723541 14229.651851851839 14232.777777777797 
354.0097024070709 40.0 0.0 0.0 135.0 14232.437498528947 14232.777777777797 14232.777777777797 
355.0097024070709 40.0 0.0 0.0 135.0 14232.471526453848 14232.777777777797 14232.777777777797 
356.0097024070709 40.0 0.0 0.0 135.0 14232.502151586246 14232.777777777797 14232.777777777797 
357.0097024070709 40.0 0.0 0.0 135.0 14232.529714205391 14232.777777777797 14232.777777777797 
358.0097024070709 40.0 0.0 1.0 135.0 14232.554520562637 14232.777777777797 14232.777777777797 
359.0097024070709 41.0 0.0 0.0 135.0 14230.815364802655 14215.162962962962 14232.777777777797 
360.0097024070709 41.0 0.0 0.0 135.0 14231.011606100174 14232.777777777797 14232.777777777797 
361.0097024070709 41.0 0.0 0.0 135.0 14231.188223267945 14232.777777777797 14232.777777777797 
362.0097024070709 41.0 0.0 1.0 135.0 14231.347178718912 14232.777777777797 14232.777777777797 
363.0097024070709 42.0 0.0 0.0 135.0 14229.72875714332 14215.162962962962 14232.777777777797 
364.0097024070709 42.0 0.0 1.0 135.0 14230.033659206762 14232.777777777797 14232.777777777797 
365.0097024070709 43.0 0.0 0.0 135.0 14229.995478471279 14229.651851851839 14232.777777777797 
366.0097024070709 43.0 0.0 0.0 135.0 14230.273708401912 14232.777777777797 14232.777777777797 
367.0097024070709 43.0 0.0 0.0 135.0 14230.524115339498 14232.777777777797 14232.777777777797 
368.0097024070709 43.0 0.0 0.0 135.0 14230.74948158334 14232.777777777797 14232.777777777797 
369.0097024070709 43.0 0.0 2.0 135.0 14230.952311202778 14232.777777777797 14232.777777777797 
370.0097024070709 45.0 0.0 0.0 135.0 14229.060783786192 14212.037037037013 14232.777777777797 
371.0097024070709 45.0 0.0 0.0 135.0 14229.432483185388 14232.777777777797 14232.777777777797 
372.0097024070709 45.0 0.0 1.0 135.0 14229.767012644626 14232.777777777797 14232.777777777797 
373.0097024070709 46.0 0.0 1.0 135.0 14229.75549656533 14229.651851851839 14232.777777777797 
374.0097024070709 47.0 0.0 0.0 135.0 14229.745132093965 14229.651851851839 14232.777777777797 
375.0097024070709 47.0 0.0 0.0 135.0 14230.048396662369 14232.777777777797 14232.777777777797 
376.0097024070709 47.0 0.0 0.0 135.0 14230.321334773902 14232.777777777797 14232.777777777797 
377.0097024070709 47.0 0.0 1.0 135.0 14230.566979074285 14232.777777777797 14232.777777777797 
378.0097024070709 48.0 0.0 0.0 135.0 14230.475466352049 14229.651851851839 14232.777777777797 
379.0097024070709 48.0 0.0 0.0 135.0 14230.705697494619 14232.777777777797 14232.777777777797 
380.0097024070709 48.0 0.0 0.0 135.0 14230.91290552294 14232.777777777797 14232.777777777797 
381.0097024070709 48.0 0.0 0.0 135.0 14231.099392748407 14232.777777777797 14232.777777777797 
382.0097024070709 48.0 0.0 1.0 135.0 14231.26723125136 14232.777777777797 14232.777777777797 
383.0097024070709 49.0 0.0 1.0 135.0 14231.105693311392 14229.651851851839 14232.777777777797 
384.0097024070709 50.0 0.0 0.0 135.0 14230.960309165448 14229.651851851839 14232.777777777797 
385.0097024070709 50.0 0.0 0.0 135.0 14231.142056026665 14232.777777777797 14232.777777777797 
386.0097024070709 50.0 0.0 0.0 135.0 14231.305628201799 14232.777777777797 14232.777777777797 
387.0097024070709 50.0 0.0 0.0 135.0 14231.45284315937 14232.777777777797 14232.777777777797 
388.0097024070709 50.0 0.0 1.0 135.0 14231.585336621229 14232.777777777797 14232.777777777797 
389.0097024070709 51.0 0.0 0.0 135.0 14231.391988144307 14229.651851851839 14232.777777777797 
390.0097024070709 51.0 0.0 0.0 135.0 14231.530567107637 14232.777777777797 14232.777777777797 
391.0097024070709 51.0 0.0 0.0 135.0 14231.65528817465 14232.777777777797 14232.777777777797 
392.0097024070709 51.0 0.0 0.0 135.0 14231.767537134983 14232.777777777797 14232.777777777797 
393.0097024070709 51.0 0.0 0.0 135.0 14231.86856119925 14232.777777777797 14232.777777777797 
394.0097024070709 51.0 0.0 0.0 135.0 14231.959482857097 14232.777777777797 14232.777777777797 
395.0097024070709 51.0 0.0 0.0 135.0 14232.041312349162 14232.777777777797 14232.777777777797 
396.0097024070709 51.0 0.0 1.0 135.0 14232.114958892027 14232.777777777797 14232.777777777797 
397.0097024070709 52.0 0.0 0.0 135.0 14230.419759299115 14215.162962962962 14232.777777777797 
398.0097024070709 52.0 0.0 0.0 135.0 14230.65556114697 14232.777777777797 14232.777777777797 
399.0097024070709 52.0 0.0 0.0 135.0 14230.867782810064 14232.777777777797 14232.777777777797 
400.0097024070709 52.0 0.0 0.0 135.0 14231.058782306845 14232.777777777797 14232.777777777797 
401.0097024070709 52.0 0.0 0.0 135.0 14231.230681853938 14232.777777777797 14232.777777777797 
402.0097024070709 52.0 0.0 0.0 135.0 14231.385391446322 14232.777777777797 14232.777777777797 
403.0097024070709 52.0 0.0 0.0 135.0 14231.52463007944 14232.777777777797 14232.777777777797 
404.0097024070709 52.0 0.0 1.0 135.0 14231.649944849281 14232.777777777797 14232.777777777797 
405.0097024070709 53.0 0.0 0.0 135.0 14231.450135549558 14229.651851851839 14232.777777777797 
406.0097024070709 53.0 0.0 0.0 135.0 14231.582899772391 14232.777777777797 14232.777777777797 
407.0097024070709 53.0 0.0 0.0 135.0 14231.702387572888 14232.777777777797 14232.777777777797 
408.0097024070709 53.0 0.0 0.0 135.0 14231.809926593382 14232.777777777797 14232.777777777797 
409.0097024070709 53.0 0.0 0.0 135.0 14231.906711711861 14232.777777777797 14232.777777777797 
410.0097024070709 53.0 0.0 0.0 135.0 14231.993818318413 14232.777777777797 14232.777777777797 
411.0097024070709 53.0 0.0 0.0 135.0 14232.07221426434 14232.777777777797 14232.777777777797 
412.0097024070709 53.0 0.0 0.0 135.0 14232.142770615705 14232.777777777797 14232.777777777797 
413.0097024070709 53.0 0.0 0.0 135.0 14232.206271331914 14232.777777777797 14232.777777777797 
414.0097024070709 53.0 0.0 0.0 135.0 14232.263421976515 14232.777777777797 14232.777777777797 
415.0097024070709 53.0 0.0 0.0 135.0 14232.314857556628 14232.777777777797 14232.777777777797 
416.0097024070709 53.0 0.0 0.0 135.0 14232.361149578743 14232.777777777797 14232.777777777797 
417.0097024070709 53.0 0.0 0.0 135.0 14232.402812398646 14232.777777777797 14232.777777777797 
418.0097024070709 53.0 0.0 0.0 135.0 14232.440308936555 14232.777777777797 14232.777777777797 
419.0097024070709 53.0 0.0 0.0 135.0 14232.474055820672 14232.777777777797 14232.777777777797 
420.0097024070709 53.0 0.0 0.0 135.0 14232.504428016386 14232.777777777797 14232.777777777797 
421.0097024070709 53.0 0.0 0.0 135.0 14232.531762992543 14232.777777777797 14232.777777777797 
422.0097024070709 53.0 0.0 0.0 135.0 14232.55636447104 14232.777777777797 14232.777777777797 
423.0097024070709 53.0 0.0 0.0 135.0 14232.578505801717 14232.777777777797 14232.777777777797 
424.0097024070709 53.0 0.0 0.0 135.0 14232.598432999328 14232.777777777797 14232.777777777797 
425.0097024070709 53.0 0.0 1.0 135.0 14232.616367477149 14232.777777777797 14232.777777777797 
426.0097024070709 54.0 0.0 0.0 135.0 14232.319915914632 14229.651851851839 14232.777777777797 
427.0097024070709 54.0 0.0 1.0 135.0 14232.365702100959 14232.777777777797 14232.777777777797 
428.0097024070709 55.0 0.0 1.0 135.0 14230.64542818713 14215.162962962962 14232.777777777797 
429.0097024070709 56.0 0.0 0.0 135.0 14229.097181664722 14215.162962962962 14232.777777777797 
430.0097024070709 56.0 0.0 0.0 135.0 14229.465241276039 14232.777777777797 14232.777777777797 
431.0097024070709 56.0 0.0 0.0 135.0 14229.796494926206 14232.777777777797 14232.777777777797 
432.0097024070709 56.0 0.0 0.0 135.0 14230.09462321137 14232.777777777797 14232.777777777797 
433.0097024070709 56.0 0.0 0.0 135.0 14230.362938668 14232.777777777797 14232.777777777797 
434.0097024070709 56.0 0.0 0.0 135.0 14230.604422578994 14232.777777777797 14232.777777777797 
435.0097024070709 56.0 0.0 0.0 135.0 14230.821758098857 14232.777777777797 14232.777777777797 
436.0097024070709 56.0 0.0 0.0 135.0 14231.017360066759 14232.777777777797 14232.777777777797 
437.0097024070709 56.0 0.0 0.0 135.0 14231.193401837854 14232.777777777797 14232.777777777797 
438.0097024070709 56.0 0.0 0.0 135.0 14231.351839431869 14232.777777777797 14232.777777777797 
439.0097024070709 56.0 0.0 0.0 135.0 14231.494433266453 14232.777777777797 14232.777777777797 
440.0097024070709 56.0 0.0 0.0 135.0 14231.622767717574 14232.777777777797 14232.777777777797 
441.0097024070709 56.0 0.0 0.0 135.0 14231.73826872359 14232.777777777797 14232.777777777797 
442.0097024070709 56.0 0.0 0.0 135.0 14231.842219629016 14232.777777777797 14232.777777777797 
443.0097024070709 56.0 0.0 1.0 135.0 14231.935775443882 14232.777777777797 14232.777777777797 
444.0097024070709 57.0 0.0 0.0 135.0 14231.707383084698 14229.651851851839 14232.777777777797 
445.0097024070709 57.0 0.0 0.0 135.0 14231.81442255399 14232.777777777797 14232.777777777797 
446.0097024070709 57.0 0.0 0.0 135.0 14231.910758076368 14232.777777777797 14232.777777777797 
447.0097024070709 57.0 0.0 0.0 135.0 14231.9974600465 14232.777777777797 14232.777777777797 
448.0097024070709 57.0 0.0 0.0 135.0 14232.075491819649 14232.777777777797 14232.777777777797 
449.0097024070709 57.0 0.0 0.0 135.0 14232.145720415429 14232.777777777797 14232.777777777797 
450.0097024070709 57.0 0.0 0.0 135.0 14232.208926151667 14232.777777777797 14232.777777777797 
451.0097024070709 57.0 0.0 0.0 135.0 14232.26581131428 14232.777777777797 14232.777777777797 
452.0097024070709 57.0 0.0 1.0 135.0 14232.317007960632 14232.777777777797 14232.777777777797 
453.0097024070709 58.0 0.0 0.0 135.0 14232.05049234976 14229.651851851839 14232.777777777797 
454.0097024070709 58.0 0.0 0.0 135.0 14232.123220892547 14232.777777777797 14232.777777777797 
455.0097024070709 58.0 0.0 0.0 135.0 14232.188676581083 14232.777777777797 14232.777777777797 
456.0097024070709 58.0 0.0 0.0 135.0 14232.24758670075 14232.777777777797 14232.777777777797 
457.0097024070709 58.0 0.0 0.0 135.0 14232.300605808454 14232.777777777797 14232.777777777797 
458.0097024070709 58.0 0.0 1.0 135.0 14232.348323005386 14232.777777777797 14232.777777777797 
459.0097024070709 59.0 0.0 1.0 135.0 14232.078675890038 14229.651851851839 14232.777777777797 
460.0097024070709 60.0 0.0 0.0 135.0 14231.835993486216 14229.651851851839 14232.777777777797 
461.0097024070709 60.0 0.0 1.0 135.0 14231.930171915388 14232.777777777797 14232.777777777797 
462.0097024070709 61.0 0.0 0.0 135.0 14231.70233990901 14229.651851851839 14232.777777777797 
463.0097024070709 61.0 0.0 0.0 135.0 14231.809883695903 14232.777777777797 14232.777777777797 
464.0097024070709 61.0 0.0 0.0 135.0 14231.906673104104 14232.777777777797 14232.777777777797 
465.0097024070709 61.0 0.0 0.0 135.0 14231.993783571452 14232.777777777797 14232.777777777797 
466.0097024070709 61.0 0.0 1.0 135.0 14232.072182992088 14232.777777777797 14232.777777777797 
467.0097024070709 62.0 0.0 0.0 135.0 14231.83014987807 14229.651851851839 14232.777777777797 
468.0097024070709 62.0 0.0 0.0 135.0 14231.924912668022 14232.777777777797 14232.777777777797 
469.0097024070709 62.0 0.0 1.0 135.0 14232.010199179005 14232.777777777797 14232.777777777797 
470.0097024070709 63.0 0.0 0.0 135.0 14231.774364446293 14229.651851851839 14232.777777777797 
471.0097024070709 63.0 0.0 0.0 135.0 14231.874705779435 14232.777777777797 14232.777777777797 
472.0097024070709 63.0 0.0 0.0 135.0 14231.965012979294 14232.777777777797 14232.777777777797 
473.0097024070709 63.0 0.0 0.0 135.0 14232.046289459133 14232.777777777797 14232.777777777797 
474.0097024070709 63.0 0.0 0.0 135.0 14232.11943829099 14232.777777777797 14232.777777777797 
475.0097024070709 63.0 0.0 0.0 135.0 14232.185272239689 14232.777777777797 14232.777777777797 
476.0097024070709 63.0 0.0 1.0 135.0 14232.24452279349 14232.777777777797 14232.777777777797 
477.0097024070709 64.0 0.0 0.0 135.0 14230.536366810436 14215.162962962962 14232.777777777797 
478.0097024070709 64.0 0.0 0.0 135.0 14230.760507907162 14232.777777777797 14232.777777777797 
479.0097024070709 64.0 0.0 0.0 135.0 14230.962234894201 14232.777777777797 14232.777777777797 
480.0097024070709 64.0 0.0 0.0 135.0 14231.143789182584 14232.777777777797 14232.777777777797 
481.0097024070709 64.0 0.0 0.0 135.0 14231.307188042085 14232.777777777797 14232.777777777797 
482.0097024070709 64.0 0.0 0.0 135.0 14231.45424701566 14232.777777777797 14232.777777777797 
483.0097024070709 64.0 0.0 0.0 135.0 14231.586600091889 14232.777777777797 14232.777777777797 
484.0097024070709 64.0 0.0 0.0 135.0 14231.705717860454 14232.777777777797 14232.777777777797 
485.0097024070709 64.0 0.0 0.0 135.0 14231.812923852203 14232.777777777797 14232.777777777797 
486.0097024070709 64.0 0.0 0.0 135.0 14231.909409244743 14232.777777777797 14232.777777777797 
487.0097024070709 64.0 0.0 0.0 135.0 14231.99624609805 14232.777777777797 14232.777777777797 
488.0097024070709 64.0 0.0 0.0 135.0 14232.07439926604 14232.777777777797 14232.777777777797 
489.0097024070709 64.0 0.0 0.0 135.0 14232.144737117194 14232.777777777797 14232.777777777797 
490.0097024070709 64.0 0.0 0.0 135.0 14232.208041183263 14232.777777777797 14232.777777777797 
491.0097024070709 64.0 0.0 1.0 135.0 14232.265014842715 14232.777777777797 14232.777777777797 
492.0097024070709 65.0 0.0 0.0 135.0 14232.003698543618 14229.651851851839 14232.777777777797 
493.0097024070709 65.0 0.0 0.0 135.0 14232.08110646705 14232.777777777797 14232.777777777797 
494.0097024070709 65.0 0.0 0.0 135.0 14232.150773598118 14232.777777777797 14232.777777777797 
495.0097024070709 65.0 0.0 0.0 135.0 14232.213474016076 14232.777777777797 14232.777777777797 
496.0097024070709 65.0 0.0 0.0 135.0 14232.269904392226 14232.777777777797 14232.777777777797 
497.0097024070709 65.0 0.0 1.0 135.0 14232.320691730793 14232.777777777797 14232.777777777797 
498.0097024070709 66.0 0.0 0.0 135.0 14232.053807742914 14229.651851851839 14232.777777777797 
499.0097024070709 66.0 0.0 0.0 135.0 14232.126204746399 14232.777777777797 14232.777777777797 
500.0097024070709 66.0 0.0 0.0 135.0 14232.191362049538 14232.777777777797 14232.777777777797 
501.0097024070709 66.0 0.0 0.0 135.0 14232.250003622345 14232.777777777797 14232.777777777797 
502.0097024070709 66.0 0.0 0.0 135.0 14232.302781037897 14232.777777777797 14232.777777777797 
503.0097024070709 66.0 0.0 0.0 135.0 14232.350280711886 14232.777777777797 14232.777777777797 
504.0097024070709 66.0 0.0 0.0 135.0 14232.393030418472 14232.777777777797 14232.777777777797 
505.0097024070709 66.0 0.0 0.0 135.0 14232.431505154429 14232.777777777797 14232.777777777797 
506.0097024070709 66.0 0.0 0.0 135.0 14232.46613241673 14232.777777777797 14232.777777777797 
507.0097024070709 66.0 0.0 0.0 135.0 14232.497296952832 14232.777777777797 14232.777777777797 
508.0097024070709 66.0 0.0 0.0 135.0 14232.525345035328 14232.777777777797 14232.777777777797 
509.0097024070709 66.0 0.0 0.0 135.0 14232.550588309607 14232.777777777797 14232.777777777797 
510.0097024070709 66.0 0.0 0.0 135.0 14232.573307256383 14232.777777777797 14232.777777777797 
511.0097024070709 66.0 0.0 0.0 135.0 14232.593754308546 14232.777777777797 14232.777777777797 
512.0097024070709 66.0 0.0 0.0 135.0 14232.612156655485 14232.777777777797 14232.777777777797 
513.0097024070709 66.0 0.0 0.0 135.0 14232.628718767692 14232.777777777797 14232.777777777797 
514.0097024070709 66.0 0.0 0.0 135.0 14232.643624668699 14232.777777777797 14232.777777777797 
515.0097024070709 66.0 0.0 0.0 135.0 14232.657039979607 14232.777777777797 14232.777777777797 
516.0097024070709 66.0 0.0 0.0 135.0 14232.669113759437 14232.777777777797 14232.777777777797 
517.0097024070709 66.0 0.0 0.0 135.0 14232.67998016125 14232.777777777797 14232.777777777797 
518.0097024070709 66.0 0.0 0.0 135.0 14232.689759922914 14232.777777777797 14232.777777777797 
519.0097024070709 66.0 0.0 0.0 135.0 14232.698561708383 14232.777777777797 14232.777777777797 
520.0097024070709 66.0 0.0 0.0 135.0 14232.706483315325 14232.777777777797 14232.777777777797 
521.0097024070709 66.0 0.0 0.0 135.0 14232.713612761585 14232.777777777797 14232.777777777797 
522.0097024070709 66.0 0.0 0.0 135.0 14232.720029263202 14232.777777777797 14232.777777777797 
523.0097024070709 66.0 0.0 0.0 135.0 14232.725804114634 14232.777777777797 14232.777777777797 
524.0097024070709 66.0 0.0 0.0 135.0 14232.731001480986 14232.777777777797 14232.777777777797 
525.0097024070709 66.0 0.0 0.0 135.0 14232.735679110649 14232.777777777797 14232.777777777797 
526.0097024070709 66.0 0.0 0.0 135.0 14232.73988897738 14232.777777777797 14232.777777777797 
527.0097024070709 66.0 0.0 0.0 135.0 14232.743677857405 14232.777777777797 14232.777777777797 
528.0097024070709 66.0 0.0 0.0 135.0 14232.747087849433 14232.777777777797 14232.777777777797 
529.0097024070709 66.0 0.0 0.0 135.0 14232.750156842283 14232.777777777797 14232.777777777797 
530.0097024070709 66.0 0.0 0.0 135.0 14232.752918935816 14232.777777777797 14232.777777777797 
531.0097024070709 66.0 0.0 0.0 135.0 14232.755404820042 14232.777777777797 14232.777777777797 
532.0097024070709 66.0 0.0 0.0 135.0 14232.757642115803 14232.777777777797 14232.777777777797 
533.0097024070709 66.0 0.0 0.0 135.0 14232.759655681994 14232.777777777797 14232.777777777797 
534.0097024070709 66.0 0.0 1.0 135.0 14232.761467891567 14232.777777777797 14232.777777777797 
535.0097024070709 67.0 0.0 0.0 135.0 14232.45050628759 14229.651851851839 14232.777777777797 
536.0097024070709 67.0 0.0 0.0 135.0 14232.483233436617 14232.777777777797 14232.777777777797 
537.0097024070709 67.0 0.0 0.0 135.0 14232.512687870716 14232.777777777797 14232.777777777797 
538.0097024070709 67.0 0.0 0.0 135.0 14232.53919686144 14232.777777777797 14232.777777777797 
539.0097024070709 67.0 0.0 0.0 135.0 14232.563054953067 14232.777777777797 14232.777777777797 
540.0097024070709 67.0 0.0 0.0 135.0 14232.584527235535 14232.777777777797 14232.777777777797 
541.0097024070709 67.0 0.0 0.0 135.0 14232.60385228978 14232.777777777797 14232.777777777797 
542.0097024070709 67.0 0.0 0.0 135.0 14232.621244838576 14232.777777777797 14232.777777777797 
543.0097024070709 67.0 0.0 0.0 135.0 14232.636898132478 14232.777777777797 14232.777777777797 
544.0097024070709 67.0 0.0 0.0 135.0 14232.650986097002 14232.777777777797 14232.777777777797 
545.0097024070709 67.0 0.0 0.0 135.0 14232.663665265098 14232.777777777797 14232.777777777797 
546.0097024070709 67.0 0.0 0.0 135.0 14232.675076516369 14232.777777777797 14232.777777777797 
547.0097024070709 67.0 0.0 0.0 135.0 14232.685346642504 14232.777777777797 14232.777777777797 
548.0097024070709 67.0 0.0 0.0 135.0 14232.694589756025 14232.777777777797 14232.777777777797 
549.0097024070709 67.0 0.0 0.0 135.0 14232.702908558196 14232.777777777797 14232.777777777797 
550.0097024070709 67.0 0.0 0.0 135.0 14232.710395480157 14232.777777777797 14232.777777777797 
551.0097024070709 67.0 0.0 0.0 135.0 14232.717133709919 14232.777777777797 14232.777777777797 
552.0097024070709 67.0 0.0 0.0 135.0 14232.723198116686 14232.777777777797 14232.777777777797 
553.0097024070709 67.0 0.0 0.0 135.0 14232.728656082818 14232.777777777797 14232.777777777797 
554.0097024070709 67.0 0.0 2.0 135.0 14232.73356825232 14232.777777777797 14232.777777777797 
555.0097024070709 69.0 0.0 0.0 135.0 14232.112804019675 14226.525925925918 14232.777777777797 
556.0097024070709 69.0 0.0 0.0 135.0 14232.179301395487 14232.777777777797 14232.777777777797 
557.0097024070709 69.0 0.0 1.0 135.0 14232.239149033709 14232.777777777797 14232.777777777797 
558.0097024070709 70.0 0.0 0.0 135.0 14231.98041931552 14229.651851851839 14232.777777777797 
559.0097024070709 70.0 0.0 0.0 135.0 14232.060155161756 14232.777777777797 14232.777777777797 
560.0097024070709 70.0 0.0 1.0 135.0 14232.13191742336 14232.777777777797 14232.777777777797 
561.0097024070709 71.0 0.0 1.0 135.0 14230.435021977311 14215.162962962962 14232.777777777797 
562.0097024070709 72.0 0.0 0.0 135.0 14228.907816075885 14215.162962962962 14232.777777777797 
563.0097024070709 72.0 0.0 0.0 135.0 14229.29481224607 14232.777777777797 14232.777777777797 
564.0097024070709 72.0 0.0 2.0 135.0 14229.643108799233 14232.777777777797 14232.777777777797 
565.0097024070709 74.0 0.0 0.0 135.0 14229.331390511894 14226.525925925918 14232.777777777797 
566.0097024070709 74.0 0.0 0.0 135.0 14229.67602923851 14232.777777777797 14232.777777777797 
567.0097024070709 74.0 0.0 0.0 135.0 14229.986204092434 14232.777777777797 14232.777777777797 
568.0097024070709 74.0 0.0 0.0 135.0 14230.265361460966 14232.777777777797 14232.777777777797 
569.0097024070709 74.0 0.0 1.0 135.0 14230.516603092632 14232.777777777797 14232.777777777797 
570.0097024070709 75.0 0.0 0.0 135.0 14230.430127968568 14229.651851851839 14232.777777777797 
571.0097024070709 75.0 0.0 0.0 135.0 14230.664892949484 14232.777777777797 14232.777777777797 
572.0097024070709 75.0 0.0 0.0 135.0 14230.876181432328 14232.777777777797 14232.777777777797 
573.0097024070709 75.0 0.0 0.0 135.0 14231.06634106685 14232.777777777797 14232.777777777797 
574.0097024070709 75.0 0.0 0.0 135.0 14231.237484737927 14232.777777777797 14232.777777777797 
575.0097024070709 75.0 0.0 0.0 135.0 14231.391514041934 14232.777777777797 14232.777777777797 
576.0097024070709 75.0 0.0 0.0 135.0 14231.53014041551 14232.777777777797 14232.777777777797 
577.0097024070709 75.0 0.0 0.0 135.0 14231.654904151721 14232.777777777797 14232.777777777797 
578.0097024070709 75.0 0.0 1.0 135.0 14231.767191514335 14232.777777777797 14232.777777777797 
579.0097024070709 76.0 0.0 0.0 135.0 14230.1067686592 14215.162962962962 14232.777777777797 
580.0097024070709 76.0 0.0 0.0 135.0 14230.373869571069 14232.777777777797 14232.777777777797 
581.0097024070709 76.0 0.0 1.0 135.0 14230.614260391741 14232.777777777797 14232.777777777797 
582.0097024070709 77.0 0.0 0.0 135.0 14230.518019537743 14229.651851851839 14232.777777777797 
583.0097024070709 77.0 0.0 1.0 135.0 14230.743995361767 14232.777777777797 14232.777777777797 
584.0097024070709 78.0 0.0 0.0 135.0 14230.634781010764 14229.651851851839 14232.777777777797 
585.0097024070709 78.0 0.0 0.0 135.0 14230.849080687458 14232.777777777797 14232.777777777797 
586.0097024070709 78.0 0.0 0.0 135.0 14231.041950396488 14232.777777777797 14232.777777777797 
587.0097024070709 78.0 0.0 0.0 135.0 14231.215533134618 14232.777777777797 14232.777777777797 
588.0097024070709 78.0 0.0 0.0 135.0 14231.371757598947 14232.777777777797 14232.777777777797 
589.0097024070709 78.0 0.0 0.0 135.0 14231.512359616825 14232.777777777797 14232.777777777797 
590.0097024070709 78.0 0.0 0.0 135.0 14231.638901432918 14232.777777777797 14232.777777777797 
591.0097024070709 78.0 0.0 0.0 135.0 14231.7527890674 14232.777777777797 14232.777777777797 
592.0097024070709 78.0 0.0 0.0 135.0 14231.855287938435 14232.777777777797 14232.777777777797 
593.0097024070709 78.0 0.0 0.0 135.0 14231.947536922376 14232.777777777797 14232.777777777797 
594.0097024070709 78.0 0.0 0.0 135.0 14232.0305610079 14232.777777777797 14232.777777777797 
595.0097024070709 78.0 0.0 0.0 135.0 14232.105282684914 14232.777777777797 14232.777777777797 
596.0097024070709 78.0 0.0 0.0 135.0 14232.172532194178 14232.777777777797 14232.777777777797 
597.0097024070709 78.0 0.0 0.0 135.0 14232.233056752544 14232.777777777797 14232.777777777797 
598.0097024070709 78.0 0.0 0.0 135.0 14232.287528855086 14232.777777777797 14232.777777777797 
599.0097024070709 78.0 0.0 0.0 135.0 14232.336553747355 14232.777777777797 14232.777777777797 
600.0097024070709 78.0 0.0 0.0 135.0 14232.38067615038 14232.777777777797 14232.777777777797 
#####################################################################
# End of data export. Simulation finished at: 2020-02-13T17:08+0000 #
#####################################################################
