#####################################################################
# Alchemist log file - simulation started at: 2020-02-03T09:53+0000 #
#####################################################################
# seed = 7.0, meanTaskSize = 10, smoothing = 0.01, grain = 1500.0, peakFrequency = 0.3
#
# The columns have the following meaning: 
# time done[Sum] drop[Sum] waiting[Sum] isLeader[Sum] capacity[Mean] freeCapacity[Mean] maxCapacity[Mean] 
0.0 NaN 0.0 NaN NaN NaN NaN NaN 
1.0042631798645665 0.0 0.0 0.0 135.0 14232.777777777797 14232.777777777797 14232.777777777797 
2.0042631798645667 0.0 0.0 0.0 135.0 14232.777777777797 14232.777777777797 14232.777777777797 
3.0042631798645667 0.0 0.0 0.0 135.0 14232.777777777797 14232.777777777797 14232.777777777797 
4.004263179864567 0.0 0.0 0.0 135.0 14232.777777777797 14232.777777777797 14232.777777777797 
5.004263179864567 0.0 0.0 0.0 135.0 14232.777777777797 14232.777777777797 14232.777777777797 
6.004263179864567 0.0 0.0 0.0 135.0 14232.777777777797 14232.777777777797 14232.777777777797 
7.004263179864567 0.0 0.0 0.0 135.0 14232.777777777797 14232.777777777797 14232.777777777797 
8.004263179864566 0.0 0.0 0.0 135.0 14232.777777777797 14232.777777777797 14232.777777777797 
9.004263179864566 0.0 0.0 0.0 135.0 14232.777777777797 14232.777777777797 14232.777777777797 
10.004263179864566 0.0 0.0 0.0 135.0 14232.777777777797 14232.777777777797 14232.777777777797 
11.004263179864566 0.0 0.0 0.0 135.0 14232.777777777797 14232.777777777797 14232.777777777797 
12.004263179864566 0.0 0.0 0.0 135.0 14232.777777777797 14232.777777777797 14232.777777777797 
13.004263179864566 0.0 0.0 0.0 135.0 14232.777777777797 14232.777777777797 14232.777777777797 
14.004263179864566 0.0 0.0 0.0 135.0 14232.777777777797 14232.777777777797 14232.777777777797 
15.004263179864566 0.0 0.0 0.0 135.0 14232.777777777797 14232.777777777797 14232.777777777797 
16.004263179864566 0.0 0.0 0.0 135.0 14232.777777777797 14232.777777777797 14232.777777777797 
17.004263179864566 0.0 0.0 1.0 135.0 14232.777777777797 14232.777777777797 14232.777777777797 
18.004263179864566 1.0 0.0 0.0 135.0 14232.601629629622 14215.162962962962 14232.777777777797 
19.004263179864566 1.0 0.0 1.0 135.0 14232.603391111097 14232.777777777797 14232.777777777797 
20.004263179864566 2.0 0.0 0.0 135.0 14232.57387571852 14229.651851851839 14232.777777777797 
21.004263179864566 2.0 0.0 0.0 135.0 14232.57591473908 14232.777777777797 14232.777777777797 
22.004263179864566 2.0 0.0 0.0 135.0 14232.577933369499 14232.777777777797 14232.777777777797 
23.004263179864566 2.0 0.0 0.0 135.0 14232.579931813614 14232.777777777797 14232.777777777797 
24.004263179864566 2.0 0.0 0.0 135.0 14232.581910273228 14232.777777777797 14232.777777777797 
25.004263179864566 2.0 0.0 1.0 135.0 14232.58386894826 14232.777777777797 14232.777777777797 
26.004263179864566 3.0 0.0 0.0 135.0 14232.554548777294 14229.651851851839 14232.777777777797 
27.004263179864566 3.0 0.0 1.0 135.0 14232.556781067331 14232.777777777797 14232.777777777797 
28.004263179864566 3.0 0.0 1.0 135.0 14232.527731775155 14229.651851851839 14232.777777777797 
29.004263179864566 4.0 0.0 0.0 135.0 14232.498972975942 14229.651851851839 14232.777777777797 
30.004263179864566 4.0 0.0 1.0 135.0 14232.501761023968 14232.777777777797 14232.777777777797 
31.004263179864566 5.0 0.0 0.0 135.0 14232.328373043329 14215.162962962962 14232.777777777797 
32.004263179864566 5.0 0.0 0.0 135.0 14232.332867090678 14232.777777777797 14232.777777777797 
33.004263179864566 5.0 0.0 0.0 135.0 14232.337316197523 14232.777777777797 14232.777777777797 
34.004263179864566 5.0 0.0 0.0 135.0 14232.341720813354 14232.777777777797 14232.777777777797 
35.004263179864566 5.0 0.0 0.0 135.0 14232.346081382999 14232.777777777797 14232.777777777797 
36.004263179864566 5.0 0.0 0.0 135.0 14232.350398346944 14232.777777777797 14232.777777777797 
37.004263179864566 5.0 0.0 0.0 135.0 14232.354672141262 14232.777777777797 14232.777777777797 
38.004263179864566 5.0 0.0 0.0 135.0 14232.358903197637 14232.777777777797 14232.777777777797 
39.004263179864566 5.0 0.0 0.0 135.0 14232.36309194342 14232.777777777797 14232.777777777797 
40.004263179864566 5.0 0.0 1.0 135.0 14232.367238801759 14232.777777777797 14232.777777777797 
41.004263179864566 6.0 0.0 0.0 135.0 14232.195196043367 14215.162962962962 14232.777777777797 
42.004263179864566 6.0 0.0 0.0 135.0 14232.201021860705 14232.777777777797 14232.777777777797 
43.004263179864566 6.0 0.0 0.0 135.0 14232.206789419877 14232.777777777797 14232.777777777797 
44.004263179864566 6.0 0.0 0.0 135.0 14232.212499303438 14232.777777777797 14232.777777777797 
45.004263179864566 6.0 0.0 0.0 135.0 14232.218152088215 14232.777777777797 14232.777777777797 
46.004263179864566 6.0 0.0 0.0 135.0 14232.223748345074 14232.777777777797 14232.777777777797 
47.004263179864566 6.0 0.0 0.0 135.0 14232.229288639437 14232.777777777797 14232.777777777797 
48.004263179864566 6.0 0.0 0.0 135.0 14232.23477353079 14232.777777777797 14232.777777777797 
49.004263179864566 6.0 0.0 0.0 135.0 14232.24020357328 14232.777777777797 14232.777777777797 
50.004263179864566 6.0 0.0 0.0 135.0 14232.245579315313 14232.777777777797 14232.777777777797 
51.004263179864566 6.0 0.0 0.0 135.0 14232.25090129993 14232.777777777797 14232.777777777797 
52.004263179864566 6.0 0.0 0.0 135.0 14232.256170064766 14232.777777777797 14232.777777777797 
53.004263179864566 6.0 0.0 0.0 135.0 14232.261386141852 14232.777777777797 14232.777777777797 
54.004263179864566 6.0 0.0 0.0 135.0 14232.266550058199 14232.777777777797 14232.777777777797 
55.004263179864566 6.0 0.0 0.0 135.0 14232.271662335437 14232.777777777797 14232.777777777797 
56.004263179864566 6.0 0.0 0.0 135.0 14232.276723489822 14232.777777777797 14232.777777777797 
57.004263179864566 6.0 0.0 0.0 135.0 14232.281734032724 14232.777777777797 14232.777777777797 
58.004263179864566 6.0 0.0 0.0 135.0 14232.286694470171 14232.777777777797 14232.777777777797 
59.004263179864566 6.0 0.0 0.0 135.0 14232.291605303219 14232.777777777797 14232.777777777797 
60.004263179864566 6.0 0.0 0.0 135.0 14232.296467027983 14232.777777777797 14232.777777777797 
61.004263179864566 6.0 0.0 0.0 135.0 14232.301280135474 14232.777777777797 14232.777777777797 
62.004263179864566 6.0 0.0 0.0 135.0 14232.306045111884 14232.777777777797 14232.777777777797 
63.004263179864566 6.0 0.0 0.0 135.0 14232.310762438588 14232.777777777797 14232.777777777797 
64.00426317986457 6.0 0.0 0.0 135.0 14232.31543259196 14232.777777777797 14232.777777777797 
65.00426317986457 6.0 0.0 0.0 135.0 14232.32005604384 14232.777777777797 14232.777777777797 
66.00426317986457 6.0 0.0 0.0 135.0 14232.32463326114 14232.777777777797 14232.777777777797 
67.00426317986457 6.0 0.0 1.0 135.0 14232.329164706327 14232.777777777797 14232.777777777797 
68.00426317986457 7.0 0.0 0.0 135.0 14232.302391577801 14229.651851851839 14232.777777777797 
69.00426317986457 7.0 0.0 0.0 135.0 14232.30714543978 14232.777777777797 14232.777777777797 
70.00426317986457 7.0 0.0 0.0 135.0 14232.31185176316 14232.777777777797 14232.777777777797 
71.00426317986457 7.0 0.0 2.0 135.0 14232.316511023299 14232.777777777797 14232.777777777797 
72.00426317986457 9.0 0.0 0.0 135.0 14232.113716283453 14212.037037037013 14232.777777777797 
73.00426317986457 9.0 0.0 0.0 135.0 14232.120356898396 14232.777777777797 14232.777777777797 
74.00426317986457 9.0 0.0 0.0 135.0 14232.126931107208 14232.777777777797 14232.777777777797 
75.00426317986457 9.0 0.0 0.0 135.0 14232.133439573872 14232.777777777797 14232.777777777797 
76.00426317986457 9.0 0.0 0.0 135.0 14232.139882955926 14232.777777777797 14232.777777777797 
77.00426317986457 9.0 0.0 0.0 135.0 14232.146261904143 14232.777777777797 14232.777777777797 
78.00426317986457 9.0 0.0 1.0 135.0 14232.15257706291 14232.777777777797 14232.777777777797 
79.00426317986457 10.0 0.0 1.0 135.0 14232.127569810802 14229.651851851839 14232.777777777797 
80.00426317986457 11.0 0.0 1.0 135.0 14232.102812631178 14229.651851851839 14232.777777777797 
81.00426317986457 11.0 0.0 1.0 135.0 14232.078303023389 14229.651851851839 14232.777777777797 
82.00426317986457 12.0 0.0 0.0 135.0 14232.054038511675 14229.651851851839 14232.777777777797 
83.00426317986457 12.0 0.0 1.0 135.0 14232.061275904356 14232.777777777797 14232.777777777797 
84.00426317986457 13.0 0.0 1.0 135.0 14231.892292774894 14215.162962962962 14232.777777777797 
85.00426317986457 14.0 0.0 0.0 135.0 14231.869888365674 14229.651851851839 14232.777777777797 
86.00426317986457 14.0 0.0 0.0 135.0 14231.878967259834 14232.777777777797 14232.777777777797 
87.00426317986457 14.0 0.0 0.0 135.0 14231.887955364984 14232.777777777797 14232.777777777797 
88.00426317986457 14.0 0.0 0.0 135.0 14231.896853589114 14232.777777777797 14232.777777777797 
89.00426317986457 14.0 0.0 1.0 135.0 14231.905662831005 14232.777777777797 14232.777777777797 
90.00426317986457 15.0 0.0 0.0 135.0 14231.883124721206 14229.651851851839 14232.777777777797 
91.00426317986457 15.0 0.0 1.0 135.0 14231.892071251803 14232.777777777797 14232.777777777797 
92.00426317986457 15.0 0.0 2.0 135.0 14231.869669057765 14229.651851851839 14232.777777777797 
93.00426317986457 17.0 0.0 0.0 135.0 14231.816231626459 14226.525925925918 14232.777777777797 
94.00426317986457 17.0 0.0 0.0 135.0 14231.825847087981 14232.777777777797 14232.777777777797 
95.00426317986457 17.0 0.0 0.0 135.0 14231.835366394893 14232.777777777797 14232.777777777797 
96.00426317986457 17.0 0.0 1.0 135.0 14231.844790508685 14232.777777777797 14232.777777777797 
97.00426317986457 17.0 0.0 1.0 135.0 14231.822861122142 14229.651851851839 14232.777777777797 
98.00426317986457 18.0 0.0 0.0 135.0 14231.801151029422 14229.651851851839 14232.777777777797 
99.00426317986457 18.0 0.0 0.0 135.0 14231.81091729692 14232.777777777797 14232.777777777797 
100.00426317986457 18.0 0.0 0.0 135.0 14231.82058590174 14232.777777777797 14232.777777777797 
101.00426317986457 18.0 0.0 0.0 135.0 14231.830157820472 14232.777777777797 14232.777777777797 
102.00426317986457 18.0 0.0 0.0 135.0 14231.83963402003 14232.777777777797 14232.777777777797 
103.00426317986457 18.0 0.0 0.0 135.0 14231.849015457638 14232.777777777797 14232.777777777797 
104.00426317986457 18.0 0.0 0.0 135.0 14231.858303080842 14232.777777777797 14232.777777777797 
105.00426317986457 18.0 0.0 0.0 135.0 14231.86749782778 14232.777777777797 14232.777777777797 
106.00426317986457 18.0 0.0 0.0 135.0 14231.8766006273 14232.777777777797 14232.777777777797 
107.00426317986457 18.0 0.0 0.0 135.0 14231.88561239879 14232.777777777797 14232.777777777797 
108.00426317986457 18.0 0.0 2.0 135.0 14231.89453405261 14232.777777777797 14232.777777777797 
109.00426317986457 18.0 0.0 3.0 135.0 14231.84092204539 14226.533333333318 14232.777777777797 
110.00426317986457 21.0 0.0 2.0 135.0 14231.756586899017 14223.407407407401 14232.777777777797 
111.00426317986457 22.0 0.0 1.0 135.0 14231.704354363377 14226.533333333318 14232.777777777797 
112.00426317986457 23.0 0.0 0.0 135.0 14231.68382933824 14229.651851851839 14232.777777777797 
113.00426317986457 23.0 0.0 0.0 135.0 14231.694768822643 14232.777777777797 14232.777777777797 
114.00426317986457 23.0 0.0 0.0 135.0 14231.705598912202 14232.777777777797 14232.777777777797 
115.00426317986457 23.0 0.0 1.0 135.0 14231.716320700854 14232.777777777797 14232.777777777797 
116.00426317986457 23.0 0.0 1.0 135.0 14231.695676012341 14229.651851851839 14232.777777777797 
117.00426317986457 24.0 0.0 0.0 135.0 14231.67523777078 14229.651851851839 14232.777777777797 
118.00426317986457 24.0 0.0 1.0 135.0 14231.686263170855 14232.777777777797 14232.777777777797 
119.00426317986457 24.0 0.0 1.0 135.0 14231.665919057647 14229.651851851839 14232.777777777797 
120.00426317986457 25.0 0.0 1.0 135.0 14231.645778385575 14229.651851851839 14232.777777777797 
121.00426317986457 25.0 0.0 1.0 135.0 14231.625839120254 14229.651851851839 14232.777777777797 
122.00426317986457 26.0 0.0 0.0 135.0 14231.606099247572 14229.651851851839 14232.777777777797 
123.00426317986457 26.0 0.0 0.0 135.0 14231.617816032882 14232.777777777797 14232.777777777797 
124.00426317986457 26.0 0.0 0.0 135.0 14231.629415650323 14232.777777777797 14232.777777777797 
125.00426317986457 26.0 0.0 3.0 135.0 14231.640899271577 14232.777777777797 14232.777777777797 
126.00426317986457 29.0 0.0 1.0 135.0 14231.123971760358 14179.94814814816 14232.777777777797 
127.00426317986457 30.0 0.0 1.0 135.0 14231.109250561278 14229.651851851839 14232.777777777797 
128.00426317986455 31.0 0.0 2.0 135.0 14230.949787685298 14215.162962962962 14232.777777777797 
129.00426317986455 33.0 0.0 0.0 135.0 14230.760660178812 14212.037037037013 14232.777777777797 
130.00426317986455 33.0 0.0 2.0 135.0 14230.780831354783 14232.777777777797 14232.777777777797 
131.00426317986455 35.0 0.0 4.0 135.0 14230.593393411611 14212.037037037013 14232.777777777797 
132.00426317986455 39.0 0.0 1.0 135.0 14230.345385403456 14205.792592592627 14232.777777777797 
133.00426317986455 40.0 0.0 0.0 135.0 14230.338450067917 14229.651851851839 14232.777777777797 
134.00426317986455 40.0 0.0 0.0 135.0 14230.362843345014 14232.777777777797 14232.777777777797 
135.00426317986455 40.0 0.0 2.0 135.0 14230.386992689355 14232.777777777797 14232.777777777797 
136.00426317986455 42.0 0.0 1.0 135.0 14230.203493132822 14212.037037037013 14232.777777777797 
137.00426317986455 43.0 0.0 0.0 135.0 14230.197976719986 14229.651851851839 14232.777777777797 
138.00426317986455 43.0 0.0 1.0 135.0 14230.223774730573 14232.777777777797 14232.777777777797 
139.00426317986455 44.0 0.0 0.0 135.0 14230.21805550179 14229.651851851839 14232.777777777797 
140.00426317986455 44.0 0.0 4.0 135.0 14230.243652724546 14232.777777777797 14232.777777777797 
141.00426317986455 48.0 0.0 0.0 135.0 14229.99906804916 14205.785185185186 14232.777777777797 
142.00426317986455 48.0 0.0 0.0 135.0 14230.026855146456 14232.777777777797 14232.777777777797 
143.00426317986455 48.0 0.0 0.0 135.0 14230.054364372772 14232.777777777797 14232.777777777797 
144.00426317986455 48.0 0.0 0.0 135.0 14230.081598506835 14232.777777777797 14232.777777777797 
145.00426317986455 48.0 0.0 2.0 135.0 14230.108560299535 14232.777777777797 14232.777777777797 
146.00426317986455 49.0 0.0 1.0 135.0 14230.072808029881 14226.533333333318 14232.777777777797 
147.00426317986455 50.0 0.0 1.0 135.0 14230.068598468075 14229.651851851839 14232.777777777797 
148.00426317986455 51.0 0.0 0.0 135.0 14229.919542113003 14215.162962962962 14232.777777777797 
149.00426317986455 51.0 0.0 1.0 135.0 14229.948124469656 14232.777777777797 14232.777777777797 
150.00426317986455 51.0 0.0 2.0 135.0 14229.945161743475 14229.651851851839 14232.777777777797 
151.00426317986455 52.0 0.0 1.0 135.0 14229.910969385317 14226.525925925918 14232.777777777797 
152.00426317986455 53.0 0.0 0.0 135.0 14229.908378209988 14229.651851851839 14232.777777777797 
153.00426317986455 53.0 0.0 2.0 135.0 14229.937072205666 14232.777777777797 14232.777777777797 
154.00426317986455 55.0 0.0 3.0 135.0 14229.902960742893 14226.525925925918 14232.777777777797 
155.00426317986455 57.0 0.0 2.0 135.0 14229.693042246556 14208.911111111145 14232.777777777797 
156.00426317986455 59.0 0.0 2.0 135.0 14229.661371083363 14226.525925925918 14232.777777777797 
157.00426317986455 61.0 0.0 1.0 135.0 14229.630090705863 14226.533333333318 14232.777777777797 
158.00426317986455 62.0 0.0 1.0 135.0 14229.630308317332 14229.651851851839 14232.777777777797 
159.00426317986455 62.0 0.0 2.0 135.0 14229.63052375265 14229.651851851839 14232.777777777797 
160.00426317986455 63.0 0.0 2.0 135.0 14229.599477774382 14226.525925925918 14232.777777777797 
161.00426317986455 65.0 0.0 1.0 135.0 14229.568742255895 14226.525925925918 14232.777777777797 
162.00426317986455 66.0 0.0 1.0 135.0 14229.56957335185 14229.651851851839 14232.777777777797 
163.00426317986455 67.0 0.0 3.0 135.0 14229.570396136849 14229.651851851839 14232.777777777797 
164.00426317986455 68.0 0.0 4.0 135.0 14229.363803286617 14208.911111111145 14232.777777777797 
165.00426317986455 72.0 0.0 0.0 135.0 14229.272980068536 14220.281481481483 14232.777777777797 
166.00426317986455 72.0 0.0 1.0 135.0 14229.308028045638 14232.777777777797 14232.777777777797 
167.00426317986455 73.0 0.0 1.0 135.0 14229.311466283703 14229.651851851839 14232.777777777797 
168.00426317986455 73.0 0.0 3.0 135.0 14229.314870139406 14229.651851851839 14232.777777777797 
169.00426317986455 75.0 0.0 3.0 135.0 14229.110832549108 14208.911111111145 14232.777777777797 
170.00426317986455 77.0 0.0 3.0 135.0 14229.053798297702 14223.407407407401 14232.777777777797 
171.00426317986455 80.0 0.0 2.0 135.0 14228.852371425815 14208.911111111145 14232.777777777797 
172.00426317986455 81.0 0.0 1.0 135.0 14228.684218081962 14212.037037037013 14232.777777777797 
173.00426317986455 82.0 0.0 2.0 135.0 14228.693894419657 14229.651851851839 14232.777777777797 
174.00426317986455 84.0 0.0 4.0 135.0 14228.527325845815 14212.037037037013 14232.777777777797 
175.00426317986455 87.0 0.0 4.0 135.0 14228.299904439198 14205.785185185186 14232.777777777797 
176.00426317986455 90.0 0.0 2.0 135.0 14227.93001650592 14191.311111111108 14232.777777777797 
177.00426317986455 92.0 0.0 4.0 135.0 14227.915975600132 14226.525925925918 14232.777777777797 
178.00426317986455 94.0 0.0 5.0 135.0 14227.694667695949 14205.785185185186 14232.777777777797 
179.00426317986455 97.0 0.0 4.0 135.0 14227.444387685684 14202.666666666668 14232.777777777797 
180.00426317986455 101.0 0.0 4.0 135.0 14227.082980845875 14191.303703703717 14232.777777777797 
181.00426317986455 103.0 0.0 4.0 135.0 14227.014965852197 14220.281481481483 14232.777777777797 
182.00426317986455 107.0 0.0 4.0 135.0 14226.94763100853 14220.281481481483 14232.777777777797 
183.00426317986455 109.0 0.0 7.0 135.0 14226.736006550283 14205.785185185186 14232.777777777797 
184.00426317986455 113.0 0.0 4.0 135.0 14226.432868706996 14196.422222222236 14232.777777777797 
185.00426317986455 116.0 0.0 3.0 135.0 14226.371428908826 14220.288888888881 14232.777777777797 
186.00426317986455 119.0 0.0 2.0 135.0 14226.196825730827 14208.911111111145 14232.777777777797 
187.00426317986455 120.0 0.0 3.0 135.0 14226.200116732787 14226.525925925918 14232.777777777797 
188.00426317986455 123.0 0.0 1.0 135.0 14226.02722667658 14208.911111111145 14232.777777777797 
189.00426317986455 124.0 0.0 1.0 135.0 14226.063472928327 14229.651851851839 14232.777777777797 
190.00426317986455 125.0 0.0 2.0 135.0 14226.099356717548 14229.651851851839 14232.777777777797 
191.00426317986455 127.0 0.0 0.0 135.0 14225.958733520778 14212.037037037013 14232.777777777797 
192.00426317986455 127.0 0.0 1.0 135.0 14226.026923963314 14232.777777777797 14232.777777777797 
193.00426317986455 127.0 0.0 7.0 135.0 14226.063173242206 14229.651851851839 14232.777777777797 
194.00426317986455 133.0 0.0 2.0 135.0 14225.621800769048 14181.92592592593 14232.777777777797 
195.00426317986455 134.0 0.0 4.0 135.0 14225.630842020631 14226.525925925918 14232.777777777797 
196.00426317986455 135.0 0.0 4.0 135.0 14225.5773484152 14220.281481481483 14232.777777777797 
197.00426317986455 139.0 0.0 4.0 135.0 14225.524315671835 14220.274074074052 14232.777777777797 
198.00426317986455 141.0 0.0 3.0 135.0 14225.326924366946 14205.785185185186 14232.777777777797 
199.00426317986455 143.0 0.0 3.0 135.0 14225.307655123266 14223.400000000001 14232.777777777797 
200.00426317986455 146.0 0.0 1.0 135.0 14225.143689683142 14208.911111111145 14232.777777777797 
201.00426317986455 147.0 0.0 3.0 135.0 14225.043882415957 14215.162962962962 14232.777777777797 
202.00426317986455 149.0 0.0 5.0 135.0 14224.882554702892 14208.911111111145 14232.777777777797 
203.00426317986455 152.0 0.0 7.0 135.0 14224.805284711423 14217.155555555531 14232.777777777797 
204.00426317986455 157.0 0.0 3.0 135.0 14224.52145408655 14196.422222222236 14232.777777777797 
205.00426317986455 160.0 0.0 1.0 135.0 14224.365350656797 14208.911111111145 14232.777777777797 
206.00426317986455 161.0 0.0 0.0 135.0 14224.273326779836 14215.162962962962 14232.777777777797 
207.00426317986455 161.0 0.0 8.0 135.0 14224.358371289823 14232.777777777797 14232.777777777797 
208.00426317986455 167.0 0.0 3.0 135.0 14223.902787576943 14178.799999999974 14232.777777777797 
209.00426317986455 169.0 0.0 3.0 135.0 14223.897833775221 14223.407407407401 14232.777777777797 
210.00426317986455 171.0 0.0 3.0 135.0 14223.892855437487 14223.400000000001 14232.777777777797 
211.00426317986455 173.0 0.0 4.0 135.0 14223.7430379942 14208.911111111145 14232.777777777797 
212.00426317986455 176.0 0.0 5.0 135.0 14223.708422429087 14220.281481481483 14232.777777777797 
213.00426317986455 179.0 0.0 6.0 135.0 14223.642893760343 14217.155555555531 14232.777777777797 
214.00426317986455 185.0 0.0 7.0 135.0 14223.401872230163 14199.540740740757 14232.777777777797 
215.00426317986455 188.0 0.0 7.0 135.0 14223.276964618964 14210.911111111145 14232.777777777797 
216.00426317986455 194.0 0.0 5.0 135.0 14223.153380157963 14210.918518518494 14232.777777777797 
217.00326633313003 197.0 0.0 4.0 135.0 14223.093401911956 14217.155555555531 14232.777777777797 
218.00426317986455 199.0 0.0 10.0 135.0 14223.065282707634 14220.281481481483 14232.777777777797 
219.00426317986455 206.0 0.0 6.0 135.0 14222.705074325018 14187.044444444442 14232.777777777797 
220.00426317986455 211.0 0.0 3.0 135.0 14222.473356915085 14199.533333333318 14232.777777777797 
221.00426317986455 213.0 0.0 3.0 135.0 14222.337734457024 14208.911111111145 14232.777777777797 
222.00426317986455 216.0 0.0 2.0 135.0 14222.2034682236 14208.911111111145 14232.777777777797 
223.00426317986455 218.0 0.0 1.0 135.0 14222.24669280059 14226.525925925918 14232.777777777797 
224.00426317986455 219.0 0.0 5.0 135.0 14222.175855502224 14215.162962962962 14232.777777777797 
225.00426317986455 223.0 0.0 3.0 135.0 14221.83594879908 14188.185185185197 14232.777777777797 
226.00426317986455 224.0 0.0 4.0 135.0 14221.851663385156 14223.407407407401 14232.777777777797 
227.00426317986455 228.0 0.0 4.0 135.0 14221.83596156613 14220.281481481483 14232.777777777797 
228.00426317986455 232.0 0.0 3.0 135.0 14221.820342691211 14220.274074074052 14232.777777777797 
229.00426317986455 234.0 0.0 3.0 135.0 14221.83613926428 14223.400000000001 14232.777777777797 
230.00426317986455 237.0 0.0 3.0 135.0 14221.56207416795 14194.429629629629 14232.777777777797 
231.00426317986455 239.0 0.0 4.0 135.0 14221.435564537363 14208.911111111145 14232.777777777797 
232.00426317986455 243.0 0.0 2.0 135.0 14221.134171854963 14191.296296296277 14232.777777777797 
233.00426317986455 244.0 0.0 2.0 135.0 14221.043200506754 14212.037037037013 14232.777777777797 
234.00426317986455 245.0 0.0 3.0 135.0 14221.09810183506 14226.533333333318 14232.777777777797 
235.00426317986455 247.0 0.0 7.0 135.0 14221.121120816677 14223.400000000001 14232.777777777797 
236.00426317986455 253.0 0.0 7.0 135.0 14220.72916886779 14181.92592592593 14232.777777777797 
237.00426317986455 259.0 0.0 6.0 135.0 14220.051432734657 14152.95555555556 14232.777777777797 
238.00426317986455 264.0 0.0 6.0 135.0 14219.701510999912 14185.059259259278 14232.777777777797 
239.00426317986455 267.0 0.0 8.0 135.0 14219.354940334364 14185.044444444442 14232.777777777797 
240.00426317986455 272.0 0.0 4.0 135.0 14219.094205745827 14193.281481481483 14232.777777777797 
241.00426317986455 274.0 0.0 9.0 135.0 14219.106004429132 14220.274074074052 14232.777777777797 
242.00426317986455 281.0 0.0 5.0 135.0 14218.671833273693 14175.688888888892 14232.777777777797 
243.00426317986455 283.0 0.0 6.0 135.0 14218.511781607618 14202.666666666668 14232.777777777797 
244.00426317986455 287.0 0.0 6.0 135.0 14218.467034161922 14214.037037037013 14232.777777777797 
245.00426317986455 293.0 0.0 3.0 135.0 14218.27769715365 14199.533333333318 14232.777777777797 
246.00426317986455 295.0 0.0 4.0 135.0 14218.328920182115 14223.400000000001 14232.777777777797 
247.00426317986455 298.0 0.0 7.0 135.0 14218.203556906215 14205.792592592627 14232.777777777797 
248.00426317986455 303.0 0.0 5.0 135.0 14217.695891707526 14167.437037037065 14232.777777777797 
249.00426317986455 307.0 0.0 2.0 135.0 14217.690488346001 14217.155555555531 14232.777777777797 
250.00426317986455 308.0 0.0 5.0 135.0 14217.778842721786 14226.525925925918 14232.777777777797 
251.00426317986455 311.0 0.0 8.0 135.0 14217.62764688716 14202.659259259277 14232.777777777797 
252.00426317986455 317.0 0.0 7.0 135.0 14217.384333381262 14193.296296296277 14232.777777777797 
253.00426317986455 324.0 0.0 1.0 135.0 14216.884934491876 14167.444444444414 14232.777777777797 
254.00426317986455 325.0 0.0 5.0 135.0 14217.012603665507 14229.651851851839 14232.777777777797 
255.00426317986455 327.0 0.0 6.0 135.0 14216.869144295506 14202.666666666668 14232.777777777797 
256.00426317986455 331.0 0.0 7.0 135.0 14216.840749148862 14214.029629629666 14232.777777777797 
257.00426317986455 336.0 0.0 6.0 135.0 14216.491600916608 14181.92592592593 14232.777777777797 
258.00426317986455 339.0 0.0 6.0 135.0 14216.4669071297 14214.022222222226 14232.777777777797 
259.00426317986455 344.0 0.0 2.0 135.0 14216.29764546579 14199.540740740757 14232.777777777797 
260.00426317986455 345.0 0.0 2.0 135.0 14216.399928270397 14226.525925925918 14232.777777777797 
261.00426317986455 347.0 0.0 5.0 135.0 14216.501188246919 14226.525925925918 14232.777777777797 
262.00426317986455 350.0 0.0 6.0 135.0 14216.507731920028 14217.155555555531 14232.777777777797 
263.00426317986455 353.0 0.0 6.0 135.0 14216.483024971216 14214.037037037013 14232.777777777797 
264.00426317986455 359.0 0.0 3.0 135.0 14216.458416943726 14214.022222222226 14232.777777777797 
265.00426317986455 362.0 0.0 4.0 135.0 14216.382943885377 14208.911111111145 14232.777777777797 
266.00426317986455 365.0 0.0 3.0 135.0 14216.132077409495 14191.296296296277 14232.777777777797 
267.00426317986455 367.0 0.0 4.0 135.0 14216.059867746511 14208.911111111145 14232.777777777797 
268.00426317986455 369.0 0.0 5.0 135.0 14216.102083883852 14220.281481481483 14232.777777777797 
269.00426317986455 373.0 0.0 3.0 135.0 14215.967729711694 14202.666666666668 14232.777777777797 
270.00426317986455 374.0 0.0 7.0 135.0 14216.042052414567 14223.400000000001 14232.777777777797 
271.00426317986455 379.0 0.0 3.0 135.0 14215.990743001534 14210.911111111145 14232.777777777797 
272.00426317986455 381.0 0.0 8.0 135.0 14216.064835571518 14223.400000000001 14232.777777777797 
273.00426317986455 384.0 0.0 12.0 135.0 14215.981964993582 14207.777777777797 14232.777777777797 
274.00426317986455 395.0 0.0 6.0 135.0 14215.195552751064 14137.340740740723 14232.777777777797 
275.00426317986455 401.0 0.0 10.0 135.0 14214.60433796429 14156.074074074071 14232.777777777797 
276.00426317986455 407.0 0.0 6.0 135.0 14214.039109399457 14158.081481481506 14232.777777777797 
277.00426317986455 412.0 0.0 5.0 135.0 14213.894199786948 14199.54814814815 14232.777777777797 
278.00426317986455 415.0 0.0 8.0 135.0 14213.78185038166 14202.659259259277 14232.777777777797 
279.00426317986455 421.0 0.0 9.0 135.0 14213.57699484082 14193.296296296277 14232.777777777797 
280.00426317986455 428.0 0.0 9.0 135.0 14213.197891559072 14175.666666666668 14232.777777777797 
281.00426317986455 434.0 0.0 6.0 135.0 14212.967616347207 14190.17037037036 14232.777777777797 
282.00426317986455 438.0 0.0 7.0 135.0 14212.83327351705 14199.533333333318 14232.777777777797 
283.00426317986455 444.0 0.0 8.0 135.0 14212.813903744858 14210.896296296318 14232.777777777797 
284.00426317986455 449.0 0.0 11.0 135.0 14212.763542485158 14207.777777777797 14232.777777777797 
285.00426317986455 457.0 0.0 5.0 135.0 14212.475018171428 14183.911111111145 14232.777777777797 
286.00094383359016 461.0 0.0 3.0 135.0 14212.521823545292 14217.155555555531 14232.777777777797 
287.00426317986455 464.0 0.0 3.0 135.0 14212.485790495006 14208.918518518494 14232.777777777797 
288.00426317986455 467.0 0.0 5.0 135.0 14212.305154812268 14194.422222222236 14232.777777777797 
289.00426317986455 470.0 0.0 6.0 135.0 14212.20869585673 14202.659259259277 14232.777777777797 
290.00426317986455 475.0 0.0 7.0 135.0 14211.937053342637 14185.044444444442 14232.777777777797 
291.00426317986455 480.0 0.0 7.0 135.0 14211.491979105496 14167.429629629629 14232.777777777797 
292.00426317986455 485.0 0.0 9.0 135.0 14211.486170425549 14210.911111111145 14232.777777777797 
293.00426317986455 490.0 0.0 12.0 135.0 14211.417975387943 14204.666666666668 14232.777777777797 
294.00426317986455 500.0 0.0 4.0 135.0 14210.96705489334 14166.325925925894 14232.777777777797 
295.00426317986455 504.0 0.0 2.0 135.0 14211.06012508515 14220.274074074052 14232.777777777797 
296.00426317986455 506.0 0.0 6.0 135.0 14211.06989420469 14212.037037037013 14232.777777777797 
297.00426317986455 509.0 0.0 5.0 135.0 14211.099565632972 14214.037037037013 14232.777777777797 
298.00426317986455 513.0 0.0 7.0 135.0 14211.160125532226 14217.155555555531 14232.777777777797 
299.00426317986455 519.0 0.0 12.0 135.0 14210.867709462083 14181.918518518494 14232.777777777797 
300.00426317986455 527.0 0.0 6.0 135.0 14210.567106441533 14180.80740740741 14232.777777777797 
301.00426317986455 533.0 0.0 5.0 135.0 14210.456768710466 14199.533333333318 14232.777777777797 
302.00426317986455 537.0 0.0 7.0 135.0 14210.233904727056 14188.17037037036 14232.777777777797 
303.00426317986455 544.0 0.0 5.0 135.0 14209.806084198282 14167.45185185185 14232.777777777797 
304.0028699883093 547.0 0.0 8.0 135.0 14209.879578911874 14217.155555555531 14232.777777777797 
305.00426317986455 552.0 0.0 7.0 135.0 14209.56885719684 14178.80740740741 14232.777777777797 
306.00426317986455 558.0 0.0 7.0 135.0 14209.292427884115 14181.92592592593 14232.777777777797 
307.00426317986455 563.0 0.0 7.0 135.0 14209.163651753412 14196.414814814798 14232.777777777797 
308.00426317986455 564.0 0.0 8.0 135.0 14209.181052272936 14210.903703703707 14232.777777777797 
309.00426317986455 572.0 0.0 6.0 135.0 14209.167019527982 14207.777777777797 14232.777777777797 
310.00426317986455 576.0 0.0 8.0 135.0 14208.781053036377 14170.570370370371 14232.777777777797 
311.00426317986455 580.0 0.0 12.0 135.0 14208.626205468985 14193.296296296277 14232.777777777797 
312.00426317986455 587.0 0.0 9.0 135.0 14208.058165636523 14151.82222222224 14232.777777777797 
313.00426317986455 593.0 0.0 11.0 135.0 14207.734472869057 14175.688888888892 14232.777777777797 
314.00426317986455 603.0 0.0 4.0 135.0 14207.351350362589 14169.422222222236 14232.777777777797 
315.00426317986455 607.0 0.0 8.0 135.0 14207.335762784884 14205.792592592627 14232.777777777797 
316.00426317986455 612.0 0.0 11.0 135.0 14206.90559034223 14164.318518518547 14232.777777777797 
317.00426317986455 619.0 0.0 9.0 135.0 14206.675719623985 14183.918518518494 14232.777777777797 
318.00426317986455 626.0 0.0 8.0 135.0 14206.655555020348 14204.659259259277 14232.777777777797 
319.00426317986455 629.0 0.0 8.0 135.0 14206.666851322008 14207.785185185186 14232.777777777797 
320.0030395256586 635.0 0.0 7.0 135.0 14206.677960586561 14207.777777777797 14232.777777777797 
321.00426317986455 640.0 0.0 8.0 135.0 14206.720218017725 14210.903703703707 14232.777777777797 
322.00426317986455 642.0 0.0 16.0 134.0 14206.730867689384 14207.785185185186 14232.777777777797 
323.00426317986455 653.0 0.0 9.0 134.0 14206.491633086582 14182.80740740741 14232.777777777797 
324.00426317986455 659.0 0.0 5.0 134.0 14206.183383422376 14175.666666666668 14232.777777777797 
325.00426317986455 664.0 0.0 4.0 134.0 14206.179401439995 14205.785185185186 14232.777777777797 
326.00426317986455 667.0 0.0 7.0 134.0 14206.320348166319 14220.274074074052 14232.777777777797 
327.00426317986455 672.0 0.0 9.0 134.0 14206.366181721727 14210.903703703707 14232.777777777797 
328.00426317986455 681.0 0.0 4.0 134.0 14206.349112497088 14204.659259259277 14232.777777777797 
329.00426317986455 684.0 0.0 5.0 134.0 14206.343547298022 14205.792592592627 14232.777777777797 
330.00426317986455 688.0 0.0 4.0 134.0 14206.306704417662 14202.659259259277 14232.777777777797 
331.00426317986455 691.0 0.0 6.0 134.0 14206.301489225314 14205.785185185186 14232.777777777797 
332.00426317986455 694.0 0.0 10.0 134.0 14206.233807666391 14199.533333333318 14232.777777777797 
333.00426317986455 700.0 0.0 6.0 134.0 14205.752062182342 14158.059259259278 14232.777777777797 
334.00426317986455 705.0 0.0 11.0 134.0 14205.721134153106 14202.659259259277 14232.777777777797 
335.00426317986455 710.0 0.0 14.0 134.0 14205.213404293043 14154.94814814816 14232.777777777797 
336.00426317986455 720.0 0.0 10.0 133.0 14204.793122101959 14163.185185185197 14232.777777777797 
337.00426317986455 727.0 0.0 8.0 134.0 14204.47067236243 14172.54814814815 14232.777777777797 
338.00426317986455 734.0 0.0 4.0 134.0 14204.535002675864 14210.903703703707 14232.777777777797 
339.00426317986455 737.0 0.0 9.0 134.0 14204.547504500952 14205.785185185186 14232.777777777797 
340.00426317986455 744.0 0.0 7.0 134.0 14204.14514056703 14164.311111111108 14232.777777777797 
341.00426317986455 747.0 0.0 10.0 134.0 14204.067763235471 14196.407407407401 14232.777777777797 
342.00426317986455 755.0 0.0 9.0 134.0 14203.607752269769 14158.066666666678 14232.777777777797 
343.00426317986455 763.0 0.0 7.0 134.0 14203.618341413714 14204.666666666668 14232.777777777797 
344.00426317986455 769.0 0.0 5.0 134.0 14203.691120962538 14210.896296296318 14232.777777777797 
345.00426317986455 773.0 0.0 8.0 135.0 14203.825691234424 14217.14814814815 14232.777777777797 
346.00353722034095 779.0 0.0 11.0 135.0 14203.720323210959 14193.288888888881 14232.777777777797 
347.00426317986455 785.0 0.0 12.0 135.0 14203.522305164048 14183.918518518494 14232.777777777797 
348.00426317986455 794.0 0.0 10.0 135.0 14203.295082112403 14180.799999999974 14232.777777777797 
349.00426317986455 801.0 0.0 8.0 135.0 14203.277464624596 14201.533333333318 14232.777777777797 
350.00426317986455 806.0 0.0 6.0 135.0 14203.177504793168 14193.281481481483 14232.777777777797 
351.00426317986455 811.0 0.0 7.0 135.0 14203.285951967486 14214.022222222226 14232.777777777797 
352.00426317986455 816.0 0.0 10.0 135.0 14203.362129484829 14210.903703703707 14232.777777777797 
353.00426317986455 819.0 0.0 13.0 135.0 14203.198952634424 14187.044444444442 14232.777777777797 
354.00426317986455 829.0 0.0 18.0 135.0 14202.653851996978 14148.688888888892 14232.777777777797 
355.00426317986455 841.0 0.0 14.0 135.0 14202.103017180712 14147.570370370371 14232.777777777797 
356.00426317986455 849.0 0.0 10.0 135.0 14201.682431453328 14160.044444444442 14232.777777777797 
357.00426317986455 857.0 0.0 7.0 135.0 14201.680792323985 14201.518518518522 14232.777777777797 
358.00426317986455 861.0 0.0 7.0 134.0 14201.628058474833 14196.407407407401 14232.777777777797 
359.00426317986455 866.0 0.0 10.0 134.0 14201.575926038244 14196.414814814798 14232.777777777797 
360.00426317986455 872.0 0.0 15.0 134.0 14201.430611222297 14187.044444444442 14232.777777777797 
361.00426317986455 884.0 0.0 6.0 134.0 14200.985638443412 14156.933333333322 14232.777777777797 
362.00426317986455 888.0 0.0 6.0 134.0 14200.97118946637 14199.540740740757 14232.777777777797 
363.00426317986455 892.0 0.0 10.0 134.0 14200.92562571987 14196.414814814798 14232.777777777797 
364.00426317986455 897.0 0.0 14.0 134.0 14200.67311020342 14175.674074074106 14232.777777777797 
365.00426317986455 902.0 0.0 14.0 132.0 14200.556749471756 14189.037037037013 14232.777777777797 
366.0001770789178 911.0 0.0 19.0 133.0 14200.441478273293 14189.029629629666 14232.777777777797 
367.00426317986455 924.0 0.0 16.0 133.0 14199.767804231322 14133.07407407407 14232.777777777797 
368.00426317986455 939.0 0.0 10.0 134.0 14199.163385448262 14139.325925925894 14232.777777777797 
369.00426317986455 948.0 0.0 5.0 134.0 14199.073381223421 14190.162962962962 14232.777777777797 
370.00426317986455 952.0 0.0 4.0 134.0 14199.109240003769 14202.659259259277 14232.777777777797 
371.00426317986455 953.0 0.0 9.0 134.0 14199.320888344493 14220.274074074052 14232.777777777797 
372.00426317986455 959.0 0.0 8.0 134.0 14199.374197979558 14204.651851851839 14232.777777777797 
373.00426317986455 966.0 0.0 7.0 135.0 14199.16845599973 14178.799999999974 14232.777777777797 
374.00426317986455 969.0 0.0 10.0 135.0 14199.285808476794 14210.903703703707 14232.777777777797 
375.00426317986455 975.0 0.0 12.0 135.0 14199.163320762402 14187.037037037013 14232.777777777797 
376.00426317986455 982.0 0.0 18.0 135.0 14198.979687554785 14180.799999999974 14232.777777777797 
377.00426317986455 996.0 0.0 12.0 135.0 14198.175816605179 14118.592592592599 14232.777777777797 
378.00426317986455 1006.0 0.0 6.0 134.0 14198.002132513178 14180.80740740741 14232.777777777797 
379.00426317986455 1011.0 0.0 12.0 133.0 14198.162407484326 14214.029629629666 14232.777777777797 
380.00426317986455 1020.0 0.0 7.0 135.0 14198.019968594694 14183.918518518494 14232.777777777797 
381.00426317986455 1024.0 0.0 14.0 134.0 14197.972657797618 14193.288888888881 14232.777777777797 
382.00426317986455 1034.0 0.0 14.0 134.0 14197.593449738188 14160.05185185184 14232.777777777797 
383.00426317986455 1044.0 0.0 10.0 134.0 14197.218107833385 14160.059259259278 14232.777777777797 
384.00426317986455 1051.0 0.0 12.0 134.0 14197.292519347624 14204.659259259277 14232.777777777797 
385.00426317986455 1058.0 0.0 17.0 133.0 14196.869001561583 14154.940740740722 14232.777777777797 
386.00426317986455 1070.0 0.0 10.0 132.0 14196.117422657053 14121.711111111119 14232.777777777797 
387.00426317986455 1077.0 0.0 9.0 133.0 14195.912915097162 14175.666666666668 14232.777777777797 
388.00426317986455 1082.0 0.0 14.0 133.0 14195.855341501732 14190.155555555531 14232.777777777797 
389.00426317986455 1092.0 0.0 11.0 133.0 14195.20752882746 14131.07407407407 14232.777777777797 
390.00426317986455 1099.0 0.0 10.0 133.0 14195.157157242886 14190.17037037036 14232.777777777797 
391.00426317986455 1107.0 0.0 11.0 134.0 14194.931141226021 14172.555555555586 14232.777777777797 
392.00426317986455 1116.0 0.0 9.0 135.0 14194.676052035977 14169.422222222236 14232.777777777797 
393.00426317986455 1117.0 0.0 17.0 134.0 14194.77581003413 14204.651851851839 14232.777777777797 
394.00426317986455 1127.0 0.0 15.0 133.0 14194.479829711563 14165.17777777776 14232.777777777797 
395.00426317986455 1138.0 0.0 13.0 134.0 14193.959401784829 14142.437037037065 14232.777777777797 
396.00426317986455 1148.0 0.0 12.0 132.0 14193.506770729953 14148.696296296283 14232.777777777797 
397.00426317986455 1154.0 0.0 20.0 132.0 14193.058517837475 14148.681481481453 14232.777777777797 
398.00426317986455 1169.0 0.0 14.0 132.0 14191.879117844295 14075.11851851852 14232.777777777797 
399.00426317986455 1180.0 0.0 14.0 133.0 14191.333734073252 14137.340740740723 14232.777777777797 
400.00426317986455 1190.0 0.0 13.0 133.0 14190.731137473267 14131.07407407407 14232.777777777797 
401.00426317986455 1201.0 0.0 6.0 134.0 14190.020937209623 14119.711111111119 14232.777777777797 
402.00426317986455 1204.0 0.0 6.0 134.0 14190.147320430135 14202.659259259277 14232.777777777797 
403.00426317986455 1208.0 0.0 12.0 134.0 14190.386069448048 14214.022222222226 14232.777777777797 
404.00426317986455 1216.0 0.0 6.0 135.0 14190.145097642462 14166.288888888881 14232.777777777797 
405.00426317986455 1221.0 0.0 5.0 134.0 14190.38386888825 14214.022222222226 14232.777777777797 
406.00426317986455 1223.0 0.0 4.0 134.0 14190.651511680871 14217.14814814815 14232.777777777797 
407.00426317986455 1226.0 0.0 3.0 134.0 14190.802848415886 14205.785185185186 14232.777777777797 
408.00426317986455 1229.0 0.0 0.0 135.0 14190.983931042834 14208.911111111145 14232.777777777797 
409.00426317986455 1229.0 0.0 1.0 135.0 14191.401869510184 14232.777777777797 14232.777777777797 
410.00426317986455 1229.0 0.0 1.0 135.0 14191.784369333598 14229.651851851839 14232.777777777797 
411.00426317986455 1229.0 0.0 1.0 135.0 14192.16304415878 14229.651851851839 14232.777777777797 
412.00426317986455 1230.0 0.0 0.0 135.0 14192.537932235717 14229.651851851839 14232.777777777797 
413.00426317986455 1230.0 0.0 0.0 135.0 14192.940330691137 14232.777777777797 14232.777777777797 
414.00426317986455 1230.0 0.0 0.0 135.0 14193.338705161992 14232.777777777797 14232.777777777797 
415.00426317986455 1230.0 0.0 0.0 135.0 14193.733095888154 14232.777777777797 14232.777777777797 
416.00426317986455 1230.0 0.0 1.0 135.0 14194.123542707086 14232.777777777797 14232.777777777797 
417.00426317986455 1231.0 0.0 0.0 135.0 14194.478825798526 14229.651851851839 14232.777777777797 
418.00426317986455 1231.0 0.0 0.0 135.0 14194.861815318312 14232.777777777797 14232.777777777797 
419.00426317986455 1231.0 0.0 0.0 135.0 14195.240974942892 14232.777777777797 14232.777777777797 
420.00426317986455 1231.0 0.0 0.0 135.0 14195.616342971245 14232.777777777797 14232.777777777797 
421.00426317986455 1231.0 0.0 0.0 135.0 14195.987957319316 14232.777777777797 14232.777777777797 
422.00426317986455 1231.0 0.0 1.0 135.0 14196.355855523927 14232.777777777797 14232.777777777797 
423.00426317986455 1231.0 0.0 2.0 135.0 14196.688815487192 14229.651851851839 14232.777777777797 
424.00426317986455 1233.0 0.0 0.0 135.0 14196.842297702693 14212.037037037013 14232.777777777797 
425.00426317986455 1233.0 0.0 0.0 135.0 14197.201652503434 14232.777777777797 14232.777777777797 
426.00426317986455 1233.0 0.0 0.0 135.0 14197.557413756187 14232.777777777797 14232.777777777797 
427.00426317986455 1233.0 0.0 0.0 135.0 14197.909617396399 14232.777777777797 14232.777777777797 
428.00426317986455 1233.0 0.0 0.0 135.0 14198.258299000221 14232.777777777797 14232.777777777797 
429.00426317986455 1233.0 0.0 0.0 135.0 14198.603493787983 14232.777777777797 14232.777777777797 
430.00426317986455 1233.0 0.0 0.0 135.0 14198.945236627878 14232.777777777797 14232.777777777797 
431.00426317986455 1233.0 0.0 1.0 135.0 14199.283562039365 14232.777777777797 14232.777777777797 
432.00426317986455 1234.0 0.0 0.0 135.0 14199.442356048608 14215.162962962962 14232.777777777797 
433.00426317986455 1234.0 0.0 0.0 135.0 14199.775710265927 14232.777777777797 14232.777777777797 
434.00426317986455 1234.0 0.0 0.0 135.0 14200.105730941012 14232.777777777797 14232.777777777797 
435.00426317986455 1234.0 0.0 0.0 135.0 14200.432451409404 14232.777777777797 14232.777777777797 
436.00426317986455 1234.0 0.0 1.0 135.0 14200.755904673057 14232.777777777797 14232.777777777797 
437.00426317986455 1235.0 0.0 1.0 135.0 14201.04486414486 14229.651851851839 14232.777777777797 
438.00426317986455 1236.0 0.0 0.0 135.0 14201.186045133045 14215.162962962962 14232.777777777797 
439.00426317986455 1236.0 0.0 0.0 135.0 14201.501962459493 14232.777777777797 14232.777777777797 
440.00426317986455 1236.0 0.0 0.0 135.0 14201.81472061266 14232.777777777797 14232.777777777797 
441.00426317986455 1236.0 0.0 1.0 135.0 14202.124351184317 14232.777777777797 14232.777777777797 
442.00426317986455 1237.0 0.0 0.0 135.0 14202.399626190998 14229.651851851839 14232.777777777797 
443.00426317986455 1237.0 0.0 0.0 135.0 14202.703407706851 14232.777777777797 14232.777777777797 
444.00426317986455 1237.0 0.0 0.0 135.0 14203.004151407558 14232.777777777797 14232.777777777797 
445.00426317986455 1237.0 0.0 0.0 135.0 14203.301887671301 14232.777777777797 14232.777777777797 
446.00426317986455 1237.0 0.0 1.0 135.0 14203.596646572354 14232.777777777797 14232.777777777797 
447.00426317986455 1237.0 0.0 1.0 135.0 14203.85719862515 14229.651851851839 14232.777777777797 
448.00426317986455 1238.0 0.0 0.0 135.0 14204.115145157413 14229.651851851839 14232.777777777797 
449.00426317986455 1238.0 0.0 0.0 135.0 14204.40177148361 14232.777777777797 14232.777777777797 
450.00426317986455 1238.0 0.0 0.0 135.0 14204.685531546542 14232.777777777797 14232.777777777797 
451.00426317986455 1238.0 0.0 0.0 135.0 14204.96645400888 14232.777777777797 14232.777777777797 
452.00426317986455 1238.0 0.0 0.0 135.0 14205.244567246555 14232.777777777797 14232.777777777797 
453.00426317986455 1238.0 0.0 0.0 135.0 14205.519899351884 14232.777777777797 14232.777777777797 
454.00426317986455 1238.0 0.0 0.0 135.0 14205.792478136143 14232.777777777797 14232.777777777797 
455.00426317986455 1238.0 0.0 0.0 135.0 14206.062331132527 14232.777777777797 14232.777777777797 
456.00426317986455 1238.0 0.0 0.0 135.0 14206.329485599013 14232.777777777797 14232.777777777797 
457.00426317986455 1238.0 0.0 0.0 135.0 14206.59396852078 14232.777777777797 14232.777777777797 
458.00426317986455 1238.0 0.0 0.0 135.0 14206.855806613361 14232.777777777797 14232.777777777797 
459.00426317986455 1238.0 0.0 0.0 135.0 14207.115026325007 14232.777777777797 14232.777777777797 
460.00426317986455 1238.0 0.0 0.0 135.0 14207.371653839547 14232.777777777797 14232.777777777797 
461.00426317986455 1238.0 0.0 0.0 135.0 14207.625715078899 14232.777777777797 14232.777777777797 
462.00426317986455 1238.0 0.0 0.0 135.0 14207.877235705899 14232.777777777797 14232.777777777797 
463.00426317986455 1238.0 0.0 1.0 135.0 14208.12624112664 14232.777777777797 14232.777777777797 
464.00426317986455 1239.0 0.0 1.0 135.0 14208.196608344964 14215.162962962962 14232.777777777797 
465.00426317986455 1240.0 0.0 0.0 135.0 14208.266271891163 14215.162962962962 14232.777777777797 
466.00426317986455 1240.0 0.0 1.0 135.0 14208.511386950027 14232.777777777797 14232.777777777797 
467.00426317986455 1240.0 0.0 1.0 135.0 14208.72279159905 14229.651851851839 14232.777777777797 
468.00426317986455 1241.0 0.0 0.0 135.0 14208.93208220157 14229.651851851839 14232.777777777797 
469.00426317986455 1241.0 0.0 0.0 135.0 14209.170539157349 14232.777777777797 14232.777777777797 
470.00426317986455 1241.0 0.0 0.0 135.0 14209.406611543536 14232.777777777797 14232.777777777797 
471.00426317986455 1241.0 0.0 0.0 135.0 14209.6403232059 14232.777777777797 14232.777777777797 
472.00426317986455 1241.0 0.0 0.0 135.0 14209.871697751618 14232.777777777797 14232.777777777797 
473.00426317986455 1241.0 0.0 0.0 135.0 14210.100758551873 14232.777777777797 14232.777777777797 
474.00426317986455 1241.0 0.0 0.0 135.0 14210.327528744112 14232.777777777797 14232.777777777797 
475.00426317986455 1241.0 0.0 0.0 135.0 14210.552031234463 14232.777777777797 14232.777777777797 
476.00426317986455 1241.0 0.0 0.0 135.0 14210.774288699897 14232.777777777797 14232.777777777797 
477.00426317986455 1241.0 0.0 0.0 135.0 14210.994323590663 14232.777777777797 14232.777777777797 
478.00426317986455 1241.0 0.0 1.0 135.0 14211.212158132532 14232.777777777797 14232.777777777797 
479.00426317986455 1242.0 0.0 0.0 135.0 14211.396555069732 14229.651851851839 14232.777777777797 
480.00426317986455 1242.0 0.0 0.0 135.0 14211.610367296824 14232.777777777797 14232.777777777797 
481.00426317986455 1242.0 0.0 0.0 135.0 14211.822041401623 14232.777777777797 14232.777777777797 
482.00426317986455 1242.0 0.0 0.0 135.0 14212.031598765383 14232.777777777797 14232.777777777797 
483.00426317986455 1242.0 0.0 0.0 135.0 14212.239060555516 14232.777777777797 14232.777777777797 
484.00426317986455 1242.0 0.0 0.0 135.0 14212.444447727748 14232.777777777797 14232.777777777797 
485.00426317986455 1242.0 0.0 1.0 135.0 14212.647781028256 14232.777777777797 14232.777777777797 
486.00426317986455 1242.0 0.0 1.0 135.0 14212.817821736488 14229.651851851839 14232.777777777797 
487.00426317986455 1243.0 0.0 0.0 135.0 14212.986162037643 14229.651851851839 14232.777777777797 
488.00426317986455 1243.0 0.0 0.0 135.0 14213.18407819502 14232.777777777797 14232.777777777797 
489.00426317986455 1243.0 0.0 0.0 135.0 14213.380015190862 14232.777777777797 14232.777777777797 
490.00426317986455 1243.0 0.0 0.0 135.0 14213.573992816722 14232.777777777797 14232.777777777797 
491.00426317986455 1243.0 0.0 0.0 135.0 14213.766030666333 14232.777777777797 14232.777777777797 
492.00426317986455 1243.0 0.0 0.0 135.0 14213.956148137468 14232.777777777797 14232.777777777797 
493.00426317986455 1243.0 0.0 0.0 135.0 14214.14436443387 14232.777777777797 14232.777777777797 
494.00426317986455 1243.0 0.0 0.0 135.0 14214.330698567299 14232.777777777797 14232.777777777797 
495.00426317986455 1243.0 0.0 0.0 135.0 14214.515169359385 14232.777777777797 14232.777777777797 
496.00426317986455 1243.0 0.0 0.0 135.0 14214.69779544357 14232.777777777797 14232.777777777797 
497.00426317986455 1243.0 0.0 0.0 135.0 14214.878595266911 14232.777777777797 14232.777777777797 
498.00426317986455 1243.0 0.0 0.0 135.0 14215.057587092031 14232.777777777797 14232.777777777797 
499.00426317986455 1243.0 0.0 0.0 135.0 14215.23478899889 14232.777777777797 14232.777777777797 
500.00426317986455 1243.0 0.0 0.0 135.0 14215.410218886695 14232.777777777797 14232.777777777797 
501.00426317986455 1243.0 0.0 0.0 135.0 14215.583894475594 14232.777777777797 14232.777777777797 
502.00426317986455 1243.0 0.0 0.0 135.0 14215.755833308596 14232.777777777797 14232.777777777797 
503.00426317986455 1243.0 0.0 0.0 135.0 14215.926052753295 14232.777777777797 14232.777777777797 
504.00426317986455 1243.0 0.0 0.0 135.0 14216.09457000356 14232.777777777797 14232.777777777797 
505.00426317986455 1243.0 0.0 0.0 135.0 14216.261402081293 14232.777777777797 14232.777777777797 
506.00426317986455 1243.0 0.0 0.0 135.0 14216.426565838248 14232.777777777797 14232.777777777797 
507.00426317986455 1243.0 0.0 0.0 135.0 14216.590077957675 14232.777777777797 14232.777777777797 
508.00426317986455 1243.0 0.0 0.0 135.0 14216.751954955873 14232.777777777797 14232.777777777797 
509.00426317986455 1243.0 0.0 1.0 135.0 14216.912213184065 14232.777777777797 14232.777777777797 
510.00426317986455 1244.0 0.0 0.0 135.0 14217.039609570755 14229.651851851839 14232.777777777797 
511.00426317986455 1244.0 0.0 0.0 135.0 14217.196991252838 14232.777777777797 14232.777777777797 
512.0042631798646 1244.0 0.0 0.0 135.0 14217.352799118087 14232.777777777797 14232.777777777797 
513.0042631798646 1244.0 0.0 0.0 135.0 14217.507048904678 14232.777777777797 14232.777777777797 
514.0042631798646 1244.0 0.0 0.0 135.0 14217.659756193403 14232.777777777797 14232.777777777797 
515.0042631798646 1244.0 0.0 0.0 135.0 14217.810936409232 14232.777777777797 14232.777777777797 
516.0042631798646 1244.0 0.0 0.0 135.0 14217.960604822918 14232.777777777797 14232.777777777797 
517.0042631798646 1244.0 0.0 0.0 135.0 14218.108776552492 14232.777777777797 14232.777777777797 
518.0042631798646 1244.0 0.0 0.0 135.0 14218.25546656471 14232.777777777797 14232.777777777797 
519.0042631798646 1244.0 0.0 0.0 135.0 14218.400689676853 14232.777777777797 14232.777777777797 
520.0042631798646 1244.0 0.0 0.0 135.0 14218.544460557876 14232.777777777797 14232.777777777797 
521.0042631798646 1244.0 0.0 0.0 135.0 14218.686793730054 14232.777777777797 14232.777777777797 
522.0042631798646 1244.0 0.0 0.0 135.0 14218.827703570549 14232.777777777797 14232.777777777797 
523.0042631798646 1244.0 0.0 0.0 135.0 14218.96720431264 14232.777777777797 14232.777777777797 
524.0042631798646 1244.0 0.0 0.0 135.0 14219.105310047273 14232.777777777797 14232.777777777797 
525.0042631798646 1244.0 0.0 0.0 135.0 14219.242034724572 14232.777777777797 14232.777777777797 
526.0042631798646 1244.0 0.0 0.0 135.0 14219.377392155107 14232.777777777797 14232.777777777797 
527.0042631798646 1244.0 0.0 0.0 135.0 14219.511396011338 14232.777777777797 14232.777777777797 
528.0042631798646 1244.0 0.0 0.0 135.0 14219.644059829006 14232.777777777797 14232.777777777797 
529.0042631798646 1244.0 0.0 0.0 135.0 14219.77539700848 14232.777777777797 14232.777777777797 
530.0042631798646 1244.0 0.0 0.0 135.0 14219.90542081618 14232.777777777797 14232.777777777797 
531.0042631798646 1244.0 0.0 0.0 135.0 14220.034144385805 14232.777777777797 14232.777777777797 
532.0042631798646 1244.0 0.0 0.0 135.0 14220.161580719709 14232.777777777797 14232.777777777797 
533.0042631798646 1244.0 0.0 0.0 135.0 14220.287742690314 14232.777777777797 14232.777777777797 
534.0042631798646 1244.0 0.0 0.0 135.0 14220.412643041158 14232.777777777797 14232.777777777797 
535.0042631798646 1244.0 0.0 1.0 135.0 14220.53629438853 14232.777777777797 14232.777777777797 
536.0042631798646 1245.0 0.0 0.0 135.0 14220.627449963178 14229.651851851839 14232.777777777797 
537.0042631798646 1245.0 0.0 0.0 135.0 14220.74895324132 14232.777777777797 14232.777777777797 
538.0042631798646 1245.0 0.0 1.0 135.0 14220.869241486682 14232.777777777797 14232.777777777797 
539.0042631798646 1245.0 0.0 1.0 135.0 14220.95706759033 14229.651851851839 14232.777777777797 
540.0042631798646 1246.0 0.0 0.0 135.0 14221.04401543296 14229.651851851839 14232.777777777797 
541.0042631798646 1246.0 0.0 0.0 135.0 14221.161353056408 14232.777777777797 14232.777777777797 
542.0042631798646 1246.0 0.0 0.0 135.0 14221.277517303628 14232.777777777797 14232.777777777797 
543.0042631798646 1246.0 0.0 0.0 135.0 14221.39251990837 14232.777777777797 14232.777777777797 
544.0042631798646 1246.0 0.0 0.0 135.0 14221.50637248704 14232.777777777797 14232.777777777797 
545.0042631798646 1246.0 0.0 0.0 135.0 14221.619086539942 14232.777777777797 14232.777777777797 
546.0042631798646 1246.0 0.0 0.0 135.0 14221.730673452324 14232.777777777797 14232.777777777797 
547.0042631798646 1246.0 0.0 0.0 135.0 14221.841144495575 14232.777777777797 14232.777777777797 
548.0042631798646 1246.0 0.0 0.0 135.0 14221.950510828401 14232.777777777797 14232.777777777797 
549.0042631798646 1246.0 0.0 0.0 135.0 14222.058783497916 14232.777777777797 14232.777777777797 
550.0042631798646 1246.0 0.0 0.0 135.0 14222.165973440693 14232.777777777797 14232.777777777797 
551.0042631798646 1246.0 0.0 0.0 135.0 14222.272091484074 14232.777777777797 14232.777777777797 
552.0042631798646 1246.0 0.0 0.0 135.0 14222.377148347034 14232.777777777797 14232.777777777797 
553.0042631798646 1246.0 0.0 0.0 135.0 14222.481154641313 14232.777777777797 14232.777777777797 
554.0042631798646 1246.0 0.0 0.0 135.0 14222.584120872696 14232.777777777797 14232.777777777797 
555.0042631798646 1246.0 0.0 0.0 135.0 14222.686057441751 14232.777777777797 14232.777777777797 
556.0042631798646 1246.0 0.0 0.0 135.0 14222.786974645089 14232.777777777797 14232.777777777797 
557.0042631798646 1246.0 0.0 1.0 135.0 14222.886882676421 14232.777777777797 14232.777777777797 
558.0042631798646 1246.0 0.0 1.0 135.0 14222.954532368181 14229.651851851839 14232.777777777797 
559.0042631798646 1247.0 0.0 0.0 135.0 14223.021505563012 14229.651851851839 14232.777777777797 
560.0042631798646 1247.0 0.0 0.0 135.0 14223.119068285152 14232.777777777797 14232.777777777797 
561.0042631798646 1247.0 0.0 0.0 135.0 14223.21565538009 14232.777777777797 14232.777777777797 
562.0042631798646 1247.0 0.0 0.0 135.0 14223.311276604083 14232.777777777797 14232.777777777797 
563.0042631798646 1247.0 0.0 0.0 135.0 14223.405941615805 14232.777777777797 14232.777777777797 
564.0042631798646 1247.0 0.0 1.0 135.0 14223.499659977439 14232.777777777797 14232.777777777797 
565.0042631798646 1248.0 0.0 0.0 135.0 14223.416293007269 14215.162962962962 14232.777777777797 
566.0042631798646 1248.0 0.0 0.0 135.0 14223.509907854996 14232.777777777797 14232.777777777797 
567.0042631798646 1248.0 0.0 0.0 135.0 14223.602586554221 14232.777777777797 14232.777777777797 
568.0042631798646 1248.0 0.0 0.0 135.0 14223.694338466434 14232.777777777797 14232.777777777797 
569.0042631798646 1248.0 0.0 0.0 135.0 14223.785172859558 14232.777777777797 14232.777777777797 
570.0042631798646 1248.0 0.0 1.0 135.0 14223.875098908737 14232.777777777797 14232.777777777797 
571.0042631798646 1248.0 0.0 2.0 135.0 14223.932866438165 14229.651851851839 14232.777777777797 
572.0042631798646 1250.0 0.0 0.0 135.0 14223.958797033069 14226.525925925918 14232.777777777797 
573.0042631798646 1250.0 0.0 0.0 135.0 14224.046986840507 14232.777777777797 14232.777777777797 
574.0042631798646 1250.0 0.0 0.0 135.0 14224.134294749869 14232.777777777797 14232.777777777797 
575.0042631798646 1250.0 0.0 0.0 135.0 14224.220729580158 14232.777777777797 14232.777777777797 
576.0042631798646 1250.0 0.0 0.0 135.0 14224.306300062126 14232.777777777797 14232.777777777797 
577.0042631798646 1250.0 0.0 0.0 135.0 14224.391014839286 14232.777777777797 14232.777777777797 
578.0042631798646 1250.0 0.0 0.0 135.0 14224.474882468676 14232.777777777797 14232.777777777797 
579.0042631798646 1250.0 0.0 0.0 135.0 14224.557911421749 14232.777777777797 14232.777777777797 
580.0042631798646 1250.0 0.0 0.0 135.0 14224.640110085329 14232.777777777797 14232.777777777797 
581.0042631798646 1250.0 0.0 0.0 135.0 14224.721486762257 14232.777777777797 14232.777777777797 
582.0042631798646 1250.0 0.0 0.0 135.0 14224.802049672406 14232.777777777797 14232.777777777797 
583.0042631798646 1250.0 0.0 0.0 135.0 14224.881806953472 14232.777777777797 14232.777777777797 
584.0042631798646 1250.0 0.0 0.0 135.0 14224.96076666171 14232.777777777797 14232.777777777797 
585.0042631798646 1250.0 0.0 0.0 135.0 14225.038936772862 14232.777777777797 14232.777777777797 
586.0042631798646 1250.0 0.0 0.0 135.0 14225.116325182915 14232.777777777797 14232.777777777797 
587.0042631798646 1250.0 0.0 0.0 135.0 14225.192939708857 14232.777777777797 14232.777777777797 
588.0042631798646 1250.0 0.0 1.0 135.0 14225.268788089563 14232.777777777797 14232.777777777797 
589.0042631798646 1250.0 0.0 1.0 135.0 14225.31261872718 14229.651851851839 14232.777777777797 
590.0042631798646 1251.0 0.0 0.0 135.0 14225.356011058413 14229.651851851839 14232.777777777797 
591.0042631798646 1251.0 0.0 0.0 135.0 14225.43022872562 14232.777777777797 14232.777777777797 
592.0042631798646 1251.0 0.0 0.0 135.0 14225.503704216146 14232.777777777797 14232.777777777797 
593.0042631798646 1251.0 0.0 1.0 135.0 14225.57644495175 14232.777777777797 14232.777777777797 
594.0042631798646 1251.0 0.0 2.0 135.0 14225.617199020773 14229.651851851839 14232.777777777797 
595.0042631798646 1252.0 0.0 1.0 135.0 14225.626286289802 14226.525925925918 14232.777777777797 
596.0042631798646 1253.0 0.0 0.0 135.0 14225.666541945433 14229.651851851839 14232.777777777797 
597.0042631798646 1253.0 0.0 0.0 135.0 14225.737654303755 14232.777777777797 14232.777777777797 
598.0042631798646 1253.0 0.0 0.0 135.0 14225.808055538504 14232.777777777797 14232.777777777797 
599.0042631798646 1253.0 0.0 0.0 135.0 14225.87775276088 14232.777777777797 14232.777777777797 
600.0042631798646 1253.0 0.0 0.0 135.0 14225.946753011038 14232.777777777797 14232.777777777797 
#####################################################################
# End of data export. Simulation finished at: 2020-02-03T10:37+0000 #
#####################################################################
