#####################################################################
# Alchemist log file - simulation started at: 2020-01-31T07:13+0000 #
#####################################################################
# seed = 5.0, meanTaskSize = 100, smoothing = 0.03, grain = 1500.0, peakFrequency = 0.3
#
# The columns have the following meaning: 
# time done[Sum] drop[Sum] waiting[Sum] isLeader[Sum] capacity[Mean] freeCapacity[Mean] maxCapacity[Mean] 
0.0 NaN 0.0 NaN NaN NaN NaN NaN 
1.0031365367908396 0.0 0.0 0.0 135.0 14232.777777777797 14232.777777777797 14232.777777777797 
2.00313653679084 0.0 0.0 0.0 135.0 14232.777777777797 14232.777777777797 14232.777777777797 
3.00313653679084 0.0 0.0 0.0 135.0 14232.777777777797 14232.777777777797 14232.777777777797 
4.00313653679084 0.0 0.0 0.0 135.0 14232.777777777797 14232.777777777797 14232.777777777797 
5.00313653679084 0.0 0.0 0.0 135.0 14232.777777777797 14232.777777777797 14232.777777777797 
6.00313653679084 0.0 0.0 0.0 135.0 14232.777777777797 14232.777777777797 14232.777777777797 
7.00313653679084 0.0 0.0 0.0 135.0 14232.777777777797 14232.777777777797 14232.777777777797 
8.00313653679084 0.0 0.0 0.0 135.0 14232.777777777797 14232.777777777797 14232.777777777797 
9.00313653679084 0.0 0.0 0.0 135.0 14232.777777777797 14232.777777777797 14232.777777777797 
10.00313653679084 0.0 0.0 0.0 135.0 14232.777777777797 14232.777777777797 14232.777777777797 
11.00313653679084 0.0 0.0 0.0 135.0 14232.777777777797 14232.777777777797 14232.777777777797 
12.00313653679084 0.0 0.0 0.0 135.0 14232.777777777797 14232.777777777797 14232.777777777797 
13.00313653679084 0.0 0.0 0.0 135.0 14232.777777777797 14232.777777777797 14232.777777777797 
14.00313653679084 0.0 0.0 1.0 135.0 14232.777777777797 14232.777777777797 14232.777777777797 
15.00313653679084 0.0 0.0 1.0 135.0 14232.249333333348 14215.162962962962 14232.777777777797 
16.00313653679084 1.0 0.0 0.0 135.0 14231.73674222223 14215.162962962962 14232.777777777797 
17.00313653679084 1.0 0.0 0.0 135.0 14231.767973288883 14232.777777777797 14232.777777777797 
18.00313653679084 1.0 0.0 1.0 135.0 14231.798267423552 14232.777777777797 14232.777777777797 
19.00313653679084 1.0 0.0 1.0 135.0 14231.733874956422 14229.651851851839 14232.777777777797 
20.00313653679084 1.0 0.0 1.0 135.0 14231.67141426324 14229.651851851839 14232.777777777797 
21.00313653679084 1.0 0.0 1.0 135.0 14231.61082739091 14229.651851851839 14232.777777777797 
22.00313653679084 1.0 0.0 1.0 135.0 14231.552058124747 14229.651851851839 14232.777777777797 
23.00313653679084 1.0 0.0 1.0 135.0 14231.49505193657 14229.651851851839 14232.777777777797 
24.00313653679084 1.0 0.0 1.0 135.0 14231.439755934007 14229.651851851839 14232.777777777797 
25.00313653679084 1.0 0.0 1.0 135.0 14231.386118811562 14229.651851851839 14232.777777777797 
26.00313653679084 1.0 0.0 1.0 135.0 14231.33409080274 14229.651851851839 14232.777777777797 
27.00313653679084 1.0 0.0 2.0 135.0 14231.283623634248 14229.651851851839 14232.777777777797 
28.00313653679084 1.0 0.0 3.0 135.0 14231.14089270299 14226.525925925918 14232.777777777797 
29.00313653679084 1.0 0.0 3.0 135.0 14230.908665921894 14223.400000000001 14232.777777777797 
30.00313653679084 1.0 0.0 3.0 135.0 14230.683405944252 14223.400000000001 14232.777777777797 
31.00313653679084 1.0 0.0 3.0 135.0 14230.46490376592 14223.400000000001 14232.777777777797 
32.00313653679084 1.0 0.0 3.0 135.0 14230.252956652945 14223.400000000001 14232.777777777797 
33.00313653679084 3.0 0.0 1.0 135.0 14230.047367953335 14223.400000000001 14232.777777777797 
34.00313653679084 3.0 0.0 1.0 135.0 14230.035502470288 14229.651851851839 14232.777777777797 
35.00313653679084 3.0 0.0 1.0 135.0 14230.023992951774 14229.651851851839 14232.777777777797 
36.00313653679084 4.0 0.0 0.0 135.0 14230.012828718738 14229.651851851839 14232.777777777797 
37.00313653679084 4.0 0.0 1.0 135.0 14230.09577719053 14232.777777777797 14232.777777777797 
38.00313653679084 5.0 0.0 0.0 135.0 14229.6477927637 14215.162962962962 14232.777777777797 
39.00313653679084 5.0 0.0 0.0 135.0 14229.7416923141 14232.777777777797 14232.777777777797 
40.00313653679084 5.0 0.0 0.0 135.0 14229.832774878041 14232.777777777797 14232.777777777797 
41.00313653679084 5.0 0.0 0.0 135.0 14229.921124965022 14232.777777777797 14232.777777777797 
42.00313653679084 5.0 0.0 0.0 135.0 14230.006824549399 14232.777777777797 14232.777777777797 
43.00313653679084 5.0 0.0 0.0 135.0 14230.089953146258 14232.777777777797 14232.777777777797 
44.00313653679084 5.0 0.0 0.0 135.0 14230.170587885212 14232.777777777797 14232.777777777797 
45.00313653679084 5.0 0.0 0.0 135.0 14230.24880358199 14232.777777777797 14232.777777777797 
46.00313653679084 5.0 0.0 0.0 135.0 14230.32467280785 14232.777777777797 14232.777777777797 
47.00313653679084 5.0 0.0 0.0 135.0 14230.39826595698 14232.777777777797 14232.777777777797 
48.00313653679084 5.0 0.0 0.0 135.0 14230.469651311543 14232.777777777797 14232.777777777797 
49.00313653679084 5.0 0.0 0.0 135.0 14230.538895105567 14232.777777777797 14232.777777777797 
50.00313653679084 5.0 0.0 1.0 135.0 14230.60606158574 14232.777777777797 14232.777777777797 
51.00313653679084 5.0 0.0 1.0 135.0 14230.577435293724 14229.651851851839 14232.777777777797 
52.00313653679084 5.0 0.0 1.0 135.0 14230.54966779046 14229.651851851839 14232.777777777797 
53.00313653679084 5.0 0.0 1.0 135.0 14230.522733312284 14229.651851851839 14232.777777777797 
54.00313653679084 5.0 0.0 1.0 135.0 14230.496606868504 14229.651851851839 14232.777777777797 
55.00313653679084 5.0 0.0 2.0 135.0 14230.471264217991 14229.651851851839 14232.777777777797 
56.00313653679084 6.0 0.0 1.0 135.0 14229.91823740255 14212.037037037013 14232.777777777797 
57.00313653679084 6.0 0.0 1.0 135.0 14229.910245836054 14229.651851851839 14232.777777777797 
58.00313653679084 6.0 0.0 1.0 135.0 14229.902494016478 14229.651851851839 14232.777777777797 
59.00313653679084 6.0 0.0 1.0 135.0 14229.89497475157 14229.651851851839 14232.777777777797 
60.00313653679084 6.0 0.0 1.0 135.0 14229.88768106458 14229.651851851839 14232.777777777797 
61.00313653679084 6.0 0.0 1.0 135.0 14229.880606188193 14229.651851851839 14232.777777777797 
62.00313653679084 6.0 0.0 1.0 135.0 14229.873743558126 14229.651851851839 14232.777777777797 
63.00313653679084 6.0 0.0 2.0 135.0 14229.867086806913 14229.651851851839 14232.777777777797 
64.00313653679083 8.0 0.0 0.0 135.0 14229.332185313837 14212.037037037013 14232.777777777797 
65.00313653679083 8.0 0.0 0.0 135.0 14229.43555308773 14232.777777777797 14232.777777777797 
66.00313653679083 8.0 0.0 0.0 135.0 14229.535819828448 14232.777777777797 14232.777777777797 
67.00313653679083 8.0 0.0 0.0 135.0 14229.633078566932 14232.777777777797 14232.777777777797 
68.00313653679083 8.0 0.0 0.0 135.0 14229.727419543255 14232.777777777797 14232.777777777797 
69.00313653679083 8.0 0.0 0.0 135.0 14229.8189302903 14232.777777777797 14232.777777777797 
70.00313653679083 8.0 0.0 0.0 135.0 14229.907695714943 14232.777777777797 14232.777777777797 
71.00313653679083 8.0 0.0 0.0 135.0 14229.993798176816 14232.777777777797 14232.777777777797 
72.00313653679083 8.0 0.0 0.0 135.0 14230.077317564825 14232.777777777797 14232.777777777797 
73.00313653679083 8.0 0.0 0.0 135.0 14230.158331371207 14232.777777777797 14232.777777777797 
74.00313653679083 8.0 0.0 0.0 135.0 14230.236914763384 14232.777777777797 14232.777777777797 
75.00313653679083 8.0 0.0 0.0 135.0 14230.313140653834 14232.777777777797 14232.777777777797 
76.00313653679083 8.0 0.0 0.0 135.0 14230.387079767559 14232.777777777797 14232.777777777797 
77.00313653679083 8.0 0.0 0.0 135.0 14230.458800707867 14232.777777777797 14232.777777777797 
78.00313653679083 8.0 0.0 1.0 135.0 14230.528370019952 14232.777777777797 14232.777777777797 
79.00313653679083 8.0 0.0 2.0 135.0 14230.502074474909 14229.651851851839 14232.777777777797 
80.00313653679083 9.0 0.0 1.0 135.0 14229.948123351798 14212.037037037013 14232.777777777797 
81.00313653679083 9.0 0.0 1.0 135.0 14229.939235206784 14229.651851851839 14232.777777777797 
82.00313653679083 9.0 0.0 2.0 135.0 14229.93061370615 14229.651851851839 14232.777777777797 
83.00313653679083 10.0 0.0 1.0 135.0 14229.393806406064 14212.037037037013 14232.777777777797 
84.00313653679083 10.0 0.0 1.0 135.0 14229.401547769423 14229.651851851839 14232.777777777797 
85.00313653679083 10.0 0.0 1.0 135.0 14229.409056891898 14229.651851851839 14232.777777777797 
86.00313653679083 11.0 0.0 0.0 135.0 14229.416340740709 14229.651851851839 14232.777777777797 
87.00313653679083 11.0 0.0 0.0 135.0 14229.517183851816 14232.777777777797 14232.777777777797 
88.00313653679083 11.0 0.0 0.0 135.0 14229.615001669585 14232.777777777797 14232.777777777797 
89.00313653679083 11.0 0.0 0.0 135.0 14229.709884952845 14232.777777777797 14232.777777777797 
90.00313653679083 11.0 0.0 0.0 135.0 14229.801921737579 14232.777777777797 14232.777777777797 
91.00313653679083 11.0 0.0 0.0 135.0 14229.891197418803 14232.777777777797 14232.777777777797 
92.00313653679083 11.0 0.0 1.0 135.0 14229.97779482959 14232.777777777797 14232.777777777797 
93.00313653679083 11.0 0.0 1.0 135.0 14229.968016540228 14229.651851851839 14232.777777777797 
94.00313653679083 11.0 0.0 1.0 135.0 14229.958531599586 14229.651851851839 14232.777777777797 
95.00313653679083 11.0 0.0 1.0 135.0 14229.949331207128 14229.651851851839 14232.777777777797 
96.00313653679083 11.0 0.0 1.0 135.0 14229.9404068265 14229.651851851839 14232.777777777797 
97.00313653679083 11.0 0.0 2.0 135.0 14229.931750177255 14229.651851851839 14232.777777777797 
98.00313653679083 12.0 0.0 1.0 135.0 14229.394908783064 14212.037037037013 14232.777777777797 
99.00313653679083 12.0 0.0 1.0 135.0 14229.402617075117 14229.651851851839 14232.777777777797 
100.00313653679083 12.0 0.0 1.0 135.0 14229.410094118402 14229.651851851839 14232.777777777797 
101.00313653679083 12.0 0.0 1.0 135.0 14229.417346850421 14229.651851851839 14232.777777777797 
102.00313653679083 12.0 0.0 1.0 135.0 14229.424382000456 14229.651851851839 14232.777777777797 
103.00313653679083 12.0 0.0 1.0 135.0 14229.431206096024 14229.651851851839 14232.777777777797 
104.00313653679083 12.0 0.0 1.0 135.0 14229.437825468674 14229.651851851839 14232.777777777797 
105.00313653679083 12.0 0.0 1.0 135.0 14229.444246260153 14229.651851851839 14232.777777777797 
106.00313653679083 13.0 0.0 0.0 135.0 14229.450474427926 14229.651851851839 14232.777777777797 
107.00313653679083 13.0 0.0 1.0 135.0 14229.550293528388 14232.777777777797 14232.777777777797 
108.00313653679083 13.0 0.0 1.0 135.0 14229.553340278137 14229.651851851839 14232.777777777797 
109.00313653679083 13.0 0.0 1.0 135.0 14229.556295625342 14229.651851851839 14232.777777777797 
110.00313653679083 13.0 0.0 1.0 135.0 14229.559162312129 14229.651851851839 14232.777777777797 
111.00313653679083 14.0 0.0 0.0 135.0 14229.561942998322 14229.651851851839 14232.777777777797 
112.00313653679083 14.0 0.0 0.0 135.0 14229.658418041727 14232.777777777797 14232.777777777797 
113.00313653679083 14.0 0.0 2.0 135.0 14229.751998833757 14232.777777777797 14232.777777777797 
114.00313653679083 14.0 0.0 2.0 135.0 14229.65543886876 14226.533333333318 14232.777777777797 
115.00313653679083 14.0 0.0 2.0 135.0 14229.561775702688 14226.533333333318 14232.777777777797 
116.00313653679083 15.0 0.0 1.0 135.0 14229.470922431605 14226.533333333318 14232.777777777797 
117.00313653679083 15.0 0.0 2.0 135.0 14229.476350314251 14229.651851851839 14232.777777777797 
118.00313653679083 15.0 0.0 4.0 135.0 14229.388059804794 14226.533333333318 14232.777777777797 
119.00313653679083 16.0 0.0 3.0 135.0 14229.114862455133 14220.281481481483 14232.777777777797 
120.00313653679083 17.0 0.0 2.0 134.0 14228.943638803685 14223.407407407401 14232.777777777797 
121.00313653679083 18.0 0.0 1.0 134.0 14228.871329639558 14226.533333333318 14232.777777777797 
122.00313653679083 18.0 0.0 1.0 134.0 14228.89474530596 14229.651851851839 14232.777777777797 
123.00313653679083 18.0 0.0 1.0 134.0 14228.9174585023 14229.651851851839 14232.777777777797 
124.00313653679083 18.0 0.0 2.0 134.0 14228.939490302804 14229.651851851839 14232.777777777797 
125.00313653679083 18.0 0.0 2.0 134.0 14228.867083371504 14226.525925925918 14232.777777777797 
126.00313653679083 19.0 0.0 1.0 134.0 14228.796848648119 14226.525925925918 14232.777777777797 
127.00313653679083 19.0 0.0 1.0 134.0 14228.822498744219 14229.651851851839 14232.777777777797 
128.00313653679083 19.0 0.0 2.0 134.0 14228.847379337474 14229.651851851839 14232.777777777797 
129.00313653679083 19.0 0.0 5.0 134.0 14228.777957957345 14226.533333333318 14232.777777777797 
130.00313653679083 19.0 0.0 6.0 134.0 14228.523285885261 14220.288888888881 14232.777777777797 
131.00313653679083 21.0 0.0 8.0 134.0 14227.747809530969 14202.674074074106 14232.777777777797 
132.00313653679083 22.0 0.0 8.0 134.0 14226.560708578361 14188.17777777776 14232.777777777797 
133.00313653679083 26.0 0.0 5.0 134.0 14224.259220654323 14149.844444444469 14232.777777777797 
134.00313653679083 28.0 0.0 3.0 133.0 14223.61144403471 14202.666666666668 14232.777777777797 
135.00313653679083 28.0 0.0 3.0 133.0 14223.605322935911 14223.407407407401 14232.777777777797 
136.00313653679083 29.0 0.0 3.0 133.0 14223.599385470028 14223.407407407401 14232.777777777797 
137.00313653679083 30.0 0.0 3.0 134.0 14223.593626128168 14223.407407407401 14232.777777777797 
138.00313653679083 30.0 0.0 4.0 134.0 14223.153372899873 14208.918518518494 14232.777777777797 
139.00313653679083 33.0 0.0 2.0 133.0 14222.632549490656 14205.792592592627 14232.777777777797 
140.00313653679083 33.0 0.0 3.0 133.0 14222.843128561472 14229.651851851839 14232.777777777797 
141.00313653679083 34.0 0.0 3.0 133.0 14221.990501371305 14194.422222222236 14232.777777777797 
142.00313653679083 35.0 0.0 2.0 133.0 14221.691897441287 14212.037037037013 14232.777777777797 
143.00313653679083 36.0 0.0 1.0 133.0 14221.402251629144 14212.037037037013 14232.777777777797 
144.00313653679083 37.0 0.0 2.0 133.0 14221.215072969144 14215.162962962962 14232.777777777797 
145.00313653679083 38.0 0.0 2.0 133.0 14221.033509668985 14215.162962962962 14232.777777777797 
146.00313653679083 38.0 0.0 3.0 133.0 14220.76361549002 14212.037037037013 14232.777777777797 
147.00313653679083 40.0 0.0 2.0 134.0 14220.408040358636 14208.911111111145 14232.777777777797 
148.00313653679083 40.0 0.0 3.0 135.0 14220.685354703459 14229.651851851839 14232.777777777797 
149.00313653679083 40.0 0.0 4.0 134.0 14220.238571840138 14205.792592592627 14232.777777777797 
150.00313653679083 42.0 0.0 4.0 133.0 14219.276748018254 14188.17777777776 14232.777777777797 
151.00313653679083 42.0 0.0 6.0 133.0 14219.306890022153 14220.281481481483 14232.777777777797 
152.00313653679083 42.0 0.0 6.0 133.0 14218.185683321512 14181.933333333322 14232.777777777797 
153.00313653679083 43.0 0.0 5.0 133.0 14217.098112821857 14181.933333333322 14232.777777777797 
154.00313653679083 44.0 0.0 7.0 133.0 14217.100058326096 14217.162962962962 14232.777777777797 
155.00313653679083 45.0 0.0 8.0 133.0 14216.914612131826 14210.918518518494 14232.777777777797 
156.00313653679083 48.0 0.0 6.0 132.0 14215.677618212354 14175.681481481453 14232.777777777797 
157.00313653679083 50.0 0.0 7.0 132.0 14214.665289665974 14181.933333333322 14232.777777777797 
158.00313653679083 52.0 0.0 7.0 131.0 14213.77710875375 14185.059259259278 14232.777777777797 
159.00313653679083 54.0 0.0 7.0 131.0 14211.952239935594 14152.94814814816 14232.777777777797 
160.00313653679083 56.0 0.0 7.0 131.0 14210.275672737542 14156.066666666678 14232.777777777797 
161.00313653679083 57.0 0.0 8.0 131.0 14209.706291444296 14191.296296296277 14232.777777777797 
162.00313653679083 59.0 0.0 8.0 131.0 14207.040880478764 14120.859259259254 14232.777777777797 
163.00313653679083 62.0 0.0 8.0 131.0 14205.512098508834 14156.081481481506 14232.777777777797 
164.00313653679083 65.0 0.0 6.0 131.0 14204.651179998027 14176.814814814803 14232.777777777797 
165.00313653679083 70.0 0.0 2.0 131.0 14203.287644598056 14159.200000000026 14232.777777777797 
166.00313653679083 72.0 0.0 2.0 131.0 14203.64390414901 14215.162962962962 14232.777777777797 
167.00313653679083 72.0 0.0 3.0 131.0 14204.517920357872 14232.777777777797 14232.777777777797 
168.00313653679083 73.0 0.0 4.0 132.0 14203.780604969366 14179.940740740722 14232.777777777797 
169.00313653679083 75.0 0.0 4.0 131.0 14202.443186820294 14159.200000000026 14232.777777777797 
170.00313653679083 77.0 0.0 3.0 131.0 14201.674113437883 14176.80740740741 14232.777777777797 
171.00313653679083 77.0 0.0 4.0 131.0 14200.928334479184 14176.814814814803 14232.777777777797 
172.00313653679083 79.0 0.0 3.0 132.0 14201.261595555927 14212.037037037013 14232.777777777797 
173.00313653679083 79.0 0.0 6.0 132.0 14200.962636578157 14191.296296296277 14232.777777777797 
174.00313653679083 82.0 0.0 6.0 131.0 14200.391535258557 14181.92592592593 14232.777777777797 
175.00313653679083 82.0 0.0 6.0 132.0 14200.272233645259 14196.414814814798 14232.777777777797 
176.00313653679083 83.0 0.0 7.0 131.0 14199.534288858125 14175.674074074106 14232.777777777797 
177.00313653679083 85.0 0.0 10.0 131.0 14197.855371303507 14143.57037037037 14232.777777777797 
178.00313653679083 90.0 0.0 8.0 131.0 14195.69882127551 14125.970370370334 14232.777777777797 
179.00313653679083 93.0 0.0 7.0 131.0 14193.606967748328 14125.970370370334 14232.777777777797 
180.00313653679083 94.0 0.0 9.0 131.0 14192.106536493693 14143.592592592599 14232.777777777797 
181.00313653679083 95.0 0.0 10.0 131.0 14190.216451509968 14129.103703703682 14232.777777777797 
182.00313653679083 98.0 0.0 9.0 131.0 14188.289069075765 14125.970370370334 14232.777777777797 
183.00313653679083 102.0 0.0 6.0 131.0 14188.004619225745 14178.80740740741 14232.777777777797 
184.00313653679083 102.0 0.0 7.0 130.0 14187.728925093414 14178.814814814803 14232.777777777797 
185.00313653679083 103.0 0.0 8.0 130.0 14187.461501785034 14178.814814814803 14232.777777777797 
186.00313653679083 104.0 0.0 8.0 131.0 14186.861212287036 14167.45185185185 14232.777777777797 
187.00313653679083 108.0 0.0 6.0 131.0 14184.787598140658 14117.740740740734 14232.777777777797 
188.00313653679083 110.0 0.0 8.0 131.0 14185.946192418654 14223.407407407401 14232.777777777797 
189.00313653679083 113.0 0.0 6.0 131.0 14184.428251090554 14135.348148148161 14232.777777777797 
190.00313653679083 115.0 0.0 7.0 131.0 14184.540959113398 14188.185185185197 14232.777777777797 
191.00313653679083 117.0 0.0 8.0 132.0 14183.065174784433 14135.348148148161 14232.777777777797 
192.00313653679083 119.0 0.0 8.0 131.0 14181.97433065199 14146.70370370372 14232.777777777797 
193.00313653679083 120.0 0.0 7.0 131.0 14181.444656287997 14164.318518518547 14232.777777777797 
194.00313653679083 122.0 0.0 6.0 131.0 14181.02442771048 14167.437037037065 14232.777777777797 
195.00313653679083 126.0 0.0 5.0 132.0 14181.767250434708 14205.785185185186 14232.777777777797 
196.00313653679083 131.0 0.0 5.0 132.0 14181.524899588345 14173.688888888892 14232.777777777797 
197.00313653679083 132.0 0.0 8.0 132.0 14180.854930378457 14159.192592592592 14232.777777777797 
198.00313653679083 134.0 0.0 10.0 132.0 14179.14883802265 14123.985185185162 14232.777777777797 
199.00313653679083 138.0 0.0 9.0 132.0 14178.363261770863 14152.962962962985 14232.777777777797 
200.00313653679083 142.0 0.0 12.0 131.0 14176.885030584428 14129.088888888855 14232.777777777797 
201.00313653679083 145.0 0.0 12.0 131.0 14173.772479666904 14073.13333333335 14232.777777777797 
202.00313653679083 149.0 0.0 11.0 131.0 14170.847083054638 14076.259259259266 14232.777777777797 
203.00313653679083 151.0 0.0 10.0 131.0 14169.066559451929 14111.496296296304 14232.777777777797 
204.00313653679083 155.0 0.0 11.0 131.0 14169.018118223921 14167.45185185185 14232.777777777797 
205.00313653679083 159.0 0.0 7.0 131.0 14167.726908010518 14125.977777777774 14232.777777777797 
206.00313653679083 161.0 0.0 8.0 131.0 14168.681545214655 14199.54814814815 14232.777777777797 
207.00313653679083 162.0 0.0 10.0 131.0 14168.550654413759 14164.318518518547 14232.777777777797 
208.00313653679083 165.0 0.0 9.0 131.0 14167.460801448042 14132.222222222203 14232.777777777797 
209.00313653679083 167.0 0.0 11.0 131.0 14167.895199626813 14181.940740740722 14232.777777777797 
210.00313653679083 169.0 0.0 13.0 129.0 14168.129010304665 14175.688888888892 14232.777777777797 
211.00313653679083 172.0 0.0 10.0 129.0 14167.299139995534 14140.46666666668 14232.777777777797 
212.00313653679083 176.0 0.0 10.0 129.0 14167.209721351222 14164.318518518547 14232.777777777797 
213.00313653679083 178.0 0.0 12.0 129.0 14167.744985266241 14185.05185185184 14232.777777777797 
214.00313653679083 180.0 0.0 13.0 129.0 14166.150857930472 14114.607407407428 14232.777777777797 
215.00313653679083 182.0 0.0 12.0 129.0 14164.076332192553 14097.0 14232.777777777797 
216.00313653679083 187.0 0.0 12.0 129.0 14162.064264448974 14097.0074074074 14232.777777777797 
217.00313653679083 189.0 0.0 11.0 129.0 14159.677447626656 14082.503703703696 14232.777777777797 
218.00313653679083 193.0 0.0 15.0 129.0 14158.94712419784 14135.333333333332 14232.777777777797 
219.00313653679083 196.0 0.0 15.0 129.0 14157.182043805231 14100.11111111112 14232.777777777797 
220.00313653679083 200.0 0.0 12.0 129.0 14152.922360268842 14015.192592592592 14232.777777777797 
221.00313653679083 209.0 0.0 7.0 129.0 14151.960022794146 14120.844444444469 14232.777777777797 
222.00313653679083 212.0 0.0 7.0 129.0 14152.177222110284 14159.200000000026 14232.777777777797 
223.00313653679083 214.0 0.0 9.0 129.0 14151.4250165581 14127.103703703682 14232.777777777797 
224.00313653679083 217.0 0.0 10.0 129.0 14151.223599394702 14144.711111111119 14232.777777777797 
225.00313653679083 221.0 0.0 7.0 129.0 14149.971780301727 14109.496296296304 14232.777777777797 
226.00313653679083 226.0 0.0 6.0 129.0 14150.87084911491 14179.940740740722 14232.777777777797 
227.00313653679083 229.0 0.0 7.0 130.0 14150.157612530353 14127.096296296291 14232.777777777797 
228.00313653679083 230.0 0.0 7.0 130.0 14150.522439709997 14162.318518518547 14232.777777777797 
229.00313653679083 235.0 0.0 6.0 130.0 14150.348322074253 14144.718518518519 14232.777777777797 
230.00313653679083 240.0 0.0 9.0 131.0 14150.707650189826 14162.325925925896 14232.777777777797 
231.00313653679083 245.0 0.0 6.0 132.0 14151.20953179521 14167.437037037065 14232.777777777797 
232.00313653679083 246.0 0.0 6.0 131.0 14152.225023619147 14185.059259259278 14232.777777777797 
233.00313653679083 246.0 0.0 7.0 130.0 14153.2098284661 14185.05185185184 14232.777777777797 
234.00313653679083 248.0 0.0 7.0 132.0 14153.636644723243 14167.437037037065 14232.777777777797 
235.00313653679083 249.0 0.0 10.0 131.0 14154.391767603758 14178.80740740741 14232.777777777797 
236.00313653679083 251.0 0.0 10.0 130.0 14154.936681242327 14172.555555555586 14232.777777777797 
237.00313653679083 252.0 0.0 12.0 130.0 14155.899914138396 14187.044444444442 14232.777777777797 
238.00313653679083 253.0 0.0 13.0 129.0 14156.305805603122 14169.429629629629 14232.777777777797 
239.00313653679083 257.0 0.0 11.0 129.0 14155.736631435035 14137.333333333332 14232.777777777797 
240.00313653679083 262.0 0.0 11.0 129.0 14155.184088047517 14137.318518518547 14232.777777777797 
241.00313653679083 264.0 0.0 14.0 129.0 14155.705009850548 14172.54814814815 14232.777777777797 
242.00313653679083 269.0 0.0 10.0 129.0 14153.66297066615 14087.637037037042 14232.777777777797 
243.00313653679083 270.0 0.0 12.0 129.0 14153.266859323941 14140.459259259243 14232.777777777797 
244.00313653679083 272.0 0.0 14.0 129.0 14151.826186877548 14105.244444444439 14232.777777777797 
245.00313653679083 279.0 0.0 13.0 130.0 14151.485179049034 14140.459259259243 14232.777777777797 
246.00313653679083 281.0 0.0 18.0 129.0 14151.154179233083 14140.45185185185 14232.777777777797 
247.00313653679083 287.0 0.0 15.0 128.0 14147.04133163386 14014.059259259278 14232.777777777797 
248.00313653679083 291.0 0.0 12.0 128.0 14146.221869462652 14119.725925925948 14232.777777777797 
249.00313653679083 294.0 0.0 12.0 128.0 14147.105657823231 14175.681481481453 14232.777777777797 
250.00313653679083 298.0 0.0 10.0 129.0 14146.377599199624 14122.83703703704 14232.777777777797 
251.00313653679083 299.0 0.0 12.0 129.0 14148.219826779188 14207.785185185186 14232.777777777797 
252.00313653679083 302.0 0.0 9.0 129.0 14147.893231975799 14137.333333333334 14232.777777777797 
253.00313653679083 303.0 0.0 10.0 129.0 14149.255101683199 14193.288888888881 14232.777777777797 
254.00313653679083 304.0 0.0 16.0 129.0 14150.482337521578 14190.162962962962 14232.777777777797 
255.00313653679083 308.0 0.0 18.0 130.0 14148.502534062625 14084.488888888909 14232.777777777797 
256.00313653679086 312.0 0.0 18.0 128.0 14145.773235818515 14057.525925925918 14232.777777777797 
257.00313653679086 319.0 0.0 13.0 129.0 14144.616927632862 14107.22962962964 14232.777777777797 
258.00313653679086 322.0 0.0 14.0 129.0 14145.267975359408 14166.318518518547 14232.777777777797 
259.00313653679086 325.0 0.0 17.0 128.0 14145.370824987518 14148.696296296283 14232.777777777797 
260.00313653679086 330.0 0.0 18.0 127.0 14144.320589126788 14110.36296296296 14232.777777777797 
261.00313653679086 334.0 0.0 20.0 127.0 14142.338304786317 14078.244444444439 14232.777777777797 
262.00313653679086 339.0 0.0 22.0 127.0 14139.793488976055 14057.511111111091 14232.777777777797 
263.00313653679086 350.0 0.0 16.0 129.0 14136.797017640118 14039.911111111145 14232.777777777797 
264.00313653679086 352.0 0.0 16.0 126.0 14136.438218222036 14124.83703703704 14232.777777777797 
265.00313653679086 355.0 0.0 19.0 126.0 14135.127071675348 14092.733333333343 14232.777777777797 
266.00313653679086 359.0 0.0 20.0 126.0 14133.761703969547 14089.614814814824 14232.777777777797 
267.00313653679086 366.0 0.0 20.0 126.0 14132.96574173933 14107.22962962964 14232.777777777797 
268.00313653679086 372.0 0.0 19.0 126.0 14129.398102820509 14014.04444444444 14232.777777777797 
269.00313653679086 380.0 0.0 16.0 126.0 14126.993937513664 14049.259259259266 14232.777777777797 
270.00313653679086 385.0 0.0 20.0 126.0 14125.097008277146 14063.76296296296 14232.777777777797 
271.00313653679086 389.0 0.0 20.0 126.0 14123.350542473263 14066.88148148148 14232.777777777797 
272.00313653679086 394.0 0.0 22.0 125.0 14120.940915087976 14043.029629629666 14232.777777777797 
273.00313653679086 403.0 0.0 19.0 124.0 14118.510020968655 14039.911111111145 14232.777777777797 
274.00313653679086 410.0 0.0 17.0 124.0 14118.359164784039 14113.481481481478 14232.777777777797 
275.00313653679086 413.0 0.0 19.0 124.0 14116.380612062729 14052.407407407401 14232.777777777797 
276.00313653679086 418.0 0.0 21.0 124.0 14113.498527034193 14020.311111111108 14232.777777777797 
277.00313653679086 423.0 0.0 17.0 124.0 14110.702460112054 14020.29629629628 14232.777777777797 
278.00313653679086 429.0 0.0 16.0 124.0 14109.140719642028 14058.644444444439 14232.777777777797 
279.00313653679086 436.0 0.0 14.0 123.0 14108.247831386117 14079.377777777787 14232.777777777797 
280.00313653679086 444.0 0.0 12.0 123.0 14107.910174222294 14096.9925925926 14232.777777777797 
281.00313653679086 449.0 0.0 16.0 125.0 14108.639313440068 14132.214814814812 14232.777777777797 
282.00313653679086 454.0 0.0 18.0 124.0 14107.04591181464 14055.525925925918 14232.777777777797 
283.00313653679086 459.0 0.0 14.0 124.0 14103.386978904658 13985.081481481506 14232.777777777797 
284.00313653679086 465.0 0.0 13.0 123.0 14103.535813981973 14108.348148148161 14232.777777777797 
285.00313653679086 465.0 0.0 17.0 124.0 14103.245739562515 14093.86666666665 14232.777777777797 
286.00313653679086 469.0 0.0 19.0 125.0 14101.285700708951 14037.911111111145 14232.777777777797 
287.00313653679086 474.0 0.0 19.0 126.0 14100.253574132137 14066.88148148148 14232.777777777797 
288.00313653679086 482.0 0.0 17.0 127.0 14099.53352246372 14076.251851851868 14232.777777777797 
289.00313653679086 488.0 0.0 17.0 127.0 14099.176183456477 14087.622222222213 14232.777777777797 
290.00313653679086 492.0 0.0 18.0 127.0 14099.264009063914 14102.103703703682 14232.777777777797 
291.00313653679086 494.0 0.0 19.0 126.0 14099.596755458639 14110.355555555561 14232.777777777797 
292.00313653679086 496.0 0.0 23.0 125.0 14099.919741683765 14110.36296296296 14232.777777777797 
293.00313653679086 502.0 0.0 26.0 125.0 14098.554149433246 14054.400000000001 14232.777777777797 
294.00313653679086 506.0 0.0 27.0 124.0 14096.514191616927 14030.555555555586 14232.777777777797 
295.00313653679086 512.0 0.0 27.0 123.0 14092.421876979537 13960.103703703682 14232.777777777797 
296.00313653679086 519.0 0.0 26.0 125.0 14089.508331781262 13995.303703703716 14232.777777777797 
297.00313653679086 529.0 0.0 21.0 123.0 14084.756415161146 13931.111111111119 14232.777777777797 
298.00313653679086 535.0 0.0 22.0 124.0 14084.714611595185 14083.362962962958 14232.777777777797 
299.00313653679086 541.0 0.0 26.0 123.0 14083.33650658067 14038.777777777797 14232.777777777797 
300.00313653679086 547.0 0.0 33.0 122.0 14082.962633605483 14070.874074074081 14232.777777777797 
301.00313653679086 549.0 0.0 36.0 122.0 14079.430421263984 13965.222222222203 14232.777777777797 
302.00313653679086 557.0 0.0 34.0 121.0 14073.890841959388 13894.777777777797 14232.777777777797 
303.00313653679086 565.0 0.0 35.0 121.0 14069.667672256179 13933.11851851852 14232.777777777797 
304.00313653679086 568.0 0.0 36.0 123.0 14065.571197644045 13933.11851851852 14232.777777777797 
305.00313653679086 575.0 0.0 36.0 121.0 14060.072506159167 13882.281481481481 14232.777777777797 
306.00313653679086 588.0 0.0 27.0 120.0 14056.323664307722 13935.11111111112 14232.777777777797 
307.00313653679086 597.0 0.0 21.0 120.0 14054.365287711818 13991.04444444444 14232.777777777797 
308.00313653679086 608.0 0.0 14.0 120.0 14054.331884636009 14053.251851851868 14232.777777777797 
309.00313653679086 612.0 0.0 16.0 120.0 14055.731039208058 14100.970370370334 14232.777777777797 
310.00313653679086 615.0 0.0 19.0 120.0 14057.616663587365 14118.585185185202 14232.777777777797 
311.00313653679086 620.0 0.0 25.0 120.0 14056.89771923531 14033.651851851839 14232.777777777797 
312.00313653679086 626.0 0.0 28.0 121.0 14053.652787658242 13948.733333333346 14232.777777777797 
313.00313653679086 632.0 0.0 29.0 120.0 14048.732759584047 13889.65185185184 14232.777777777797 
314.00313653679086 642.0 0.0 30.0 121.0 14045.638776796526 13945.599999999999 14232.777777777797 
315.00313653679086 651.0 0.0 29.0 121.0 14041.393835714853 13904.140740740748 14232.777777777797 
316.00233857771383 660.0 0.0 28.0 121.0 14037.898242865613 13924.874074074081 14232.777777777797 
317.00313653679086 666.0 0.0 26.0 120.0 14033.356851135217 13886.51851851852 14232.777777777797 
318.00313653679086 673.0 0.0 30.0 120.0 14032.028367823388 13989.07407407407 14232.777777777797 
319.00313653679086 676.0 0.0 40.0 120.0 14029.401739010907 13944.474074074082 14232.777777777797 
320.00313653679086 690.0 0.0 31.0 118.0 14024.21235350723 13856.422222222236 14232.777777777797 
321.00313653679086 698.0 0.0 28.0 119.0 14023.933538457573 14014.918518518494 14232.777777777797 
322.00313653679086 705.0 0.0 25.0 118.0 14023.663087859402 14014.918518518494 14232.777777777797 
323.00313653679086 714.0 0.0 25.0 117.0 14023.494750779177 14018.05185185184 14232.777777777797 
324.00313653679086 720.0 0.0 27.0 117.0 14024.140352700259 14045.014814814838 14232.777777777797 
325.00313653679086 727.0 0.0 27.0 118.0 14022.747253230371 13977.70370370372 14232.777777777797 
326.00313653679086 734.0 0.0 28.0 118.0 14019.904391189 13927.985185185162 14232.777777777797 
327.00313653679086 741.0 0.0 29.0 108.0 14017.769037231106 13948.725925925948 14232.777777777797 
328.00313653679086 750.0 0.0 32.0 117.0 14014.735299447491 13916.644444444439 14232.777777777797 
329.00313653679086 758.0 0.0 29.0 109.0 14012.818351575203 13950.83703703704 14232.777777777797 
330.00313653679086 764.0 0.0 30.0 117.0 14009.74535658349 13910.385185185176 14232.777777777797 
331.00313653679086 772.0 0.0 25.0 109.0 14008.319218108221 13962.207407407375 14232.777777777797 
332.00313653679086 780.0 0.0 20.0 116.0 14007.557419342758 13982.925925925929 14232.777777777797 
333.00313653679086 785.0 0.0 22.0 110.0 14009.74136342912 14080.355555555561 14232.777777777797 
334.00313653679086 791.0 0.0 24.0 117.0 14010.521789192915 14035.755555555561 14232.777777777797 
335.00313653679086 797.0 0.0 23.0 109.0 14011.215913294905 14033.659259259277 14232.777777777797 
336.0021924745226 801.0 0.0 25.0 118.0 14012.945658118299 14068.874074074081 14232.777777777797 
337.00313653679086 811.0 0.0 25.0 109.0 14011.95173281917 13979.814814814803 14232.777777777797 
338.00313653679086 818.0 0.0 23.0 118.0 14011.703180834591 14003.666666666668 14232.777777777797 
339.00313653679086 822.0 0.0 27.0 109.0 14011.060974298463 13990.29629629628 14232.777777777797 
340.00313653679086 831.0 0.0 28.0 118.0 14009.658478402827 13964.311111111108 14232.777777777797 
341.00313653679086 841.0 0.0 29.0 110.0 14007.42850182851 13935.325925925896 14232.777777777797 
342.00313653679086 850.0 0.0 27.0 118.0 14004.579646773678 13912.46666666668 14232.777777777797 
343.00254517499627 857.0 0.0 27.0 112.0 14003.712257370467 13975.666666666668 14232.777777777797 
344.00313653679086 868.0 0.0 26.0 117.0 14004.205111871568 14020.140740740746 14232.777777777797 
345.00313653679086 875.0 0.0 27.0 118.0 14004.311625182087 14007.755555555561 14232.777777777797 
346.00313653679086 886.0 0.0 22.0 117.0 14002.82960975996 13954.911111111145 14232.777777777797 
347.00313653679086 890.0 0.0 28.0 117.0 14003.164721467158 14014.0 14232.777777777797 
348.00313653679086 897.0 0.0 28.0 118.0 14001.470446489808 13946.68888888889 14232.777777777797 
349.00313653679086 901.0 0.0 32.0 117.0 14000.135221984005 13956.962962962985 14232.777777777797 
350.00313653679086 912.0 0.0 28.0 119.0 13997.876720880033 13924.851851851852 14232.777777777797 
351.00313653679086 917.0 0.0 31.0 117.0 13994.536197031428 13886.525925925918 14232.777777777797 
352.00313653679086 928.0 0.0 26.0 115.0 13993.843222231577 13971.437037037065 14232.777777777797 
353.00313653679086 938.0 0.0 26.0 115.0 13992.830147786859 13960.074074074071 14232.777777777797 
354.00313653679086 944.0 0.0 35.0 115.0 13992.469910019916 13980.82222222224 14232.777777777797 
355.00313653679086 954.0 0.0 34.0 115.0 13989.572701608213 13895.896296296318 14232.777777777797 
356.00313653679086 963.0 0.0 31.0 115.0 13985.705298337734 13860.659259259277 14232.777777777797 
357.00313653679086 974.0 0.0 29.0 114.0 13980.709694943163 13819.185185185197 14232.777777777797 
358.00313653679086 985.0 0.0 25.0 115.0 13979.033515205985 13924.83703703704 14232.777777777797 
359.00313653679086 995.0 0.0 25.0 116.0 13976.538731972036 13895.874074074081 14232.777777777797 
360.00313653679086 1004.0 0.0 23.0 116.0 13974.493681123982 13908.370370370389 14232.777777777797 
361.00313653679086 1016.0 0.0 17.0 116.0 13973.567315134705 13943.614814814826 14232.777777777797 
362.00313653679086 1020.0 0.0 18.0 117.0 13976.366740125104 14066.88148148148 14232.777777777797 
363.00313653679086 1027.0 0.0 17.0 117.0 13978.45996014358 14046.140740740746 14232.777777777797 
364.00313653679086 1031.0 0.0 20.0 116.0 13982.416383561498 14110.340740740723 14232.777777777797 
365.00313653679086 1035.0 0.0 28.0 115.0 13982.896780943545 13998.429629629629 14232.777777777797 
366.00313653679086 1044.0 0.0 22.0 115.0 13982.928099737452 13983.940740740722 14232.777777777797 
367.00313653679086 1051.0 0.0 22.0 116.0 13983.486701189768 14001.54814814815 14232.777777777797 
368.00313653679086 1060.0 0.0 21.0 118.0 13982.818766820748 13961.222222222203 14232.777777777797 
369.00313653679086 1066.0 0.0 20.0 117.0 13985.246648260565 14063.748148148132 14232.777777777797 
370.00313653679086 1075.0 0.0 28.0 117.0 13986.11035992384 14014.037037037015 14232.777777777797 
371.00313653679086 1081.0 0.0 28.0 117.0 13985.082382459485 13951.844444444469 14232.777777777797 
372.00313653679086 1087.0 0.0 24.0 118.0 13983.99146654125 13948.718518518519 14232.777777777797 
373.00313653679086 1094.0 0.0 25.0 115.0 13982.652166989468 13939.34814814816 14232.777777777797 
374.00313653679086 1100.0 0.0 29.0 115.0 13981.975268646449 13960.088888888855 14232.777777777797 
375.00313653679086 1110.0 0.0 22.0 116.0 13980.790455031502 13942.48148148148 14232.777777777797 
376.00313653679086 1114.0 0.0 29.0 116.0 13980.791408047202 13980.82222222224 14232.777777777797 
377.00313653679086 1123.0 0.0 29.0 117.0 13977.622110250226 13875.14814814815 14232.777777777797 
378.00313653679086 1128.0 0.0 35.0 117.0 13973.303891387177 13833.681481481453 14232.777777777797 
379.00313653679086 1135.0 0.0 31.0 117.0 13968.680996867763 13819.207407407375 14232.777777777797 
380.00313653679086 1146.0 0.0 31.0 118.0 13966.216566961759 13886.53333333332 14232.777777777797 
381.00313653679086 1155.0 0.0 31.0 117.0 13964.695181064004 13915.503703703696 14232.777777777797 
382.00313653679086 1161.0 0.0 37.0 118.0 13963.653436743194 13929.970370370334 14232.777777777797 
383.00313653679086 1170.0 0.0 38.0 114.0 13960.590500307557 13861.555555555586 14232.777777777797 
384.00313653679086 1181.0 0.0 35.0 114.0 13956.315229742784 13818.081481481506 14232.777777777797 
385.00313653679086 1190.0 0.0 35.0 115.0 13953.41155062829 13859.525925925918 14232.777777777797 
386.00313653679086 1203.0 0.0 27.0 115.0 13952.180092998316 13912.36296296296 14232.777777777797 
387.00313653679086 1215.0 0.0 25.0 115.0 13954.155356875046 14018.022222222226 14232.777777777797 
388.00313653679086 1220.0 0.0 30.0 116.0 13956.258696168776 14024.266666666657 14232.777777777797 
389.00313653679086 1223.0 0.0 41.0 116.0 13955.998713061519 13947.592592592599 14232.777777777797 
390.00313653679086 1231.0 0.0 43.0 116.0 13954.93675166965 13920.599999999999 14232.777777777797 
391.00313653679086 1243.0 0.0 38.0 115.0 13953.285093564013 13899.88148148148 14232.777777777797 
392.00313653679086 1249.0 0.0 43.0 114.0 13953.267651868198 13952.70370370372 14232.777777777797 
393.00313653679086 1259.0 0.0 45.0 112.0 13950.609177867727 13864.65185185184 14232.777777777797 
394.00313653679086 1267.0 0.0 46.0 111.0 13948.993569198356 13896.755555555561 14232.777777777797 
395.00313653679086 1277.0 0.0 42.0 111.0 13944.879095455724 13811.844444444469 14232.777777777797 
396.00313653679086 1285.0 0.0 44.0 111.0 13943.52916703648 13899.88148148148 14232.777777777797 
397.00313653679086 1294.0 0.0 39.0 113.0 13941.16284758096 13864.65185185184 14232.777777777797 
398.00313653679086 1305.0 0.0 39.0 112.0 13939.83062882018 13896.755555555561 14232.777777777797 
399.00313653679086 1313.0 0.0 44.0 113.0 13938.103932177817 13882.274074074052 14232.777777777797 
400.00313653679086 1326.0 0.0 40.0 113.0 13935.184591990266 13840.792592592625 14232.777777777797 
401.00313653679086 1339.0 0.0 34.0 113.0 13930.427276452769 13776.607407407428 14232.777777777797 
402.00313653679086 1346.0 0.0 34.0 114.0 13931.37668038142 13962.074074074071 14232.777777777797 
403.00313653679086 1353.0 0.0 32.0 114.0 13931.522268858862 13936.229629629639 14232.777777777797 
404.00313653679086 1364.0 0.0 23.0 115.0 13933.06104523752 13982.814814814803 14232.777777777797 
405.00313653679086 1368.0 0.0 22.0 115.0 13936.760324991503 14056.370370370389 14232.777777777797 
406.00313653679086 1375.0 0.0 18.0 116.0 13940.970626352875 14077.103703703682 14232.777777777797 
407.00313653679086 1380.0 0.0 15.0 115.0 13946.733507562298 14133.066666666678 14232.777777777797 
408.00313653679086 1385.0 0.0 11.0 115.0 13952.323502335412 14133.066666666678 14232.777777777797 
409.00313653679086 1388.0 0.0 8.0 118.0 13958.461797265378 14156.933333333322 14232.777777777797 
410.00313653679086 1389.0 0.0 10.0 117.0 13965.038165569626 14177.674074074106 14232.777777777797 
411.00313653679086 1390.0 0.0 9.0 118.0 13971.604798380324 14183.92592592593 14232.777777777797 
412.00313653679086 1390.0 0.0 9.0 119.0 13977.011098873352 14151.814814814803 14232.777777777797 
413.00313653679086 1393.0 0.0 6.0 120.0 13982.783654796036 14169.429629629629 14232.777777777797 
414.00313653679086 1395.0 0.0 6.0 120.0 13988.570367374377 14175.674074074106 14232.777777777797 
415.00313653679086 1399.0 0.0 2.0 122.0 13993.314145242044 14146.696296296283 14232.777777777797 
416.00313653679086 1400.0 0.0 1.0 121.0 14000.123165329225 14220.281481481483 14232.777777777797 
417.00313653679086 1400.0 0.0 1.0 124.0 14006.821692591575 14223.407407407401 14232.777777777797 
418.00313653679086 1400.0 0.0 2.0 125.0 14013.319264036038 14223.407407407401 14232.777777777797 
419.00313653679086 1401.0 0.0 1.0 125.0 14019.528130559404 14220.281481481483 14232.777777777797 
420.00313653679086 1401.0 0.0 1.0 125.0 14025.644508864845 14223.407407407401 14232.777777777797 
421.00313653679086 1401.0 0.0 1.0 125.0 14031.577395821121 14223.407407407401 14232.777777777797 
422.00313653679086 1401.0 0.0 1.0 125.0 14037.332296168724 14223.407407407401 14232.777777777797 
423.00313653679086 1401.0 0.0 1.0 125.0 14042.914549505858 14223.407407407401 14232.777777777797 
424.00313653679086 1401.0 0.0 2.0 126.0 14048.329335242923 14223.407407407401 14232.777777777797 
425.00313653679086 1401.0 0.0 2.0 127.0 14053.581455185624 14223.400000000001 14232.777777777797 
426.00313653679086 1402.0 0.0 1.0 127.0 14058.676011530053 14223.400000000001 14232.777777777797 
427.00313653679086 1402.0 0.0 2.0 127.0 14063.711508961933 14226.525925925918 14232.777777777797 
428.00313653679086 1403.0 0.0 1.0 127.0 14068.067497026408 14208.911111111145 14232.777777777797 
429.00313653679086 1403.0 0.0 1.0 129.0 14072.915027671173 14229.651851851839 14232.777777777797 
430.00313653679086 1403.0 0.0 1.0 129.0 14077.617132396595 14229.651851851839 14232.777777777797 
431.00313653679086 1403.0 0.0 1.0 129.0 14082.178173980263 14229.651851851839 14232.777777777797 
432.00313653679086 1403.0 0.0 1.0 129.0 14086.6023843164 14229.651851851839 14232.777777777797 
433.00313653679086 1403.0 0.0 1.0 129.0 14090.89386834245 14229.651851851839 14232.777777777797 
434.00313653679086 1404.0 0.0 0.0 130.0 14095.056607847726 14229.651851851839 14232.777777777797 
435.00313653679086 1404.0 0.0 0.0 130.0 14099.188242945642 14232.777777777797 14232.777777777797 
436.00313653679086 1404.0 0.0 0.0 130.0 14103.195928990603 14232.777777777797 14232.777777777797 
437.00313653679086 1404.0 0.0 0.0 130.0 14107.08338445421 14232.777777777797 14232.777777777797 
438.00313653679086 1404.0 0.0 0.0 130.0 14110.854216253929 14232.777777777797 14232.777777777797 
439.00313653679086 1404.0 0.0 0.0 131.0 14114.51192309965 14232.777777777797 14232.777777777797 
440.00313653679086 1404.0 0.0 0.0 132.0 14118.059898739986 14232.777777777797 14232.777777777797 
441.00313653679086 1404.0 0.0 1.0 132.0 14121.501435111119 14232.777777777797 14232.777777777797 
442.00313653679086 1404.0 0.0 1.0 132.0 14124.745947613332 14229.651851851839 14232.777777777797 
443.00313653679086 1404.0 0.0 1.0 132.0 14127.893124740503 14229.651851851839 14232.777777777797 
444.00313653679086 1404.0 0.0 1.0 132.0 14130.945886553847 14229.651851851839 14232.777777777797 
445.00313653679086 1404.0 0.0 2.0 132.0 14133.907065512783 14229.651851851839 14232.777777777797 
446.00313653679086 1404.0 0.0 2.0 132.0 14136.685631325181 14226.525925925918 14232.777777777797 
447.00313653679086 1404.0 0.0 2.0 132.0 14139.38084016319 14226.525925925918 14232.777777777797 
448.00313653679086 1404.0 0.0 2.0 132.0 14141.995192736083 14226.525925925918 14232.777777777797 
449.00313653679086 1404.0 0.0 2.0 131.0 14144.531114731773 14226.525925925918 14232.777777777797 
450.00313653679086 1404.0 0.0 2.0 131.0 14146.990959067592 14226.525925925918 14232.777777777797 
451.00313653679086 1405.0 0.0 1.0 131.0 14149.377008073352 14226.525925925918 14232.777777777797 
452.00313653679086 1405.0 0.0 1.0 131.0 14151.785253386699 14229.651851851839 14232.777777777797 
453.00313653679086 1406.0 0.0 0.0 132.0 14154.121251340664 14229.651851851839 14232.777777777797 
454.00313653679086 1406.0 0.0 0.0 132.0 14156.480947133776 14232.777777777797 14232.777777777797 
455.00313653679086 1406.0 0.0 0.0 132.0 14158.76985205308 14232.777777777797 14232.777777777797 
456.00313653679086 1406.0 0.0 0.0 132.0 14160.990089824814 14232.777777777797 14232.777777777797 
457.00313653679086 1406.0 0.0 0.0 132.0 14163.143720463431 14232.777777777797 14232.777777777797 
458.00313653679086 1406.0 0.0 0.0 133.0 14165.232742182858 14232.777777777797 14232.777777777797 
459.00313653679086 1406.0 0.0 0.0 133.0 14167.259093250701 14232.777777777797 14232.777777777797 
460.00313653679086 1406.0 0.0 0.0 134.0 14169.224653786503 14232.777777777797 14232.777777777797 
461.00313653679086 1406.0 0.0 0.0 134.0 14171.131247506253 14232.777777777797 14232.777777777797 
462.00313653679086 1406.0 0.0 0.0 134.0 14172.980643414385 14232.777777777797 14232.777777777797 
463.00313653679086 1406.0 0.0 0.0 134.0 14174.774557445291 14232.777777777797 14232.777777777797 
464.00313653679086 1406.0 0.0 0.0 134.0 14176.514654055283 14232.777777777797 14232.777777777797 
465.00313653679086 1406.0 0.0 0.0 134.0 14178.202547766938 14232.777777777797 14232.777777777797 
466.00313653679086 1406.0 0.0 0.0 134.0 14179.83980466726 14232.777777777797 14232.777777777797 
467.00313653679086 1406.0 0.0 1.0 134.0 14181.42794386059 14232.777777777797 14232.777777777797 
468.00313653679086 1406.0 0.0 1.0 135.0 14182.874661100326 14229.651851851839 14232.777777777797 
469.00313653679086 1407.0 0.0 0.0 135.0 14184.27797682286 14229.651851851839 14232.777777777797 
470.00313653679086 1407.0 0.0 0.0 135.0 14185.732970851532 14232.777777777797 14232.777777777797 
471.00313653679086 1407.0 0.0 0.0 135.0 14187.14431505931 14232.777777777797 14232.777777777797 
472.00313653679086 1407.0 0.0 0.0 135.0 14188.513318940853 14232.777777777797 14232.777777777797 
473.00313653679086 1407.0 0.0 0.0 135.0 14189.841252705948 14232.777777777797 14232.777777777797 
474.00313653679086 1407.0 0.0 0.0 135.0 14191.129348458117 14232.777777777797 14232.777777777797 
475.00313653679086 1407.0 0.0 0.0 135.0 14192.378801337722 14232.777777777797 14232.777777777797 
476.00313653679086 1407.0 0.0 0.0 135.0 14193.590770630928 14232.777777777797 14232.777777777797 
477.00313653679086 1407.0 0.0 0.0 135.0 14194.766380845314 14232.777777777797 14232.777777777797 
478.00313653679086 1407.0 0.0 0.0 135.0 14195.906722753276 14232.777777777797 14232.777777777797 
479.00313653679086 1407.0 0.0 0.0 135.0 14197.012854404014 14232.777777777797 14232.777777777797 
480.00313653679086 1407.0 0.0 0.0 135.0 14198.08580210523 14232.777777777797 14232.777777777797 
481.00313653679086 1407.0 0.0 0.0 135.0 14199.126561375415 14232.777777777797 14232.777777777797 
482.00313653679086 1407.0 0.0 0.0 135.0 14200.136097867477 14232.777777777797 14232.777777777797 
483.00313653679086 1407.0 0.0 0.0 135.0 14201.115348264786 14232.777777777797 14232.777777777797 
484.00313653679086 1407.0 0.0 0.0 135.0 14202.065221150187 14232.777777777797 14232.777777777797 
485.00313653679086 1407.0 0.0 0.0 135.0 14202.986597848998 14232.777777777797 14232.777777777797 
486.00313653679086 1407.0 0.0 0.0 135.0 14203.880333246867 14232.777777777797 14232.777777777797 
487.00313653679086 1407.0 0.0 1.0 135.0 14204.74725658279 14232.777777777797 14232.777777777797 
488.00313653679086 1407.0 0.0 1.0 135.0 14205.49439444086 14229.651851851839 14232.777777777797 
489.00313653679086 1407.0 0.0 1.0 135.0 14206.219118163193 14229.651851851839 14232.777777777797 
490.00313653679086 1407.0 0.0 1.0 135.0 14206.922100173857 14229.651851851839 14232.777777777797 
491.00313653679086 1407.0 0.0 1.0 135.0 14207.603992724202 14229.651851851839 14232.777777777797 
492.00313653679086 1407.0 0.0 1.0 135.0 14208.265428498029 14229.651851851839 14232.777777777797 
493.00313653679086 1407.0 0.0 1.0 135.0 14208.907021198636 14229.651851851839 14232.777777777797 
494.00313653679086 1407.0 0.0 2.0 135.0 14209.52936611824 14229.651851851839 14232.777777777797 
495.00313653679086 1408.0 0.0 3.0 135.0 14209.604596245805 14212.037037037013 14232.777777777797 
496.00313653679086 1409.0 0.0 2.0 135.0 14209.583791691754 14208.911111111145 14232.777777777797 
497.00313653679086 1409.0 0.0 3.0 135.0 14210.092055718793 14226.525925925918 14232.777777777797 
498.00313653679086 1409.0 0.0 3.0 135.0 14210.491294047219 14223.400000000001 14232.777777777797 
499.00313653679086 1410.0 0.0 2.0 135.0 14210.878555225801 14223.400000000001 14232.777777777797 
500.00313653679086 1410.0 0.0 2.0 135.0 14211.347976346806 14226.525925925918 14232.777777777797 
501.00313653679086 1412.0 0.0 1.0 135.0 14211.8033148342 14226.525925925918 14232.777777777797 
502.00313653679086 1412.0 0.0 1.0 135.0 14212.338770944707 14229.651851851839 14232.777777777797 
503.00313653679086 1412.0 0.0 1.0 135.0 14212.858163371935 14229.651851851839 14232.777777777797 
504.00313653679086 1412.0 0.0 1.0 135.0 14213.361974026331 14229.651851851839 14232.777777777797 
505.00313653679086 1412.0 0.0 1.0 135.0 14213.850670361091 14229.651851851839 14232.777777777797 
506.00313653679086 1412.0 0.0 2.0 135.0 14214.324705805799 14229.651851851839 14232.777777777797 
507.00313653679086 1412.0 0.0 2.0 135.0 14214.69096463165 14226.533333333318 14232.777777777797 
508.00313653679086 1412.0 0.0 2.0 135.0 14215.046235692691 14226.533333333318 14232.777777777797 
509.00313653679086 1412.0 0.0 2.0 135.0 14215.390848621895 14226.533333333318 14232.777777777797 
510.00313653679086 1412.0 0.0 3.0 134.0 14215.725123163256 14226.533333333318 14232.777777777797 
511.00313653679086 1412.0 0.0 4.0 134.0 14215.955591690581 14223.407407407401 14232.777777777797 
512.0031365367909 1413.0 0.0 3.0 134.0 14216.085368384309 14220.281481481483 14232.777777777797 
513.0031365367909 1413.0 0.0 3.0 134.0 14216.305029555 14223.407407407401 14232.777777777797 
514.0031365367909 1413.0 0.0 3.0 134.0 14216.518100890573 14223.407407407401 14232.777777777797 
515.0031365367909 1413.0 0.0 3.0 134.0 14216.724780086079 14223.407407407401 14232.777777777797 
516.0031365367909 1413.0 0.0 3.0 134.0 14216.925258905714 14223.407407407401 14232.777777777797 
517.0031365367909 1414.0 0.0 2.0 134.0 14217.119723360769 14223.407407407401 14232.777777777797 
518.0031365367909 1414.0 0.0 2.0 134.0 14217.401909437716 14226.525925925918 14232.777777777797 
519.0031365367909 1414.0 0.0 2.0 134.0 14217.675629932368 14226.525925925918 14232.777777777797 
520.0031365367909 1414.0 0.0 2.0 134.0 14217.94113881216 14226.525925925918 14232.777777777797 
521.0031365367909 1414.0 0.0 2.0 134.0 14218.198682425595 14226.525925925918 14232.777777777797 
522.0031365367909 1415.0 0.0 1.0 134.0 14218.448499730604 14226.525925925918 14232.777777777797 
523.0031365367909 1415.0 0.0 1.0 134.0 14218.784600294246 14229.651851851839 14232.777777777797 
524.0031365367909 1415.0 0.0 1.0 134.0 14219.110617840954 14229.651851851839 14232.777777777797 
525.0031365367909 1415.0 0.0 1.0 134.0 14219.42685486128 14229.651851851839 14232.777777777797 
526.0031365367909 1415.0 0.0 2.0 134.0 14219.73360477101 14229.651851851839 14232.777777777797 
527.0031365367909 1415.0 0.0 2.0 134.0 14219.937374405647 14226.525925925918 14232.777777777797 
528.0031365367909 1415.0 0.0 2.0 134.0 14220.135030951265 14226.525925925918 14232.777777777797 
529.0031365367909 1415.0 0.0 2.0 134.0 14220.32675780049 14226.525925925918 14232.777777777797 
530.0031365367909 1415.0 0.0 2.0 134.0 14220.512732844265 14226.525925925918 14232.777777777797 
531.0031365367909 1415.0 0.0 2.0 133.0 14220.693128636716 14226.525925925918 14232.777777777797 
532.0031365367909 1415.0 0.0 2.0 133.0 14220.86811255539 14226.525925925918 14232.777777777797 
533.0031365367909 1415.0 0.0 2.0 133.0 14221.037846956502 14226.525925925918 14232.777777777797 
534.0031365367909 1415.0 0.0 3.0 133.0 14221.2024893256 14226.525925925918 14232.777777777797 
535.0031365367909 1415.0 0.0 3.0 133.0 14221.26841464582 14223.400000000001 14232.777777777797 
536.0031365367909 1417.0 0.0 1.0 133.0 14221.332362206449 14223.400000000001 14232.777777777797 
537.0031365367909 1417.0 0.0 1.0 133.0 14221.581946895809 14229.651851851839 14232.777777777797 
538.0031365367909 1417.0 0.0 1.0 133.0 14221.824044044484 14229.651851851839 14232.777777777797 
539.0031365367909 1417.0 0.0 2.0 133.0 14222.058878278705 14229.651851851839 14232.777777777797 
540.0031365367909 1417.0 0.0 2.0 133.0 14222.192889708138 14226.525925925918 14232.777777777797 
541.0031365367909 1417.0 0.0 2.0 134.0 14222.322880794656 14226.525925925918 14232.777777777797 
542.0031365367909 1417.0 0.0 2.0 134.0 14222.448972148592 14226.525925925918 14232.777777777797 
543.0031365367909 1418.0 0.0 1.0 135.0 14222.571280761911 14226.525925925918 14232.777777777797 
544.0031365367909 1418.0 0.0 1.0 135.0 14222.783697894609 14229.651851851839 14232.777777777797 
545.0031365367909 1418.0 0.0 1.0 135.0 14222.989742513344 14229.651851851839 14232.777777777797 
546.0031365367909 1418.0 0.0 1.0 134.0 14223.189605793496 14229.651851851839 14232.777777777797 
547.0031365367909 1418.0 0.0 1.0 134.0 14223.383473175241 14229.651851851839 14232.777777777797 
548.0031365367909 1418.0 0.0 1.0 134.0 14223.57152453554 14229.651851851839 14232.777777777797 
549.0031365367909 1418.0 0.0 1.0 134.0 14223.75393435504 14229.651851851839 14232.777777777797 
550.0031365367909 1418.0 0.0 1.0 134.0 14223.930871879937 14229.651851851839 14232.777777777797 
551.0031365367909 1419.0 0.0 0.0 134.0 14224.10250127909 14229.651851851839 14232.777777777797 
552.0031365367909 1419.0 0.0 0.0 134.0 14224.362759574038 14232.777777777797 14232.777777777797 
553.0031365367909 1419.0 0.0 1.0 134.0 14224.615210120153 14232.777777777797 14232.777777777797 
554.0031365367909 1419.0 0.0 1.0 134.0 14224.766309372102 14229.651851851839 14232.777777777797 
555.0031365367909 1419.0 0.0 1.0 134.0 14224.912875646502 14229.651851851839 14232.777777777797 
556.0031365367909 1419.0 0.0 1.0 134.0 14225.055044932667 14229.651851851839 14232.777777777797 
557.0031365367909 1420.0 0.0 0.0 134.0 14225.192949140252 14229.651851851839 14232.777777777797 
558.0031365367909 1420.0 0.0 0.0 135.0 14225.420493999365 14232.777777777797 14232.777777777797 
559.0031365367909 1420.0 0.0 0.0 135.0 14225.641212512712 14232.777777777797 14232.777777777797 
560.0031365367909 1420.0 0.0 0.0 135.0 14225.855309470675 14232.777777777797 14232.777777777797 
561.0031365367909 1420.0 0.0 1.0 135.0 14226.06298351989 14232.777777777797 14232.777777777797 
562.0031365367909 1420.0 0.0 1.0 135.0 14226.170649569844 14229.651851851839 14232.777777777797 
563.0031365367909 1420.0 0.0 1.0 135.0 14226.275085638308 14229.651851851839 14232.777777777797 
564.0031365367909 1420.0 0.0 1.0 135.0 14226.376388624718 14229.651851851839 14232.777777777797 
565.0031365367909 1420.0 0.0 1.0 135.0 14226.474652521512 14229.651851851839 14232.777777777797 
566.0031365367909 1420.0 0.0 1.0 135.0 14226.569968501432 14229.651851851839 14232.777777777797 
567.0031365367909 1421.0 0.0 0.0 135.0 14226.662425001941 14229.651851851839 14232.777777777797 
568.0031365367909 1421.0 0.0 1.0 135.0 14226.845885585224 14232.777777777797 14232.777777777797 
569.0031365367909 1421.0 0.0 1.0 135.0 14226.930064573231 14229.651851851839 14232.777777777797 
570.0031365367909 1421.0 0.0 1.0 135.0 14227.01171819158 14229.651851851839 14232.777777777797 
571.0031365367909 1421.0 0.0 1.0 135.0 14227.090922201387 14229.651851851839 14232.777777777797 
572.0031365367909 1421.0 0.0 1.0 135.0 14227.167750090894 14229.651851851839 14232.777777777797 
573.0031365367909 1421.0 0.0 1.0 135.0 14227.242273143727 14229.651851851839 14232.777777777797 
574.0031365367909 1422.0 0.0 0.0 135.0 14227.314560504974 14229.651851851839 14232.777777777797 
575.0031365367909 1422.0 0.0 0.0 135.0 14227.478457023153 14232.777777777797 14232.777777777797 
576.0031365367909 1422.0 0.0 0.0 135.0 14227.63743664579 14232.777777777797 14232.777777777797 
577.0031365367909 1422.0 0.0 0.0 135.0 14227.791646879747 14232.777777777797 14232.777777777797 
578.0031365367909 1422.0 0.0 0.0 135.0 14227.9412308067 14232.777777777797 14232.777777777797 
579.0031365367909 1422.0 0.0 0.0 135.0 14228.086327215833 14232.777777777797 14232.777777777797 
580.0031365367909 1422.0 0.0 0.0 135.0 14228.227070732672 14232.777777777797 14232.777777777797 
581.0031365367909 1422.0 0.0 0.0 135.0 14228.363591944044 14232.777777777797 14232.777777777797 
582.0031365367909 1422.0 0.0 0.0 135.0 14228.496017519046 14232.777777777797 14232.777777777797 
583.0031365367909 1422.0 0.0 1.0 135.0 14228.62447032681 14232.777777777797 14232.777777777797 
584.0031365367909 1422.0 0.0 1.0 135.0 14228.655291772557 14229.651851851839 14232.777777777797 
585.0031365367909 1422.0 0.0 2.0 135.0 14228.685188574937 14229.651851851839 14232.777777777797 
586.0031365367909 1422.0 0.0 3.0 135.0 14228.185744028811 14212.037037037013 14232.777777777797 
587.0031365367909 1423.0 0.0 2.0 135.0 14227.607505041275 14208.911111111145 14232.777777777797 
588.0031365367909 1423.0 0.0 3.0 135.0 14227.575057667813 14226.525925925918 14232.777777777797 
589.0031365367909 1423.0 0.0 3.0 135.0 14227.449805937777 14223.400000000001 14232.777777777797 
590.0031365367909 1423.0 0.0 3.0 135.0 14227.328311759647 14223.400000000001 14232.777777777797 
591.0031365367909 1423.0 0.0 3.0 135.0 14227.210462406862 14223.400000000001 14232.777777777797 
592.0031365367909 1423.0 0.0 3.0 135.0 14227.096148534642 14223.400000000001 14232.777777777797 
593.0031365367909 1423.0 0.0 3.0 135.0 14226.985264078608 14223.400000000001 14232.777777777797 
594.0031365367909 1423.0 0.0 3.0 135.0 14226.877706156254 14223.400000000001 14232.777777777797 
595.0031365367909 1424.0 0.0 2.0 135.0 14226.773374971563 14223.400000000001 14232.777777777797 
596.0031365367909 1424.0 0.0 2.0 135.0 14226.765951500198 14226.525925925918 14232.777777777797 
597.0031365367909 1424.0 0.0 2.0 135.0 14226.758750732955 14226.525925925918 14232.777777777797 
598.0031365367909 1424.0 0.0 2.0 135.0 14226.751765988745 14226.525925925918 14232.777777777797 
599.0031365367909 1424.0 0.0 3.0 135.0 14226.744990786872 14226.525925925918 14232.777777777797 
600.0031365367909 1424.0 0.0 3.0 135.0 14226.644641063252 14223.400000000001 14232.777777777797 
#####################################################################
# End of data export. Simulation finished at: 2020-01-31T07:59+0000 #
#####################################################################
