#####################################################################
# Alchemist log file - simulation started at: 2020-02-16T03:47+0000 #
#####################################################################
# longseed = 52.0, meanTaskSize = 1000, peakFrequency = 0.001
#
# The columns have the following meaning: 
# time done[Sum] drop[Sum] waiting[Sum] isLeader[Sum] capacity[Mean] freeCapacity[Mean] maxCapacity[Mean] 
0.0 NaN 0.0 NaN NaN NaN NaN NaN 
1.0039832394593913 0.0 0.0 0.0 135.0 14232.777777777797 14232.777777777797 14232.777777777797 
2.0039832394593913 0.0 0.0 0.0 135.0 14232.777777777797 14232.777777777797 14232.777777777797 
3.0039832394593913 0.0 0.0 0.0 135.0 14232.777777777797 14232.777777777797 14232.777777777797 
4.003983239459391 0.0 0.0 0.0 135.0 14232.777777777797 14232.777777777797 14232.777777777797 
5.003983239459391 0.0 0.0 0.0 135.0 14232.777777777797 14232.777777777797 14232.777777777797 
6.003983239459391 0.0 0.0 0.0 135.0 14232.777777777797 14232.777777777797 14232.777777777797 
7.003983239459391 0.0 0.0 0.0 135.0 14232.777777777797 14232.777777777797 14232.777777777797 
8.00398323945939 0.0 0.0 0.0 135.0 14232.777777777797 14232.777777777797 14232.777777777797 
9.00398323945939 0.0 0.0 0.0 135.0 14232.777777777797 14232.777777777797 14232.777777777797 
10.00398323945939 0.0 0.0 0.0 135.0 14232.777777777797 14232.777777777797 14232.777777777797 
11.00398323945939 0.0 0.0 0.0 135.0 14232.777777777797 14232.777777777797 14232.777777777797 
12.00398323945939 0.0 0.0 0.0 135.0 14232.777777777797 14232.777777777797 14232.777777777797 
13.00398323945939 0.0 0.0 0.0 135.0 14232.777777777797 14232.777777777797 14232.777777777797 
14.00398323945939 0.0 0.0 0.0 135.0 14232.777777777797 14232.777777777797 14232.777777777797 
15.00398323945939 0.0 0.0 0.0 135.0 14232.777777777797 14232.777777777797 14232.777777777797 
16.00398323945939 0.0 0.0 0.0 135.0 14232.777777777797 14232.777777777797 14232.777777777797 
17.00398323945939 0.0 0.0 0.0 135.0 14232.777777777797 14232.777777777797 14232.777777777797 
18.00398323945939 0.0 0.0 0.0 135.0 14232.777777777797 14232.777777777797 14232.777777777797 
19.00398323945939 0.0 0.0 0.0 135.0 14232.777777777797 14232.777777777797 14232.777777777797 
20.00398323945939 0.0 0.0 0.0 135.0 14232.777777777797 14232.777777777797 14232.777777777797 
21.00398323945939 0.0 0.0 0.0 135.0 14232.777777777797 14232.777777777797 14232.777777777797 
22.00398323945939 0.0 0.0 0.0 135.0 14232.777777777797 14232.777777777797 14232.777777777797 
23.00398323945939 0.0 0.0 1.0 135.0 14232.777777777797 14232.777777777797 14232.777777777797 
24.00398323945939 0.0 0.0 1.0 135.0 14231.016296296295 14215.162962962962 14232.777777777797 
25.00398323945939 0.0 0.0 1.0 135.0 14229.430962962973 14215.162962962962 14232.777777777797 
26.00398323945939 0.0 0.0 1.0 135.0 14228.004162962934 14215.162962962962 14232.777777777797 
27.00398323945939 0.0 0.0 1.0 135.0 14226.720042962961 14215.162962962962 14232.777777777797 
28.00398323945939 0.0 0.0 1.0 135.0 14225.56433496295 14215.162962962962 14232.777777777797 
29.00398323945939 0.0 0.0 1.0 135.0 14224.524197762956 14215.162962962962 14232.777777777797 
30.00398323945939 0.0 0.0 1.0 135.0 14223.588074282954 14215.162962962962 14232.777777777797 
31.00398323945939 0.0 0.0 1.0 135.0 14222.74556315098 14215.162962962962 14232.777777777797 
32.00398323945939 0.0 0.0 1.0 135.0 14221.987303132142 14215.162962962962 14232.777777777797 
33.00398323945939 1.0 0.0 0.0 135.0 14221.304869115227 14215.162962962962 14232.777777777797 
34.00398323945939 1.0 0.0 0.0 135.0 14222.45215998151 14232.777777777797 14232.777777777797 
35.00398323945939 1.0 0.0 0.0 135.0 14223.484721761128 14232.777777777797 14232.777777777797 
36.00398323945939 1.0 0.0 0.0 135.0 14224.414027362767 14232.777777777797 14232.777777777797 
37.00398323945939 1.0 0.0 0.0 135.0 14225.25040240429 14232.777777777797 14232.777777777797 
38.00398323945939 1.0 0.0 0.0 135.0 14226.003139941635 14232.777777777797 14232.777777777797 
39.00398323945939 1.0 0.0 0.0 135.0 14226.680603725259 14232.777777777797 14232.777777777797 
40.00398323945939 1.0 0.0 0.0 135.0 14227.290321130486 14232.777777777797 14232.777777777797 
41.00398323945939 1.0 0.0 0.0 135.0 14227.839066795235 14232.777777777797 14232.777777777797 
42.00398323945939 1.0 0.0 0.0 135.0 14228.332937893507 14232.777777777797 14232.777777777797 
43.00398323945939 1.0 0.0 0.0 135.0 14228.777421881921 14232.777777777797 14232.777777777797 
44.00398323945939 1.0 0.0 0.0 135.0 14229.177457471487 14232.777777777797 14232.777777777797 
45.00398323945939 1.0 0.0 1.0 135.0 14229.537489502125 14232.777777777797 14232.777777777797 
46.00398323945939 1.0 0.0 1.0 135.0 14229.548925737074 14229.651851851839 14232.777777777797 
47.00398323945939 1.0 0.0 1.0 135.0 14229.55921834859 14229.651851851839 14232.777777777797 
48.00398323945939 1.0 0.0 1.0 135.0 14229.568481698927 14229.651851851839 14232.777777777797 
49.00398323945939 1.0 0.0 1.0 135.0 14229.576818714226 14229.651851851839 14232.777777777797 
50.00398323945939 1.0 0.0 1.0 135.0 14229.584322027973 14229.651851851839 14232.777777777797 
51.00398323945939 1.0 0.0 2.0 134.0 14229.591075010343 14229.651851851839 14232.777777777797 
52.00398323945939 1.0 0.0 2.0 134.0 14229.284560101922 14226.525925925918 14232.777777777797 
53.00398323945939 1.0 0.0 3.0 134.0 14229.00869668432 14226.525925925918 14232.777777777797 
54.00398323945939 1.0 0.0 3.0 134.0 14228.447827015896 14223.400000000001 14232.777777777797 
55.00398323945939 1.0 0.0 3.0 134.0 14227.943044314285 14223.400000000001 14232.777777777797 
56.00398323945939 1.0 0.0 3.0 134.0 14227.488739882883 14223.400000000001 14232.777777777797 
57.00398323945939 1.0 0.0 3.0 133.0 14227.07986589457 14223.400000000001 14232.777777777797 
58.00398323945939 1.0 0.0 3.0 133.0 14226.711879305143 14223.400000000001 14232.777777777797 
59.00398323945939 1.0 0.0 4.0 132.0 14226.380691374581 14223.400000000001 14232.777777777797 
60.00398323945939 1.0 0.0 4.0 132.0 14225.77002964455 14220.274074074052 14232.777777777797 
61.00398323945939 1.0 0.0 4.0 132.0 14225.220434087474 14220.274074074052 14232.777777777797 
62.00398323945939 1.0 0.0 4.0 132.0 14224.725798086156 14220.274074074052 14232.777777777797 
63.00398323945939 1.0 0.0 4.0 132.0 14224.280625684947 14220.274074074052 14232.777777777797 
64.00398323945939 1.0 0.0 4.0 132.0 14223.879970523876 14220.274074074052 14232.777777777797 
65.00398323945939 1.0 0.0 4.0 131.0 14223.519380878884 14220.274074074052 14232.777777777797 
66.00398323945939 2.0 0.0 3.0 131.0 14223.194850198375 14220.274074074052 14232.777777777797 
67.00398323945939 2.0 0.0 3.0 131.0 14223.215365178563 14223.400000000001 14232.777777777797 
68.00398323945939 2.0 0.0 3.0 131.0 14223.233828660708 14223.400000000001 14232.777777777797 
69.00398323945939 2.0 0.0 3.0 131.0 14223.250445794638 14223.400000000001 14232.777777777797 
70.00398323945939 2.0 0.0 3.0 131.0 14223.265401215154 14223.400000000001 14232.777777777797 
71.00398323945939 2.0 0.0 3.0 132.0 14223.278861093657 14223.400000000001 14232.777777777797 
72.00398323945939 2.0 0.0 4.0 132.0 14223.290974984307 14223.400000000001 14232.777777777797 
73.00398323945939 2.0 0.0 4.0 132.0 14222.989284893276 14220.274074074052 14232.777777777797 
74.00398323945939 2.0 0.0 4.0 132.0 14222.717763811352 14220.274074074052 14232.777777777797 
75.00398323945939 2.0 0.0 4.0 132.0 14222.473394837625 14220.274074074052 14232.777777777797 
76.00398323945939 2.0 0.0 4.0 132.0 14222.253462761268 14220.274074074052 14232.777777777797 
77.00398323945939 2.0 0.0 4.0 132.0 14222.055523892546 14220.274074074052 14232.777777777797 
78.00398323945939 2.0 0.0 4.0 131.0 14221.877378910702 14220.274074074052 14232.777777777797 
79.00398323945939 2.0 0.0 5.0 131.0 14221.717048427008 14220.274074074052 14232.777777777797 
80.00398323945939 2.0 0.0 5.0 131.0 14221.260158399169 14217.14814814815 14232.777777777797 
81.00398323945939 2.0 0.0 5.0 131.0 14220.84895737408 14217.14814814815 14232.777777777797 
82.00398323945939 2.0 0.0 5.0 131.0 14220.478876451438 14217.14814814815 14232.777777777797 
83.00398323945939 2.0 0.0 5.0 131.0 14220.145803621126 14217.14814814815 14232.777777777797 
84.00398323945939 2.0 0.0 5.0 131.0 14219.846038073825 14217.14814814815 14232.777777777797 
85.00398323945939 2.0 0.0 5.0 130.0 14219.576249081263 14217.14814814815 14232.777777777797 
86.00398323945939 2.0 0.0 5.0 130.0 14219.333438987962 14217.14814814815 14232.777777777797 
87.00398323945939 2.0 0.0 5.0 130.0 14219.114909903958 14217.14814814815 14232.777777777797 
88.00398323945939 2.0 0.0 5.0 130.0 14218.918233728373 14217.14814814815 14232.777777777797 
89.00398323945939 2.0 0.0 6.0 130.0 14218.741225170368 14217.14814814815 14232.777777777797 
90.00398323945939 2.0 0.0 6.0 130.0 14218.269324875568 14214.022222222226 14232.777777777797 
91.00398323945939 2.0 0.0 6.0 130.0 14217.844614610218 14214.022222222226 14232.777777777797 
92.00398323945939 2.0 0.0 6.0 130.0 14217.462375371424 14214.022222222226 14232.777777777797 
93.00398323945939 2.0 0.0 7.0 130.0 14217.118360056476 14214.022222222226 14232.777777777797 
94.00398323945939 2.0 0.0 7.0 130.0 14216.49615368049 14210.896296296318 14232.777777777797 
95.00398323945939 2.0 0.0 7.0 129.0 14215.936167942065 14210.896296296318 14232.777777777797 
96.00398323945939 2.0 0.0 7.0 129.0 14215.432180777516 14210.896296296318 14232.777777777797 
97.00398323945939 2.0 0.0 7.0 129.0 14214.978592329373 14210.896296296318 14232.777777777797 
98.00398323945939 2.0 0.0 7.0 129.0 14214.57036272605 14210.896296296318 14232.777777777797 
99.00398323945939 2.0 0.0 7.0 128.0 14214.202956083082 14210.896296296318 14232.777777777797 
100.00398323945939 2.0 0.0 7.0 128.0 14213.872290104408 14210.896296296318 14232.777777777797 
101.00398323945939 2.0 0.0 7.0 128.0 14213.574690723613 14210.896296296318 14232.777777777797 
102.00398323945939 2.0 0.0 7.0 128.0 14213.30685128087 14210.896296296318 14232.777777777797 
103.00398323945939 2.0 0.0 7.0 128.0 14213.065795782406 14210.896296296318 14232.777777777797 
104.00398323945939 2.0 0.0 7.0 128.0 14212.848845833776 14210.896296296318 14232.777777777797 
105.00398323945939 2.0 0.0 7.0 128.0 14212.653590880014 14210.896296296318 14232.777777777797 
106.00398323945939 2.0 0.0 7.0 128.0 14212.477861421683 14210.896296296318 14232.777777777797 
107.00398323945939 2.0 0.0 7.0 128.0 14212.319704909147 14210.896296296318 14232.777777777797 
108.00398323945939 2.0 0.0 7.0 128.0 14212.177364047851 14210.896296296318 14232.777777777797 
109.00398323945939 2.0 0.0 7.0 128.0 14212.04925727269 14210.896296296318 14232.777777777797 
110.00398323945939 2.0 0.0 7.0 128.0 14211.933961175051 14210.896296296318 14232.777777777797 
111.00398323945939 2.0 0.0 7.0 128.0 14211.830194687143 14210.896296296318 14232.777777777797 
112.00398323945939 2.0 0.0 7.0 128.0 14211.736804848102 14210.896296296318 14232.777777777797 
113.00398323945939 2.0 0.0 7.0 128.0 14211.652753992892 14210.896296296318 14232.777777777797 
114.00398323945939 2.0 0.0 7.0 128.0 14211.57710822327 14210.896296296318 14232.777777777797 
115.00398323945939 2.0 0.0 7.0 128.0 14211.509027030557 14210.896296296318 14232.777777777797 
116.00398323945939 2.0 0.0 7.0 128.0 14211.44775395711 14210.896296296318 14232.777777777797 
117.00398323945939 2.0 0.0 7.0 128.0 14211.392608191049 14210.896296296318 14232.777777777797 
118.00398323945939 3.0 0.0 6.0 128.0 14211.342977001574 14210.896296296318 14232.777777777797 
119.00398323945939 3.0 0.0 6.0 128.0 14211.610901523647 14214.022222222226 14232.777777777797 
120.00398323945939 3.0 0.0 6.0 128.0 14211.852033593514 14214.022222222226 14232.777777777797 
121.00398323945939 3.0 0.0 6.0 128.0 14212.069052456345 14214.022222222226 14232.777777777797 
122.00398323945939 3.0 0.0 6.0 128.0 14212.264369432949 14214.022222222226 14232.777777777797 
123.00398323945939 3.0 0.0 6.0 128.0 14212.440154711887 14214.022222222226 14232.777777777797 
124.00398323945939 3.0 0.0 6.0 128.0 14212.598361462915 14214.022222222226 14232.777777777797 
125.00398323945939 4.0 0.0 5.0 128.0 14212.740747538834 14214.022222222226 14232.777777777797 
126.00398323945939 4.0 0.0 5.0 129.0 14213.181487599775 14217.14814814815 14232.777777777797 
127.00398323945939 4.0 0.0 5.0 129.0 14213.578153654613 14217.14814814815 14232.777777777797 
128.0039832394594 4.0 0.0 5.0 129.0 14213.935153103961 14217.14814814815 14232.777777777797 
129.0039832394594 4.0 0.0 5.0 129.0 14214.256452608379 14217.14814814815 14232.777777777797 
130.0039832394594 4.0 0.0 5.0 129.0 14214.545622162355 14217.14814814815 14232.777777777797 
131.0039832394594 4.0 0.0 5.0 129.0 14214.805874760925 14217.14814814815 14232.777777777797 
132.0039832394594 4.0 0.0 5.0 129.0 14215.040102099647 14217.14814814815 14232.777777777797 
133.0039832394594 4.0 0.0 5.0 130.0 14215.250906704534 14217.14814814815 14232.777777777797 
134.0039832394594 4.0 0.0 5.0 130.0 14215.440630848858 14217.14814814815 14232.777777777797 
135.0039832394594 4.0 0.0 5.0 130.0 14215.611382578794 14217.14814814815 14232.777777777797 
136.0039832394594 4.0 0.0 5.0 130.0 14215.765059135743 14217.14814814815 14232.777777777797 
137.0039832394594 4.0 0.0 5.0 130.0 14215.903368036987 14217.14814814815 14232.777777777797 
138.0039832394594 4.0 0.0 6.0 130.0 14216.027846048073 14217.14814814815 14232.777777777797 
139.0039832394594 4.0 0.0 6.0 130.0 14214.378394776608 14199.533333333318 14232.777777777797 
140.0039832394594 5.0 0.0 5.0 130.0 14212.89388863228 14199.533333333318 14232.777777777797 
141.0039832394594 5.0 0.0 5.0 130.0 14211.870425694973 14202.659259259277 14232.777777777797 
142.0039832394594 6.0 0.0 4.0 130.0 14210.949309051413 14202.659259259277 14232.777777777797 
143.0039832394594 6.0 0.0 4.0 130.0 14211.881785553698 14220.274074074052 14232.777777777797 
144.0039832394594 6.0 0.0 4.0 130.0 14212.721014405708 14220.274074074052 14232.777777777797 
145.0039832394594 6.0 0.0 4.0 130.0 14213.47632037254 14220.274074074052 14232.777777777797 
146.0039832394594 6.0 0.0 4.0 130.0 14214.156095742701 14220.274074074052 14232.777777777797 
147.0039832394594 6.0 0.0 4.0 130.0 14214.767893575852 14220.274074074052 14232.777777777797 
148.0039832394594 6.0 0.0 4.0 131.0 14215.318511625663 14220.274074074052 14232.777777777797 
149.0039832394594 6.0 0.0 4.0 131.0 14215.814067870497 14220.274074074052 14232.777777777797 
150.0039832394594 6.0 0.0 4.0 131.0 14216.26006849086 14220.274074074052 14232.777777777797 
151.0039832394594 6.0 0.0 4.0 131.0 14216.661469049177 14220.274074074052 14232.777777777797 
152.0039832394594 7.0 0.0 3.0 131.0 14217.022729551683 14220.274074074052 14232.777777777797 
153.0039832394594 7.0 0.0 3.0 131.0 14217.660456596512 14223.400000000001 14232.777777777797 
154.0039832394594 7.0 0.0 4.0 131.0 14218.234410936855 14223.400000000001 14232.777777777797 
155.0039832394594 7.0 0.0 4.0 131.0 14216.989488361716 14205.785185185186 14232.777777777797 
156.0039832394594 8.0 0.0 4.0 131.0 14215.869058044053 14205.785185185186 14232.777777777797 
157.0039832394594 8.0 0.0 4.0 131.0 14216.309559647068 14220.274074074052 14232.777777777797 
158.0039832394594 8.0 0.0 4.0 131.0 14216.706011089755 14220.274074074052 14232.777777777797 
159.0039832394594 8.0 0.0 4.0 131.0 14217.062817388158 14220.274074074052 14232.777777777797 
160.0039832394594 8.0 0.0 7.0 132.0 14217.383943056768 14220.274074074052 14232.777777777797 
161.0039832394594 8.0 0.0 7.0 132.0 14215.28628949183 14196.407407407401 14232.777777777797 
162.0039832394594 8.0 0.0 7.0 131.0 14213.398401283368 14196.407407407401 14232.777777777797 
163.0039832394594 8.0 0.0 7.0 131.0 14211.699301895802 14196.407407407401 14232.777777777797 
164.0039832394594 10.0 0.0 5.0 131.0 14210.17011244695 14196.407407407401 14232.777777777797 
165.0039832394594 10.0 0.0 5.0 131.0 14210.86791601707 14217.14814814815 14232.777777777797 
166.0039832394594 10.0 0.0 5.0 129.0 14211.495939230188 14217.14814814815 14232.777777777797 
167.0039832394594 10.0 0.0 5.0 129.0 14212.061160121983 14217.14814814815 14232.777777777797 
168.0039832394594 10.0 0.0 5.0 129.0 14212.569858924604 14217.14814814815 14232.777777777797 
169.0039832394594 10.0 0.0 5.0 129.0 14213.027687846967 14217.14814814815 14232.777777777797 
170.0039832394594 10.0 0.0 6.0 129.0 14213.43973387706 14217.14814814815 14232.777777777797 
171.0039832394594 10.0 0.0 6.0 129.0 14212.049093822683 14199.533333333318 14232.777777777797 
172.0039832394594 10.0 0.0 6.0 130.0 14210.797517773753 14199.533333333318 14232.777777777797 
173.0039832394594 10.0 0.0 6.0 130.0 14209.671099329724 14199.533333333318 14232.777777777797 
174.0039832394594 10.0 0.0 6.0 130.0 14208.657322730076 14199.533333333318 14232.777777777797 
175.0039832394594 11.0 0.0 5.0 130.0 14207.74492379038 14199.533333333318 14232.777777777797 
176.0039832394594 11.0 0.0 5.0 130.0 14208.685246226198 14217.14814814815 14232.777777777797 
177.0039832394594 11.0 0.0 5.0 130.0 14209.531536418364 14217.14814814815 14232.777777777797 
178.0039832394594 11.0 0.0 5.0 130.0 14210.293197591373 14217.14814814815 14232.777777777797 
179.0039832394594 11.0 0.0 5.0 130.0 14210.978692647013 14217.14814814815 14232.777777777797 
180.0039832394594 11.0 0.0 5.0 130.0 14211.59563819714 14217.14814814815 14232.777777777797 
181.0039832394594 11.0 0.0 5.0 130.0 14212.150889192246 14217.14814814815 14232.777777777797 
182.0039832394594 11.0 0.0 5.0 130.0 14212.650615087818 14217.14814814815 14232.777777777797 
183.0039832394594 11.0 0.0 5.0 130.0 14213.100368393887 14217.14814814815 14232.777777777797 
184.0039832394594 11.0 0.0 5.0 130.0 14213.50514636927 14217.14814814815 14232.777777777797 
185.0039832394594 11.0 0.0 6.0 130.0 14213.869446547149 14217.14814814815 14232.777777777797 
186.0039832394594 11.0 0.0 6.0 130.0 14213.88472411467 14214.022222222226 14232.777777777797 
187.0039832394594 11.0 0.0 6.0 130.0 14213.898473925448 14214.022222222226 14232.777777777797 
188.0039832394594 11.0 0.0 6.0 130.0 14213.910848755097 14214.022222222226 14232.777777777797 
189.0039832394594 11.0 0.0 6.0 130.0 14213.921986101832 14214.022222222226 14232.777777777797 
190.0039832394594 11.0 0.0 6.0 130.0 14213.932009713864 14214.022222222226 14232.777777777797 
191.0039832394594 11.0 0.0 6.0 129.0 14213.94103096469 14214.022222222226 14232.777777777797 
192.0039832394594 11.0 0.0 8.0 129.0 14213.949150090433 14214.022222222226 14232.777777777797 
193.0039832394594 11.0 0.0 8.0 129.0 14211.882383229573 14193.281481481483 14232.777777777797 
194.0039832394594 11.0 0.0 8.0 129.0 14210.022293054759 14193.281481481483 14232.777777777797 
195.0039832394594 11.0 0.0 8.0 129.0 14208.348211897408 14193.281481481483 14232.777777777797 
196.0039832394594 12.0 0.0 7.0 129.0 14206.841538855842 14193.281481481483 14232.777777777797 
197.0039832394594 12.0 0.0 8.0 129.0 14207.247014599887 14210.896296296318 14232.777777777797 
198.0039832394594 12.0 0.0 8.0 128.0 14207.611942769534 14210.896296296318 14232.777777777797 
199.0039832394594 12.0 0.0 8.0 128.0 14206.17889664074 14193.281481481483 14232.777777777797 
200.0039832394594 12.0 0.0 8.0 128.0 14204.889155124798 14193.281481481483 14232.777777777797 
201.0039832394594 12.0 0.0 9.0 128.0 14203.728387760453 14193.281481481483 14232.777777777797 
202.0039832394594 12.0 0.0 10.0 128.0 14202.68369713257 14193.281481481483 14232.777777777797 
203.0039832394594 12.0 0.0 10.0 128.0 14199.670142234143 14172.54814814815 14232.777777777797 
204.0039832394594 12.0 0.0 10.0 128.0 14196.95794282553 14172.54814814815 14232.777777777797 
205.0039832394594 12.0 0.0 10.0 128.0 14194.516963357772 14172.54814814815 14232.777777777797 
206.0039832394594 12.0 0.0 10.0 128.0 14192.320081836839 14172.54814814815 14232.777777777797 
207.0039832394594 12.0 0.0 10.0 128.0 14190.342888467962 14172.54814814815 14232.777777777797 
208.0039832394594 14.0 0.0 8.0 127.0 14188.56341443597 14172.54814814815 14232.777777777797 
209.0039832394594 14.0 0.0 8.0 127.0 14189.035221140526 14193.281481481483 14232.777777777797 
210.0039832394594 14.0 0.0 8.0 127.0 14189.459847174638 14193.281481481483 14232.777777777797 
211.0039832394594 14.0 0.0 8.0 127.0 14189.84201060531 14193.281481481483 14232.777777777797 
212.0039832394594 14.0 0.0 8.0 127.0 14190.18595769291 14193.281481481483 14232.777777777797 
213.0039832394594 14.0 0.0 10.0 127.0 14190.495510071798 14193.281481481483 14232.777777777797 
214.0039832394594 14.0 0.0 10.0 128.0 14190.46151462018 14190.155555555531 14232.777777777797 
215.0039832394594 14.0 0.0 10.0 128.0 14188.669437232227 14172.540740740757 14232.777777777797 
216.0039832394594 14.0 0.0 11.0 128.0 14187.056567583062 14172.540740740757 14232.777777777797 
217.0039832394594 14.0 0.0 12.0 128.0 14185.292392306232 14169.414814814798 14232.777777777797 
218.0039832394594 14.0 0.0 12.0 128.0 14181.943153075603 14151.799999999974 14232.777777777797 
219.0039832394594 16.0 0.0 10.0 127.0 14178.928837768071 14151.799999999974 14232.777777777797 
220.0039832394594 17.0 0.0 9.0 127.0 14178.290028065336 14172.540740740757 14232.777777777797 
221.0039832394594 17.0 0.0 9.0 127.0 14178.027691925485 14175.666666666668 14232.777777777797 
222.0039832394594 17.0 0.0 9.0 126.0 14177.791589399587 14175.666666666668 14232.777777777797 
223.0039832394594 17.0 0.0 9.0 126.0 14177.579097126287 14175.666666666668 14232.777777777797 
224.0039832394594 17.0 0.0 9.0 126.0 14177.387854080323 14175.666666666668 14232.777777777797 
225.0039832394594 17.0 0.0 9.0 126.0 14177.215735338968 14175.666666666668 14232.777777777797 
226.0039832394594 18.0 0.0 8.0 126.0 14177.060828471702 14175.666666666668 14232.777777777797 
227.0039832394594 18.0 0.0 8.0 127.0 14178.68289377271 14193.281481481483 14232.777777777797 
228.0039832394594 19.0 0.0 7.0 128.0 14180.1427525436 14193.281481481483 14232.777777777797 
229.0039832394594 19.0 0.0 7.0 128.0 14183.218106918841 14210.896296296318 14232.777777777797 
230.0039832394594 19.0 0.0 7.0 128.0 14185.985925856601 14210.896296296318 14232.777777777797 
231.0039832394594 19.0 0.0 7.0 128.0 14188.47696290057 14210.896296296318 14232.777777777797 
232.0039832394594 19.0 0.0 7.0 128.0 14190.718896240138 14210.896296296318 14232.777777777797 
233.0039832394594 19.0 0.0 7.0 128.0 14192.736636245754 14210.896296296318 14232.777777777797 
234.0039832394594 19.0 0.0 7.0 128.0 14194.552602250802 14210.896296296318 14232.777777777797 
235.0039832394594 19.0 0.0 8.0 128.0 14196.186971655365 14210.896296296318 14232.777777777797 
236.0039832394594 19.0 0.0 8.0 128.0 14197.345311526837 14207.77037037036 14232.777777777797 
237.0039832394594 19.0 0.0 8.0 128.0 14198.387817411207 14207.77037037036 14232.777777777797 
238.0039832394594 19.0 0.0 8.0 128.0 14199.326072707154 14207.77037037036 14232.777777777797 
239.0039832394594 19.0 0.0 8.0 128.0 14200.170502473453 14207.77037037036 14232.777777777797 
240.0039832394594 20.0 0.0 7.0 128.0 14200.930489263155 14207.77037037036 14232.777777777797 
241.0039832394594 20.0 0.0 7.0 127.0 14201.927069966467 14210.896296296318 14232.777777777797 
242.0039832394594 21.0 0.0 6.0 127.0 14202.823992599453 14210.896296296318 14232.777777777797 
243.0039832394594 21.0 0.0 6.0 127.0 14203.94381556172 14214.022222222226 14232.777777777797 
244.0039832394594 21.0 0.0 6.0 127.0 14204.951656227766 14214.022222222226 14232.777777777797 
245.0039832394594 21.0 0.0 6.0 127.0 14205.858712827205 14214.022222222226 14232.777777777797 
246.0039832394594 21.0 0.0 6.0 127.0 14206.675063766688 14214.022222222226 14232.777777777797 
247.0039832394594 21.0 0.0 6.0 127.0 14207.40977961229 14214.022222222226 14232.777777777797 
248.0039832394594 21.0 0.0 7.0 128.0 14208.071023873244 14214.022222222226 14232.777777777797 
249.0039832394594 21.0 0.0 7.0 128.0 14208.353551115544 14210.896296296318 14232.777777777797 
250.0039832394594 21.0 0.0 7.0 129.0 14208.60782563365 14210.896296296318 14232.777777777797 
251.0039832394594 21.0 0.0 8.0 129.0 14208.836672699897 14210.896296296318 14232.777777777797 
252.0039832394594 21.0 0.0 9.0 129.0 14208.73004246698 14207.77037037036 14232.777777777797 
253.0039832394594 21.0 0.0 9.0 129.0 14206.872593775794 14190.155555555531 14232.777777777797 
254.0039832394594 21.0 0.0 9.0 128.0 14205.200889953787 14190.155555555531 14232.777777777797 
255.0039832394594 22.0 0.0 8.0 128.0 14203.696356513941 14190.155555555531 14232.777777777797 
256.0039832394594 23.0 0.0 7.0 128.0 14204.103757899586 14207.77037037036 14232.777777777797 
257.0039832394594 23.0 0.0 7.0 127.0 14204.783011739264 14210.896296296318 14232.777777777797 
258.0039832394594 23.0 0.0 7.0 127.0 14205.394340194964 14210.896296296318 14232.777777777797 
259.0039832394594 23.0 0.0 7.0 127.0 14205.94453580509 14210.896296296318 14232.777777777797 
260.0039832394594 23.0 0.0 7.0 127.0 14206.439711854217 14210.896296296318 14232.777777777797 
261.0039832394594 23.0 0.0 7.0 127.0 14206.88537029843 14210.896296296318 14232.777777777797 
262.0039832394594 23.0 0.0 7.0 127.0 14207.28646289822 14210.896296296318 14232.777777777797 
263.0039832394594 23.0 0.0 7.0 128.0 14207.647446238052 14210.896296296318 14232.777777777797 
264.0039832394594 23.0 0.0 8.0 128.0 14207.972331243878 14210.896296296318 14232.777777777797 
265.0039832394594 23.0 0.0 9.0 128.0 14207.952135156498 14207.77037037036 14232.777777777797 
266.0039832394594 23.0 0.0 9.0 128.0 14207.621366085323 14204.644444444439 14232.777777777797 
267.0039832394594 23.0 0.0 9.0 128.0 14207.323673921228 14204.644444444439 14232.777777777797 
268.0039832394594 23.0 0.0 9.0 128.0 14207.055750973546 14204.644444444439 14232.777777777797 
269.0039832394594 23.0 0.0 9.0 128.0 14206.814620320598 14204.644444444439 14232.777777777797 
270.0039832394594 23.0 0.0 9.0 127.0 14206.597602733003 14204.644444444439 14232.777777777797 
271.0039832394594 23.0 0.0 9.0 126.0 14206.402286904142 14204.644444444439 14232.777777777797 
272.0039832394594 23.0 0.0 9.0 126.0 14206.226502658183 14204.644444444439 14232.777777777797 
273.0039832394594 24.0 0.0 8.0 126.0 14206.068296836795 14204.644444444439 14232.777777777797 
274.0039832394594 24.0 0.0 8.0 126.0 14206.238504190167 14207.77037037036 14232.777777777797 
275.0039832394594 24.0 0.0 8.0 126.0 14206.39169080818 14207.77037037036 14232.777777777797 
276.0039832394594 24.0 0.0 8.0 126.0 14206.529558764409 14207.77037037036 14232.777777777797 
277.0039832394594 24.0 0.0 8.0 126.0 14206.653639925022 14207.77037037036 14232.777777777797 
278.0039832394594 24.0 0.0 8.0 126.0 14206.765312969539 14207.77037037036 14232.777777777797 
279.0039832394594 24.0 0.0 8.0 126.0 14206.865818709628 14207.77037037036 14232.777777777797 
280.0039832394594 24.0 0.0 8.0 126.0 14206.95627387571 14207.77037037036 14232.777777777797 
281.0039832394594 25.0 0.0 7.0 127.0 14207.03768352518 14207.77037037036 14232.777777777797 
282.0039832394594 25.0 0.0 7.0 127.0 14207.423544802294 14210.896296296318 14232.777777777797 
283.0039832394594 25.0 0.0 7.0 127.0 14207.770819951667 14210.896296296318 14232.777777777797 
284.0039832394594 25.0 0.0 7.0 127.0 14208.083367586143 14210.896296296318 14232.777777777797 
285.0039832394594 25.0 0.0 7.0 127.0 14208.364660457159 14210.896296296318 14232.777777777797 
286.0039832394594 25.0 0.0 7.0 127.0 14208.617824041079 14210.896296296318 14232.777777777797 
287.0039832394594 25.0 0.0 7.0 127.0 14208.845671266612 14210.896296296318 14232.777777777797 
288.0039832394594 25.0 0.0 7.0 127.0 14209.05073376957 14210.896296296318 14232.777777777797 
289.0039832394594 25.0 0.0 7.0 128.0 14209.23529002223 14210.896296296318 14232.777777777797 
290.0039832394594 25.0 0.0 7.0 128.0 14209.401390649653 14210.896296296318 14232.777777777797 
291.0039832394594 25.0 0.0 8.0 128.0 14209.550881214313 14210.896296296318 14232.777777777797 
292.0039832394594 25.0 0.0 8.0 128.0 14209.372830129902 14207.77037037036 14232.777777777797 
293.0039832394594 25.0 0.0 8.0 128.0 14209.212584153942 14207.77037037036 14232.777777777797 
294.0039832394594 25.0 0.0 9.0 128.0 14209.068362775612 14207.77037037036 14232.777777777797 
295.0039832394594 25.0 0.0 10.0 128.0 14208.625970942507 14204.644444444439 14232.777777777797 
296.0039832394594 25.0 0.0 10.0 128.0 14207.915225700084 14201.518518518522 14232.777777777797 
297.0039832394594 25.0 0.0 10.0 127.0 14207.275554981927 14201.518518518522 14232.777777777797 
298.0039832394594 25.0 0.0 10.0 127.0 14206.699851335594 14201.518518518522 14232.777777777797 
299.0039832394594 25.0 0.0 10.0 127.0 14206.181718053891 14201.518518518522 14232.777777777797 
300.0039832394594 25.0 0.0 10.0 126.0 14205.715398100347 14201.518518518522 14232.777777777797 
301.0039832394594 25.0 0.0 10.0 125.0 14205.295710142167 14201.518518518522 14232.777777777797 
302.0039832394594 25.0 0.0 10.0 125.0 14204.91799097982 14201.518518518522 14232.777777777797 
303.0039832394594 25.0 0.0 10.0 125.0 14204.578043733645 14201.518518518522 14232.777777777797 
304.0039832394594 25.0 0.0 10.0 125.0 14204.272091212162 14201.518518518522 14232.777777777797 
305.0039832394594 25.0 0.0 10.0 125.0 14203.996733942806 14201.518518518522 14232.777777777797 
306.0039832394594 25.0 0.0 10.0 125.0 14203.748912400377 14201.518518518522 14232.777777777797 
307.0039832394594 25.0 0.0 11.0 125.0 14203.525873012195 14201.518518518522 14232.777777777797 
308.0039832394594 25.0 0.0 11.0 125.0 14203.012544970199 14198.392592592572 14232.777777777797 
309.0039832394594 25.0 0.0 11.0 125.0 14202.550549732467 14198.392592592572 14232.777777777797 
310.0039832394594 25.0 0.0 11.0 125.0 14202.134754018474 14198.392592592572 14232.777777777797 
311.0039832394594 25.0 0.0 11.0 125.0 14201.760537875873 14198.392592592572 14232.777777777797 
312.0039832394594 25.0 0.0 11.0 125.0 14201.423743347556 14198.392592592572 14232.777777777797 
313.0039832394594 25.0 0.0 11.0 124.0 14201.120628272067 14198.392592592572 14232.777777777797 
314.0039832394594 25.0 0.0 12.0 124.0 14200.847824704095 14198.392592592572 14232.777777777797 
315.0039832394594 25.0 0.0 12.0 124.0 14198.840820011495 14180.777777777797 14232.777777777797 
316.0039832394594 25.0 0.0 12.0 124.0 14197.034515788124 14180.777777777797 14232.777777777797 
317.0039832394594 25.0 0.0 13.0 124.0 14195.408841987079 14180.777777777797 14232.777777777797 
318.0039832394594 25.0 0.0 13.0 124.0 14193.633142973566 14177.651851851839 14232.777777777797 
319.0039832394594 25.0 0.0 14.0 124.0 14192.035013861372 14177.651851851839 14232.777777777797 
320.0039832394594 25.0 0.0 14.0 124.0 14190.284105067833 14174.525925925918 14232.777777777797 
321.0039832394594 25.0 0.0 14.0 124.0 14188.708287153657 14174.525925925918 14232.777777777797 
322.0039832394594 25.0 0.0 14.0 124.0 14187.290051030852 14174.525925925918 14232.777777777797 
323.0039832394594 26.0 0.0 13.0 123.0 14186.013638520375 14174.525925925918 14232.777777777797 
324.0039832394594 27.0 0.0 13.0 123.0 14185.17745985355 14177.651851851839 14232.777777777797 
325.0039832394594 27.0 0.0 13.0 122.0 14185.873787942242 14192.140740740746 14232.777777777797 
326.0039832394594 27.0 0.0 13.0 122.0 14186.50048322211 14192.140740740746 14232.777777777797 
327.0039832394594 27.0 0.0 13.0 122.0 14187.06450897397 14192.140740740746 14232.777777777797 
328.0039832394594 27.0 0.0 13.0 122.0 14187.572132150637 14192.140740740746 14232.777777777797 
329.0039832394594 27.0 0.0 13.0 123.0 14188.028993009642 14192.140740740746 14232.777777777797 
330.0039832394594 27.0 0.0 13.0 122.0 14188.440167782759 14192.140740740746 14232.777777777797 
331.0039832394594 27.0 0.0 13.0 122.0 14188.810225078536 14192.140740740746 14232.777777777797 
332.0039832394594 28.0 0.0 12.0 122.0 14189.14327664477 14192.140740740746 14232.777777777797 
333.0039832394594 28.0 0.0 12.0 122.0 14189.75561564697 14195.266666666657 14232.777777777797 
334.0039832394594 28.0 0.0 12.0 122.0 14190.306720748933 14195.266666666657 14232.777777777797 
335.0039832394594 28.0 0.0 12.0 122.0 14190.802715340707 14195.266666666657 14232.777777777797 
336.0039832394594 28.0 0.0 12.0 122.0 14191.24911047329 14195.266666666657 14232.777777777797 
337.0039832394594 28.0 0.0 12.0 122.0 14191.650866092632 14195.266666666657 14232.777777777797 
338.0039832394594 28.0 0.0 12.0 122.0 14192.012446150044 14195.266666666657 14232.777777777797 
339.0039832394594 28.0 0.0 12.0 122.0 14192.337868201705 14195.266666666657 14232.777777777797 
340.0039832394594 28.0 0.0 12.0 123.0 14192.63074804821 14195.266666666657 14232.777777777797 
341.0039832394594 28.0 0.0 12.0 123.0 14192.894339910063 14195.266666666657 14232.777777777797 
342.0039832394594 28.0 0.0 12.0 123.0 14193.131572585708 14195.266666666657 14232.777777777797 
343.0039832394594 28.0 0.0 12.0 123.0 14193.345081993788 14195.266666666657 14232.777777777797 
344.0039832394594 29.0 0.0 11.0 123.0 14193.5372404611 14195.266666666657 14232.777777777797 
345.0039832394594 30.0 0.0 10.0 123.0 14194.022775674242 14198.392592592572 14232.777777777797 
346.0039832394594 30.0 0.0 10.0 123.0 14194.77234995866 14201.518518518522 14232.777777777797 
347.0039832394594 30.0 0.0 11.0 123.0 14195.446966814652 14201.518518518522 14232.777777777797 
348.0039832394594 30.0 0.0 11.0 123.0 14195.741529392442 14198.392592592572 14232.777777777797 
349.0039832394594 30.0 0.0 12.0 123.0 14196.006635712465 14198.392592592572 14232.777777777797 
350.0039832394594 30.0 0.0 12.0 123.0 14195.932638807866 14195.266666666657 14232.777777777797 
351.0039832394594 31.0 0.0 11.0 123.0 14195.866041593781 14195.266666666657 14232.777777777797 
352.0039832394594 31.0 0.0 11.0 124.0 14196.118696693644 14198.392592592572 14232.777777777797 
353.0039832394594 31.0 0.0 11.0 124.0 14196.346086283538 14198.392592592572 14232.777777777797 
354.0039832394594 31.0 0.0 11.0 124.0 14196.550736914465 14198.392592592572 14232.777777777797 
355.0039832394594 31.0 0.0 11.0 123.0 14196.734922482261 14198.392592592572 14232.777777777797 
356.0039832394594 31.0 0.0 11.0 123.0 14196.900689493283 14198.392592592572 14232.777777777797 
357.0039832394594 31.0 0.0 11.0 123.0 14197.049879803211 14198.392592592572 14232.777777777797 
358.0039832394594 31.0 0.0 11.0 123.0 14197.18415108216 14198.392592592572 14232.777777777797 
359.0039832394594 31.0 0.0 11.0 124.0 14197.30499523321 14198.392592592572 14232.777777777797 
360.0039832394594 31.0 0.0 11.0 124.0 14197.413754969144 14198.392592592572 14232.777777777797 
361.0039832394594 31.0 0.0 11.0 124.0 14197.511638731497 14198.392592592572 14232.777777777797 
362.0039832394594 31.0 0.0 11.0 124.0 14197.599734117593 14198.392592592572 14232.777777777797 
363.0039832394594 31.0 0.0 11.0 124.0 14197.679019965102 14198.392592592572 14232.777777777797 
364.0039832394594 31.0 0.0 11.0 124.0 14197.75037722784 14198.392592592572 14232.777777777797 
365.0039832394594 31.0 0.0 11.0 124.0 14197.814598764337 14198.392592592572 14232.777777777797 
366.0039832394594 31.0 0.0 11.0 124.0 14197.872398147163 14198.392592592572 14232.777777777797 
367.0039832394594 32.0 0.0 11.0 124.0 14197.924417591705 14198.392592592572 14232.777777777797 
368.0039832394594 32.0 0.0 11.0 124.0 14197.971235091773 14198.392592592572 14232.777777777797 
369.0039832394594 32.0 0.0 11.0 124.0 14198.013370841853 14198.392592592572 14232.777777777797 
370.0039832394594 32.0 0.0 12.0 124.0 14198.051293016959 14198.392592592572 14232.777777777797 
371.0039832394594 32.0 0.0 12.0 124.0 14197.772830381908 14195.266666666657 14232.777777777797 
372.0039832394594 32.0 0.0 12.0 124.0 14197.5222140104 14195.266666666657 14232.777777777797 
373.0039832394594 32.0 0.0 12.0 123.0 14197.296659276002 14195.266666666657 14232.777777777797 
374.0039832394594 32.0 0.0 13.0 123.0 14197.09366001508 14195.266666666657 14232.777777777797 
375.0039832394594 32.0 0.0 13.0 124.0 14195.149479198768 14177.651851851839 14232.777777777797 
376.0039832394594 32.0 0.0 13.0 123.0 14193.399716464048 14177.651851851839 14232.777777777797 
377.0039832394594 32.0 0.0 13.0 123.0 14191.824930002846 14177.651851851839 14232.777777777797 
378.0039832394594 33.0 0.0 12.0 123.0 14190.407622187755 14177.651851851839 14232.777777777797 
379.0039832394594 33.0 0.0 12.0 123.0 14190.893526635646 14195.266666666657 14232.777777777797 
380.0039832394594 33.0 0.0 12.0 123.0 14191.330840638731 14195.266666666657 14232.777777777797 
381.0039832394594 33.0 0.0 13.0 123.0 14191.72442324152 14195.266666666657 14232.777777777797 
382.0039832394594 33.0 0.0 13.0 123.0 14191.766054991473 14192.140740740746 14232.777777777797 
383.0039832394594 33.0 0.0 13.0 123.0 14191.803523566396 14192.140740740746 14232.777777777797 
384.0039832394594 33.0 0.0 13.0 123.0 14191.837245283821 14192.140740740746 14232.777777777797 
385.0039832394594 33.0 0.0 13.0 123.0 14191.8675948295 14192.140740740746 14232.777777777797 
386.0039832394594 33.0 0.0 13.0 123.0 14191.894909420645 14192.140740740746 14232.777777777797 
387.0039832394594 33.0 0.0 13.0 122.0 14191.919492552652 14192.140740740746 14232.777777777797 
388.0039832394594 35.0 0.0 11.0 122.0 14191.941617371453 14192.140740740746 14232.777777777797 
389.0039832394594 36.0 0.0 10.0 122.0 14192.586714893558 14198.392592592572 14232.777777777797 
390.0039832394594 36.0 0.0 10.0 122.0 14193.479895256058 14201.518518518522 14232.777777777797 
391.0039832394594 36.0 0.0 10.0 122.0 14194.283757582312 14201.518518518522 14232.777777777797 
392.0039832394594 36.0 0.0 10.0 122.0 14195.007233675919 14201.518518518522 14232.777777777797 
393.0039832394594 36.0 0.0 10.0 122.0 14195.658362160177 14201.518518518522 14232.777777777797 
394.0039832394594 36.0 0.0 10.0 122.0 14196.244377796 14201.518518518522 14232.777777777797 
395.0039832394594 36.0 0.0 10.0 122.0 14196.771791868257 14201.518518518522 14232.777777777797 
396.0039832394594 36.0 0.0 10.0 124.0 14197.24646453331 14201.518518518522 14232.777777777797 
397.0039832394594 36.0 0.0 10.0 125.0 14197.673669931824 14201.518518518522 14232.777777777797 
398.0039832394594 36.0 0.0 10.0 125.0 14198.058154790511 14201.518518518522 14232.777777777797 
399.0039832394594 36.0 0.0 10.0 125.0 14198.404191163287 14201.518518518522 14232.777777777797 
400.0039832394594 36.0 0.0 10.0 125.0 14198.715623898808 14201.518518518522 14232.777777777797 
401.0039832394594 36.0 0.0 10.0 125.0 14198.995913360804 14201.518518518522 14232.777777777797 
402.0039832394594 36.0 0.0 11.0 125.0 14199.248173876545 14201.518518518522 14232.777777777797 
403.0039832394594 36.0 0.0 11.0 125.0 14199.162615748171 14198.392592592572 14232.777777777797 
404.0039832394594 37.0 0.0 10.0 125.0 14199.085613432613 14198.392592592572 14232.777777777797 
405.0039832394594 37.0 0.0 10.0 125.0 14199.328903941185 14201.518518518522 14232.777777777797 
406.0039832394594 37.0 0.0 10.0 125.0 14199.547865398925 14201.518518518522 14232.777777777797 
407.0039832394594 37.0 0.0 10.0 125.0 14199.744930710893 14201.518518518522 14232.777777777797 
408.0039832394594 37.0 0.0 10.0 124.0 14199.922289491658 14201.518518518522 14232.777777777797 
409.0039832394594 37.0 0.0 10.0 124.0 14200.081912394318 14201.518518518522 14232.777777777797 
410.0039832394594 37.0 0.0 10.0 124.0 14200.225573006737 14201.518518518522 14232.777777777797 
411.0039832394594 38.0 0.0 9.0 124.0 14200.354867557931 14201.518518518522 14232.777777777797 
412.0039832394594 38.0 0.0 9.0 125.0 14200.783825246566 14204.644444444439 14232.777777777797 
413.0039832394594 38.0 0.0 9.0 125.0 14201.169887166358 14204.644444444439 14232.777777777797 
414.0039832394594 38.0 0.0 9.0 125.0 14201.517342894169 14204.644444444439 14232.777777777797 
415.0039832394594 38.0 0.0 9.0 125.0 14201.830053049223 14204.644444444439 14232.777777777797 
416.0039832394594 38.0 0.0 9.0 125.0 14202.111492188726 14204.644444444439 14232.777777777797 
417.0039832394594 38.0 0.0 9.0 125.0 14202.3647874143 14204.644444444439 14232.777777777797 
418.0039832394594 38.0 0.0 9.0 125.0 14202.592753117322 14204.644444444439 14232.777777777797 
419.0039832394594 38.0 0.0 9.0 126.0 14202.79792225002 14204.644444444439 14232.777777777797 
420.0039832394594 38.0 0.0 9.0 126.0 14202.982574469494 14204.644444444439 14232.777777777797 
421.0039832394594 38.0 0.0 9.0 126.0 14203.148761466957 14204.644444444439 14232.777777777797 
422.0039832394594 38.0 0.0 9.0 126.0 14203.2983297647 14204.644444444439 14232.777777777797 
423.0039832394594 38.0 0.0 9.0 126.0 14203.432941232693 14204.644444444439 14232.777777777797 
424.0039832394594 38.0 0.0 9.0 126.0 14203.554091553844 14204.644444444439 14232.777777777797 
425.0039832394594 38.0 0.0 9.0 126.0 14203.66312684293 14204.644444444439 14232.777777777797 
426.0039832394594 38.0 0.0 9.0 126.0 14203.761258603072 14204.644444444439 14232.777777777797 
427.0039832394594 39.0 0.0 8.0 126.0 14203.84957718722 14204.644444444439 14232.777777777797 
428.0039832394594 39.0 0.0 8.0 126.0 14204.241656505536 14207.77037037036 14232.777777777797 
429.0039832394594 39.0 0.0 9.0 126.0 14204.594527892012 14207.77037037036 14232.777777777797 
430.0039832394594 39.0 0.0 9.0 126.0 14204.599519547233 14204.644444444439 14232.777777777797 
431.0039832394594 39.0 0.0 9.0 126.0 14204.604012036982 14204.644444444439 14232.777777777797 
432.0039832394594 39.0 0.0 9.0 126.0 14204.608055277715 14204.644444444439 14232.777777777797 
433.0039832394594 39.0 0.0 9.0 126.0 14204.611694194398 14204.644444444439 14232.777777777797 
434.0039832394594 39.0 0.0 9.0 126.0 14204.6149692194 14204.644444444439 14232.777777777797 
435.0039832394594 39.0 0.0 9.0 126.0 14204.617916741912 14204.644444444439 14232.777777777797 
436.0039832394594 41.0 0.0 7.0 126.0 14204.620569512148 14204.644444444439 14232.777777777797 
437.0039832394594 41.0 0.0 7.0 126.0 14205.248142190569 14210.896296296318 14232.777777777797 
438.0039832394594 41.0 0.0 7.0 126.0 14205.812957601134 14210.896296296318 14232.777777777797 
439.0039832394594 41.0 0.0 7.0 126.0 14206.321291470653 14210.896296296318 14232.777777777797 
440.0039832394594 42.0 0.0 6.0 126.0 14206.778791953231 14210.896296296318 14232.777777777797 
441.0039832394594 42.0 0.0 6.0 126.0 14207.503134980134 14214.022222222226 14232.777777777797 
442.0039832394594 42.0 0.0 6.0 126.0 14208.155043704317 14214.022222222226 14232.777777777797 
443.0039832394594 42.0 0.0 6.0 126.0 14208.741761556117 14214.022222222226 14232.777777777797 
444.0039832394594 42.0 0.0 6.0 128.0 14209.26980762272 14214.022222222226 14232.777777777797 
445.0039832394594 42.0 0.0 6.0 128.0 14209.745049082687 14214.022222222226 14232.777777777797 
446.0039832394594 42.0 0.0 6.0 128.0 14210.172766396636 14214.022222222226 14232.777777777797 
447.0039832394594 42.0 0.0 6.0 128.0 14210.557711979216 14214.022222222226 14232.777777777797 
448.0039832394594 42.0 0.0 6.0 129.0 14210.904163003492 14214.022222222226 14232.777777777797 
449.0039832394594 42.0 0.0 6.0 129.0 14211.215968925373 14214.022222222226 14232.777777777797 
450.0039832394594 42.0 0.0 6.0 129.0 14211.49659425504 14214.022222222226 14232.777777777797 
451.0039832394594 42.0 0.0 6.0 129.0 14211.749157051763 14214.022222222226 14232.777777777797 
452.0039832394594 42.0 0.0 6.0 129.0 14211.976463568793 14214.022222222226 14232.777777777797 
453.0039832394594 42.0 0.0 6.0 129.0 14212.18103943416 14214.022222222226 14232.777777777797 
454.0039832394594 42.0 0.0 6.0 129.0 14212.36515771297 14214.022222222226 14232.777777777797 
455.0039832394594 42.0 0.0 6.0 129.0 14212.530864163895 14214.022222222226 14232.777777777797 
456.0039832394594 42.0 0.0 6.0 129.0 14212.679999969745 14214.022222222226 14232.777777777797 
457.0039832394594 42.0 0.0 6.0 129.0 14212.81422219498 14214.022222222226 14232.777777777797 
458.0039832394594 42.0 0.0 6.0 129.0 14212.93502219771 14214.022222222226 14232.777777777797 
459.0039832394594 42.0 0.0 6.0 129.0 14213.043742200161 14214.022222222226 14232.777777777797 
460.0039832394594 42.0 0.0 7.0 129.0 14213.141590202345 14214.022222222226 14232.777777777797 
461.0039832394594 42.0 0.0 7.0 129.0 14212.917060811738 14210.896296296318 14232.777777777797 
462.0039832394594 42.0 0.0 7.0 129.0 14212.71498436022 14210.896296296318 14232.777777777797 
463.0039832394594 42.0 0.0 7.0 129.0 14212.53311555381 14210.896296296318 14232.777777777797 
464.0039832394594 42.0 0.0 7.0 129.0 14212.369433628057 14210.896296296318 14232.777777777797 
465.0039832394594 42.0 0.0 8.0 129.0 14212.222119894885 14210.896296296318 14232.777777777797 
466.0039832394594 42.0 0.0 8.0 128.0 14210.328056053564 14193.281481481483 14232.777777777797 
467.0039832394594 42.0 0.0 8.0 128.0 14208.623398596334 14193.281481481483 14232.777777777797 
468.0039832394594 42.0 0.0 8.0 128.0 14207.08920688486 14193.281481481483 14232.777777777797 
469.0039832394594 43.0 0.0 7.0 128.0 14205.708434344522 14193.281481481483 14232.777777777797 
470.0039832394594 44.0 0.0 6.0 128.0 14206.227220539686 14210.896296296318 14232.777777777797 
471.0039832394594 45.0 0.0 5.0 128.0 14207.006720707936 14214.022222222226 14232.777777777797 
472.0039832394594 45.0 0.0 5.0 128.0 14208.020863451957 14217.14814814815 14232.777777777797 
473.0039832394594 45.0 0.0 5.0 128.0 14208.93359192159 14217.14814814815 14232.777777777797 
474.0039832394594 45.0 0.0 5.0 128.0 14209.755047544251 14217.14814814815 14232.777777777797 
475.0039832394594 45.0 0.0 5.0 128.0 14210.49435760464 14217.14814814815 14232.777777777797 
476.0039832394594 45.0 0.0 5.0 129.0 14211.159736658978 14217.14814814815 14232.777777777797 
477.0039832394594 45.0 0.0 5.0 129.0 14211.7585778079 14217.14814814815 14232.777777777797 
478.0039832394594 45.0 0.0 5.0 130.0 14212.297534841913 14217.14814814815 14232.777777777797 
479.0039832394594 45.0 0.0 5.0 130.0 14212.78259617255 14217.14814814815 14232.777777777797 
480.0039832394594 45.0 0.0 5.0 130.0 14213.219151370118 14217.14814814815 14232.777777777797 
481.0039832394594 45.0 0.0 5.0 130.0 14213.612051047925 14217.14814814815 14232.777777777797 
482.0039832394594 45.0 0.0 5.0 130.0 14213.965660757935 14217.14814814815 14232.777777777797 
483.0039832394594 45.0 0.0 5.0 130.0 14214.28390949696 14217.14814814815 14232.777777777797 
484.0039832394594 45.0 0.0 5.0 130.0 14214.570333362066 14217.14814814815 14232.777777777797 
485.0039832394594 46.0 0.0 5.0 130.0 14214.82811484069 14217.14814814815 14232.777777777797 
486.0039832394594 46.0 0.0 5.0 130.0 14213.611229282526 14202.659259259277 14232.777777777797 
487.0039832394594 46.0 0.0 5.0 130.0 14212.516032280228 14202.659259259277 14232.777777777797 
488.0039832394594 46.0 0.0 5.0 130.0 14211.530354978113 14202.659259259277 14232.777777777797 
489.0039832394594 47.0 0.0 4.0 130.0 14210.643245406238 14202.659259259277 14232.777777777797 
490.0039832394594 47.0 0.0 4.0 130.0 14211.606328273034 14220.274074074052 14232.777777777797 
491.0039832394594 47.0 0.0 4.0 130.0 14212.4731028531 14220.274074074052 14232.777777777797 
492.0039832394594 47.0 0.0 4.0 130.0 14213.253199975205 14220.274074074052 14232.777777777797 
493.0039832394594 47.0 0.0 4.0 131.0 14213.955287385099 14220.274074074052 14232.777777777797 
494.0039832394594 47.0 0.0 4.0 131.0 14214.587166054016 14220.274074074052 14232.777777777797 
495.0039832394594 47.0 0.0 4.0 131.0 14215.155856856009 14220.274074074052 14232.777777777797 
496.0039832394594 47.0 0.0 4.0 131.0 14215.667678577807 14220.274074074052 14232.777777777797 
497.0039832394594 47.0 0.0 4.0 131.0 14216.12831812742 14220.274074074052 14232.777777777797 
498.0039832394594 47.0 0.0 4.0 131.0 14216.542893722097 14220.274074074052 14232.777777777797 
499.0039832394594 48.0 0.0 3.0 131.0 14216.916011757301 14220.274074074052 14232.777777777797 
500.0039832394594 48.0 0.0 3.0 131.0 14217.564410581572 14223.400000000001 14232.777777777797 
501.0039832394594 48.0 0.0 3.0 131.0 14218.147969523401 14223.400000000001 14232.777777777797 
502.0039832394594 48.0 0.0 3.0 131.0 14218.673172571065 14223.400000000001 14232.777777777797 
503.0039832394594 48.0 0.0 3.0 131.0 14219.145855313971 14223.400000000001 14232.777777777797 
504.0039832394594 48.0 0.0 3.0 131.0 14219.571269782571 14223.400000000001 14232.777777777797 
505.0039832394594 48.0 0.0 3.0 131.0 14219.95414280433 14223.400000000001 14232.777777777797 
506.0039832394594 48.0 0.0 3.0 131.0 14220.298728523889 14223.400000000001 14232.777777777797 
507.0039832394594 48.0 0.0 4.0 132.0 14220.608855671493 14223.400000000001 14232.777777777797 
508.0039832394594 48.0 0.0 4.0 132.0 14220.88797010434 14223.400000000001 14232.777777777797 
509.0039832394594 48.0 0.0 4.0 132.0 14219.377691612428 14205.785185185186 14232.777777777797 
510.0039832394594 48.0 0.0 4.0 132.0 14218.018440969681 14205.785185185186 14232.777777777797 
511.0039832394594 48.0 0.0 4.0 132.0 14216.795115391247 14205.785185185186 14232.777777777797 
512.0039832394593 48.0 0.0 5.0 132.0 14215.694122370644 14205.785185185186 14232.777777777797 
513.0039832394593 48.0 0.0 6.0 132.0 14214.390636059523 14202.659259259277 14232.777777777797 
514.0039832394593 48.0 0.0 6.0 132.0 14212.904905786881 14199.533333333318 14232.777777777797 
515.0039832394593 48.0 0.0 6.0 132.0 14211.567748541549 14199.533333333318 14232.777777777797 
516.0039832394593 48.0 0.0 6.0 132.0 14210.364307020707 14199.533333333318 14232.777777777797 
517.0039832394593 48.0 0.0 6.0 132.0 14209.281209651963 14199.533333333318 14232.777777777797 
518.0039832394593 49.0 0.0 5.0 131.0 14208.306422020123 14199.533333333318 14232.777777777797 
519.0039832394593 49.0 0.0 5.0 130.0 14207.741705744013 14202.659259259277 14232.777777777797 
520.0039832394593 49.0 0.0 6.0 130.0 14207.233461095546 14202.659259259277 14232.777777777797 
521.0039832394593 50.0 0.0 5.0 130.0 14205.014559430432 14185.044444444442 14232.777777777797 
522.0039832394593 50.0 0.0 5.0 130.0 14203.330140524416 14188.17037037036 14232.777777777797 
523.0039832394593 50.0 0.0 5.0 130.0 14201.814163509009 14188.17037037036 14232.777777777797 
524.0039832394593 50.0 0.0 5.0 130.0 14200.449784195169 14188.17037037036 14232.777777777797 
525.0039832394593 50.0 0.0 5.0 131.0 14199.22184281268 14188.17037037036 14232.777777777797 
526.0039832394593 51.0 0.0 4.0 132.0 14198.116695568458 14188.17037037036 14232.777777777797 
527.0039832394593 51.0 0.0 4.0 131.0 14198.570951937525 14202.659259259277 14232.777777777797 
528.0039832394593 51.0 0.0 4.0 131.0 14198.979782669694 14202.659259259277 14232.777777777797 
529.0039832394593 51.0 0.0 4.0 131.0 14199.34773032866 14202.659259259277 14232.777777777797 
530.0039832394593 51.0 0.0 4.0 131.0 14199.678883221732 14202.659259259277 14232.777777777797 
531.0039832394593 51.0 0.0 4.0 131.0 14199.976920825484 14202.659259259277 14232.777777777797 
532.0039832394593 51.0 0.0 4.0 131.0 14200.245154668866 14202.659259259277 14232.777777777797 
533.0039832394593 51.0 0.0 4.0 131.0 14200.486565127889 14202.659259259277 14232.777777777797 
534.0039832394593 51.0 0.0 4.0 131.0 14200.703834541016 14202.659259259277 14232.777777777797 
535.0039832394593 51.0 0.0 4.0 131.0 14200.899377012847 14202.659259259277 14232.777777777797 
536.0039832394593 51.0 0.0 5.0 131.0 14201.075365237486 14202.659259259277 14232.777777777797 
537.0039832394593 51.0 0.0 5.0 131.0 14200.92116204706 14199.533333333318 14232.777777777797 
538.0039832394593 51.0 0.0 6.0 131.0 14200.782379175704 14199.533333333318 14232.777777777797 
539.0039832394593 51.0 0.0 6.0 131.0 14200.344881998879 14196.407407407401 14232.777777777797 
540.0039832394593 51.0 0.0 7.0 131.0 14199.95113453974 14196.407407407401 14232.777777777797 
541.0039832394593 51.0 0.0 7.0 131.0 14199.284169233913 14193.281481481483 14232.777777777797 
542.0039832394593 51.0 0.0 7.0 130.0 14198.683900458653 14193.281481481483 14232.777777777797 
543.0039832394593 51.0 0.0 7.0 130.0 14198.143658560944 14193.281481481483 14232.777777777797 
544.0039832394593 51.0 0.0 7.0 129.0 14197.657440852987 14193.281481481483 14232.777777777797 
545.0039832394593 51.0 0.0 7.0 129.0 14197.219844915844 14193.281481481483 14232.777777777797 
546.0039832394593 51.0 0.0 7.0 128.0 14196.826008572405 14193.281481481483 14232.777777777797 
547.0039832394593 52.0 0.0 6.0 128.0 14196.471555863329 14193.281481481483 14232.777777777797 
548.0039832394593 52.0 0.0 6.0 128.0 14197.914029906628 14210.896296296318 14232.777777777797 
549.0039832394593 52.0 0.0 6.0 128.0 14199.212256545572 14210.896296296318 14232.777777777797 
550.0039832394593 52.0 0.0 6.0 128.0 14200.38066052066 14210.896296296318 14232.777777777797 
551.0039832394593 52.0 0.0 6.0 128.0 14201.43222409822 14210.896296296318 14232.777777777797 
552.0039832394593 52.0 0.0 6.0 128.0 14202.378631318034 14210.896296296318 14232.777777777797 
553.0039832394593 53.0 0.0 5.0 128.0 14203.230397815863 14210.896296296318 14232.777777777797 
554.0039832394593 53.0 0.0 5.0 128.0 14204.309580256497 14214.022222222226 14232.777777777797 
555.0039832394593 53.0 0.0 5.0 128.0 14205.280844453071 14214.022222222226 14232.777777777797 
556.0039832394593 53.0 0.0 5.0 128.0 14206.154982229995 14214.022222222226 14232.777777777797 
557.0039832394593 53.0 0.0 5.0 128.0 14206.941706229187 14214.022222222226 14232.777777777797 
558.0039832394593 53.0 0.0 5.0 129.0 14207.6497578285 14214.022222222226 14232.777777777797 
559.0039832394593 53.0 0.0 5.0 129.0 14208.287004267873 14214.022222222226 14232.777777777797 
560.0039832394593 53.0 0.0 5.0 129.0 14208.860526063308 14214.022222222226 14232.777777777797 
561.0039832394593 53.0 0.0 5.0 129.0 14209.376695679199 14214.022222222226 14232.777777777797 
562.0039832394593 53.0 0.0 5.0 129.0 14209.841248333523 14214.022222222226 14232.777777777797 
563.0039832394593 53.0 0.0 6.0 129.0 14210.25934572237 14214.022222222226 14232.777777777797 
564.0039832394593 53.0 0.0 6.0 129.0 14210.323040779771 14210.896296296318 14232.777777777797 
565.0039832394593 53.0 0.0 6.0 129.0 14210.380366331416 14210.896296296318 14232.777777777797 
566.0039832394593 53.0 0.0 6.0 129.0 14210.431959327894 14210.896296296318 14232.777777777797 
567.0039832394593 54.0 0.0 5.0 129.0 14210.478393024736 14210.896296296318 14232.777777777797 
568.0039832394593 54.0 0.0 6.0 129.0 14210.832775944496 14214.022222222226 14232.777777777797 
569.0039832394593 54.0 0.0 6.0 128.0 14210.839127979658 14210.896296296318 14232.777777777797 
570.0039832394593 54.0 0.0 6.0 128.0 14210.844844811321 14210.896296296318 14232.777777777797 
571.0039832394593 54.0 0.0 6.0 128.0 14210.849989959834 14210.896296296318 14232.777777777797 
572.0039832394593 54.0 0.0 6.0 128.0 14210.854620593489 14210.896296296318 14232.777777777797 
573.0039832394593 54.0 0.0 6.0 128.0 14210.858788163747 14210.896296296318 14232.777777777797 
574.0039832394593 54.0 0.0 6.0 127.0 14210.862538976997 14210.896296296318 14232.777777777797 
575.0039832394593 54.0 0.0 7.0 128.0 14210.865914708944 14210.896296296318 14232.777777777797 
576.0039832394593 54.0 0.0 7.0 128.0 14210.556360275084 14207.77037037036 14232.777777777797 
577.0039832394593 55.0 0.0 6.0 128.0 14210.2777612846 14207.77037037036 14232.777777777797 
578.0039832394593 55.0 0.0 6.0 128.0 14210.339614785795 14210.896296296318 14232.777777777797 
579.0039832394593 55.0 0.0 7.0 128.0 14210.39528293683 14210.896296296318 14232.777777777797 
580.0039832394593 55.0 0.0 7.0 128.0 14210.132791680175 14207.77037037036 14232.777777777797 
581.0039832394593 55.0 0.0 7.0 127.0 14209.89654954921 14207.77037037036 14232.777777777797 
582.0039832394593 55.0 0.0 7.0 127.0 14209.683931631342 14207.77037037036 14232.777777777797 
583.0039832394593 55.0 0.0 7.0 128.0 14209.492575505206 14207.77037037036 14232.777777777797 
584.0039832394593 55.0 0.0 8.0 128.0 14209.32035499173 14207.77037037036 14232.777777777797 
585.0039832394593 55.0 0.0 8.0 127.0 14207.403875048121 14190.155555555531 14232.777777777797 
586.0039832394593 55.0 0.0 8.0 127.0 14205.67904309888 14190.155555555531 14232.777777777797 
587.0039832394593 55.0 0.0 8.0 127.0 14204.126694344535 14190.155555555531 14232.777777777797 
588.0039832394593 56.0 0.0 7.0 127.0 14202.729580465626 14190.155555555531 14232.777777777797 
589.0039832394593 56.0 0.0 7.0 127.0 14203.233659456113 14207.77037037036 14232.777777777797 
590.0039832394593 56.0 0.0 7.0 127.0 14203.687330547551 14207.77037037036 14232.777777777797 
591.0039832394593 56.0 0.0 7.0 127.0 14204.09563452981 14207.77037037036 14232.777777777797 
592.0039832394593 56.0 0.0 7.0 127.0 14204.463108113865 14207.77037037036 14232.777777777797 
593.0039832394593 56.0 0.0 7.0 127.0 14204.79383433952 14207.77037037036 14232.777777777797 
594.0039832394593 56.0 0.0 8.0 127.0 14205.09148794262 14207.77037037036 14232.777777777797 
595.0039832394593 56.0 0.0 8.0 127.0 14203.5978947039 14190.155555555531 14232.777777777797 
596.0039832394593 57.0 0.0 7.0 127.0 14202.253660789065 14190.155555555531 14232.777777777797 
597.0039832394593 57.0 0.0 8.0 127.0 14202.805331747191 14207.77037037036 14232.777777777797 
598.0039832394593 57.0 0.0 8.0 127.0 14202.989243016933 14204.644444444439 14232.777777777797 
599.0039832394593 57.0 0.0 9.0 127.0 14203.154763159682 14204.644444444439 14232.777777777797 
600.0039832394593 57.0 0.0 9.0 127.0 14202.991138695576 14201.518518518522 14232.777777777797 
#####################################################################
# End of data export. Simulation finished at: 2020-02-16T05:45+0000 #
#####################################################################
