#####################################################################
# Alchemist log file - simulation started at: 2020-02-03T18:02+0000 #
#####################################################################
# seed = 7.0, meanTaskSize = 100, smoothing = 0.01, grain = 1600.0, peakFrequency = 0.03
#
# The columns have the following meaning: 
# time done[Sum] drop[Sum] waiting[Sum] isLeader[Sum] capacity[Mean] freeCapacity[Mean] maxCapacity[Mean] 
0.0 NaN 0.0 NaN NaN NaN NaN NaN 
1.0042631798645665 0.0 0.0 0.0 135.0 14232.777777777797 14232.777777777797 14232.777777777797 
2.0042631798645667 0.0 0.0 0.0 135.0 14232.777777777797 14232.777777777797 14232.777777777797 
3.0042631798645667 0.0 0.0 0.0 135.0 14232.777777777797 14232.777777777797 14232.777777777797 
4.004263179864567 0.0 0.0 0.0 135.0 14232.777777777797 14232.777777777797 14232.777777777797 
5.004263179864567 0.0 0.0 0.0 135.0 14232.777777777797 14232.777777777797 14232.777777777797 
6.004263179864567 0.0 0.0 0.0 135.0 14232.777777777797 14232.777777777797 14232.777777777797 
7.004263179864567 0.0 0.0 0.0 135.0 14232.777777777797 14232.777777777797 14232.777777777797 
8.004263179864566 0.0 0.0 0.0 135.0 14232.777777777797 14232.777777777797 14232.777777777797 
9.004263179864566 0.0 0.0 0.0 135.0 14232.777777777797 14232.777777777797 14232.777777777797 
10.004263179864566 0.0 0.0 0.0 135.0 14232.777777777797 14232.777777777797 14232.777777777797 
11.004263179864566 0.0 0.0 0.0 135.0 14232.777777777797 14232.777777777797 14232.777777777797 
12.004263179864566 0.0 0.0 0.0 135.0 14232.777777777797 14232.777777777797 14232.777777777797 
13.004263179864566 0.0 0.0 0.0 135.0 14232.777777777797 14232.777777777797 14232.777777777797 
14.004263179864566 0.0 0.0 0.0 135.0 14232.777777777797 14232.777777777797 14232.777777777797 
15.004263179864566 0.0 0.0 0.0 135.0 14232.777777777797 14232.777777777797 14232.777777777797 
16.004263179864566 0.0 0.0 0.0 135.0 14232.777777777797 14232.777777777797 14232.777777777797 
17.004263179864566 0.0 0.0 1.0 135.0 14232.777777777797 14232.777777777797 14232.777777777797 
18.004263179864566 1.0 0.0 0.0 135.0 14232.601629629622 14215.162962962962 14232.777777777797 
19.004263179864566 1.0 0.0 1.0 135.0 14232.603391111097 14232.777777777797 14232.777777777797 
20.004263179864566 1.0 0.0 1.0 135.0 14232.57387571852 14229.651851851839 14232.777777777797 
21.004263179864566 1.0 0.0 1.0 135.0 14232.54465547984 14229.651851851839 14232.777777777797 
22.004263179864566 1.0 0.0 1.0 135.0 14232.515727443544 14229.651851851839 14232.777777777797 
23.004263179864566 1.0 0.0 1.0 135.0 14232.487088687665 14229.651851851839 14232.777777777797 
24.004263179864566 1.0 0.0 1.0 135.0 14232.45873631928 14229.651851851839 14232.777777777797 
25.004263179864566 1.0 0.0 2.0 135.0 14232.430667474611 14229.651851851839 14232.777777777797 
26.004263179864566 1.0 0.0 2.0 135.0 14232.371620059119 14226.525925925918 14232.777777777797 
27.004263179864566 2.0 0.0 2.0 135.0 14232.313163117797 14226.525925925918 14232.777777777797 
28.004263179864566 2.0 0.0 2.0 135.0 14232.255290745874 14226.525925925918 14232.777777777797 
29.004263179864566 2.0 0.0 2.0 135.0 14232.197997097686 14226.525925925918 14232.777777777797 
30.004263179864566 2.0 0.0 3.0 135.0 14232.141276385975 14226.525925925918 14232.777777777797 
31.004263179864566 3.0 0.0 2.0 135.0 14231.908974733231 14208.911111111145 14232.777777777797 
32.004263179864566 4.0 0.0 1.0 135.0 14231.710255356245 14212.037037037013 14232.777777777797 
33.004263179864566 4.0 0.0 1.0 135.0 14231.689671321208 14229.651851851839 14232.777777777797 
34.004263179864566 4.0 0.0 1.0 135.0 14231.669293126499 14229.651851851839 14232.777777777797 
35.004263179864566 4.0 0.0 1.0 135.0 14231.649118713756 14229.651851851839 14232.777777777797 
36.004263179864566 4.0 0.0 1.0 135.0 14231.629146045154 14229.651851851839 14232.777777777797 
37.004263179864566 4.0 0.0 1.0 135.0 14231.609373103222 14229.651851851839 14232.777777777797 
38.004263179864566 4.0 0.0 1.0 135.0 14231.589797890685 14229.651851851839 14232.777777777797 
39.004263179864566 4.0 0.0 1.0 135.0 14231.570418430352 14229.651851851839 14232.777777777797 
40.004263179864566 4.0 0.0 2.0 135.0 14231.551232764556 14229.651851851839 14232.777777777797 
41.004263179864566 6.0 0.0 0.0 135.0 14231.356090807252 14212.037037037013 14232.777777777797 
42.004263179864566 6.0 0.0 0.0 135.0 14231.370307676969 14232.777777777797 14232.777777777797 
43.004263179864566 6.0 0.0 0.0 135.0 14231.384382377959 14232.777777777797 14232.777777777797 
44.004263179864566 6.0 0.0 0.0 135.0 14231.39831633196 14232.777777777797 14232.777777777797 
45.004263179864566 6.0 0.0 0.0 135.0 14231.41211094646 14232.777777777797 14232.777777777797 
46.004263179864566 6.0 0.0 0.0 135.0 14231.425767614744 14232.777777777797 14232.777777777797 
47.004263179864566 6.0 0.0 0.0 135.0 14231.439287716374 14232.777777777797 14232.777777777797 
48.004263179864566 6.0 0.0 0.0 135.0 14231.452672616953 14232.777777777797 14232.777777777797 
49.004263179864566 6.0 0.0 0.0 135.0 14231.465923668602 14232.777777777797 14232.777777777797 
50.004263179864566 6.0 0.0 0.0 135.0 14231.479042209685 14232.777777777797 14232.777777777797 
51.004263179864566 6.0 0.0 0.0 135.0 14231.492029565354 14232.777777777797 14232.777777777797 
52.004263179864566 6.0 0.0 0.0 135.0 14231.504887047511 14232.777777777797 14232.777777777797 
53.004263179864566 6.0 0.0 0.0 135.0 14231.517615954803 14232.777777777797 14232.777777777797 
54.004263179864566 6.0 0.0 0.0 135.0 14231.53021757301 14232.777777777797 14232.777777777797 
55.004263179864566 6.0 0.0 0.0 135.0 14231.542693175074 14232.777777777797 14232.777777777797 
56.004263179864566 6.0 0.0 0.0 135.0 14231.555044021112 14232.777777777797 14232.777777777797 
57.004263179864566 6.0 0.0 0.0 135.0 14231.567271358675 14232.777777777797 14232.777777777797 
58.004263179864566 6.0 0.0 0.0 135.0 14231.57937642289 14232.777777777797 14232.777777777797 
59.004263179864566 6.0 0.0 0.0 135.0 14231.591360436401 14232.777777777797 14232.777777777797 
60.004263179864566 6.0 0.0 0.0 135.0 14231.603224609818 14232.777777777797 14232.777777777797 
61.004263179864566 6.0 0.0 0.0 135.0 14231.61497014147 14232.777777777797 14232.777777777797 
62.004263179864566 6.0 0.0 0.0 135.0 14231.626598217874 14232.777777777797 14232.777777777797 
63.004263179864566 6.0 0.0 0.0 135.0 14231.638110013473 14232.777777777797 14232.777777777797 
64.00426317986457 6.0 0.0 0.0 135.0 14231.649506691085 14232.777777777797 14232.777777777797 
65.00426317986457 6.0 0.0 0.0 135.0 14231.660789401974 14232.777777777797 14232.777777777797 
66.00426317986457 6.0 0.0 0.0 135.0 14231.67195928574 14232.777777777797 14232.777777777797 
67.00426317986457 6.0 0.0 1.0 135.0 14231.683017470656 14232.777777777797 14232.777777777797 
68.00426317986457 7.0 0.0 0.0 135.0 14231.662705814462 14229.651851851839 14232.777777777797 
69.00426317986457 7.0 0.0 0.0 135.0 14231.673856534111 14232.777777777797 14232.777777777797 
70.00426317986457 7.0 0.0 0.0 135.0 14231.684895746517 14232.777777777797 14232.777777777797 
71.00426317986457 7.0 0.0 2.0 135.0 14231.695824566847 14232.777777777797 14232.777777777797 
72.00426317986457 8.0 0.0 1.0 135.0 14231.499236691567 14212.037037037013 14232.777777777797 
73.00426317986457 8.0 0.0 1.0 135.0 14231.48076284316 14229.651851851839 14232.777777777797 
74.00426317986457 8.0 0.0 1.0 135.0 14231.462473733221 14229.651851851839 14232.777777777797 
75.00426317986457 8.0 0.0 1.0 135.0 14231.444367514407 14229.651851851839 14232.777777777797 
76.00426317986457 8.0 0.0 1.0 135.0 14231.426442357795 14229.651851851839 14232.777777777797 
77.00426317986457 9.0 0.0 0.0 135.0 14231.408696452758 14229.651851851839 14232.777777777797 
78.00426317986457 9.0 0.0 1.0 135.0 14231.422387265991 14232.777777777797 14232.777777777797 
79.00426317986457 9.0 0.0 2.0 135.0 14231.404681911847 14229.651851851839 14232.777777777797 
80.00426317986457 9.0 0.0 3.0 135.0 14231.355894351986 14226.525925925918 14232.777777777797 
81.00426317986457 9.0 0.0 3.0 135.0 14231.276335408487 14223.400000000001 14232.777777777797 
82.00426317986457 9.0 0.0 3.0 135.0 14231.197572054403 14223.400000000001 14232.777777777797 
83.00426317986457 9.0 0.0 4.0 135.0 14231.119596333832 14223.400000000001 14232.777777777797 
84.00426317986457 10.0 0.0 4.0 135.0 14230.86625222237 14205.785185185186 14232.777777777797 
85.00426317986457 11.0 0.0 3.0 135.0 14230.760330440873 14220.274074074052 14232.777777777797 
86.00426317986457 13.0 0.0 1.0 135.0 14230.686727136463 14223.400000000001 14232.777777777797 
87.00426317986457 13.0 0.0 1.0 135.0 14230.676378383618 14229.651851851839 14232.777777777797 
88.00426317986457 13.0 0.0 1.0 135.0 14230.666133118277 14229.651851851839 14232.777777777797 
89.00426317986457 13.0 0.0 2.0 135.0 14230.655990305657 14229.651851851839 14232.777777777797 
90.00426317986457 13.0 0.0 2.0 135.0 14230.61468966181 14226.525925925918 14232.777777777797 
91.00426317986457 14.0 0.0 2.0 135.0 14230.573802024463 14226.525925925918 14232.777777777797 
92.00426317986457 14.0 0.0 3.0 135.0 14230.533323263477 14226.525925925918 14232.777777777797 
93.00426317986457 14.0 0.0 3.0 135.0 14230.461990030857 14223.400000000001 14232.777777777797 
94.00426317986457 14.0 0.0 3.0 135.0 14230.39137013055 14223.400000000001 14232.777777777797 
95.00426317986457 14.0 0.0 3.0 135.0 14230.321456429248 14223.400000000001 14232.777777777797 
96.00426317986457 15.0 0.0 3.0 135.0 14230.252241864946 14223.400000000001 14232.777777777797 
97.00426317986457 15.0 0.0 3.0 135.0 14230.183719446286 14223.400000000001 14232.777777777797 
98.00426317986457 15.0 0.0 3.0 135.0 14230.11588225182 14223.400000000001 14232.777777777797 
99.00426317986457 15.0 0.0 3.0 135.0 14230.048723429336 14223.400000000001 14232.777777777797 
100.00426317986457 15.0 0.0 3.0 135.0 14229.982236195025 14223.400000000001 14232.777777777797 
101.00426317986457 15.0 0.0 3.0 135.0 14229.916413833082 14223.400000000001 14232.777777777797 
102.00426317986457 16.0 0.0 2.0 135.0 14229.851249694746 14223.400000000001 14232.777777777797 
103.00426317986457 16.0 0.0 2.0 135.0 14229.817996457055 14226.525925925918 14232.777777777797 
104.00426317986457 16.0 0.0 2.0 135.0 14229.785075751744 14226.525925925918 14232.777777777797 
105.00426317986457 16.0 0.0 2.0 135.0 14229.752484253506 14226.525925925918 14232.777777777797 
106.00426317986457 17.0 0.0 1.0 135.0 14229.7202186702 14226.525925925918 14232.777777777797 
107.00426317986457 17.0 0.0 1.0 135.0 14229.719535002037 14229.651851851839 14232.777777777797 
108.00426317986457 17.0 0.0 2.0 135.0 14229.71885817051 14229.651851851839 14232.777777777797 
109.00426317986457 17.0 0.0 2.0 134.0 14229.686928848101 14226.525925925918 14232.777777777797 
110.00426317986457 17.0 0.0 3.0 134.0 14229.655318818875 14226.525925925918 14232.777777777797 
111.00426317986457 17.0 0.0 3.0 134.0 14229.592839704745 14223.407407407401 14232.777777777797 
112.00426317986457 17.0 0.0 3.0 134.0 14229.530985381778 14223.407407407401 14232.777777777797 
113.00426317986457 17.0 0.0 3.0 134.0 14229.469749602033 14223.407407407401 14232.777777777797 
114.00426317986457 18.0 0.0 2.0 134.0 14229.409126180088 14223.407407407401 14232.777777777797 
115.00426317986457 18.0 0.0 2.0 134.0 14229.380368251628 14226.533333333318 14232.777777777797 
116.00426317986457 18.0 0.0 2.0 134.0 14229.351897902452 14226.533333333318 14232.777777777797 
117.00426317986457 19.0 0.0 1.0 134.0 14229.32371225675 14226.533333333318 14232.777777777797 
118.00426317986457 19.0 0.0 1.0 134.0 14229.326993652692 14229.651851851839 14232.777777777797 
119.00426317986457 19.0 0.0 1.0 134.0 14229.330242234682 14229.651851851839 14232.777777777797 
120.00426317986457 19.0 0.0 1.0 134.0 14229.333458330853 14229.651851851839 14232.777777777797 
121.00426317986457 19.0 0.0 1.0 134.0 14229.336642266091 14229.651851851839 14232.777777777797 
122.00426317986457 19.0 0.0 1.0 134.0 14229.339794361904 14229.651851851839 14232.777777777797 
123.00426317986457 19.0 0.0 1.0 134.0 14229.34291493682 14229.651851851839 14232.777777777797 
124.00426317986457 19.0 0.0 1.0 133.0 14229.346004305986 14229.651851851839 14232.777777777797 
125.00426317986457 20.0 0.0 1.0 133.0 14229.349062781454 14229.651851851839 14232.777777777797 
126.00426317986457 21.0 0.0 1.0 133.0 14229.207201783252 14215.162962962962 14232.777777777797 
127.00426317986457 21.0 0.0 1.0 133.0 14229.211648283906 14229.651851851839 14232.777777777797 
128.00426317986455 21.0 0.0 1.0 133.0 14229.216050319621 14229.651851851839 14232.777777777797 
129.00426317986455 21.0 0.0 1.0 133.0 14229.220408334937 14229.651851851839 14232.777777777797 
130.00426317986455 21.0 0.0 1.0 133.0 14229.2247227701 14229.651851851839 14232.777777777797 
131.00426317986455 21.0 0.0 1.0 133.0 14229.228994060924 14229.651851851839 14232.777777777797 
132.00426317986455 22.0 0.0 0.0 133.0 14229.233222638846 14229.651851851839 14232.777777777797 
133.00426317986455 22.0 0.0 0.0 134.0 14229.268668190238 14232.777777777797 14232.777777777797 
134.00426317986455 22.0 0.0 1.0 135.0 14229.303759286098 14232.777777777797 14232.777777777797 
135.00426317986455 22.0 0.0 1.0 134.0 14229.307240211738 14229.651851851839 14232.777777777797 
136.00426317986455 23.0 0.0 0.0 134.0 14229.310686328128 14229.651851851839 14232.777777777797 
137.00426317986455 23.0 0.0 0.0 134.0 14229.345357242648 14232.777777777797 14232.777777777797 
138.00426317986455 23.0 0.0 0.0 134.0 14229.379681448023 14232.777777777797 14232.777777777797 
139.00426317986455 23.0 0.0 0.0 134.0 14229.413662411322 14232.777777777797 14232.777777777797 
140.00426317986455 23.0 0.0 1.0 134.0 14229.447303564955 14232.777777777797 14232.777777777797 
141.00426317986455 23.0 0.0 1.0 134.0 14229.44934904783 14229.651851851839 14232.777777777797 
142.00426317986455 23.0 0.0 1.0 134.0 14229.451374075894 14229.651851851839 14232.777777777797 
143.00426317986455 23.0 0.0 1.0 135.0 14229.453378853646 14229.651851851839 14232.777777777797 
144.00426317986455 23.0 0.0 1.0 135.0 14229.455363583626 14229.651851851839 14232.777777777797 
145.00426317986455 23.0 0.0 1.0 135.0 14229.457328466297 14229.651851851839 14232.777777777797 
146.00426317986455 23.0 0.0 1.0 135.0 14229.459273700168 14229.651851851839 14232.777777777797 
147.00426317986455 23.0 0.0 2.0 135.0 14229.461199481679 14229.651851851839 14232.777777777797 
148.00426317986455 24.0 0.0 1.0 135.0 14229.286957857243 14212.037037037013 14232.777777777797 
149.00426317986455 24.0 0.0 1.0 135.0 14229.290606797154 14229.651851851839 14232.777777777797 
150.00426317986455 24.0 0.0 2.0 135.0 14229.2942192477 14229.651851851839 14232.777777777797 
151.00426317986455 25.0 0.0 1.0 135.0 14229.266536314504 14226.525925925918 14232.777777777797 
152.00426317986455 25.0 0.0 1.0 135.0 14229.270389469873 14229.651851851839 14232.777777777797 
153.00426317986455 25.0 0.0 2.0 135.0 14229.27420409368 14229.651851851839 14232.777777777797 
154.00426317986455 25.0 0.0 2.0 135.0 14229.246795386103 14226.533333333318 14232.777777777797 
155.00426317986455 25.0 0.0 2.0 135.0 14229.219660765564 14226.533333333318 14232.777777777797 
156.00426317986455 25.0 0.0 2.0 135.0 14229.19279749124 14226.533333333318 14232.777777777797 
157.00426317986455 25.0 0.0 2.0 135.0 14229.166202849641 14226.533333333318 14232.777777777797 
158.00426317986455 26.0 0.0 1.0 135.0 14229.139874154524 14226.533333333318 14232.777777777797 
159.00426317986455 26.0 0.0 1.0 135.0 14229.144993931453 14229.651851851839 14232.777777777797 
160.00426317986455 26.0 0.0 2.0 135.0 14229.150062510682 14229.651851851839 14232.777777777797 
161.00426317986455 26.0 0.0 2.0 135.0 14229.123821144827 14226.525925925918 14232.777777777797 
162.00426317986455 26.0 0.0 2.0 135.0 14229.097842192632 14226.525925925918 14232.777777777797 
163.00426317986455 26.0 0.0 3.0 135.0 14229.072123029979 14226.525925925918 14232.777777777797 
164.00426317986455 27.0 0.0 2.0 135.0 14229.015401799663 14223.400000000001 14232.777777777797 
165.00426317986455 27.0 0.0 2.0 135.0 14228.990507040931 14226.525925925918 14232.777777777797 
166.00426317986455 27.0 0.0 2.0 135.0 14228.96586122979 14226.525925925918 14232.777777777797 
167.00426317986455 27.0 0.0 2.0 135.0 14228.941461876757 14226.525925925918 14232.777777777797 
168.00426317986455 28.0 0.0 2.0 134.0 14228.917306517233 14226.525925925918 14232.777777777797 
169.00426317986455 28.0 0.0 3.0 134.0 14228.893466785405 14226.533333333318 14232.777777777797 
170.00426317986455 28.0 0.0 4.0 134.0 14228.838606191648 14223.407407407401 14232.777777777797 
171.00426317986455 29.0 0.0 4.0 135.0 14228.608146055643 14205.792592592627 14232.777777777797 
172.00426317986455 30.0 0.0 3.0 135.0 14228.52495348395 14220.288888888881 14232.777777777797 
173.00426317986455 30.0 0.0 4.0 134.0 14228.47377802322 14223.407407407401 14232.777777777797 
174.00426317986455 30.0 0.0 4.0 134.0 14228.391855057771 14220.281481481483 14232.777777777797 
175.00426317986455 30.0 0.0 4.0 134.0 14228.310751322013 14220.281481481483 14232.777777777797 
176.00426317986455 30.0 0.0 4.0 134.0 14228.230458623593 14220.281481481483 14232.777777777797 
177.00426317986455 30.0 0.0 4.0 134.0 14228.150968852173 14220.281481481483 14232.777777777797 
178.00426317986455 30.0 0.0 4.0 134.0 14228.07227397848 14220.281481481483 14232.777777777797 
179.00426317986455 32.0 0.0 2.0 134.0 14227.994366053528 14220.281481481483 14232.777777777797 
180.00426317986455 33.0 0.0 1.0 134.0 14227.979681652227 14226.525925925918 14232.777777777797 
181.00426317986455 33.0 0.0 1.0 134.0 14227.996403354247 14229.651851851839 14232.777777777797 
182.00426317986455 33.0 0.0 1.0 134.0 14228.01295783921 14229.651851851839 14232.777777777797 
183.00426317986455 33.0 0.0 1.0 134.0 14228.029346779324 14229.651851851839 14232.777777777797 
184.00426317986455 33.0 0.0 1.0 134.0 14228.045571830064 14229.651851851839 14232.777777777797 
185.00426317986455 33.0 0.0 1.0 134.0 14228.061634630285 14229.651851851839 14232.777777777797 
186.00426317986455 33.0 0.0 1.0 134.0 14228.07753680249 14229.651851851839 14232.777777777797 
187.00426317986455 34.0 0.0 0.0 134.0 14228.093279953004 14229.651851851839 14232.777777777797 
188.00426317986455 34.0 0.0 0.0 134.0 14228.140124931244 14232.777777777797 14232.777777777797 
189.00426317986455 34.0 0.0 0.0 134.0 14228.18650145972 14232.777777777797 14232.777777777797 
190.00426317986455 34.0 0.0 0.0 134.0 14228.23241422289 14232.777777777797 14232.777777777797 
191.00426317986455 34.0 0.0 0.0 134.0 14228.277867858427 14232.777777777797 14232.777777777797 
192.00426317986455 34.0 0.0 0.0 134.0 14228.322866957622 14232.777777777797 14232.777777777797 
193.00426317986455 34.0 0.0 0.0 134.0 14228.367416065805 14232.777777777797 14232.777777777797 
194.00426317986455 34.0 0.0 1.0 134.0 14228.411519682937 14232.777777777797 14232.777777777797 
195.00426317986455 34.0 0.0 1.0 134.0 14228.42392300463 14229.651851851839 14232.777777777797 
196.00426317986455 34.0 0.0 1.0 134.0 14228.43620229311 14229.651851851839 14232.777777777797 
197.00426317986455 34.0 0.0 1.0 134.0 14228.448358788699 14229.651851851839 14232.777777777797 
198.00426317986455 34.0 0.0 1.0 134.0 14228.460393719308 14229.651851851839 14232.777777777797 
199.00426317986455 34.0 0.0 2.0 134.0 14228.472308300647 14229.651851851839 14232.777777777797 
200.00426317986455 35.0 0.0 2.0 134.0 14228.452844476926 14226.525925925918 14232.777777777797 
201.00426317986455 36.0 0.0 1.0 134.0 14228.288686402499 14212.037037037013 14232.777777777797 
202.00426317986455 36.0 0.0 2.0 134.0 14228.302318056982 14229.651851851839 14232.777777777797 
203.00426317986455 36.0 0.0 2.0 134.0 14228.28455413567 14226.525925925918 14232.777777777797 
204.00426317986455 36.0 0.0 2.0 134.0 14228.26696785359 14226.525925925918 14232.777777777797 
205.00426317986455 36.0 0.0 2.0 134.0 14228.249557434301 14226.525925925918 14232.777777777797 
206.00426317986455 36.0 0.0 2.0 134.0 14228.23232111923 14226.525925925918 14232.777777777797 
207.00426317986455 36.0 0.0 3.0 134.0 14228.215257167281 14226.525925925918 14232.777777777797 
208.00426317986455 36.0 0.0 3.0 134.0 14228.198363854899 14226.525925925918 14232.777777777797 
209.00426317986455 37.0 0.0 2.0 134.0 14228.005491327427 14208.911111111145 14232.777777777797 
210.00426317986455 37.0 0.0 2.0 134.0 14227.990695673432 14226.525925925918 14232.777777777797 
211.00426317986455 37.0 0.0 2.0 134.0 14227.976047975968 14226.525925925918 14232.777777777797 
212.00426317986455 37.0 0.0 2.0 134.0 14227.961546755483 14226.525925925918 14232.777777777797 
213.00426317986455 37.0 0.0 3.0 133.0 14227.947190547178 14226.525925925918 14232.777777777797 
214.00426317986455 38.0 0.0 6.0 133.0 14227.901718641691 14223.400000000001 14232.777777777797 
215.00426317986455 39.0 0.0 5.0 133.0 14227.618034788597 14199.533333333318 14232.777777777797 
216.00426317986455 40.0 0.0 4.0 133.0 14227.513335922204 14217.14814814815 14232.777777777797 
217.00426317986455 40.0 0.0 4.0 133.0 14227.440943303704 14220.274074074052 14232.777777777797 
218.00426317986455 41.0 0.0 3.0 133.0 14227.369274611427 14220.274074074052 14232.777777777797 
219.00426317986455 41.0 0.0 3.0 133.0 14227.329581865295 14223.400000000001 14232.777777777797 
220.00426317986455 41.0 0.0 3.0 133.0 14227.290286046647 14223.400000000001 14232.777777777797 
221.00426317986455 41.0 0.0 3.0 133.0 14227.251383186205 14223.400000000001 14232.777777777797 
222.00426317986455 41.0 0.0 5.0 133.0 14227.21286935435 14223.400000000001 14232.777777777797 
223.00426317986455 42.0 0.0 4.0 132.0 14227.143481401543 14220.274074074052 14232.777777777797 
224.00426317986455 43.0 0.0 3.0 132.0 14226.92989843936 14205.785185185186 14232.777777777797 
225.00426317986455 43.0 0.0 3.0 132.0 14226.894599454989 14223.400000000001 14232.777777777797 
226.00426317986455 43.0 0.0 5.0 132.0 14226.859653460431 14223.400000000001 14232.777777777797 
227.00426317986455 44.0 0.0 5.0 132.0 14226.793797666543 14220.274074074052 14232.777777777797 
228.00426317986455 45.0 0.0 4.0 133.0 14226.55245228247 14202.659259259277 14232.777777777797 
229.00426317986455 45.0 0.0 4.0 133.0 14226.48966850042 14220.274074074052 14232.777777777797 
230.00426317986455 46.0 0.0 3.0 132.0 14226.427512556143 14220.274074074052 14232.777777777797 
231.00426317986455 46.0 0.0 3.0 132.0 14226.397237430587 14223.400000000001 14232.777777777797 
232.00426317986455 46.0 0.0 3.0 132.0 14226.367265056268 14223.400000000001 14232.777777777797 
233.00426317986455 46.0 0.0 4.0 132.0 14226.337592405695 14223.400000000001 14232.777777777797 
234.00426317986455 47.0 0.0 3.0 132.0 14226.132068333529 14205.785185185186 14232.777777777797 
235.00426317986455 48.0 0.0 2.0 132.0 14226.104747650152 14223.400000000001 14232.777777777797 
236.00426317986455 49.0 0.0 1.0 131.0 14226.10895943293 14226.525925925918 14232.777777777797 
237.00426317986455 50.0 0.0 0.0 131.0 14226.14438835709 14229.651851851839 14232.777777777797 
238.00426317986455 50.0 0.0 0.0 131.0 14226.21072225132 14232.777777777797 14232.777777777797 
239.00426317986455 50.0 0.0 0.0 131.0 14226.276392806602 14232.777777777797 14232.777777777797 
240.00426317986455 50.0 0.0 2.0 131.0 14226.341406656311 14232.777777777797 14232.777777777797 
241.00426317986455 51.0 0.0 1.0 131.0 14226.198362960113 14212.037037037013 14232.777777777797 
242.00426317986455 51.0 0.0 1.0 131.0 14226.232897849006 14229.651851851839 14232.777777777797 
243.00426317986455 52.0 0.0 1.0 133.0 14226.267087389066 14229.651851851839 14232.777777777797 
244.00426317986455 53.0 0.0 1.0 133.0 14226.156046144779 14215.162962962962 14232.777777777797 
245.00426317986455 53.0 0.0 2.0 133.0 14226.19100420187 14229.651851851839 14232.777777777797 
246.00426317986455 53.0 0.0 3.0 133.0 14226.194353419098 14226.525925925918 14232.777777777797 
247.00426317986455 53.0 0.0 3.0 133.0 14226.166409884923 14223.400000000001 14232.777777777797 
248.00426317986455 54.0 0.0 2.0 133.0 14226.138745786058 14223.400000000001 14232.777777777797 
249.00426317986455 54.0 0.0 2.0 133.0 14226.142617587459 14226.525925925918 14232.777777777797 
250.00426317986455 55.0 0.0 3.0 132.0 14226.146450670822 14226.525925925918 14232.777777777797 
251.00426317986455 55.0 0.0 4.0 132.0 14226.150245423387 14226.525925925918 14232.777777777797 
252.00426317986455 55.0 0.0 4.0 132.0 14225.97785408028 14208.911111111145 14232.777777777797 
253.00426317986455 55.0 0.0 5.0 132.0 14225.631112576528 14191.303703703717 14232.777777777797 
254.00426317986455 57.0 0.0 3.0 132.0 14225.11169033963 14173.688888888892 14232.777777777797 
255.00426317986455 57.0 0.0 3.0 132.0 14224.949684547355 14208.911111111145 14232.777777777797 
256.00426317986455 57.0 0.0 3.0 132.0 14224.789298812972 14208.911111111145 14232.777777777797 
257.00426317986455 58.0 0.0 2.0 132.0 14224.80666508413 14226.525925925918 14232.777777777797 
258.00426317986455 58.0 0.0 2.0 133.0 14224.823857692529 14226.525925925918 14232.777777777797 
259.00426317986455 59.0 0.0 1.0 133.0 14224.840878374856 14226.525925925918 14232.777777777797 
260.00426317986455 59.0 0.0 1.0 133.0 14224.888988109646 14229.651851851839 14232.777777777797 
261.00426317986455 59.0 0.0 1.0 133.0 14224.936616747045 14229.651851851839 14232.777777777797 
262.00426317986455 59.0 0.0 1.0 134.0 14224.983769098128 14229.651851851839 14232.777777777797 
263.00426317986455 60.0 0.0 0.0 134.0 14225.030449925629 14229.651851851839 14232.777777777797 
264.00426317986455 60.0 0.0 1.0 134.0 14225.107923204174 14232.777777777797 14232.777777777797 
265.00426317986455 60.0 0.0 1.0 133.0 14225.153362490619 14229.651851851839 14232.777777777797 
266.00426317986455 60.0 0.0 1.0 133.0 14225.198347384256 14229.651851851839 14232.777777777797 
267.00426317986455 60.0 0.0 2.0 133.0 14225.242882428938 14229.651851851839 14232.777777777797 
268.00426317986455 61.0 0.0 1.0 133.0 14225.110823975012 14212.037037037013 14232.777777777797 
269.00426317986455 62.0 0.0 0.0 133.0 14225.156234253767 14229.651851851839 14232.777777777797 
270.00426317986455 62.0 0.0 0.0 133.0 14225.232449689021 14232.777777777797 14232.777777777797 
271.00426317986455 62.0 0.0 1.0 133.0 14225.307902969922 14232.777777777797 14232.777777777797 
272.00426317986455 62.0 0.0 1.0 133.0 14225.351342458722 14229.651851851839 14232.777777777797 
273.00426317986455 62.0 0.0 1.0 133.0 14225.394347552648 14229.651851851839 14232.777777777797 
274.00426317986455 63.0 0.0 1.0 133.0 14225.436922595673 14229.651851851839 14232.777777777797 
275.00426317986455 64.0 0.0 1.0 133.0 14225.334182999322 14215.162962962962 14232.777777777797 
276.00426317986455 64.0 0.0 2.0 133.0 14225.377359687865 14229.651851851839 14232.777777777797 
277.00426317986455 64.0 0.0 2.0 133.0 14225.38884535024 14226.525925925918 14232.777777777797 
278.00426317986455 65.0 0.0 2.0 133.0 14225.400216155987 14226.525925925918 14232.777777777797 
279.00426317986455 65.0 0.0 3.0 133.0 14225.411473253664 14226.525925925918 14232.777777777797 
280.00426317986455 65.0 0.0 4.0 133.0 14225.391432595232 14223.407407407401 14232.777777777797 
281.00426317986455 65.0 0.0 4.0 132.0 14225.34033308408 14220.281481481483 14232.777777777797 
282.00426317986455 66.0 0.0 4.0 132.0 14225.289744568066 14220.281481481483 14232.777777777797 
283.00426317986455 66.0 0.0 6.0 132.0 14225.239661937201 14220.281481481483 14232.777777777797 
284.00426317986455 66.0 0.0 6.0 132.0 14225.12763568819 14214.037037037013 14232.777777777797 
285.00426317986455 66.0 0.0 7.0 132.0 14225.01672970168 14214.037037037013 14232.777777777797 
286.00426317986455 67.0 0.0 6.0 132.0 14224.875747589851 14210.918518518494 14232.777777777797 
287.00426317986455 67.0 0.0 6.0 132.0 14224.767360484331 14214.037037037013 14232.777777777797 
288.00426317986455 67.0 0.0 7.0 132.0 14224.66005724985 14214.037037037013 14232.777777777797 
289.00426317986455 68.0 0.0 6.0 133.0 14224.522567788468 14210.911111111145 14232.777777777797 
290.00426317986455 68.0 0.0 6.0 133.0 14224.417712480934 14214.037037037013 14232.777777777797 
291.00426317986455 69.0 0.0 5.0 133.0 14224.313905726514 14214.037037037013 14232.777777777797 
292.00426317986455 70.0 0.0 4.0 133.0 14224.242396298878 14217.162962962962 14232.777777777797 
293.00426317986455 70.0 0.0 4.0 133.0 14224.202861224781 14220.288888888881 14232.777777777797 
294.00426317986455 71.0 0.0 3.0 132.0 14224.163721501416 14220.288888888881 14232.777777777797 
295.00426317986455 71.0 0.0 6.0 132.0 14224.156158360478 14223.407407407401 14232.777777777797 
296.00426317986455 72.0 0.0 5.0 132.0 14224.086152332453 14217.155555555531 14232.777777777797 
297.00426317986455 75.0 0.0 3.0 132.0 14223.871883401718 14202.659259259277 14232.777777777797 
298.00426317986455 75.0 0.0 3.0 131.0 14223.867238641771 14223.407407407401 14232.777777777797 
299.00426317986455 75.0 0.0 5.0 131.0 14223.862640329417 14223.407407407401 14232.777777777797 
300.00426317986455 75.0 0.0 5.0 131.0 14223.79556948169 14217.155555555531 14232.777777777797 
301.00426317986455 75.0 0.0 5.0 131.0 14223.729169342398 14217.155555555531 14232.777777777797 
302.00426317986455 75.0 0.0 6.0 131.0 14223.663433204536 14217.155555555531 14232.777777777797 
303.00426317986455 75.0 0.0 6.0 131.0 14223.567169242875 14214.037037037013 14232.777777777797 
304.00426317986455 75.0 0.0 6.0 131.0 14223.471867920793 14214.037037037013 14232.777777777797 
305.00426317986455 75.0 0.0 9.0 132.0 14223.377519611977 14214.037037037013 14232.777777777797 
306.00426317986455 77.0 0.0 7.0 131.0 14223.076707378821 14193.296296296277 14232.777777777797 
307.00426317986455 78.0 0.0 7.0 131.0 14222.8100884532 14196.414814814798 14232.777777777797 
308.00426317986455 78.0 0.0 8.0 131.0 14222.69109867974 14210.911111111145 14232.777777777797 
309.00426317986455 79.0 0.0 7.0 130.0 14222.397150655896 14193.296296296277 14232.777777777797 
310.00426317986455 80.0 0.0 7.0 130.0 14222.137327297503 14196.414814814798 14232.777777777797 
311.00426317986455 82.0 0.0 5.0 130.0 14221.735287357886 14181.933333333322 14232.777777777797 
312.00426317986455 82.0 0.0 5.0 130.0 14221.544601150954 14202.666666666668 14232.777777777797 
313.00426317986455 84.0 0.0 3.0 130.0 14221.531969954262 14220.281481481483 14232.777777777797 
314.00426317986455 85.0 0.0 3.0 130.0 14221.550724328792 14223.407407407401 14232.777777777797 
315.00426317986455 87.0 0.0 5.0 130.0 14221.424328196641 14208.911111111145 14232.777777777797 
316.00426317986455 88.0 0.0 4.0 130.0 14221.236677507244 14202.659259259277 14232.777777777797 
317.00426317986455 88.0 0.0 5.0 129.0 14221.227051472908 14220.274074074052 14232.777777777797 
318.00426317986455 89.0 0.0 4.0 129.0 14221.186262439644 14217.14814814815 14232.777777777797 
319.00426317986455 89.0 0.0 4.0 129.0 14221.177140555996 14220.274074074052 14232.777777777797 
320.00426317986455 89.0 0.0 4.0 129.0 14221.168109891167 14220.274074074052 14232.777777777797 
321.00426317986455 89.0 0.0 6.0 129.0 14221.159169533 14220.274074074052 14232.777777777797 
322.00426317986455 89.0 0.0 8.0 130.0 14221.087874133977 14214.029629629666 14232.777777777797 
323.00426317986455 89.0 0.0 9.0 129.0 14220.986032429686 14210.903703703707 14232.777777777797 
324.00426317986455 90.0 0.0 8.0 129.0 14220.67780173502 14190.162962962962 14232.777777777797 
325.00426317986455 90.0 0.0 8.0 129.0 14220.403912606545 14193.288888888881 14232.777777777797 
326.00426317986455 92.0 0.0 6.0 129.0 14220.132762369369 14193.288888888881 14232.777777777797 
327.00426317986455 92.0 0.0 6.0 130.0 14220.071731041982 14214.029629629666 14232.777777777797 
328.00426317986455 92.0 0.0 6.0 130.0 14220.011310027836 14214.029629629666 14232.777777777797 
329.00426317986455 94.0 0.0 4.0 130.0 14219.951493223858 14214.029629629666 14232.777777777797 
330.00426317986455 94.0 0.0 5.0 130.0 14219.954719032365 14220.274074074052 14232.777777777797 
331.00426317986455 94.0 0.0 6.0 130.0 14219.957912582775 14220.274074074052 14232.777777777797 
332.00426317986455 94.0 0.0 7.0 130.0 14219.784926049557 14202.659259259277 14232.777777777797 
333.00426317986455 99.0 0.0 3.0 130.0 14219.406336048321 14181.92592592593 14232.777777777797 
334.00426317986455 99.0 0.0 4.0 130.0 14219.301383798953 14208.911111111145 14232.777777777797 
335.00426317986455 99.0 0.0 4.0 130.0 14219.1662218128 14205.785185185186 14232.777777777797 
336.00426317986455 99.0 0.0 4.0 130.0 14219.032411446524 14205.785185185186 14232.777777777797 
337.00426317986455 101.0 0.0 2.0 130.0 14219.076087332054 14223.400000000001 14232.777777777797 
338.00426317986455 101.0 0.0 3.0 130.0 14219.150585718013 14226.525925925918 14232.777777777797 
339.00426317986455 101.0 0.0 5.0 130.0 14219.193079860806 14223.400000000001 14232.777777777797 
340.00426317986455 102.0 0.0 5.0 130.0 14219.027741654823 14202.659259259277 14232.777777777797 
341.00426317986455 102.0 0.0 7.0 130.0 14219.040204979 14220.274074074052 14232.777777777797 
342.00426317986455 102.0 0.0 7.0 130.0 14218.813951077349 14196.414814814798 14232.777777777797 
343.00426317986455 103.0 0.0 7.0 129.0 14218.589959714714 14196.414814814798 14232.777777777797 
344.00426317986455 103.0 0.0 8.0 129.0 14218.513171228684 14210.911111111145 14232.777777777797 
345.00426317986455 103.0 0.0 8.0 129.0 14218.405891368277 14207.785185185186 14232.777777777797 
346.00426317986455 105.0 0.0 6.0 129.0 14218.299684306434 14207.785185185186 14232.777777777797 
347.00426317986455 106.0 0.0 7.0 129.0 14218.257057833753 14214.037037037013 14232.777777777797 
348.00426317986455 108.0 0.0 5.0 129.0 14218.069894662804 14199.540740740757 14232.777777777797 
349.00426317986455 109.0 0.0 4.0 128.0 14217.91586238285 14202.666666666668 14232.777777777797 
350.00426317986455 110.0 0.0 4.0 127.0 14217.93951857383 14220.281481481483 14232.777777777797 
351.00426317986455 110.0 0.0 4.0 127.0 14217.962938202909 14220.281481481483 14232.777777777797 
352.00426317986455 112.0 0.0 2.0 127.0 14217.986123635716 14220.281481481483 14232.777777777797 
353.00426317986455 112.0 0.0 4.0 127.0 14218.071521658596 14226.525925925918 14232.777777777797 
354.00426317986455 113.0 0.0 4.0 127.0 14217.94865829389 14205.785185185186 14232.777777777797 
355.00426317986455 114.0 0.0 4.0 126.0 14217.8270235628 14205.785185185186 14232.777777777797 
356.00426317986455 114.0 0.0 4.0 126.0 14217.706605179008 14205.785185185186 14232.777777777797 
357.00426317986455 115.0 0.0 4.0 127.0 14217.763539127212 14223.400000000001 14232.777777777797 
358.00426317986455 116.0 0.0 3.0 127.0 14217.78864447667 14220.274074074052 14232.777777777797 
359.00426317986455 116.0 0.0 3.0 128.0 14217.844758031933 14223.400000000001 14232.777777777797 
360.00426317986455 116.0 0.0 3.0 128.0 14217.900310451585 14223.400000000001 14232.777777777797 
361.00426317986455 116.0 0.0 3.0 128.0 14217.955307347092 14223.400000000001 14232.777777777797 
362.00426317986455 116.0 0.0 3.0 128.0 14218.00975427363 14223.400000000001 14232.777777777797 
363.00426317986455 116.0 0.0 4.0 129.0 14218.063656730881 14223.400000000001 14232.777777777797 
364.00426317986455 116.0 0.0 5.0 129.0 14218.08576090431 14220.274074074052 14232.777777777797 
365.00426317986455 116.0 0.0 7.0 127.0 14218.076384776752 14217.14814814815 14232.777777777797 
366.00426317986455 117.0 0.0 8.0 127.0 14218.035843151216 14214.022222222226 14232.777777777797 
367.00426317986455 118.0 0.0 7.0 127.0 14217.850818053015 14199.533333333318 14232.777777777797 
368.00426317986455 119.0 0.0 6.0 126.0 14217.346680242868 14167.437037037065 14232.777777777797 
369.00426317986455 121.0 0.0 5.0 126.0 14217.023731958945 14185.05185185184 14232.777777777797 
370.00426317986455 122.0 0.0 5.0 126.0 14216.911346491228 14205.785185185186 14232.777777777797 
371.00426317986455 122.0 0.0 5.0 126.0 14216.768825618912 14202.659259259277 14232.777777777797 
372.00426317986455 124.0 0.0 3.0 126.0 14216.627729955306 14202.659259259277 14232.777777777797 
373.00426317986455 125.0 0.0 2.0 126.0 14216.695452655751 14223.400000000001 14232.777777777797 
374.00426317986455 125.0 0.0 3.0 126.0 14216.793757388457 14226.525925925918 14232.777777777797 
375.00426317986455 125.0 0.0 4.0 126.0 14216.891079073845 14226.525925925918 14232.777777777797 
376.00426317986455 127.0 0.0 2.0 127.0 14216.635131246065 14191.296296296277 14232.777777777797 
377.00426317986455 128.0 0.0 1.0 127.0 14216.734039192846 14226.525925925918 14232.777777777797 
378.00426317986455 128.0 0.0 2.0 127.0 14216.86321731944 14229.651851851839 14232.777777777797 
379.00426317986455 130.0 0.0 0.0 127.0 14216.814955516606 14212.037037037013 14232.777777777797 
380.00426317986455 130.0 0.0 1.0 127.0 14216.974583739242 14232.777777777797 14232.777777777797 
381.00426317986455 131.0 0.0 2.0 128.0 14216.956467531469 14215.162962962962 14232.777777777797 
382.00426317986455 131.0 0.0 4.0 128.0 14217.05216211539 14226.525925925918 14232.777777777797 
383.00426317986455 131.0 0.0 4.0 129.0 14216.939492346113 14205.785185185186 14232.777777777797 
384.00426317986455 132.0 0.0 3.0 129.0 14216.827949274499 14205.785185185186 14232.777777777797 
385.00426317986455 132.0 0.0 4.0 129.0 14216.893669781763 14223.400000000001 14232.777777777797 
386.00426317986455 132.0 0.0 6.0 130.0 14216.782584935774 14205.785185185186 14232.777777777797 
387.00426317986455 133.0 0.0 5.0 130.0 14216.496462790137 14188.17037037036 14232.777777777797 
388.00426317986455 134.0 0.0 6.0 130.0 14216.213201865932 14188.17037037036 14232.777777777797 
389.00426317986455 136.0 0.0 5.0 131.0 14215.932773550985 14188.17037037036 14232.777777777797 
390.00426317986455 137.0 0.0 5.0 131.0 14215.655149519158 14188.17037037036 14232.777777777797 
391.00426317986455 137.0 0.0 6.0 131.0 14215.52519061658 14202.659259259277 14232.777777777797 
392.00426317986455 137.0 0.0 7.0 131.0 14215.396531303022 14202.659259259277 14232.777777777797 
393.00426317986455 138.0 0.0 6.0 131.0 14215.061751175139 14181.918518518494 14232.777777777797 
394.00426317986455 140.0 0.0 4.0 130.0 14215.082615144896 14217.14814814815 14232.777777777797 
395.00426317986455 140.0 0.0 5.0 131.0 14215.134529734172 14220.274074074052 14232.777777777797 
396.00426317986455 140.0 0.0 5.0 131.0 14215.154665918317 14217.14814814815 14232.777777777797 
397.00426317986455 140.0 0.0 5.0 131.0 14215.1746007406 14217.14814814815 14232.777777777797 
398.00426317986455 140.0 0.0 5.0 131.0 14215.19433621468 14217.14814814815 14232.777777777797 
399.00426317986455 140.0 0.0 6.0 131.0 14215.213874334038 14217.14814814815 14232.777777777797 
400.00426317986455 140.0 0.0 8.0 131.0 14215.233217072151 14217.14814814815 14232.777777777797 
401.00426317986455 141.0 0.0 7.0 133.0 14214.868810827375 14178.792592592627 14232.777777777797 
402.00426317986455 142.0 0.0 6.0 132.0 14214.652937533929 14193.281481481483 14232.777777777797 
403.00426317986455 143.0 0.0 7.0 132.0 14214.615371121528 14210.896296296318 14232.777777777797 
404.00426317986455 144.0 0.0 7.0 131.0 14214.546921114046 14207.77037037036 14232.777777777797 
405.00426317986455 146.0 0.0 5.0 130.0 14214.334266717698 14193.281481481483 14232.777777777797 
406.00426317986455 146.0 0.0 6.0 129.0 14214.331146272743 14214.022222222226 14232.777777777797 
407.00426317986455 147.0 0.0 5.0 129.0 14214.15190888411 14196.407407407401 14232.777777777797 
408.00426317986455 148.0 0.0 4.0 128.0 14214.0057231286 14199.533333333318 14232.777777777797 
409.00426317986455 148.0 0.0 5.0 128.0 14213.923517749143 14205.785185185186 14232.777777777797 
410.00426317986455 151.0 0.0 2.0 128.0 14213.842134423498 14205.785185185186 14232.777777777797 
411.00426317986455 151.0 0.0 3.0 128.0 14213.96897233854 14226.525925925918 14232.777777777797 
412.00426317986455 152.0 0.0 5.0 128.0 14214.063282615174 14223.400000000001 14232.777777777797 
413.00426317986455 154.0 0.0 3.0 128.0 14213.835612751946 14191.296296296277 14232.777777777797 
414.00426317986455 155.0 0.0 2.0 129.0 14213.786367735542 14208.911111111145 14232.777777777797 
415.00426317986455 155.0 0.0 2.0 129.0 14213.913763317438 14226.525925925918 14232.777777777797 
416.00426317986455 155.0 0.0 4.0 130.0 14214.039884943562 14226.525925925918 14232.777777777797 
417.00426317986455 155.0 0.0 6.0 130.0 14213.957337945969 14205.785185185186 14232.777777777797 
418.00426317986455 155.0 0.0 6.0 128.0 14213.813097899856 14199.533333333318 14232.777777777797 
419.00426317986455 156.0 0.0 5.0 128.0 14213.670300254182 14199.533333333318 14232.777777777797 
420.00426317986455 156.0 0.0 5.0 127.0 14213.560189844236 14202.659259259277 14232.777777777797 
421.00426317986455 158.0 0.0 3.0 128.0 14213.627328686529 14220.274074074052 14232.777777777797 
422.00426317986455 159.0 0.0 3.0 128.0 14213.725055399655 14223.400000000001 14232.777777777797 
423.00426317986455 159.0 0.0 3.0 128.0 14213.82180484564 14223.400000000001 14232.777777777797 
424.00426317986455 159.0 0.0 3.0 128.0 14213.917586797224 14223.400000000001 14232.777777777797 
425.00426317986455 159.0 0.0 3.0 128.0 14214.012410929243 14223.400000000001 14232.777777777797 
426.00426317986455 159.0 0.0 4.0 128.0 14214.106286819933 14223.400000000001 14232.777777777797 
427.00426317986455 160.0 0.0 3.0 128.0 14214.167964692488 14220.274074074052 14232.777777777797 
428.00426317986455 161.0 0.0 2.0 128.0 14214.260285045555 14223.400000000001 14232.777777777797 
429.00426317986455 162.0 0.0 1.0 128.0 14214.38294145434 14226.525925925918 14232.777777777797 
430.00426317986455 162.0 0.0 2.0 128.0 14214.535630558314 14229.651851851839 14232.777777777797 
431.00426317986455 162.0 0.0 3.0 129.0 14214.655533511996 14226.525925925918 14232.777777777797 
432.00426317986455 163.0 0.0 2.0 129.0 14214.598089288005 14208.911111111145 14232.777777777797 
433.00426317986455 164.0 0.0 1.0 129.0 14214.71736765436 14226.525925925918 14232.777777777797 
434.00426317986455 165.0 0.0 0.0 129.0 14214.86671249634 14229.651851851839 14232.777777777797 
435.00426317986455 165.0 0.0 0.0 129.0 14215.045823149181 14232.777777777797 14232.777777777797 
436.00426317986455 165.0 0.0 1.0 130.0 14215.223142695462 14232.777777777797 14232.777777777797 
437.00426317986455 165.0 0.0 4.0 130.0 14215.367429787006 14229.651851851839 14232.777777777797 
438.00426317986455 166.0 0.0 3.0 131.0 14215.271607340994 14205.785185185186 14232.777777777797 
439.00426317986455 166.0 0.0 3.0 131.0 14215.352891267596 14223.400000000001 14232.777777777797 
440.00426317986455 166.0 0.0 3.0 131.0 14215.433362354916 14223.400000000001 14232.777777777797 
441.00426317986455 167.0 0.0 3.0 131.0 14215.51302873138 14223.400000000001 14232.777777777797 
442.00426317986455 167.0 0.0 4.0 131.0 14215.591898444032 14223.400000000001 14232.777777777797 
443.00426317986455 168.0 0.0 4.0 131.0 14215.638720200344 14220.274074074052 14232.777777777797 
444.00426317986455 168.0 0.0 4.0 131.0 14215.68507373907 14220.274074074052 14232.777777777797 
445.00426317986455 169.0 0.0 4.0 131.0 14215.730963742448 14220.274074074052 14232.777777777797 
446.00426317986455 169.0 0.0 5.0 131.0 14215.776394845763 14220.274074074052 14232.777777777797 
447.00426317986455 169.0 0.0 6.0 130.0 14215.790112378787 14217.14814814815 14232.777777777797 
448.00426317986455 170.0 0.0 6.0 130.0 14215.772433477216 14214.022222222226 14232.777777777797 
449.00426317986455 170.0 0.0 6.0 129.0 14215.754931364663 14214.022222222226 14232.777777777797 
450.00426317986455 170.0 0.0 6.0 129.0 14215.737604273238 14214.022222222226 14232.777777777797 
451.00426317986455 171.0 0.0 5.0 129.0 14215.720450452724 14214.022222222226 14232.777777777797 
452.00426317986455 172.0 0.0 4.0 130.0 14215.734727429684 14217.14814814815 14232.777777777797 
453.00426317986455 172.0 0.0 4.0 130.0 14215.78012089612 14220.274074074052 14232.777777777797 
454.00426317986455 172.0 0.0 4.0 130.0 14215.825060427926 14220.274074074052 14232.777777777797 
455.00426317986455 172.0 0.0 4.0 129.0 14215.869550564388 14220.274074074052 14232.777777777797 
456.00426317986455 172.0 0.0 4.0 130.0 14215.913595799486 14220.274074074052 14232.777777777797 
457.00426317986455 172.0 0.0 4.0 129.0 14215.957200582223 14220.274074074052 14232.777777777797 
458.00426317986455 172.0 0.0 4.0 129.0 14216.000369317135 14220.274074074052 14232.777777777797 
459.00426317986455 175.0 0.0 1.0 129.0 14216.043106364697 14220.274074074052 14232.777777777797 
460.00426317986455 175.0 0.0 1.0 131.0 14216.17919381958 14229.651851851839 14232.777777777797 
461.00426317986455 175.0 0.0 1.0 131.0 14216.313920399913 14229.651851851839 14232.777777777797 
462.00426317986455 175.0 0.0 1.0 131.0 14216.447299714413 14229.651851851839 14232.777777777797 
463.00426317986455 176.0 0.0 1.0 131.0 14216.57934523578 14229.651851851839 14232.777777777797 
464.00426317986455 177.0 0.0 0.0 131.0 14216.56518141307 14215.162962962962 14232.777777777797 
465.00426317986455 177.0 0.0 0.0 131.0 14216.727307376726 14232.777777777797 14232.777777777797 
466.00426317986455 177.0 0.0 1.0 131.0 14216.887812080724 14232.777777777797 14232.777777777797 
467.00426317986455 177.0 0.0 1.0 131.0 14217.015452478423 14229.651851851839 14232.777777777797 
468.00426317986455 177.0 0.0 1.0 132.0 14217.141816472174 14229.651851851839 14232.777777777797 
469.00426317986455 177.0 0.0 1.0 132.0 14217.266916825967 14229.651851851839 14232.777777777797 
470.00426317986455 177.0 0.0 1.0 132.0 14217.390766176228 14229.651851851839 14232.777777777797 
471.00426317986455 177.0 0.0 2.0 132.0 14217.513377032994 14229.651851851839 14232.777777777797 
472.00426317986455 177.0 0.0 2.0 133.0 14217.603502521912 14226.525925925918 14232.777777777797 
473.00426317986455 178.0 0.0 1.0 133.0 14217.692726755939 14226.525925925918 14232.777777777797 
474.00426317986455 178.0 0.0 1.0 133.0 14217.812318006905 14229.651851851839 14232.777777777797 
475.00426317986455 178.0 0.0 1.0 133.0 14217.930713345362 14229.651851851839 14232.777777777797 
476.00426317986455 178.0 0.0 1.0 133.0 14218.047924730414 14229.651851851839 14232.777777777797 
477.00426317986455 178.0 0.0 1.0 133.0 14218.163964001627 14229.651851851839 14232.777777777797 
478.00426317986455 178.0 0.0 2.0 133.0 14218.278842880138 14229.651851851839 14232.777777777797 
479.00426317986455 178.0 0.0 2.0 133.0 14218.361313710597 14226.525925925918 14232.777777777797 
480.00426317986455 178.0 0.0 2.0 133.0 14218.44295983277 14226.525925925918 14232.777777777797 
481.00426317986455 178.0 0.0 2.0 133.0 14218.523789493693 14226.525925925918 14232.777777777797 
482.00426317986455 178.0 0.0 3.0 133.0 14218.603810858023 14226.525925925918 14232.777777777797 
483.00426317986455 178.0 0.0 3.0 133.0 14218.651772749452 14223.400000000001 14232.777777777797 
484.00426317986455 179.0 0.0 2.0 133.0 14218.699255021926 14223.400000000001 14232.777777777797 
485.00426317986455 179.0 0.0 3.0 133.0 14218.777521730986 14226.525925925918 14232.777777777797 
486.00426317986455 179.0 0.0 3.0 133.0 14218.823746513666 14223.400000000001 14232.777777777797 
487.00426317986455 180.0 0.0 2.0 133.0 14218.869509048534 14223.400000000001 14232.777777777797 
488.00426317986455 181.0 0.0 1.0 133.0 14218.9460732173 14226.525925925918 14232.777777777797 
489.00426317986455 181.0 0.0 1.0 133.0 14219.053131003657 14229.651851851839 14232.777777777797 
490.00426317986455 181.0 0.0 1.0 134.0 14219.159118212136 14229.651851851839 14232.777777777797 
491.00426317986455 181.0 0.0 1.0 134.0 14219.26404554852 14229.651851851839 14232.777777777797 
492.00426317986455 181.0 0.0 1.0 134.0 14219.367923611573 14229.651851851839 14232.777777777797 
493.00426317986455 181.0 0.0 1.0 135.0 14219.470762893949 14229.651851851839 14232.777777777797 
494.00426317986455 181.0 0.0 1.0 135.0 14219.572573783531 14229.651851851839 14232.777777777797 
495.00426317986455 181.0 0.0 1.0 135.0 14219.673366564224 14229.651851851839 14232.777777777797 
496.00426317986455 181.0 0.0 1.0 135.0 14219.77315141711 14229.651851851839 14232.777777777797 
497.00426317986455 181.0 0.0 1.0 135.0 14219.871938421453 14229.651851851839 14232.777777777797 
498.00426317986455 181.0 0.0 2.0 135.0 14219.969737555757 14229.651851851839 14232.777777777797 
499.00426317986455 182.0 0.0 1.0 135.0 14219.890410550568 14212.037037037013 14232.777777777797 
500.00426317986455 182.0 0.0 1.0 135.0 14219.988024963604 14229.651851851839 14232.777777777797 
501.00426317986455 182.0 0.0 1.0 135.0 14220.084663232461 14229.651851851839 14232.777777777797 
502.00426317986455 182.0 0.0 1.0 135.0 14220.18033511866 14229.651851851839 14232.777777777797 
503.00426317986455 182.0 0.0 1.0 135.0 14220.275050286004 14229.651851851839 14232.777777777797 
504.00426317986455 182.0 0.0 1.0 135.0 14220.368818301635 14229.651851851839 14232.777777777797 
505.00426317986455 183.0 0.0 0.0 135.0 14220.46164863714 14229.651851851839 14232.777777777797 
506.00426317986455 183.0 0.0 0.0 135.0 14220.584809928549 14232.777777777797 14232.777777777797 
507.00426317986455 183.0 0.0 0.0 135.0 14220.706739607065 14232.777777777797 14232.777777777797 
508.00426317986455 183.0 0.0 0.0 135.0 14220.827449988745 14232.777777777797 14232.777777777797 
509.00426317986455 183.0 0.0 1.0 135.0 14220.946953266664 14232.777777777797 14232.777777777797 
510.00426317986455 183.0 0.0 1.0 135.0 14221.034002252496 14229.651851851839 14232.777777777797 
511.00426317986455 183.0 0.0 1.0 135.0 14221.120180748503 14229.651851851839 14232.777777777797 
512.0042631798646 183.0 0.0 1.0 135.0 14221.205497459543 14229.651851851839 14232.777777777797 
513.0042631798646 183.0 0.0 1.0 135.0 14221.289961003456 14229.651851851839 14232.777777777797 
514.0042631798646 183.0 0.0 1.0 135.0 14221.37357991196 14229.651851851839 14232.777777777797 
515.0042631798646 183.0 0.0 1.0 135.0 14221.456362631336 14229.651851851839 14232.777777777797 
516.0042631798646 183.0 0.0 1.0 135.0 14221.538317523553 14229.651851851839 14232.777777777797 
517.0042631798646 183.0 0.0 1.0 135.0 14221.619452866835 14229.651851851839 14232.777777777797 
518.0042631798646 183.0 0.0 1.0 135.0 14221.69977685667 14229.651851851839 14232.777777777797 
519.0042631798646 183.0 0.0 1.0 135.0 14221.779297606636 14229.651851851839 14232.777777777797 
520.0042631798646 183.0 0.0 1.0 135.0 14221.858023149069 14229.651851851839 14232.777777777797 
521.0042631798646 184.0 0.0 0.0 135.0 14221.935961436118 14229.651851851839 14232.777777777797 
522.0042631798646 184.0 0.0 0.0 135.0 14222.044379599518 14232.777777777797 14232.777777777797 
523.0042631798646 184.0 0.0 0.0 135.0 14222.151713581323 14232.777777777797 14232.777777777797 
524.0042631798646 184.0 0.0 0.0 135.0 14222.257974223287 14232.777777777797 14232.777777777797 
525.0042631798646 184.0 0.0 0.0 135.0 14222.36317225883 14232.777777777797 14232.777777777797 
526.0042631798646 184.0 0.0 0.0 135.0 14222.467318314026 14232.777777777797 14232.777777777797 
527.0042631798646 184.0 0.0 0.0 135.0 14222.570422908637 14232.777777777797 14232.777777777797 
528.0042631798646 184.0 0.0 0.0 135.0 14222.672496457328 14232.777777777797 14232.777777777797 
529.0042631798646 184.0 0.0 0.0 135.0 14222.77354927053 14232.777777777797 14232.777777777797 
530.0042631798646 184.0 0.0 0.0 135.0 14222.873591555626 14232.777777777797 14232.777777777797 
531.0042631798646 184.0 0.0 0.0 135.0 14222.972633417836 14232.777777777797 14232.777777777797 
532.0042631798646 184.0 0.0 0.0 135.0 14223.070684861452 14232.777777777797 14232.777777777797 
533.0042631798646 184.0 0.0 0.0 135.0 14223.167755790608 14232.777777777797 14232.777777777797 
534.0042631798646 184.0 0.0 0.0 135.0 14223.263856010462 14232.777777777797 14232.777777777797 
535.0042631798646 184.0 0.0 2.0 135.0 14223.358995228145 14232.777777777797 14232.777777777797 
536.0042631798646 185.0 0.0 1.0 135.0 14223.245775646235 14212.037037037013 14232.777777777797 
537.0042631798646 185.0 0.0 1.0 135.0 14223.309836408293 14229.651851851839 14232.777777777797 
538.0042631798646 185.0 0.0 2.0 135.0 14223.373256562722 14229.651851851839 14232.777777777797 
539.0042631798646 186.0 0.0 1.0 135.0 14223.404783256363 14226.525925925918 14232.777777777797 
540.0042631798646 186.0 0.0 1.0 135.0 14223.46725394233 14229.651851851839 14232.777777777797 
541.0042631798646 186.0 0.0 1.0 135.0 14223.529099921394 14229.651851851839 14232.777777777797 
542.0042631798646 186.0 0.0 1.0 135.0 14223.5903274407 14229.651851851839 14232.777777777797 
543.0042631798646 186.0 0.0 1.0 135.0 14223.650942684819 14229.651851851839 14232.777777777797 
544.0042631798646 186.0 0.0 1.0 135.0 14223.710951776507 14229.651851851839 14232.777777777797 
545.0042631798646 186.0 0.0 1.0 135.0 14223.770360777258 14229.651851851839 14232.777777777797 
546.0042631798646 186.0 0.0 1.0 135.0 14223.829175687992 14229.651851851839 14232.777777777797 
547.0042631798646 186.0 0.0 1.0 135.0 14223.88740244963 14229.651851851839 14232.777777777797 
548.0042631798646 186.0 0.0 1.0 135.0 14223.945046943678 14229.651851851839 14232.777777777797 
549.0042631798646 186.0 0.0 1.0 135.0 14224.002114992736 14229.651851851839 14232.777777777797 
550.0042631798646 186.0 0.0 1.0 135.0 14224.058612361338 14229.651851851839 14232.777777777797 
551.0042631798646 186.0 0.0 1.0 135.0 14224.11454475623 14229.651851851839 14232.777777777797 
552.0042631798646 186.0 0.0 1.0 135.0 14224.16991782718 14229.651851851839 14232.777777777797 
553.0042631798646 186.0 0.0 1.0 135.0 14224.224737167442 14229.651851851839 14232.777777777797 
554.0042631798646 186.0 0.0 1.0 135.0 14224.279008314297 14229.651851851839 14232.777777777797 
555.0042631798646 186.0 0.0 1.0 135.0 14224.332736749657 14229.651851851839 14232.777777777797 
556.0042631798646 186.0 0.0 1.0 135.0 14224.385927900692 14229.651851851839 14232.777777777797 
557.0042631798646 186.0 0.0 2.0 135.0 14224.438587140185 14229.651851851839 14232.777777777797 
558.0042631798646 186.0 0.0 2.0 134.0 14224.45946052804 14226.525925925918 14232.777777777797 
559.0042631798646 186.0 0.0 2.0 134.0 14224.480125182019 14226.525925925918 14232.777777777797 
560.0042631798646 188.0 0.0 0.0 134.0 14224.50058318947 14226.525925925918 14232.777777777797 
561.0042631798646 188.0 0.0 0.0 134.0 14224.583355135357 14232.777777777797 14232.777777777797 
562.0042631798646 188.0 0.0 0.0 134.0 14224.665299361774 14232.777777777797 14232.777777777797 
563.0042631798646 188.0 0.0 0.0 134.0 14224.746424145924 14232.777777777797 14232.777777777797 
564.0042631798646 188.0 0.0 0.0 134.0 14224.826737682253 14232.777777777797 14232.777777777797 
565.0042631798646 188.0 0.0 0.0 134.0 14224.906248083224 14232.777777777797 14232.777777777797 
566.0042631798646 188.0 0.0 1.0 134.0 14224.984963380146 14232.777777777797 14232.777777777797 
567.0042631798646 188.0 0.0 1.0 134.0 14225.031632264889 14229.651851851839 14232.777777777797 
568.0042631798646 188.0 0.0 1.0 134.0 14225.077834460755 14229.651851851839 14232.777777777797 
569.0042631798646 188.0 0.0 2.0 135.0 14225.12357463467 14229.651851851839 14232.777777777797 
570.0042631798646 188.0 0.0 3.0 135.0 14225.13759814756 14226.525925925918 14232.777777777797 
571.0042631798646 188.0 0.0 3.0 135.0 14225.120222166088 14223.400000000001 14232.777777777797 
572.0042631798646 188.0 0.0 4.0 135.0 14225.103019944449 14223.400000000001 14232.777777777797 
573.0042631798646 188.0 0.0 4.0 135.0 14225.054730485737 14220.274074074052 14232.777777777797 
574.0042631798646 188.0 0.0 4.0 135.0 14225.00692392161 14220.274074074052 14232.777777777797 
575.0042631798646 189.0 0.0 3.0 135.0 14224.95959542312 14220.274074074052 14232.777777777797 
576.0042631798646 189.0 0.0 3.0 135.0 14224.943999468913 14223.400000000001 14232.777777777797 
577.0042631798646 189.0 0.0 3.0 135.0 14224.928559474234 14223.400000000001 14232.777777777797 
578.0042631798646 189.0 0.0 3.0 135.0 14224.913273879474 14223.400000000001 14232.777777777797 
579.0042631798646 189.0 0.0 3.0 135.0 14224.898141140693 14223.400000000001 14232.777777777797 
580.0042631798646 189.0 0.0 3.0 135.0 14224.883159729283 14223.400000000001 14232.777777777797 
581.0042631798646 189.0 0.0 3.0 135.0 14224.868328131988 14223.400000000001 14232.777777777797 
582.0042631798646 190.0 0.0 2.0 135.0 14224.853644850664 14223.400000000001 14232.777777777797 
583.0042631798646 190.0 0.0 2.0 135.0 14224.870367661417 14226.525925925918 14232.777777777797 
584.0042631798646 191.0 0.0 1.0 135.0 14224.886923244065 14226.525925925918 14232.777777777797 
585.0042631798646 191.0 0.0 1.0 135.0 14224.934572530143 14229.651851851839 14232.777777777797 
586.0042631798646 191.0 0.0 1.0 135.0 14224.98174532334 14229.651851851839 14232.777777777797 
587.0042631798646 191.0 0.0 1.0 135.0 14225.028446388633 14229.651851851839 14232.777777777797 
588.0042631798646 191.0 0.0 2.0 135.0 14225.074680443264 14229.651851851839 14232.777777777797 
589.0042631798646 192.0 0.0 1.0 135.0 14225.089192898105 14226.525925925918 14232.777777777797 
590.0042631798646 192.0 0.0 1.0 135.0 14225.134819487643 14229.651851851839 14232.777777777797 
591.0042631798646 192.0 0.0 1.0 135.0 14225.179989811291 14229.651851851839 14232.777777777797 
592.0042631798646 192.0 0.0 1.0 135.0 14225.224708431708 14229.651851851839 14232.777777777797 
593.0042631798646 192.0 0.0 1.0 135.0 14225.26897986589 14229.651851851839 14232.777777777797 
594.0042631798646 192.0 0.0 2.0 135.0 14225.312808585742 14229.651851851839 14232.777777777797 
595.0042631798646 192.0 0.0 2.0 135.0 14225.324939759152 14226.525925925918 14232.777777777797 
596.0042631798646 193.0 0.0 1.0 135.0 14225.33694962081 14226.525925925918 14232.777777777797 
597.0042631798646 193.0 0.0 2.0 135.0 14225.38009864312 14229.651851851839 14232.777777777797 
598.0042631798646 193.0 0.0 2.0 135.0 14225.39155691595 14226.525925925918 14232.777777777797 
599.0042631798646 193.0 0.0 2.0 135.0 14225.402900606052 14226.525925925918 14232.777777777797 
600.0042631798646 194.0 0.0 1.0 135.0 14225.414130859244 14226.525925925918 14232.777777777797 
#####################################################################
# End of data export. Simulation finished at: 2020-02-03T18:15+0000 #
#####################################################################
