#####################################################################
# Alchemist log file - simulation started at: 2020-02-18T14:15+0000 #
#####################################################################
# longseed = 72.0, meanTaskSize = 10000, peakFrequency = 0.003
#
# The columns have the following meaning: 
# time done[Sum] drop[Sum] waiting[Sum] isLeader[Sum] capacity[Mean] freeCapacity[Mean] maxCapacity[Mean] 
0.0 NaN 0.0 NaN NaN NaN NaN NaN 
1.0000807748644487 0.0 0.0 0.0 135.0 14232.777777777797 14232.777777777797 14232.777777777797 
2.0000807748644487 0.0 0.0 0.0 135.0 14232.777777777797 14232.777777777797 14232.777777777797 
3.0000807748644487 0.0 0.0 0.0 135.0 14232.777777777797 14232.777777777797 14232.777777777797 
4.000080774864449 0.0 0.0 0.0 135.0 14232.777777777797 14232.777777777797 14232.777777777797 
5.000080774864449 0.0 0.0 0.0 135.0 14232.777777777797 14232.777777777797 14232.777777777797 
6.000080774864449 0.0 0.0 0.0 135.0 14232.777777777797 14232.777777777797 14232.777777777797 
7.000080774864449 0.0 0.0 0.0 135.0 14232.777777777797 14232.777777777797 14232.777777777797 
8.000080774864449 0.0 0.0 0.0 135.0 14232.777777777797 14232.777777777797 14232.777777777797 
9.000080774864449 0.0 0.0 0.0 135.0 14232.777777777797 14232.777777777797 14232.777777777797 
10.000080774864449 0.0 0.0 0.0 135.0 14232.777777777797 14232.777777777797 14232.777777777797 
11.000080774864449 0.0 0.0 0.0 135.0 14232.777777777797 14232.777777777797 14232.777777777797 
12.000080774864449 0.0 0.0 0.0 135.0 14232.777777777797 14232.777777777797 14232.777777777797 
13.000080774864449 0.0 0.0 0.0 135.0 14232.777777777797 14232.777777777797 14232.777777777797 
14.000080774864449 0.0 0.0 0.0 135.0 14232.777777777797 14232.777777777797 14232.777777777797 
15.000080774864449 0.0 0.0 0.0 135.0 14232.777777777797 14232.777777777797 14232.777777777797 
16.00008077486445 0.0 0.0 0.0 135.0 14232.777777777797 14232.777777777797 14232.777777777797 
17.00008077486445 0.0 0.0 0.0 135.0 14232.777777777797 14232.777777777797 14232.777777777797 
18.00008077486445 0.0 0.0 1.0 135.0 14232.777777777797 14232.777777777797 14232.777777777797 
19.00008077486445 0.0 0.0 1.0 135.0 14231.016296296293 14215.162962962962 14232.777777777797 
20.00008077486445 0.0 0.0 1.0 135.0 14229.43096296297 14215.162962962962 14232.777777777797 
21.00008077486445 0.0 0.0 2.0 135.0 14228.004162962934 14215.162962962962 14232.777777777797 
22.00008077486445 0.0 0.0 2.0 135.0 14226.407450370376 14212.037037037013 14232.777777777797 
23.00008077486445 1.0 0.0 1.0 135.0 14224.970409037014 14212.037037037013 14232.777777777797 
24.00008077486445 1.0 0.0 1.0 135.0 14223.989664429622 14215.162962962962 14232.777777777797 
25.00008077486445 1.0 0.0 1.0 135.0 14223.106994282987 14215.162962962962 14232.777777777797 
26.00008077486445 1.0 0.0 1.0 135.0 14222.312591150965 14215.162962962962 14232.777777777797 
27.00008077486445 1.0 0.0 1.0 135.0 14221.59762833214 14215.162962962962 14232.777777777797 
28.00008077486445 1.0 0.0 1.0 135.0 14220.954161795244 14215.162962962962 14232.777777777797 
29.00008077486445 1.0 0.0 1.0 135.0 14220.375041912024 14215.162962962962 14232.777777777797 
30.00008077486445 1.0 0.0 1.0 135.0 14219.853834017116 14215.162962962962 14232.777777777797 
31.00008077486445 1.0 0.0 1.0 135.0 14219.384746911688 14215.162962962962 14232.777777777797 
32.00008077486445 1.0 0.0 1.0 135.0 14218.962568516807 14215.162962962962 14232.777777777797 
33.00008077486445 1.0 0.0 1.0 135.0 14218.582607961403 14215.162962962962 14232.777777777797 
34.00008077486445 1.0 0.0 1.0 135.0 14218.240643461573 14215.162962962962 14232.777777777797 
35.00008077486445 1.0 0.0 1.0 135.0 14217.932875411725 14215.162962962962 14232.777777777797 
36.00008077486445 1.0 0.0 1.0 135.0 14217.655884166845 14215.162962962962 14232.777777777797 
37.00008077486445 1.0 0.0 1.0 135.0 14217.406592046465 14215.162962962962 14232.777777777797 
38.00008077486445 1.0 0.0 1.0 135.0 14217.182229138103 14215.162962962962 14232.777777777797 
39.00008077486445 1.0 0.0 1.0 135.0 14216.980302520615 14215.162962962962 14232.777777777797 
40.00008077486445 1.0 0.0 1.0 135.0 14216.798568564825 14215.162962962962 14232.777777777797 
41.00008077486445 1.0 0.0 1.0 135.0 14216.635008004647 14215.162962962962 14232.777777777797 
42.00008077486445 1.0 0.0 1.0 135.0 14216.487803500486 14215.162962962962 14232.777777777797 
43.00008077486445 1.0 0.0 1.0 135.0 14216.355319446724 14215.162962962962 14232.777777777797 
44.00008077486445 1.0 0.0 1.0 135.0 14216.236083798358 14215.162962962962 14232.777777777797 
45.00008077486445 1.0 0.0 2.0 135.0 14216.128771714779 14215.162962962962 14232.777777777797 
46.00008077486445 1.0 0.0 2.0 135.0 14215.719598247026 14212.037037037013 14232.777777777797 
47.00008077486445 1.0 0.0 3.0 135.0 14215.351342126041 14212.037037037013 14232.777777777797 
48.00008077486445 1.0 0.0 3.0 135.0 14214.707319024576 14208.911111111145 14232.777777777797 
49.00008077486445 1.0 0.0 4.0 135.0 14214.127698233198 14208.911111111145 14232.777777777797 
50.00008077486445 1.0 0.0 4.0 135.0 14213.293446928392 14205.785185185186 14232.777777777797 
51.00008077486445 1.0 0.0 5.0 134.0 14212.542620754057 14205.785185185186 14232.777777777797 
52.00008077486445 1.0 0.0 5.0 134.0 14210.10539571572 14188.17037037036 14232.777777777797 
53.00008077486445 1.0 0.0 5.0 133.0 14207.911893181166 14188.17037037036 14232.777777777797 
54.00008077486445 1.0 0.0 5.0 133.0 14205.937740900094 14188.17037037036 14232.777777777797 
55.00008077486445 1.0 0.0 5.0 132.0 14204.161003847104 14188.17037037036 14232.777777777797 
56.00008077486445 1.0 0.0 5.0 132.0 14202.561940499449 14188.17037037036 14232.777777777797 
57.00008077486445 1.0 0.0 5.0 132.0 14201.12278348656 14188.17037037036 14232.777777777797 
58.00008077486445 1.0 0.0 5.0 132.0 14199.82754217492 14188.17037037036 14232.777777777797 
59.00008077486445 1.0 0.0 5.0 132.0 14198.661824994451 14188.17037037036 14232.777777777797 
60.00008077486445 1.0 0.0 6.0 132.0 14197.612679532074 14188.17037037036 14232.777777777797 
61.00008077486445 1.0 0.0 6.0 132.0 14196.355856023316 14185.044444444442 14232.777777777797 
62.00008077486445 1.0 0.0 6.0 132.0 14195.224714865395 14185.044444444442 14232.777777777797 
63.00008077486445 1.0 0.0 6.0 132.0 14194.206687823316 14185.044444444442 14232.777777777797 
64.00008077486444 1.0 0.0 6.0 132.0 14193.290463485424 14185.044444444442 14232.777777777797 
65.00008077486444 2.0 0.0 5.0 132.0 14192.465861581319 14185.044444444442 14232.777777777797 
66.00008077486444 2.0 0.0 5.0 131.0 14193.485201349135 14202.659259259277 14232.777777777797 
67.00008077486444 2.0 0.0 5.0 131.0 14194.402607140139 14202.659259259277 14232.777777777797 
68.00008077486444 2.0 0.0 5.0 131.0 14195.22827235205 14202.659259259277 14232.777777777797 
69.00008077486444 2.0 0.0 5.0 131.0 14195.971371042764 14202.659259259277 14232.777777777797 
70.00008077486444 2.0 0.0 6.0 131.0 14196.640159864399 14202.659259259277 14232.777777777797 
71.00008077486444 2.0 0.0 6.0 131.0 14196.929477211304 14199.533333333318 14232.777777777797 
72.00008077486444 2.0 0.0 8.0 131.0 14197.18986282352 14199.533333333318 14232.777777777797 
73.00008077486444 3.0 0.0 7.0 131.0 14195.35013580041 14178.792592592627 14232.777777777797 
74.00008077486444 3.0 0.0 7.0 131.0 14195.45586296113 14196.407407407401 14232.777777777797 
75.00008077486444 3.0 0.0 7.0 131.0 14195.551017405773 14196.407407407401 14232.777777777797 
76.00008077486444 3.0 0.0 7.0 130.0 14195.636656405939 14196.407407407401 14232.777777777797 
77.00008077486444 3.0 0.0 8.0 130.0 14195.713731506065 14196.407407407401 14232.777777777797 
78.00008077486444 3.0 0.0 8.0 129.0 14195.470506503592 14193.281481481483 14232.777777777797 
79.00008077486444 3.0 0.0 8.0 129.0 14195.251604001378 14193.281481481483 14232.777777777797 
80.00008077486444 3.0 0.0 8.0 129.0 14195.054591749396 14193.281481481483 14232.777777777797 
81.00008077486444 3.0 0.0 8.0 129.0 14194.877280722616 14193.281481481483 14232.777777777797 
82.00008077486444 3.0 0.0 9.0 129.0 14194.71770079848 14193.281481481483 14232.777777777797 
83.00008077486444 3.0 0.0 9.0 128.0 14192.812597385313 14175.666666666668 14232.777777777797 
84.00008077486444 3.0 0.0 9.0 128.0 14191.098004313464 14175.666666666668 14232.777777777797 
85.00008077486444 3.0 0.0 9.0 128.0 14189.554870548784 14175.666666666668 14232.777777777797 
86.00008077486444 3.0 0.0 9.0 128.0 14188.166050160577 14175.666666666668 14232.777777777797 
87.00008077486444 3.0 0.0 9.0 128.0 14186.916111811182 14175.666666666668 14232.777777777797 
88.00008077486444 3.0 0.0 9.0 128.0 14185.791167296733 14175.666666666668 14232.777777777797 
89.00008077486444 3.0 0.0 9.0 128.0 14184.778717233714 14175.666666666668 14232.777777777797 
90.00008077486444 3.0 0.0 9.0 128.0 14183.867512177027 14175.666666666668 14232.777777777797 
91.00008077486444 3.0 0.0 9.0 128.0 14183.047427625992 14175.666666666668 14232.777777777797 
92.00008077486444 3.0 0.0 9.0 128.0 14182.309351530032 14175.666666666668 14232.777777777797 
93.00008077486444 3.0 0.0 9.0 128.0 14181.645083043697 14175.666666666668 14232.777777777797 
94.00008077486444 3.0 0.0 9.0 128.0 14181.047241405979 14175.666666666668 14232.777777777797 
95.00008077486444 3.0 0.0 9.0 128.0 14180.509183932052 14175.666666666668 14232.777777777797 
96.00008077486444 3.0 0.0 9.0 128.0 14180.024932205532 14175.666666666668 14232.777777777797 
97.00008077486444 3.0 0.0 9.0 128.0 14179.589105651648 14175.666666666668 14232.777777777797 
98.00008077486444 3.0 0.0 9.0 128.0 14179.196861753144 14175.666666666668 14232.777777777797 
99.00008077486444 3.0 0.0 9.0 128.0 14178.843842244512 14175.666666666668 14232.777777777797 
100.00008077486444 4.0 0.0 8.0 128.0 14178.526124686725 14175.666666666668 14232.777777777797 
101.00008077486444 4.0 0.0 8.0 128.0 14180.001660366204 14193.281481481483 14232.777777777797 
102.00008077486444 4.0 0.0 8.0 128.0 14181.32964247774 14193.281481481483 14232.777777777797 
103.00008077486444 4.0 0.0 8.0 128.0 14182.524826378094 14193.281481481483 14232.777777777797 
104.00008077486444 4.0 0.0 9.0 128.0 14183.600491888434 14193.281481481483 14232.777777777797 
105.00008077486444 4.0 0.0 9.0 128.0 14184.255998255152 14190.155555555531 14232.777777777797 
106.00008077486444 4.0 0.0 9.0 128.0 14184.845953985183 14190.155555555531 14232.777777777797 
107.00008077486444 4.0 0.0 9.0 128.0 14185.376914142256 14190.155555555531 14232.777777777797 
108.00008077486444 4.0 0.0 9.0 128.0 14185.854778283585 14190.155555555531 14232.777777777797 
109.00008077486444 4.0 0.0 10.0 128.0 14186.28485601075 14190.155555555531 14232.777777777797 
110.00008077486444 4.0 0.0 10.0 127.0 14184.911185224473 14172.54814814815 14232.777777777797 
111.00008077486444 4.0 0.0 10.0 127.0 14183.674881516858 14172.54814814815 14232.777777777797 
112.00008077486444 4.0 0.0 10.0 127.0 14182.56220817999 14172.54814814815 14232.777777777797 
113.00008077486444 4.0 0.0 10.0 127.0 14181.560802176793 14172.54814814815 14232.777777777797 
114.00008077486444 4.0 0.0 10.0 127.0 14180.659536773937 14172.54814814815 14232.777777777797 
115.00008077486444 4.0 0.0 10.0 127.0 14179.848397911355 14172.54814814815 14232.777777777797 
116.00008077486444 4.0 0.0 10.0 127.0 14179.118372935041 14172.54814814815 14232.777777777797 
117.00008077486444 4.0 0.0 10.0 127.0 14178.461350456355 14172.54814814815 14232.777777777797 
118.00008077486444 4.0 0.0 10.0 127.0 14177.870030225551 14172.54814814815 14232.777777777797 
119.00008077486444 4.0 0.0 10.0 127.0 14177.33784201779 14172.54814814815 14232.777777777797 
120.00008077486444 4.0 0.0 10.0 127.0 14176.858872630812 14172.54814814815 14232.777777777797 
121.00008077486444 4.0 0.0 10.0 127.0 14176.427800182555 14172.54814814815 14232.777777777797 
122.00008077486444 4.0 0.0 10.0 127.0 14176.039834979108 14172.54814814815 14232.777777777797 
123.00008077486444 4.0 0.0 10.0 127.0 14175.690666296006 14172.54814814815 14232.777777777797 
124.00008077486444 4.0 0.0 10.0 127.0 14175.376414481234 14172.54814814815 14232.777777777797 
125.00008077486444 4.0 0.0 10.0 127.0 14175.09358784794 14172.54814814815 14232.777777777797 
126.00008077486444 4.0 0.0 10.0 127.0 14174.83904387795 14172.54814814815 14232.777777777797 
127.00008077486444 4.0 0.0 10.0 127.0 14174.60995430495 14172.54814814815 14232.777777777797 
128.00008077486444 4.0 0.0 10.0 127.0 14174.403773689297 14172.54814814815 14232.777777777797 
129.00008077486444 4.0 0.0 10.0 127.0 14174.218211135194 14172.54814814815 14232.777777777797 
130.00008077486444 4.0 0.0 10.0 127.0 14174.05120483648 14172.54814814815 14232.777777777797 
131.00008077486444 4.0 0.0 11.0 127.0 14173.900899167636 14172.54814814815 14232.777777777797 
132.00008077486444 4.0 0.0 11.0 127.0 14173.453031473096 14169.422222222236 14232.777777777797 
133.00008077486444 4.0 0.0 13.0 127.0 14173.049950548031 14169.422222222236 14232.777777777797 
134.00008077486444 4.0 0.0 13.0 127.0 14170.613103641357 14148.681481481453 14232.777777777797 
135.00008077486444 4.0 0.0 14.0 127.0 14168.419941425393 14148.681481481453 14232.777777777797 
136.00008077486444 4.0 0.0 14.0 127.0 14166.133502838364 14145.555555555586 14232.777777777797 
137.00008077486444 4.0 0.0 14.0 126.0 14164.075708110098 14145.555555555586 14232.777777777797 
138.00008077486444 5.0 0.0 13.0 126.0 14162.223692854659 14145.555555555586 14232.777777777797 
139.00008077486444 5.0 0.0 13.0 125.0 14162.317619865456 14163.162962962962 14232.777777777797 
140.00008077486444 5.0 0.0 13.0 125.0 14162.402154175223 14163.162962962962 14232.777777777797 
141.00008077486444 5.0 0.0 14.0 124.0 14162.478235054012 14163.162962962962 14232.777777777797 
142.00008077486444 5.0 0.0 14.0 124.0 14162.234115252322 14160.037037037013 14232.777777777797 
143.00008077486444 5.0 0.0 14.0 124.0 14162.014407430781 14160.037037037013 14232.777777777797 
144.00008077486444 5.0 0.0 14.0 124.0 14161.816670391408 14160.037037037013 14232.777777777797 
145.00008077486444 5.0 0.0 14.0 124.0 14161.638707055981 14160.037037037013 14232.777777777797 
146.00008077486444 5.0 0.0 15.0 124.0 14161.478540054086 14160.037037037013 14232.777777777797 
147.00008077486444 5.0 0.0 16.0 123.0 14159.572908270899 14142.422222222236 14232.777777777797 
148.00008077486444 5.0 0.0 16.0 123.0 14156.097098925273 14124.814814814803 14232.777777777797 
149.00008077486444 5.0 0.0 16.0 123.0 14152.968870514242 14124.814814814803 14232.777777777797 
150.00008077486444 5.0 0.0 16.0 123.0 14150.153464944273 14124.814814814803 14232.777777777797 
151.00008077486444 5.0 0.0 16.0 123.0 14147.619599931351 14124.814814814803 14232.777777777797 
152.00008077486444 5.0 0.0 16.0 123.0 14145.339121419682 14124.814814814803 14232.777777777797 
153.00008077486444 5.0 0.0 16.0 123.0 14143.28669075919 14124.814814814803 14232.777777777797 
154.00008077486444 6.0 0.0 15.0 123.0 14141.439503164782 14124.814814814803 14232.777777777797 
155.00008077486444 6.0 0.0 15.0 123.0 14141.538515811257 14142.429629629629 14232.777777777797 
156.00008077486444 6.0 0.0 15.0 123.0 14141.627627193091 14142.429629629629 14232.777777777797 
157.00008077486444 6.0 0.0 15.0 123.0 14141.707827436747 14142.429629629629 14232.777777777797 
158.00008077486444 6.0 0.0 16.0 123.0 14141.780007656025 14142.429629629629 14232.777777777797 
159.00008077486444 6.0 0.0 16.0 123.0 14141.532377260828 14139.303703703717 14232.777777777797 
160.00008077486444 6.0 0.0 17.0 123.0 14141.309509905108 14139.303703703717 14232.777777777797 
161.00008077486444 6.0 0.0 17.0 123.0 14139.347447803462 14121.688888888892 14232.777777777797 
162.00008077486444 6.0 0.0 18.0 123.0 14137.581591912021 14121.688888888892 14232.777777777797 
163.00008077486444 6.0 0.0 19.0 123.0 14134.230840128213 14104.074074074071 14232.777777777797 
164.00008077486444 6.0 0.0 19.0 122.0 14130.902570930204 14100.94814814816 14232.777777777797 
165.00008077486444 6.0 0.0 19.0 122.0 14127.907128652001 14100.94814814816 14232.777777777797 
166.00008077486444 6.0 0.0 19.0 122.0 14125.211230601602 14100.94814814816 14232.777777777797 
167.00008077486444 6.0 0.0 20.0 122.0 14122.784922356284 14100.94814814816 14232.777777777797 
168.00008077486444 6.0 0.0 20.0 122.0 14120.288652342855 14097.82222222224 14232.777777777797 
169.00008077486444 6.0 0.0 20.0 121.0 14118.042009330795 14097.82222222224 14232.777777777797 
170.00008077486444 6.0 0.0 20.0 121.0 14116.020030619942 14097.82222222224 14232.777777777797 
171.00008077486444 7.0 0.0 19.0 121.0 14114.20024978016 14097.82222222224 14232.777777777797 
172.00008077486444 7.0 0.0 19.0 121.0 14114.323928505846 14115.437037037065 14232.777777777797 
173.00008077486444 7.0 0.0 19.0 120.0 14114.435239358947 14115.437037037065 14232.777777777797 
174.00008077486444 7.0 0.0 19.0 120.0 14114.535419126805 14115.437037037065 14232.777777777797 
175.00008077486444 7.0 0.0 19.0 120.0 14114.62558091781 14115.437037037065 14232.777777777797 
176.00008077486444 7.0 0.0 19.0 120.0 14114.706726529734 14115.437037037065 14232.777777777797 
177.00008077486444 7.0 0.0 19.0 120.0 14114.779757580447 14115.437037037065 14232.777777777797 
178.00008077486444 7.0 0.0 19.0 120.0 14114.84548552611 14115.437037037065 14232.777777777797 
179.00008077486444 7.0 0.0 19.0 120.0 14114.904640677201 14115.437037037065 14232.777777777797 
180.00008077486444 7.0 0.0 20.0 120.0 14114.957880313194 14115.437037037065 14232.777777777797 
181.00008077486444 7.0 0.0 20.0 120.0 14113.244314504102 14097.82222222224 14232.777777777797 
182.00008077486444 7.0 0.0 20.0 120.0 14111.70210527591 14097.82222222224 14232.777777777797 
183.00008077486444 7.0 0.0 20.0 120.0 14110.314116970536 14097.82222222224 14232.777777777797 
184.00008077486444 7.0 0.0 20.0 120.0 14109.06492749571 14097.82222222224 14232.777777777797 
185.00008077486444 7.0 0.0 20.0 120.0 14107.940656968349 14097.82222222224 14232.777777777797 
186.00008077486444 7.0 0.0 20.0 120.0 14106.928813493754 14097.82222222224 14232.777777777797 
187.00008077486444 7.0 0.0 20.0 120.0 14106.018154366575 14097.82222222224 14232.777777777797 
188.00008077486444 7.0 0.0 20.0 120.0 14105.19856115213 14097.82222222224 14232.777777777797 
189.00008077486444 7.0 0.0 20.0 120.0 14104.460927259153 14097.82222222224 14232.777777777797 
190.00008077486444 8.0 0.0 19.0 120.0 14103.797056755448 14097.82222222224 14232.777777777797 
191.00008077486444 8.0 0.0 19.0 120.0 14104.961054783626 14115.437037037065 14232.777777777797 
192.00008077486444 8.0 0.0 19.0 120.0 14106.008653008956 14115.437037037065 14232.777777777797 
193.00008077486444 8.0 0.0 20.0 120.0 14106.951491411774 14115.437037037065 14232.777777777797 
194.00008077486444 8.0 0.0 20.0 120.0 14107.487453381686 14112.311111111108 14232.777777777797 
195.00008077486444 9.0 0.0 19.0 120.0 14107.96981915464 14112.311111111108 14232.777777777797 
196.00008077486444 9.0 0.0 19.0 120.0 14110.165429831775 14129.92592592593 14232.777777777797 
197.00008077486444 9.0 0.0 19.0 120.0 14112.141479441188 14129.92592592593 14232.777777777797 
198.00008077486444 9.0 0.0 19.0 120.0 14113.919924089654 14129.92592592593 14232.777777777797 
199.00008077486444 9.0 0.0 19.0 119.0 14115.520524273286 14129.92592592593 14232.777777777797 
200.00008077486444 9.0 0.0 20.0 119.0 14116.961064438547 14129.92592592593 14232.777777777797 
201.00008077486444 9.0 0.0 20.0 119.0 14117.944957994696 14126.799999999974 14232.777777777797 
202.00008077486444 9.0 0.0 20.0 119.0 14118.830462195243 14126.799999999974 14232.777777777797 
203.00008077486444 9.0 0.0 20.0 119.0 14119.627415975703 14126.799999999974 14232.777777777797 
204.00008077486444 9.0 0.0 20.0 119.0 14120.344674378122 14126.799999999974 14232.777777777797 
205.00008077486444 9.0 0.0 20.0 119.0 14120.990206940314 14126.799999999974 14232.777777777797 
206.00008077486444 9.0 0.0 20.0 118.0 14121.57118624629 14126.799999999974 14232.777777777797 
207.00008077486444 9.0 0.0 20.0 118.0 14122.09406762166 14126.799999999974 14232.777777777797 
208.00008077486444 9.0 0.0 20.0 118.0 14122.564660859482 14126.799999999974 14232.777777777797 
209.00008077486444 9.0 0.0 20.0 118.0 14122.988194773554 14126.799999999974 14232.777777777797 
210.00008077486444 9.0 0.0 20.0 118.0 14123.369375296203 14126.799999999974 14232.777777777797 
211.00008077486444 9.0 0.0 20.0 118.0 14123.712437766559 14126.799999999974 14232.777777777797 
212.00008077486444 9.0 0.0 20.0 118.0 14124.021193989909 14126.799999999974 14232.777777777797 
213.00008077486444 9.0 0.0 20.0 118.0 14124.29907459093 14126.799999999974 14232.777777777797 
214.00008077486444 9.0 0.0 20.0 118.0 14124.549167131832 14126.799999999974 14232.777777777797 
215.00008077486444 9.0 0.0 20.0 118.0 14124.774250418648 14126.799999999974 14232.777777777797 
216.00008077486444 9.0 0.0 20.0 118.0 14124.976825376802 14126.799999999974 14232.777777777797 
217.00008077486444 9.0 0.0 20.0 118.0 14125.159142839102 14126.799999999974 14232.777777777797 
218.00008077486444 9.0 0.0 21.0 118.0 14125.3232285552 14126.799999999974 14232.777777777797 
219.00008077486444 9.0 0.0 21.0 118.0 14123.709424218208 14109.185185185197 14232.777777777797 
220.00008077486444 9.0 0.0 21.0 118.0 14122.257000314881 14109.185185185197 14232.777777777797 
221.00008077486444 9.0 0.0 21.0 118.0 14120.94981880192 14109.185185185197 14232.777777777797 
222.00008077486444 9.0 0.0 22.0 118.0 14119.773355440251 14109.185185185197 14232.777777777797 
223.00008077486444 9.0 0.0 22.0 118.0 14118.401945822136 14106.059259259278 14232.777777777797 
224.00008077486444 9.0 0.0 22.0 118.0 14117.167677165857 14106.059259259278 14232.777777777797 
225.00008077486444 9.0 0.0 23.0 118.0 14116.056835375208 14106.059259259278 14232.777777777797 
226.00008077486444 9.0 0.0 23.0 118.0 14113.295596282114 14088.444444444414 14232.777777777797 
227.00008077486444 9.0 0.0 23.0 118.0 14110.810481098368 14088.444444444414 14232.777777777797 
228.00008077486444 9.0 0.0 23.0 117.0 14108.573877432977 14088.444444444414 14232.777777777797 
229.00008077486444 9.0 0.0 23.0 117.0 14106.560934134135 14088.444444444414 14232.777777777797 
230.00008077486444 9.0 0.0 23.0 117.0 14104.74928516515 14088.444444444414 14232.777777777797 
231.00008077486444 9.0 0.0 23.0 117.0 14103.118801093084 14088.444444444414 14232.777777777797 
232.00008077486444 9.0 0.0 23.0 117.0 14101.651365428203 14088.444444444414 14232.777777777797 
233.00008077486444 9.0 0.0 23.0 117.0 14100.330673329832 14088.444444444414 14232.777777777797 
234.00008077486444 9.0 0.0 23.0 117.0 14099.142050441274 14088.444444444414 14232.777777777797 
235.00008077486444 9.0 0.0 23.0 117.0 14098.072289841606 14088.444444444414 14232.777777777797 
236.00008077486444 9.0 0.0 24.0 117.0 14097.109505301894 14088.444444444414 14232.777777777797 
237.00008077486444 9.0 0.0 24.0 117.0 14094.481517734655 14070.82962962964 14232.777777777797 
238.00008077486444 9.0 0.0 24.0 117.0 14092.11632892415 14070.82962962964 14232.777777777797 
239.00008077486444 9.0 0.0 24.0 117.0 14089.987658994696 14070.82962962964 14232.777777777797 
240.00008077486444 9.0 0.0 24.0 117.0 14088.071856058203 14070.82962962964 14232.777777777797 
241.00008077486444 9.0 0.0 24.0 117.0 14086.347633415327 14070.82962962964 14232.777777777797 
242.00008077486444 9.0 0.0 24.0 117.0 14084.795833036778 14070.82962962964 14232.777777777797 
243.00008077486444 9.0 0.0 24.0 117.0 14083.399212696064 14070.82962962964 14232.777777777797 
244.00008077486444 10.0 0.0 23.0 117.0 14082.142254389417 14070.82962962964 14232.777777777797 
245.00008077486444 10.0 0.0 23.0 117.0 14082.77247339494 14088.444444444414 14232.777777777797 
246.00008077486444 10.0 0.0 23.0 117.0 14083.339670499874 14088.444444444414 14232.777777777797 
247.00008077486444 10.0 0.0 23.0 117.0 14083.850147894322 14088.444444444414 14232.777777777797 
248.00008077486444 10.0 0.0 23.0 117.0 14084.309577549338 14088.444444444414 14232.777777777797 
249.00008077486444 10.0 0.0 23.0 117.0 14084.723064238826 14088.444444444414 14232.777777777797 
250.00008077486444 10.0 0.0 23.0 117.0 14085.095202259412 14088.444444444414 14232.777777777797 
251.00008077486444 10.0 0.0 23.0 117.0 14085.430126477891 14088.444444444414 14232.777777777797 
252.00008077486444 10.0 0.0 23.0 117.0 14085.73155827457 14088.444444444414 14232.777777777797 
253.00008077486444 10.0 0.0 23.0 117.0 14086.00284689157 14088.444444444414 14232.777777777797 
254.00008077486444 10.0 0.0 23.0 117.0 14086.247006646852 14088.444444444414 14232.777777777797 
255.00008077486444 10.0 0.0 23.0 117.0 14086.466750426605 14088.444444444414 14232.777777777797 
256.00008077486444 10.0 0.0 23.0 117.0 14086.664519828395 14088.444444444414 14232.777777777797 
257.00008077486444 10.0 0.0 23.0 117.0 14086.842512289995 14088.444444444414 14232.777777777797 
258.00008077486444 10.0 0.0 23.0 117.0 14087.002705505434 14088.444444444414 14232.777777777797 
259.00008077486444 10.0 0.0 23.0 117.0 14087.146879399339 14088.444444444414 14232.777777777797 
260.00008077486444 10.0 0.0 23.0 117.0 14087.27663590384 14088.444444444414 14232.777777777797 
261.00008077486444 10.0 0.0 23.0 117.0 14087.393416757897 14088.444444444414 14232.777777777797 
262.00008077486444 10.0 0.0 23.0 117.0 14087.498519526562 14088.444444444414 14232.777777777797 
263.00008077486444 10.0 0.0 23.0 117.0 14087.593112018352 14088.444444444414 14232.777777777797 
264.00008077486444 10.0 0.0 23.0 117.0 14087.67824526097 14088.444444444414 14232.777777777797 
265.00008077486444 10.0 0.0 23.0 117.0 14087.754865179311 14088.444444444414 14232.777777777797 
266.00008077486444 10.0 0.0 23.0 117.0 14087.823823105844 14088.444444444414 14232.777777777797 
267.00008077486444 10.0 0.0 23.0 117.0 14087.885885239695 14088.444444444414 14232.777777777797 
268.00008077486444 10.0 0.0 23.0 117.0 14087.941741160179 14088.444444444414 14232.777777777797 
269.00008077486444 10.0 0.0 23.0 117.0 14087.99201148859 14088.444444444414 14232.777777777797 
270.00008077486444 10.0 0.0 23.0 117.0 14088.037254784173 14088.444444444414 14232.777777777797 
271.00008077486444 10.0 0.0 23.0 117.0 14088.077973750207 14088.444444444414 14232.777777777797 
272.00008077486444 10.0 0.0 23.0 117.0 14088.114620819631 14088.444444444414 14232.777777777797 
273.00008077486444 10.0 0.0 24.0 117.0 14088.1476031821 14088.444444444414 14232.777777777797 
274.00008077486444 10.0 0.0 24.0 117.0 14087.864694715763 14085.318518518547 14232.777777777797 
275.00008077486444 10.0 0.0 25.0 117.0 14087.610077096035 14085.318518518547 14232.777777777797 
276.00008077486444 10.0 0.0 25.0 117.0 14087.068328645679 14082.192592592592 14232.777777777797 
277.00008077486444 10.0 0.0 25.0 117.0 14086.580755040373 14082.192592592592 14232.777777777797 
278.00008077486444 10.0 0.0 25.0 117.0 14086.141938795614 14082.192592592592 14232.777777777797 
279.00008077486444 10.0 0.0 25.0 116.0 14085.747004175282 14082.192592592592 14232.777777777797 
280.00008077486444 10.0 0.0 25.0 116.0 14085.39156301703 14082.192592592592 14232.777777777797 
281.00008077486444 10.0 0.0 25.0 115.0 14085.071665974589 14082.192592592592 14232.777777777797 
282.00008077486444 10.0 0.0 25.0 115.0 14084.783758636402 14082.192592592592 14232.777777777797 
283.00008077486444 10.0 0.0 25.0 115.0 14084.524642031996 14082.192592592592 14232.777777777797 
284.00008077486444 10.0 0.0 25.0 115.0 14084.291437088068 14082.192592592592 14232.777777777797 
285.00008077486444 10.0 0.0 25.0 115.0 14084.081552638512 14082.192592592592 14232.777777777797 
286.00008077486444 10.0 0.0 26.0 115.0 14083.89265663392 14082.192592592592 14232.777777777797 
287.00008077486444 10.0 0.0 26.0 115.0 14081.961909489062 14064.5851851852 14232.777777777797 
288.00008077486444 10.0 0.0 26.0 115.0 14080.22423705865 14064.5851851852 14232.777777777797 
289.00008077486444 10.0 0.0 26.0 115.0 14078.660331871295 14064.5851851852 14232.777777777797 
290.00008077486444 10.0 0.0 26.0 115.0 14077.25281720271 14064.5851851852 14232.777777777797 
291.00008077486444 10.0 0.0 26.0 115.0 14075.986054000967 14064.5851851852 14232.777777777797 
292.00008077486444 10.0 0.0 26.0 115.0 14074.845967119396 14064.5851851852 14232.777777777797 
293.00008077486444 10.0 0.0 27.0 115.0 14073.819888925951 14064.5851851852 14232.777777777797 
294.00008077486444 10.0 0.0 27.0 115.0 14072.58382595929 14061.459259259243 14232.777777777797 
295.00008077486444 10.0 0.0 27.0 115.0 14071.471369289264 14061.459259259243 14232.777777777797 
296.00008077486444 10.0 0.0 27.0 115.0 14070.47015828627 14061.459259259243 14232.777777777797 
297.00008077486444 10.0 0.0 27.0 115.0 14069.569068383575 14061.459259259243 14232.777777777797 
298.00008077486444 10.0 0.0 27.0 115.0 14068.758087471153 14061.459259259243 14232.777777777797 
299.00008077486444 10.0 0.0 27.0 114.0 14068.028204649972 14061.459259259243 14232.777777777797 
300.00008077486444 11.0 0.0 26.0 114.0 14069.132050851644 14079.066666666678 14232.777777777797 
301.00008077486444 11.0 0.0 27.0 114.0 14070.125512433122 14079.066666666678 14232.777777777797 
302.00008077486444 11.0 0.0 27.0 114.0 14070.707035263882 14075.940740740722 14232.777777777797 
303.00008077486444 11.0 0.0 27.0 114.0 14071.230405811571 14075.940740740722 14232.777777777797 
304.00008077486444 11.0 0.0 27.0 114.0 14071.701439304483 14075.940740740722 14232.777777777797 
305.00008077486444 11.0 0.0 28.0 114.0 14072.12536944812 14075.940740740722 14232.777777777797 
306.00008077486444 11.0 0.0 28.0 114.0 14072.19431398477 14072.814814814803 14232.777777777797 
307.00008077486444 12.0 0.0 27.0 113.0 14074.01784554926 14090.429629629629 14232.777777777797 
308.00008077486444 12.0 0.0 27.0 113.0 14075.6590239573 14090.429629629629 14232.777777777797 
309.00008077486444 12.0 0.0 27.0 113.0 14077.13608452454 14090.429629629629 14232.777777777797 
310.00008077486444 12.0 0.0 27.0 113.0 14078.465439035032 14090.429629629629 14232.777777777797 
311.00008077486444 12.0 0.0 27.0 112.0 14079.661858094492 14090.429629629629 14232.777777777797 
312.00008077486444 12.0 0.0 27.0 112.0 14080.738635248006 14090.429629629629 14232.777777777797 
313.00008077486444 12.0 0.0 27.0 112.0 14081.70773468618 14090.429629629629 14232.777777777797 
314.00008077486444 12.0 0.0 27.0 112.0 14082.579924180538 14090.429629629629 14232.777777777797 
315.00008077486444 12.0 0.0 27.0 112.0 14083.364894725455 14090.429629629629 14232.777777777797 
316.00008077486444 13.0 0.0 26.0 112.0 14084.071368215866 14090.429629629629 14232.777777777797 
317.00008077486444 13.0 0.0 26.0 112.0 14085.019786949828 14093.555555555586 14232.777777777797 
318.00008077486444 13.0 0.0 26.0 112.0 14085.873363810417 14093.555555555586 14232.777777777797 
319.00008077486444 14.0 0.0 26.0 112.0 14086.641582984901 14093.555555555586 14232.777777777797 
320.00008077486444 14.0 0.0 26.0 112.0 14088.78186913085 14108.044444444442 14232.777777777797 
321.00008077486444 14.0 0.0 26.0 112.0 14090.708126662223 14108.044444444442 14232.777777777797 
322.00008077486444 14.0 0.0 26.0 112.0 14092.441758440456 14108.044444444442 14232.777777777797 
323.00008077486444 14.0 0.0 26.0 112.0 14094.002027040862 14108.044444444442 14232.777777777797 
324.00008077486444 14.0 0.0 26.0 113.0 14095.4062687812 14108.044444444442 14232.777777777797 
325.00008077486444 14.0 0.0 26.0 112.0 14096.670086347545 14108.044444444442 14232.777777777797 
326.00008077486444 14.0 0.0 26.0 112.0 14097.807522157229 14108.044444444442 14232.777777777797 
327.00008077486444 14.0 0.0 26.0 112.0 14098.83121438594 14108.044444444442 14232.777777777797 
328.00008077486444 14.0 0.0 27.0 112.0 14099.752537391772 14108.044444444442 14232.777777777797 
329.00008077486444 14.0 0.0 27.0 112.0 14100.26913550445 14104.918518518494 14232.777777777797 
330.00008077486444 14.0 0.0 27.0 112.0 14100.73407380588 14104.918518518494 14232.777777777797 
331.00008077486444 14.0 0.0 27.0 112.0 14101.152518277131 14104.918518518494 14232.777777777797 
332.00008077486444 14.0 0.0 27.0 112.0 14101.529118301276 14104.918518518494 14232.777777777797 
333.00008077486444 14.0 0.0 27.0 112.0 14101.868058322996 14104.918518518494 14232.777777777797 
334.00008077486444 14.0 0.0 27.0 111.0 14102.173104342555 14104.918518518494 14232.777777777797 
335.00008077486444 14.0 0.0 27.0 111.0 14102.447645760152 14104.918518518494 14232.777777777797 
336.00008077486444 14.0 0.0 28.0 111.0 14102.694733035989 14104.918518518494 14232.777777777797 
337.00008077486444 14.0 0.0 28.0 111.0 14102.604518991637 14101.792592592627 14232.777777777797 
338.00008077486444 14.0 0.0 28.0 111.0 14102.523326351726 14101.792592592627 14232.777777777797 
339.00008077486444 14.0 0.0 28.0 111.0 14102.450252975843 14101.792592592627 14232.777777777797 
340.00008077486444 14.0 0.0 28.0 111.0 14102.384486937497 14101.792592592627 14232.777777777797 
341.00008077486444 14.0 0.0 28.0 111.0 14102.325297503 14101.792592592627 14232.777777777797 
342.00008077486444 14.0 0.0 28.0 110.0 14102.272027011979 14101.792592592627 14232.777777777797 
343.00008077486444 14.0 0.0 28.0 110.0 14102.224083570016 14101.792592592627 14232.777777777797 
344.00008077486444 14.0 0.0 28.0 110.0 14102.18093447231 14101.792592592627 14232.777777777797 
345.00008077486444 14.0 0.0 28.0 110.0 14102.142100284304 14101.792592592627 14232.777777777797 
346.00008077486444 14.0 0.0 28.0 110.0 14102.107149515143 14101.792592592627 14232.777777777797 
347.00008077486444 14.0 0.0 29.0 110.0 14102.075693822873 14101.792592592627 14232.777777777797 
348.00008077486444 14.0 0.0 30.0 110.0 14100.286642959123 14084.185185185197 14232.777777777797 
349.00008077486444 14.0 0.0 32.0 110.0 14096.915015700228 14066.570370370371 14232.777777777797 
350.00008077486444 14.0 0.0 32.0 110.0 14093.255365982064 14060.318518518547 14232.777777777797 
351.00008077486444 14.0 0.0 32.0 110.0 14089.961681235714 14060.318518518547 14232.777777777797 
352.00008077486444 14.0 0.0 32.0 110.0 14086.997364963989 14060.318518518547 14232.777777777797 
353.00008077486444 14.0 0.0 32.0 110.0 14084.329480319453 14060.318518518547 14232.777777777797 
354.00008077486444 14.0 0.0 32.0 110.0 14081.928384139355 14060.318518518547 14232.777777777797 
355.00008077486444 14.0 0.0 32.0 108.0 14079.767397577276 14060.318518518547 14232.777777777797 
356.00008077486444 14.0 0.0 32.0 108.0 14077.82250967139 14060.318518518547 14232.777777777797 
357.00008077486444 14.0 0.0 32.0 108.0 14076.072110556128 14060.318518518547 14232.777777777797 
358.00008077486444 14.0 0.0 32.0 108.0 14074.496751352344 14060.318518518547 14232.777777777797 
359.00008077486444 14.0 0.0 32.0 108.0 14073.078928068955 14060.318518518547 14232.777777777797 
360.00008077486444 14.0 0.0 34.0 108.0 14071.802887113921 14060.318518518547 14232.777777777797 
361.00008077486444 14.0 0.0 35.0 108.0 14068.580376180293 14039.577777777764 14232.777777777797 
362.00008077486444 14.0 0.0 35.0 108.0 14065.367523747445 14036.45185185185 14232.777777777797 
363.00008077486444 14.0 0.0 35.0 108.0 14062.475956557888 14036.45185185185 14232.777777777797 
364.00008077486444 14.0 0.0 35.0 108.0 14059.873546087309 14036.45185185185 14232.777777777797 
365.00008077486444 14.0 0.0 36.0 108.0 14057.53137666375 14036.45185185185 14232.777777777797 
366.00008077486444 14.0 0.0 36.0 107.0 14055.110831589966 14033.325925925896 14232.777777777797 
367.00008077486444 14.0 0.0 36.0 106.0 14052.932341023556 14033.325925925896 14232.777777777797 
368.00008077486444 14.0 0.0 36.0 106.0 14050.971699513797 14033.325925925896 14232.777777777797 
369.00008077486444 14.0 0.0 36.0 106.0 14049.207122155018 14033.325925925896 14232.777777777797 
370.00008077486444 14.0 0.0 37.0 106.0 14047.619002532096 14033.325925925896 14232.777777777797 
371.00008077486444 14.0 0.0 37.0 105.0 14044.428213389985 14015.711111111119 14232.777777777797 
372.00008077486444 14.0 0.0 37.0 105.0 14041.556503162119 14015.711111111119 14232.777777777797 
373.00008077486444 14.0 0.0 38.0 105.0 14038.971963957018 14015.711111111119 14232.777777777797 
374.00008077486444 14.0 0.0 38.0 105.0 14036.333286079844 14012.5851851852 14232.777777777797 
375.00008077486444 14.0 0.0 38.0 105.0 14033.958475990363 14012.5851851852 14232.777777777797 
376.00008077486444 14.0 0.0 38.0 105.0 14031.821146909851 14012.5851851852 14232.777777777797 
377.00008077486444 14.0 0.0 38.0 105.0 14029.89755073738 14012.5851851852 14232.777777777797 
378.00008077486444 14.0 0.0 38.0 105.0 14028.166314182186 14012.5851851852 14232.777777777797 
379.00008077486444 14.0 0.0 38.0 104.0 14026.60820128246 14012.5851851852 14232.777777777797 
380.00008077486444 14.0 0.0 38.0 104.0 14025.205899672734 14012.5851851852 14232.777777777797 
381.00008077486444 14.0 0.0 38.0 104.0 14023.943828223992 14012.5851851852 14232.777777777797 
382.00008077486444 14.0 0.0 38.0 104.0 14022.807963920117 14012.5851851852 14232.777777777797 
383.00008077486444 14.0 0.0 38.0 104.0 14021.785686046624 14012.5851851852 14232.777777777797 
384.00008077486444 14.0 0.0 38.0 104.0 14020.865635960476 14012.5851851852 14232.777777777797 
385.00008077486444 14.0 0.0 38.0 104.0 14020.037590882926 14012.5851851852 14232.777777777797 
386.00008077486444 14.0 0.0 38.0 104.0 14019.29235031316 14012.5851851852 14232.777777777797 
387.00008077486444 14.0 0.0 38.0 104.0 14018.621633800367 14012.5851851852 14232.777777777797 
388.00008077486444 14.0 0.0 38.0 104.0 14018.017988938858 14012.5851851852 14232.777777777797 
389.00008077486444 14.0 0.0 38.0 104.0 14017.47470856348 14012.5851851852 14232.777777777797 
390.00008077486444 14.0 0.0 38.0 104.0 14016.985756225651 14012.5851851852 14232.777777777797 
391.00008077486444 14.0 0.0 38.0 104.0 14016.545699121581 14012.5851851852 14232.777777777797 
392.00008077486444 14.0 0.0 38.0 104.0 14016.149647727952 14012.5851851852 14232.777777777797 
393.00008077486444 14.0 0.0 38.0 104.0 14015.793201473689 14012.5851851852 14232.777777777797 
394.00008077486444 14.0 0.0 39.0 104.0 14015.472399844855 14012.5851851852 14232.777777777797 
395.00008077486444 14.0 0.0 40.0 104.0 14014.871085786286 14009.459259259243 14232.777777777797 
396.00008077486444 14.0 0.0 40.0 104.0 14012.568421652102 13991.844444444469 14232.777777777797 
397.00008077486444 14.0 0.0 41.0 104.0 14010.49602393134 13991.844444444469 14232.777777777797 
398.00008077486444 15.0 0.0 40.0 104.0 14006.869384501175 13974.22962962964 14232.777777777797 
399.00008077486444 15.0 0.0 40.0 104.0 14005.36689049549 13991.844444444469 14232.777777777797 
400.00008077486444 15.0 0.0 40.0 103.0 14004.014645890406 13991.844444444469 14232.777777777797 
401.00008077486444 15.0 0.0 40.0 103.0 14002.79762574579 13991.844444444469 14232.777777777797 
402.00008077486444 15.0 0.0 40.0 103.0 14001.702307615653 13991.844444444469 14232.777777777797 
403.00008077486444 15.0 0.0 40.0 103.0 14000.716521298547 13991.844444444469 14232.777777777797 
404.00008077486444 15.0 0.0 40.0 103.0 13999.829313613114 13991.844444444469 14232.777777777797 
405.00008077486444 15.0 0.0 40.0 103.0 13999.030826696247 13991.844444444469 14232.777777777797 
406.00008077486444 15.0 0.0 40.0 103.0 13998.312188471084 13991.844444444469 14232.777777777797 
407.00008077486444 15.0 0.0 41.0 103.0 13997.665414068424 13991.844444444469 14232.777777777797 
408.00008077486444 15.0 0.0 41.0 103.0 13995.321835624542 13974.22962962964 14232.777777777797 
409.00008077486444 15.0 0.0 41.0 103.0 13993.212615025057 13974.22962962964 14232.777777777797 
410.00008077486444 15.0 0.0 42.0 103.0 13991.314316485488 13974.22962962964 14232.777777777797 
411.00008077486444 15.0 0.0 43.0 103.0 13987.845107059156 13956.622222222213 14232.777777777797 
412.00008077486444 15.0 0.0 43.0 103.0 13982.961337094015 13939.0074074074 14232.777777777797 
413.00008077486444 15.0 0.0 43.0 103.0 13978.565944125343 13939.0074074074 14232.777777777797 
414.00008077486444 15.0 0.0 43.0 103.0 13974.610090453547 13939.0074074074 14232.777777777797 
415.00008077486444 15.0 0.0 43.0 103.0 13971.04982214893 13939.0074074074 14232.777777777797 
416.00008077486444 15.0 0.0 43.0 103.0 13967.845580674779 13939.0074074074 14232.777777777797 
417.00008077486444 15.0 0.0 43.0 103.0 13964.96176334804 13939.0074074074 14232.777777777797 
418.00008077486444 15.0 0.0 43.0 103.0 13962.366327753974 13939.0074074074 14232.777777777797 
419.00008077486444 15.0 0.0 44.0 103.0 13960.030435719333 13939.0074074074 14232.777777777797 
420.00008077486444 15.0 0.0 44.0 103.0 13956.166651406651 13921.392592592572 14232.777777777797 
421.00008077486444 16.0 0.0 43.0 103.0 13952.689245525231 13921.392592592572 14232.777777777797 
422.00008077486444 16.0 0.0 43.0 103.0 13951.321061713454 13939.0074074074 14232.777777777797 
423.00008077486444 16.0 0.0 43.0 103.0 13950.08969628286 13939.0074074074 14232.777777777797 
424.00008077486444 16.0 0.0 44.0 103.0 13948.981467395302 13939.0074074074 14232.777777777797 
425.00008077486444 16.0 0.0 44.0 103.0 13947.671468803934 13935.88148148148 14232.777777777797 
426.00008077486444 17.0 0.0 43.0 103.0 13946.492470071695 13935.88148148148 14232.777777777797 
427.00008077486444 17.0 0.0 43.0 103.0 13947.192852694137 13953.496296296304 14232.777777777797 
428.00008077486444 17.0 0.0 43.0 103.0 13947.82319705436 13953.496296296304 14232.777777777797 
429.00008077486444 17.0 0.0 43.0 103.0 13948.390506978536 13953.496296296304 14232.777777777797 
430.00008077486444 17.0 0.0 43.0 102.0 13948.901085910313 13953.496296296304 14232.777777777797 
431.00008077486444 17.0 0.0 44.0 102.0 13949.360606948923 13953.496296296304 14232.777777777797 
432.00008077486444 17.0 0.0 45.0 102.0 13949.461583291062 13950.370370370389 14232.777777777797 
433.00008077486444 17.0 0.0 45.0 102.0 13949.239869406392 13947.244444444439 14232.777777777797 
434.00008077486444 17.0 0.0 45.0 102.0 13949.040326910217 13947.244444444439 14232.777777777797 
435.00008077486444 17.0 0.0 45.0 102.0 13948.860738663643 13947.244444444439 14232.777777777797 
436.00008077486444 17.0 0.0 45.0 102.0 13948.699109241703 13947.244444444439 14232.777777777797 
437.00008077486444 17.0 0.0 45.0 101.0 13948.553642761988 13947.244444444439 14232.777777777797 
438.00008077486444 17.0 0.0 45.0 100.0 13948.422722930238 13947.244444444439 14232.777777777797 
439.00008077486444 17.0 0.0 45.0 100.0 13948.304895081652 13947.244444444439 14232.777777777797 
440.00008077486444 17.0 0.0 45.0 100.0 13948.198850017916 13947.244444444439 14232.777777777797 
441.00008077486444 17.0 0.0 45.0 100.0 13948.103409460577 13947.244444444439 14232.777777777797 
442.00008077486444 18.0 0.0 44.0 100.0 13948.017512958972 13947.244444444439 14232.777777777797 
443.00008077486444 18.0 0.0 44.0 100.0 13948.252798700114 13950.370370370389 14232.777777777797 
444.00008077486444 18.0 0.0 45.0 100.0 13948.464555867144 13950.370370370389 14232.777777777797 
445.00008077486444 18.0 0.0 45.0 100.0 13948.342544724872 13947.244444444439 14232.777777777797 
446.00008077486444 18.0 0.0 45.0 100.0 13948.232734696821 13947.244444444439 14232.777777777797 
447.00008077486444 18.0 0.0 46.0 100.0 13948.133905671604 13947.244444444439 14232.777777777797 
448.00008077486444 18.0 0.0 47.0 100.0 13946.283478067386 13929.629629629611 14232.777777777797 
449.00008077486444 18.0 0.0 47.0 100.0 13942.85661174212 13912.014814814838 14232.777777777797 
450.00008077486444 18.0 0.0 47.0 100.0 13939.772432049396 13912.014814814838 14232.777777777797 
451.00008077486444 18.0 0.0 47.0 100.0 13936.996670325923 13912.014814814838 14232.777777777797 
452.00008077486444 18.0 0.0 47.0 100.0 13934.498484774831 13912.014814814838 14232.777777777797 
453.00008077486444 19.0 0.0 46.0 100.0 13932.250117778849 13912.014814814838 14232.777777777797 
454.00008077486444 19.0 0.0 47.0 100.0 13931.98806896392 13929.629629629611 14232.777777777797 
455.00008077486444 19.0 0.0 48.0 100.0 13929.99148428973 13912.022222222226 14232.777777777797 
456.00008077486444 19.0 0.0 48.0 100.0 13927.8819654904 13908.896296296318 14232.777777777797 
457.00008077486444 20.0 0.0 47.0 100.0 13925.98339857098 13908.896296296318 14232.777777777797 
458.00008077486444 20.0 0.0 47.0 100.0 13926.036169825004 13926.511111111091 14232.777777777797 
459.00008077486444 20.0 0.0 47.0 100.0 13926.083663953617 13926.511111111091 14232.777777777797 
460.00008077486444 20.0 0.0 48.0 100.0 13926.126408669346 13926.511111111091 14232.777777777797 
461.00008077486444 21.0 0.0 47.0 99.0 13925.852286320935 13923.385185185176 14232.777777777797 
462.00008077486444 21.0 0.0 47.0 99.0 13925.918168799963 13926.511111111091 14232.777777777797 
463.00008077486444 22.0 0.0 46.0 99.0 13927.738203771802 13944.11851851852 14232.777777777797 
464.00008077486444 22.0 0.0 46.0 99.0 13929.376235246484 13944.11851851852 14232.777777777797 
465.00008077486444 22.0 0.0 47.0 99.0 13930.85046357369 13944.11851851852 14232.777777777797 
466.00008077486444 23.0 0.0 46.0 98.0 13931.864676475596 13940.9925925926 14232.777777777797 
467.00008077486444 23.0 0.0 46.0 98.0 13934.53894956877 13958.607407407428 14232.777777777797 
468.00008077486444 23.0 0.0 46.0 98.0 13936.945795352643 13958.607407407428 14232.777777777797 
469.00008077486444 23.0 0.0 46.0 99.0 13939.111956558105 13958.607407407428 14232.777777777797 
470.00008077486444 24.0 0.0 45.0 99.0 13941.061501643042 13958.607407407428 14232.777777777797 
471.00008077486444 24.0 0.0 45.0 98.0 13943.128684812056 13961.733333333343 14232.777777777797 
472.00008077486444 24.0 0.0 45.0 98.0 13944.989149664187 13961.733333333343 14232.777777777797 
473.00008077486444 24.0 0.0 45.0 98.0 13946.663568031092 13961.733333333343 14232.777777777797 
474.00008077486444 24.0 0.0 45.0 98.0 13948.170544561328 13961.733333333343 14232.777777777797 
475.00008077486444 24.0 0.0 45.0 98.0 13949.526823438546 13961.733333333343 14232.777777777797 
476.00008077486444 24.0 0.0 45.0 98.0 13950.747474427999 13961.733333333343 14232.777777777797 
477.00008077486444 24.0 0.0 45.0 98.0 13951.846060318541 13961.733333333343 14232.777777777797 
478.00008077486444 24.0 0.0 46.0 99.0 13952.834787620035 13961.733333333343 14232.777777777797 
479.00008077486444 24.0 0.0 47.0 99.0 13953.412049598759 13958.607407407428 14232.777777777797 
480.00008077486444 24.0 0.0 47.0 99.0 13952.170103898143 13940.9925925926 14232.777777777797 
481.00008077486444 24.0 0.0 47.0 99.0 13951.052352767583 13940.9925925926 14232.777777777797 
482.00008077486444 24.0 0.0 47.0 99.0 13950.046376750079 13940.9925925926 14232.777777777797 
483.00008077486444 24.0 0.0 47.0 99.0 13949.140998334322 13940.9925925926 14232.777777777797 
484.00008077486444 24.0 0.0 47.0 98.0 13948.326157760179 13940.9925925926 14232.777777777797 
485.00008077486444 24.0 0.0 47.0 98.0 13947.592801243409 13940.9925925926 14232.777777777797 
486.00008077486444 24.0 0.0 47.0 98.0 13946.932780378344 13940.9925925926 14232.777777777797 
487.00008077486444 24.0 0.0 47.0 98.0 13946.338761599762 13940.9925925926 14232.777777777797 
488.00008077486444 24.0 0.0 47.0 98.0 13945.80414469904 13940.9925925926 14232.777777777797 
489.00008077486444 24.0 0.0 47.0 98.0 13945.32298948839 13940.9925925926 14232.777777777797 
490.00008077486444 24.0 0.0 47.0 98.0 13944.889949798808 13940.9925925926 14232.777777777797 
491.00008077486444 24.0 0.0 47.0 98.0 13944.500214078176 13940.9925925926 14232.777777777797 
492.00008077486444 24.0 0.0 48.0 98.0 13944.149451929634 13940.9925925926 14232.777777777797 
493.00008077486444 24.0 0.0 48.0 98.0 13943.52117340332 13937.86666666665 14232.777777777797 
494.00008077486444 24.0 0.0 48.0 98.0 13942.955722729663 13937.86666666665 14232.777777777797 
495.00008077486444 24.0 0.0 48.0 98.0 13942.446817123377 13937.86666666665 14232.777777777797 
496.00008077486444 24.0 0.0 48.0 98.0 13941.988802077689 13937.86666666665 14232.777777777797 
497.00008077486444 24.0 0.0 48.0 98.0 13941.576588536584 13937.86666666665 14232.777777777797 
498.00008077486444 24.0 0.0 48.0 97.0 13941.205596349606 13937.86666666665 14232.777777777797 
499.00008077486444 24.0 0.0 48.0 97.0 13940.8717033813 13937.86666666665 14232.777777777797 
500.00008077486444 24.0 0.0 48.0 97.0 13940.571199709844 13937.86666666665 14232.777777777797 
501.00008077486444 24.0 0.0 48.0 97.0 13940.300746405537 13937.86666666665 14232.777777777797 
502.00008077486444 24.0 0.0 48.0 97.0 13940.057338431643 13937.86666666665 14232.777777777797 
503.00008077486444 24.0 0.0 48.0 97.0 13939.838271255147 13937.86666666665 14232.777777777797 
504.00008077486444 24.0 0.0 48.0 97.0 13939.64111079631 13937.86666666665 14232.777777777797 
505.00008077486444 24.0 0.0 48.0 97.0 13939.463666383332 13937.86666666665 14232.777777777797 
506.00008077486444 25.0 0.0 47.0 97.0 13939.303966411679 13937.86666666665 14232.777777777797 
507.00008077486444 25.0 0.0 47.0 97.0 13940.920977177913 13955.474074074082 14232.777777777797 
508.00008077486444 25.0 0.0 47.0 97.0 13942.37628686752 13955.474074074082 14232.777777777797 
509.00008077486444 25.0 0.0 47.0 97.0 13943.686065588186 13955.474074074082 14232.777777777797 
510.00008077486444 25.0 0.0 47.0 97.0 13944.864866436763 13955.474074074082 14232.777777777797 
511.00008077486444 26.0 0.0 46.0 97.0 13945.92578720051 13955.474074074082 14232.777777777797 
512.0000807748645 26.0 0.0 46.0 97.0 13948.642097369344 13973.088888888855 14232.777777777797 
513.0000807748645 26.0 0.0 46.0 97.0 13951.086776521293 13973.088888888855 14232.777777777797 
514.0000807748645 26.0 0.0 46.0 97.0 13953.286987758065 13973.088888888855 14232.777777777797 
515.0000807748645 26.0 0.0 46.0 97.0 13955.267177871116 13973.088888888855 14232.777777777797 
516.0000807748645 26.0 0.0 46.0 97.0 13957.049348972898 13973.088888888855 14232.777777777797 
517.0000807748645 26.0 0.0 46.0 97.0 13958.653302964494 13973.088888888855 14232.777777777797 
518.0000807748645 26.0 0.0 47.0 97.0 13960.096861556938 13973.088888888855 14232.777777777797 
519.0000807748645 26.0 0.0 47.0 97.0 13959.635323549408 13955.481481481478 14232.777777777797 
520.0000807748645 26.0 0.0 47.0 97.0 13959.219939342613 13955.481481481478 14232.777777777797 
521.0000807748645 26.0 0.0 47.0 97.0 13958.846093556502 13955.481481481478 14232.777777777797 
522.0000807748645 26.0 0.0 48.0 97.0 13958.50963234898 13955.481481481478 14232.777777777797 
523.0000807748645 26.0 0.0 48.0 97.0 13957.89422466965 13952.355555555561 14232.777777777797 
524.0000807748645 26.0 0.0 48.0 97.0 13957.340357758238 13952.355555555561 14232.777777777797 
525.0000807748645 27.0 0.0 47.0 97.0 13958.60335901945 13969.970370370334 14232.777777777797 
526.0000807748645 27.0 0.0 47.0 97.0 13959.740060154529 13969.970370370334 14232.777777777797 
527.0000807748645 27.0 0.0 48.0 97.0 13960.763091176124 13969.970370370334 14232.777777777797 
528.0000807748645 27.0 0.0 48.0 96.0 13961.37122650296 13966.844444444469 14232.777777777797 
529.0000807748645 27.0 0.0 48.0 96.0 13961.918548297097 13966.844444444469 14232.777777777797 
530.0000807748645 27.0 0.0 48.0 96.0 13962.411137911846 13966.844444444469 14232.777777777797 
531.0000807748645 28.0 0.0 48.0 96.0 13962.854468565101 13966.844444444469 14232.777777777797 
532.0000807748645 28.0 0.0 48.0 96.0 13963.25346615303 13966.844444444469 14232.777777777797 
533.0000807748645 28.0 0.0 48.0 95.0 13963.61256398219 13966.844444444469 14232.777777777797 
534.0000807748645 28.0 0.0 48.0 95.0 13963.935752028412 13966.844444444469 14232.777777777797 
535.0000807748645 28.0 0.0 48.0 95.0 13964.226621270001 13966.844444444469 14232.777777777797 
536.0000807748645 28.0 0.0 48.0 95.0 13964.488403587451 13966.844444444469 14232.777777777797 
537.0000807748645 29.0 0.0 47.0 95.0 13966.484748413894 13984.45185185185 14232.777777777797 
538.0000807748645 29.0 0.0 47.0 95.0 13968.281458757689 13984.45185185185 14232.777777777797 
539.0000807748645 29.0 0.0 47.0 95.0 13969.89849806711 13984.45185185185 14232.777777777797 
540.0000807748645 29.0 0.0 47.0 95.0 13971.35383344557 13984.45185185185 14232.777777777797 
541.0000807748645 29.0 0.0 47.0 95.0 13972.663635286212 13984.45185185185 14232.777777777797 
542.0000807748645 29.0 0.0 47.0 95.0 13973.842456942775 13984.45185185185 14232.777777777797 
543.0000807748645 29.0 0.0 47.0 95.0 13974.903396433674 13984.45185185185 14232.777777777797 
544.0000807748645 29.0 0.0 47.0 95.0 13975.858241975478 13984.45185185185 14232.777777777797 
545.0000807748645 29.0 0.0 48.0 95.0 13976.717602963143 13984.45185185185 14232.777777777797 
546.0000807748645 29.0 0.0 48.0 95.0 13977.178435259415 13981.325925925896 14232.777777777797 
547.0000807748645 29.0 0.0 48.0 95.0 13977.593184326055 13981.325925925896 14232.777777777797 
548.0000807748645 29.0 0.0 49.0 95.0 13977.966458486044 13981.325925925896 14232.777777777797 
549.0000807748645 29.0 0.0 49.0 95.0 13976.541664489287 13963.718518518519 14232.777777777797 
550.0000807748645 29.0 0.0 49.0 95.0 13975.25934989221 13963.718518518519 14232.777777777797 
551.0000807748645 29.0 0.0 49.0 94.0 13974.105266754845 13963.718518518519 14232.777777777797 
552.0000807748645 29.0 0.0 49.0 94.0 13973.066591931225 13963.718518518519 14232.777777777797 
553.0000807748645 29.0 0.0 49.0 94.0 13972.13178458994 13963.718518518519 14232.777777777797 
554.0000807748645 29.0 0.0 50.0 94.0 13971.290457982801 13963.718518518519 14232.777777777797 
555.0000807748645 29.0 0.0 50.0 94.0 13970.533264036374 13963.718518518519 14232.777777777797 
556.0000807748645 29.0 0.0 51.0 94.0 13968.090308003095 13946.103703703682 14232.777777777797 
557.0000807748645 29.0 0.0 51.0 94.0 13964.130906832435 13928.496296296304 14232.777777777797 
558.0000807748645 29.0 0.0 52.0 94.0 13960.567445778825 13928.496296296304 14232.777777777797 
559.0000807748645 29.0 0.0 52.0 94.0 13955.598849349077 13910.88148148148 14232.777777777797 
560.0000807748645 29.0 0.0 53.0 94.0 13951.12711256233 13910.88148148148 14232.777777777797 
561.0000807748645 30.0 0.0 53.0 94.0 13948.550697602399 13925.362962962958 14232.777777777797 
562.0000807748645 30.0 0.0 53.0 94.0 13944.471183397694 13907.755555555561 14232.777777777797 
563.0000807748645 30.0 0.0 53.0 94.0 13940.799620613501 13907.755555555561 14232.777777777797 
564.0000807748645 30.0 0.0 53.0 94.0 13937.495214107701 13907.755555555561 14232.777777777797 
565.0000807748645 30.0 0.0 53.0 94.0 13934.521248252477 13907.755555555561 14232.777777777797 
566.0000807748645 30.0 0.0 53.0 93.0 13931.844678982792 13907.755555555561 14232.777777777797 
567.0000807748645 30.0 0.0 53.0 93.0 13929.435766640045 13907.755555555561 14232.777777777797 
568.0000807748645 31.0 0.0 52.0 93.0 13929.028486272364 13925.362962962958 14232.777777777797 
569.0000807748645 32.0 0.0 51.0 93.0 13930.423415422893 13942.977777777774 14232.777777777797 
570.0000807748645 32.0 0.0 51.0 93.0 13931.678851658387 13942.977777777774 14232.777777777797 
571.0000807748645 32.0 0.0 51.0 93.0 13932.808744270314 13942.977777777774 14232.777777777797 
572.0000807748645 32.0 0.0 52.0 93.0 13933.825647621077 13942.977777777774 14232.777777777797 
573.0000807748645 32.0 0.0 52.0 93.0 13932.979379155282 13925.362962962958 14232.777777777797 
574.0000807748645 32.0 0.0 52.0 93.0 13932.217737536032 13925.362962962958 14232.777777777797 
575.0000807748645 32.0 0.0 52.0 93.0 13931.532260078728 13925.362962962958 14232.777777777797 
576.0000807748645 32.0 0.0 52.0 93.0 13930.915330367137 13925.362962962958 14232.777777777797 
577.0000807748645 32.0 0.0 53.0 93.0 13930.360093626723 13925.362962962958 14232.777777777797 
578.0000807748645 32.0 0.0 53.0 93.0 13928.098899078866 13907.748148148132 14232.777777777797 
579.0000807748645 33.0 0.0 52.0 93.0 13926.063823985807 13907.748148148132 14232.777777777797 
580.0000807748645 33.0 0.0 52.0 93.0 13924.54484899464 13910.874074074081 14232.777777777797 
581.0000807748645 33.0 0.0 52.0 93.0 13923.177771502575 13910.874074074081 14232.777777777797 
582.0000807748645 33.0 0.0 52.0 93.0 13921.947401759733 13910.874074074081 14232.777777777797 
583.0000807748645 33.0 0.0 52.0 93.0 13920.840068991154 13910.874074074081 14232.777777777797 
584.0000807748645 34.0 0.0 51.0 93.0 13919.84346949944 13910.874074074081 14232.777777777797 
585.0000807748645 34.0 0.0 51.0 93.0 13920.708011438395 13928.488888888909 14232.777777777797 
586.0000807748645 34.0 0.0 51.0 93.0 13921.48609918345 13928.488888888909 14232.777777777797 
587.0000807748645 34.0 0.0 51.0 94.0 13922.18637815399 13928.488888888909 14232.777777777797 
588.0000807748645 34.0 0.0 51.0 93.0 13922.504036634868 13925.362962962958 14232.777777777797 
589.0000807748645 34.0 0.0 51.0 93.0 13922.78992926768 13925.362962962958 14232.777777777797 
590.0000807748645 34.0 0.0 51.0 93.0 13923.047232637231 13925.362962962958 14232.777777777797 
591.0000807748645 34.0 0.0 51.0 93.0 13923.278805669797 13925.362962962958 14232.777777777797 
592.0000807748645 34.0 0.0 51.0 93.0 13923.487221399124 13925.362962962958 14232.777777777797 
593.0000807748645 34.0 0.0 51.0 93.0 13923.674795555487 13925.362962962958 14232.777777777797 
594.0000807748645 34.0 0.0 51.0 93.0 13923.843612296228 13925.362962962958 14232.777777777797 
595.0000807748645 34.0 0.0 51.0 93.0 13923.995547362907 13925.362962962958 14232.777777777797 
596.0000807748645 34.0 0.0 51.0 93.0 13924.132288922912 13925.362962962958 14232.777777777797 
597.0000807748645 34.0 0.0 51.0 93.0 13924.255356326918 13925.362962962958 14232.777777777797 
598.0000807748645 34.0 0.0 51.0 93.0 13924.366116990514 13925.362962962958 14232.777777777797 
599.0000807748645 34.0 0.0 51.0 93.0 13924.465801587752 13925.362962962958 14232.777777777797 
600.0000807748645 34.0 0.0 51.0 93.0 13924.555517725295 13925.362962962958 14232.777777777797 
#####################################################################
# End of data export. Simulation finished at: 2020-02-18T15:25+0000 #
#####################################################################
