#####################################################################
# Alchemist log file - simulation started at: 2020-02-04T04:51+0000 #
#####################################################################
# seed = 7.0, meanTaskSize = 1000, smoothing = 0.1, grain = 1600.0, peakFrequency = 0.3
#
# The columns have the following meaning: 
# time done[Sum] drop[Sum] waiting[Sum] isLeader[Sum] capacity[Mean] freeCapacity[Mean] maxCapacity[Mean] 
0.0 NaN 0.0 NaN NaN NaN NaN NaN 
1.0042631798645665 0.0 0.0 0.0 135.0 14232.777777777797 14232.777777777797 14232.777777777797 
2.0042631798645667 0.0 0.0 0.0 135.0 14232.777777777797 14232.777777777797 14232.777777777797 
3.0042631798645667 0.0 0.0 0.0 135.0 14232.777777777797 14232.777777777797 14232.777777777797 
4.004263179864567 0.0 0.0 0.0 135.0 14232.777777777797 14232.777777777797 14232.777777777797 
5.004263179864567 0.0 0.0 0.0 135.0 14232.777777777797 14232.777777777797 14232.777777777797 
6.004263179864567 0.0 0.0 0.0 135.0 14232.777777777797 14232.777777777797 14232.777777777797 
7.004263179864567 0.0 0.0 0.0 135.0 14232.777777777797 14232.777777777797 14232.777777777797 
8.004263179864566 0.0 0.0 0.0 135.0 14232.777777777797 14232.777777777797 14232.777777777797 
9.004263179864566 0.0 0.0 0.0 135.0 14232.777777777797 14232.777777777797 14232.777777777797 
10.004263179864566 0.0 0.0 0.0 135.0 14232.777777777797 14232.777777777797 14232.777777777797 
11.004263179864566 0.0 0.0 0.0 135.0 14232.777777777797 14232.777777777797 14232.777777777797 
12.004263179864566 0.0 0.0 0.0 135.0 14232.777777777797 14232.777777777797 14232.777777777797 
13.004263179864566 0.0 0.0 0.0 135.0 14232.777777777797 14232.777777777797 14232.777777777797 
14.004263179864566 0.0 0.0 0.0 135.0 14232.777777777797 14232.777777777797 14232.777777777797 
15.004263179864566 0.0 0.0 0.0 135.0 14232.777777777797 14232.777777777797 14232.777777777797 
16.004263179864566 0.0 0.0 0.0 135.0 14232.777777777797 14232.777777777797 14232.777777777797 
17.004263179864566 0.0 0.0 1.0 135.0 14232.777777777797 14232.777777777797 14232.777777777797 
18.004263179864566 0.0 0.0 1.0 135.0 14231.016296296293 14215.162962962962 14232.777777777797 
19.004263179864566 0.0 0.0 2.0 135.0 14229.430962962972 14215.162962962962 14232.777777777797 
20.004263179864566 0.0 0.0 2.0 135.0 14227.691570370373 14212.037037037013 14232.777777777797 
21.004263179864566 0.0 0.0 2.0 135.0 14226.126117037024 14212.037037037013 14232.777777777797 
22.004263179864566 1.0 0.0 1.0 134.0 14224.717209037053 14212.037037037013 14232.777777777797 
23.004263179864566 1.0 0.0 1.0 134.0 14225.210673318543 14229.651851851839 14232.777777777797 
24.004263179864566 1.0 0.0 1.0 134.0 14225.654791171828 14229.651851851839 14232.777777777797 
25.004263179864566 1.0 0.0 2.0 134.0 14226.054497239833 14229.651851851839 14232.777777777797 
26.004263179864566 1.0 0.0 2.0 134.0 14226.10164010843 14226.525925925918 14232.777777777797 
27.004263179864566 1.0 0.0 3.0 134.0 14226.144068690182 14226.525925925918 14232.777777777797 
28.004263179864566 1.0 0.0 3.0 133.0 14225.869661821176 14223.400000000001 14232.777777777797 
29.004263179864566 1.0 0.0 3.0 133.0 14225.622695639087 14223.400000000001 14232.777777777797 
30.004263179864566 1.0 0.0 4.0 132.0 14225.400426075152 14223.400000000001 14232.777777777797 
31.004263179864566 1.0 0.0 4.0 132.0 14223.438901986168 14205.785185185186 14232.777777777797 
32.004263179864566 1.0 0.0 4.0 132.0 14221.67353030607 14205.785185185186 14232.777777777797 
33.004263179864566 1.0 0.0 4.0 132.0 14220.084695794008 14205.785185185186 14232.777777777797 
34.004263179864566 1.0 0.0 4.0 132.0 14218.654744733076 14205.785185185186 14232.777777777797 
35.004263179864566 1.0 0.0 4.0 132.0 14217.367788778307 14205.785185185186 14232.777777777797 
36.004263179864566 1.0 0.0 4.0 132.0 14216.209528419015 14205.785185185186 14232.777777777797 
37.004263179864566 1.0 0.0 4.0 132.0 14215.167094095617 14205.785185185186 14232.777777777797 
38.004263179864566 1.0 0.0 4.0 132.0 14214.228903204563 14205.785185185186 14232.777777777797 
39.004263179864566 1.0 0.0 4.0 132.0 14213.38453140263 14205.785185185186 14232.777777777797 
40.004263179864566 1.0 0.0 5.0 132.0 14212.624596780903 14205.785185185186 14232.777777777797 
41.004263179864566 2.0 0.0 4.0 132.0 14210.179174139817 14188.17037037036 14232.777777777797 
42.004263179864566 2.0 0.0 4.0 132.0 14209.739775244363 14205.785185185186 14232.777777777797 
43.004263179864566 2.0 0.0 4.0 132.0 14209.34431623845 14205.785185185186 14232.777777777797 
44.004263179864566 3.0 0.0 3.0 132.0 14208.988403133133 14205.785185185186 14232.777777777797 
45.004263179864566 3.0 0.0 3.0 132.0 14210.429562819814 14223.400000000001 14232.777777777797 
46.004263179864566 3.0 0.0 3.0 132.0 14211.72660653784 14223.400000000001 14232.777777777797 
47.004263179864566 3.0 0.0 3.0 132.0 14212.893945884047 14223.400000000001 14232.777777777797 
48.004263179864566 3.0 0.0 3.0 132.0 14213.944551295666 14223.400000000001 14232.777777777797 
49.004263179864566 3.0 0.0 3.0 132.0 14214.89009616608 14223.400000000001 14232.777777777797 
50.004263179864566 3.0 0.0 3.0 132.0 14215.74108654949 14223.400000000001 14232.777777777797 
51.004263179864566 3.0 0.0 3.0 132.0 14216.506977894494 14223.400000000001 14232.777777777797 
52.004263179864566 3.0 0.0 3.0 132.0 14217.196280105089 14223.400000000001 14232.777777777797 
53.004263179864566 3.0 0.0 3.0 132.0 14217.816652094569 14223.400000000001 14232.777777777797 
54.004263179864566 3.0 0.0 3.0 132.0 14218.374986885101 14223.400000000001 14232.777777777797 
55.004263179864566 3.0 0.0 3.0 132.0 14218.877488196598 14223.400000000001 14232.777777777797 
56.004263179864566 3.0 0.0 3.0 132.0 14219.329739376954 14223.400000000001 14232.777777777797 
57.004263179864566 3.0 0.0 3.0 132.0 14219.73676543924 14223.400000000001 14232.777777777797 
58.004263179864566 3.0 0.0 3.0 132.0 14220.103088895314 14223.400000000001 14232.777777777797 
59.004263179864566 3.0 0.0 3.0 132.0 14220.432780005814 14223.400000000001 14232.777777777797 
60.004263179864566 3.0 0.0 3.0 132.0 14220.729502005217 14223.400000000001 14232.777777777797 
61.004263179864566 3.0 0.0 3.0 132.0 14220.996551804674 14223.400000000001 14232.777777777797 
62.004263179864566 3.0 0.0 3.0 132.0 14221.236896624208 14223.400000000001 14232.777777777797 
63.004263179864566 3.0 0.0 3.0 132.0 14221.453206961829 14223.400000000001 14232.777777777797 
64.00426317986457 3.0 0.0 3.0 132.0 14221.64788626562 14223.400000000001 14232.777777777797 
65.00426317986457 3.0 0.0 3.0 132.0 14221.823097639075 14223.400000000001 14232.777777777797 
66.00426317986457 3.0 0.0 3.0 132.0 14221.980787875162 14223.400000000001 14232.777777777797 
67.00426317986457 3.0 0.0 4.0 132.0 14222.122709087631 14223.400000000001 14232.777777777797 
68.00426317986457 3.0 0.0 4.0 132.0 14221.937845586246 14220.274074074052 14232.777777777797 
69.00426317986457 3.0 0.0 4.0 132.0 14221.771468435074 14220.274074074052 14232.777777777797 
70.00426317986457 3.0 0.0 4.0 131.0 14221.621728998944 14220.274074074052 14232.777777777797 
71.00426317986457 3.0 0.0 6.0 131.0 14221.48696350647 14220.274074074052 14232.777777777797 
72.00426317986457 4.0 0.0 5.0 131.0 14219.291600489165 14199.533333333318 14232.777777777797 
73.00426317986457 4.0 0.0 5.0 131.0 14219.077255255042 14217.14814814815 14232.777777777797 
74.00426317986457 4.0 0.0 5.0 130.0 14218.884344544376 14217.14814814815 14232.777777777797 
75.00426317986457 5.0 0.0 4.0 130.0 14218.710724904744 14217.14814814815 14232.777777777797 
76.00426317986457 5.0 0.0 4.0 130.0 14218.867059821652 14220.274074074052 14232.777777777797 
77.00426317986457 5.0 0.0 4.0 130.0 14219.00776124692 14220.274074074052 14232.777777777797 
78.00426317986457 5.0 0.0 5.0 130.0 14219.13439252963 14220.274074074052 14232.777777777797 
79.00426317986457 5.0 0.0 6.0 130.0 14218.935768091475 14217.14814814815 14232.777777777797 
80.00426317986457 6.0 0.0 6.0 130.0 14218.444413504554 14214.022222222226 14232.777777777797 
81.00426317986457 6.0 0.0 6.0 129.0 14218.002194376313 14214.022222222226 14232.777777777797 
82.00426317986457 6.0 0.0 6.0 128.0 14217.604197160927 14214.022222222226 14232.777777777797 
83.00426317986457 6.0 0.0 7.0 127.0 14217.245999667019 14214.022222222226 14232.777777777797 
84.00426317986457 6.0 0.0 8.0 127.0 14215.162140441056 14196.407407407401 14232.777777777797 
85.00426317986457 6.0 0.0 8.0 128.0 14212.97407454514 14193.281481481483 14232.777777777797 
86.00426317986457 6.0 0.0 8.0 128.0 14211.004815238755 14193.281481481483 14232.777777777797 
87.00426317986457 6.0 0.0 8.0 127.0 14209.232481863031 14193.281481481483 14232.777777777797 
88.00426317986457 6.0 0.0 8.0 127.0 14207.637381824861 14193.281481481483 14232.777777777797 
89.00426317986457 6.0 0.0 9.0 127.0 14206.201791790525 14193.281481481483 14232.777777777797 
90.00426317986457 6.0 0.0 9.0 127.0 14204.597168167036 14190.155555555531 14232.777777777797 
91.00426317986457 8.0 0.0 8.0 127.0 14203.153006905872 14190.155555555531 14232.777777777797 
92.00426317986457 9.0 0.0 8.0 126.0 14203.614743252365 14207.77037037036 14232.777777777797 
93.00426317986457 9.0 0.0 8.0 126.0 14204.030305964125 14207.77037037036 14232.777777777797 
94.00426317986457 9.0 0.0 8.0 125.0 14204.404312404748 14207.77037037036 14232.777777777797 
95.00426317986457 9.0 0.0 8.0 124.0 14204.740918201329 14207.77037037036 14232.777777777797 
96.00426317986457 9.0 0.0 9.0 125.0 14205.043863418203 14207.77037037036 14232.777777777797 
97.00426317986457 9.0 0.0 9.0 125.0 14205.316514113432 14207.77037037036 14232.777777777797 
98.00426317986457 9.0 0.0 9.0 125.0 14203.800418257664 14190.155555555531 14232.777777777797 
99.00426317986457 9.0 0.0 9.0 125.0 14202.435931987447 14190.155555555531 14232.777777777797 
100.00426317986457 9.0 0.0 9.0 126.0 14201.20789434425 14190.155555555531 14232.777777777797 
101.00426317986457 9.0 0.0 9.0 126.0 14200.102660465393 14190.155555555531 14232.777777777797 
102.00426317986457 9.0 0.0 9.0 126.0 14199.107949974403 14190.155555555531 14232.777777777797 
103.00426317986457 9.0 0.0 9.0 126.0 14198.21271053252 14190.155555555531 14232.777777777797 
104.00426317986457 9.0 0.0 9.0 126.0 14197.406995034844 14190.155555555531 14232.777777777797 
105.00426317986457 9.0 0.0 9.0 126.0 14196.681851086883 14190.155555555531 14232.777777777797 
106.00426317986457 9.0 0.0 9.0 126.0 14196.02922153374 14190.155555555531 14232.777777777797 
107.00426317986457 9.0 0.0 9.0 126.0 14195.441854935949 14190.155555555531 14232.777777777797 
108.00426317986457 9.0 0.0 11.0 127.0 14194.913224997885 14190.155555555531 14232.777777777797 
109.00426317986457 9.0 0.0 12.0 127.0 14193.813013609202 14183.911111111145 14232.777777777797 
110.00426317986457 9.0 0.0 14.0 126.0 14192.510230766806 14180.785185185186 14232.777777777797 
111.00426317986457 9.0 0.0 14.0 126.0 14191.337726208676 14180.785185185186 14232.777777777797 
112.00426317986457 9.0 0.0 14.0 126.0 14186.76024988408 14145.562962962935 14232.777777777797 
113.00426317986457 10.0 0.0 13.0 126.0 14182.640521191963 14145.562962962935 14232.777777777797 
114.00426317986457 10.0 0.0 13.0 126.0 14180.693506109837 14163.17037037036 14232.777777777797 
115.00426317986457 10.0 0.0 14.0 126.0 14178.941192535845 14163.17037037036 14232.777777777797 
116.00426317986457 10.0 0.0 14.0 126.0 14177.364110319317 14163.17037037036 14232.777777777797 
117.00426317986457 10.0 0.0 14.0 126.0 14174.183995583668 14145.562962962935 14232.777777777797 
118.00426317986457 10.0 0.0 15.0 126.0 14171.321892321628 14145.562962962935 14232.777777777797 
119.00426317986457 10.0 0.0 15.0 126.0 14168.745999385745 14145.562962962935 14232.777777777797 
120.00426317986457 10.0 0.0 16.0 117.0 14164.666955002727 14127.955555555558 14232.777777777797 
121.00426317986457 10.0 0.0 16.0 120.0 14160.995815058013 14127.955555555558 14232.777777777797 
122.00426317986457 10.0 0.0 16.0 117.0 14156.142159478142 14112.459259259243 14232.777777777797 
123.00426317986457 10.0 0.0 16.0 120.0 14151.77386945624 14112.459259259243 14232.777777777797 
124.00426317986457 10.0 0.0 16.0 117.0 14147.842408436532 14112.459259259243 14232.777777777797 
125.00426317986457 11.0 0.0 18.0 119.0 14144.304093518818 14112.459259259243 14232.777777777797 
126.00426317986457 12.0 0.0 18.0 117.0 14136.1492397225 14062.755555555561 14232.777777777797 
127.00426317986457 13.0 0.0 18.0 119.0 14128.809130565074 14062.748148148132 14232.777777777797 
128.00426317986455 16.0 0.0 17.0 117.0 14122.203032323352 14062.748148148132 14232.777777777797 
129.00426317986455 17.0 0.0 16.0 119.0 14118.019025387332 14080.362962962958 14232.777777777797 
130.00426317986455 17.0 0.0 18.0 117.0 14116.014900626365 14097.977777777774 14232.777777777797 
131.00426317986455 17.0 0.0 22.0 119.0 14112.449706860023 14080.362962962958 14232.777777777797 
132.00426317986455 17.0 0.0 23.0 117.0 14099.198810248106 13979.940740740722 14232.777777777797 
133.00426317986455 18.0 0.0 22.0 119.0 14087.273003297347 13979.940740740722 14232.777777777797 
134.00426317986455 18.0 0.0 22.0 116.0 14072.82644370838 13942.807407407408 14232.777777777797 
135.00426317986455 19.0 0.0 23.0 120.0 14059.82454007828 13942.807407407408 14232.777777777797 
136.00426317986455 20.0 0.0 23.0 116.0 14049.884308292665 13960.422222222236 14232.777777777797 
137.00426317986455 21.0 0.0 22.0 110.0 14033.893655241152 13889.977777777773 14232.777777777797 
138.00426317986455 22.0 0.0 22.0 121.0 14020.0265119393 13895.222222222203 14232.777777777797 
139.00426317986455 23.0 0.0 21.0 116.0 14007.546082967574 13895.222222222203 14232.777777777797 
140.00426317986455 24.0 0.0 24.0 119.0 13999.835178374511 13930.437037037065 14232.777777777797 
141.00426317986455 25.0 0.0 23.0 117.0 13990.821290166718 13909.696296296284 14232.777777777797 
142.00426317986455 25.0 0.0 23.0 119.0 13980.011013001873 13882.718518518519 14232.777777777797 
143.00426317986455 28.0 0.0 20.0 116.0 13975.040282072077 13930.303703703716 14232.777777777797 
144.00426317986455 29.0 0.0 19.0 109.0 13974.088846457467 13965.525925925918 14232.777777777797 
145.00426317986455 30.0 0.0 20.0 119.0 13976.75477662652 14000.748148148132 14232.777777777797 
146.00426317986455 30.0 0.0 20.0 116.0 13975.632632297187 13965.533333333322 14232.777777777797 
147.00426317986455 32.0 0.0 19.0 109.0 13978.14418388231 14000.748148148132 14232.777777777797 
148.00426317986455 34.0 0.0 17.0 109.0 13980.40458030891 14000.748148148132 14232.777777777797 
149.00426317986455 35.0 0.0 17.0 118.0 13984.512270426138 14021.481481481478 14232.777777777797 
150.00426317986455 37.0 0.0 16.0 116.0 13988.209191531694 14021.481481481478 14232.777777777797 
151.00426317986455 38.0 0.0 15.0 109.0 13994.43419830442 14050.459259259243 14232.777777777797 
152.00426317986455 38.0 0.0 15.0 102.0 14002.32114884436 14073.303703703716 14232.777777777797 
153.00426317986455 38.0 0.0 17.0 110.0 14011.180885811762 14090.918518518494 14232.777777777797 
154.00426317986455 39.0 0.0 19.0 108.0 14016.769463897286 14067.066666666678 14232.777777777797 
155.00426317986455 41.0 0.0 18.0 101.0 14016.303628618674 14012.11111111112 14232.777777777797 
156.00426317986455 42.0 0.0 19.0 101.0 14014.83845094198 14001.651851851839 14232.777777777797 
157.00426317986455 42.0 0.0 20.0 99.0 14011.356828069986 13980.022222222226 14232.777777777797 
158.00426317986455 42.0 0.0 21.0 101.0 14005.938923040767 13957.17777777776 14232.777777777797 
159.00426317986455 42.0 0.0 22.0 99.0 13994.35095666262 13890.059259259277 14232.777777777797 
160.00426317986455 45.0 0.0 20.0 105.0 13983.9217869223 13890.059259259277 14232.777777777797 
161.00426317986455 47.0 0.0 19.0 98.0 13976.608126748573 13910.785185185188 14232.777777777797 
162.00426317986455 47.0 0.0 20.0 99.0 13965.35620296262 13864.088888888855 14232.777777777797 
163.00426317986455 47.0 0.0 23.0 107.0 13954.917619703398 13860.970370370334 14232.777777777797 
164.00426317986455 47.0 0.0 25.0 107.0 13940.239931807107 13808.140740740746 14232.777777777797 
165.00426317986455 48.0 0.0 24.0 110.0 13927.030012700487 13808.140740740746 14232.777777777797 
166.00426317986455 48.0 0.0 25.0 112.0 13913.903307726721 13795.76296296296 14232.777777777797 
167.00426317986455 48.0 0.0 26.0 107.0 13900.32779176889 13778.148148148146 14232.777777777797 
168.00426317986455 52.0 0.0 24.0 107.0 13891.632049629035 13813.370370370389 14232.777777777797 
169.00426317986455 53.0 0.0 25.0 107.0 13883.805881703162 13813.370370370389 14232.777777777797 
170.00426317986455 54.0 0.0 26.0 104.0 13881.733441680992 13863.081481481506 14232.777777777797 
171.00426317986455 55.0 0.0 27.0 103.0 13878.630467883242 13850.703703703719 14232.777777777797 
172.00426317986455 55.0 0.0 27.0 100.0 13871.078532206042 13803.111111111119 14232.777777777797 
173.00426317986455 55.0 0.0 29.0 99.0 13861.806975281741 13778.362962962961 14232.777777777797 
174.00426317986455 55.0 0.0 33.0 100.0 13851.388499975801 13757.622222222211 14232.777777777797 
175.00426317986455 57.0 0.0 34.0 100.0 13840.462242570806 13742.125925925922 14232.777777777797 
176.00426317986455 59.0 0.0 33.0 105.0 13825.868610906302 13694.525925925918 14232.777777777797 
177.00426317986455 60.0 0.0 36.0 90.0 13814.495083149002 13712.133333333348 14232.777777777797 
178.00426317986455 61.0 0.0 38.0 99.0 13803.544834093356 13704.992592592596 14232.777777777797 
179.00426317986455 63.0 0.0 38.0 100.0 13793.689609943305 13704.992592592596 14232.777777777797 
180.00426317986455 64.0 0.0 41.0 93.0 13781.822130430433 13675.014814814838 14232.777777777797 
181.00426317986455 66.0 0.0 41.0 103.0 13766.382139609612 13627.422222222236 14232.777777777797 
182.00426317986455 68.0 0.0 43.0 100.0 13746.99281453753 13572.488888888909 14232.777777777797 
183.00426317986455 72.0 0.0 44.0 90.0 13733.063903454147 13607.703703703717 14232.777777777797 
184.00426317986455 72.0 0.0 45.0 90.0 13715.053809405035 13552.962962962985 14232.777777777797 
185.00426317986455 75.0 0.0 44.0 93.0 13699.368428464553 13558.200000000026 14232.777777777797 
186.00426317986455 77.0 0.0 44.0 103.0 13684.53825228476 13551.066666666678 14232.777777777797 
187.00426317986455 78.0 0.0 45.0 91.0 13662.175538167405 13460.911111111145 14232.777777777797 
188.00426317986455 79.0 0.0 45.0 90.0 13633.76687323954 13378.088888888855 14232.777777777797 
189.00426317986455 80.0 0.0 45.0 90.0 13609.959815545206 13395.696296296284 14232.777777777797 
190.00426317986455 84.0 0.0 43.0 102.0 13592.055685842537 13430.918518518494 14232.777777777797 
191.00426317986455 88.0 0.0 39.0 105.0 13578.417524665709 13455.674074074104 14232.777777777797 
192.00426317986455 88.0 0.0 40.0 90.0 13567.903920347257 13473.281481481476 14232.777777777797 
193.00426317986455 90.0 0.0 44.0 99.0 13559.156491275515 13480.429629629634 14232.777777777797 
194.00426317986455 90.0 0.0 45.0 100.0 13548.284545851675 13450.437037037063 14232.777777777797 
195.00426317986455 93.0 0.0 45.0 102.0 13536.024980155393 13425.688888888886 14232.777777777797 
196.00426317986455 94.0 0.0 45.0 113.0 13528.513593250957 13460.911111111145 14232.777777777797 
197.00426317986455 95.0 0.0 48.0 101.0 13517.708900592532 13420.466666666673 14232.777777777797 
198.00426317986455 95.0 0.0 49.0 91.0 13503.748380903662 13378.103703703682 14232.777777777797 
199.00426317986455 97.0 0.0 49.0 91.0 13491.183172442901 13378.096296296288 14232.777777777797 
200.00426317986455 99.0 0.0 48.0 94.0 13479.160410754186 13370.955555555565 14232.777777777797 
201.00426317986455 101.0 0.0 49.0 102.0 13470.625110419509 13393.807407407405 14232.777777777797 
202.00426317986455 101.0 0.0 53.0 102.0 13455.898154933111 13323.355555555561 14232.777777777797 
203.00426317986455 103.0 0.0 56.0 92.0 13437.884635736094 13275.76296296296 14232.777777777797 
204.00426317986455 108.0 0.0 52.0 91.0 13415.987283273585 13218.911111111145 14232.777777777797 
205.00426317986455 111.0 0.0 50.0 95.0 13400.325591983266 13259.370370370389 14232.777777777797 
206.00426317986455 117.0 0.0 44.0 96.0 13395.750069821997 13354.570370370366 14232.777777777797 
207.00426317986455 120.0 0.0 49.0 97.0 13391.108396173106 13349.333333333327 14232.777777777797 
208.00426317986455 122.0 0.0 48.0 102.0 13386.40718618542 13344.096296296286 14232.777777777797 
209.00426317986455 125.0 0.0 47.0 92.0 13388.17313423355 13404.066666666678 14232.777777777797 
210.00426317986455 129.0 0.0 45.0 95.0 13387.811376365758 13384.555555555584 14232.777777777797 
211.00426317986455 132.0 0.0 45.0 97.0 13395.24357206252 13462.133333333348 14232.777777777797 
212.00426317986455 134.0 0.0 47.0 91.0 13398.41032596737 13426.911111111145 14232.777777777797 
213.00426317986455 135.0 0.0 50.0 91.0 13387.695219296562 13291.259259259272 14232.777777777797 
214.00426317986455 138.0 0.0 54.0 91.0 13378.262734403952 13293.370370370389 14232.777777777797 
215.00426317986455 138.0 0.0 57.0 95.0 13368.937942445027 13285.014814814836 14232.777777777797 
216.00426317986455 139.0 0.0 60.0 101.0 13352.263407459788 13202.192592592599 14232.777777777797 
217.00326633313003 140.0 0.0 61.0 98.0 13332.898548195284 13158.614814814831 14232.777777777797 
218.00426317986455 143.0 0.0 66.0 89.0 13311.947211894276 13123.385185185169 14232.777777777797 
219.00426317986455 148.0 0.0 64.0 89.0 13292.045083297455 13112.925925925922 14232.777777777797 
220.00426317986455 153.0 0.0 61.0 92.0 13255.999834226974 12931.592592592599 14232.777777777797 
221.00426317986455 156.0 0.0 60.0 93.0 13231.316887841287 13009.17037037036 14232.777777777797 
222.00426317986455 156.0 0.0 62.0 97.0 13207.864458316413 12996.792592592623 14232.777777777797 
223.00426317986455 159.0 0.0 60.0 91.0 13188.518012484794 13014.399999999992 14232.777777777797 
224.00426317986455 162.0 0.0 62.0 89.0 13170.915840865931 13012.496296296313 14232.777777777797 
225.00426317986455 166.0 0.0 60.0 90.0 13144.81981233492 12909.955555555569 14232.777777777797 
226.00426317986455 168.0 0.0 60.0 93.0 13124.85412739769 12945.162962962951 14232.777777777797 
227.00426317986455 169.0 0.0 63.0 95.0 13105.12352947275 12927.548148148158 14232.777777777797 
228.00426317986455 171.0 0.0 64.0 100.0 13083.84525059955 12892.340740740723 14232.777777777797 
229.00426317986455 172.0 0.0 65.0 90.0 13061.383688502554 12859.22962962963 14232.777777777797 
230.00426317986455 176.0 0.0 64.0 90.0 13042.73939372638 12874.940740740733 14232.777777777797 
231.00426317986455 178.0 0.0 65.0 92.0 13026.673602501896 12882.081481481504 14232.777777777797 
232.00426317986455 182.0 0.0 63.0 88.0 13010.644020029473 12866.377777777796 14232.777777777797 
233.00426317986455 189.0 0.0 57.0 88.0 12998.814432841338 12892.34814814815 14232.777777777797 
234.00426317986455 195.0 0.0 53.0 88.0 12993.864100668306 12949.311111111117 14232.777777777797 
235.00426317986455 200.0 0.0 54.0 88.0 12997.690283194079 13032.125925925928 14232.777777777797 
236.00426317986455 202.0 0.0 58.0 94.0 13002.18125487467 13042.600000000008 14232.777777777797 
237.00426317986455 207.0 0.0 58.0 88.0 13006.936462720536 13049.733333333354 14232.777777777797 
238.00426317986455 215.0 0.0 55.0 88.0 13010.502075707731 13042.592592592599 14232.777777777797 
239.00426317986455 221.0 0.0 54.0 88.0 13018.8052014703 13093.533333333331 14232.777777777797 
240.00426317986455 226.0 0.0 50.0 88.0 13035.60616280476 13186.814814814803 14232.777777777797 
241.00426317986455 226.0 0.0 57.0 94.0 13050.726287265003 13186.807407407401 14232.777777777797 
242.00426317986455 229.0 0.0 57.0 88.0 13067.141806686666 13214.88148148148 14232.777777777797 
243.00426317986455 231.0 0.0 58.0 88.0 13075.919477869847 13154.918518518494 14232.777777777797 
244.00426317986455 231.0 0.0 62.0 88.0 13087.864567119916 13195.370370370389 14232.777777777797 
245.00426317986455 236.0 0.0 60.0 88.0 13099.519591889411 13204.414814814809 14232.777777777797 
246.00426317986455 239.0 0.0 60.0 94.0 13110.320966033807 13207.533333333327 14232.777777777797 
247.00426317986455 244.0 0.0 61.0 88.0 13121.80368424522 13225.148148148139 14232.777777777797 
248.00426317986455 246.0 0.0 62.0 90.0 13131.212945450336 13215.896296296318 14232.777777777797 
249.00426317986455 247.0 0.0 62.0 89.0 13129.639058312707 13115.474074074082 14232.777777777797 
250.00426317986455 251.0 0.0 62.0 88.0 13128.211448777742 13115.362962962969 14232.777777777797 
251.00426317986455 258.0 0.0 61.0 94.0 13132.922155751798 13175.318518518545 14232.777777777797 
252.00426317986455 259.0 0.0 65.0 89.0 13136.972162398857 13173.422222222236 14232.777777777797 
253.00426317986455 261.0 0.0 64.0 96.0 13131.62161282562 13083.466666666669 14232.777777777797 
254.00426317986455 262.0 0.0 68.0 91.0 13105.66167376529 12872.022222222235 14232.777777777797 
255.00426317986455 262.0 0.0 71.0 90.0 13062.7362471295 12676.407407407401 14232.777777777797 
256.00426317986455 264.0 0.0 74.0 81.0 12998.213733527662 12417.511111111093 14232.777777777797 
257.00426317986455 271.0 0.0 71.0 82.0 12921.629397211935 12232.370370370387 14232.777777777797 
258.00426317986455 277.0 0.0 68.0 91.0 12858.699790824077 12292.333333333318 14232.777777777797 
259.00426317986455 281.0 0.0 65.0 82.0 12787.04907100094 12142.192592592608 14232.777777777797 
260.00426317986455 285.0 0.0 62.0 91.0 12723.27749723417 12149.333333333314 14232.777777777797 
261.00426317986455 286.0 0.0 66.0 85.0 12643.323821584827 11923.740740740717 14232.777777777797 
262.00426317986455 288.0 0.0 68.0 97.0 12573.841069055978 11948.49629629632 14232.777777777797 
263.00426317986455 292.0 0.0 67.0 91.0 12504.594739928156 11881.377777777801 14232.777777777797 
264.00426317986455 295.0 0.0 67.0 91.0 12445.794525194602 11916.5925925926 14232.777777777797 
265.00426317986455 297.0 0.0 69.0 86.0 12395.873591193642 11946.58518518518 14232.777777777797 
266.00426317986455 300.0 0.0 68.0 82.0 12353.94400985208 11976.577777777764 14232.777777777797 
267.00426317986455 304.0 0.0 67.0 91.0 12322.728127385382 12041.785185185205 14232.777777777797 
268.00426317986455 312.0 0.0 62.0 97.0 12277.21383316536 11867.58518518518 14232.777777777797 
269.00426317986455 315.0 0.0 61.0 101.0 12242.438375774744 11929.459259259243 14232.777777777797 
270.00426317986455 320.0 0.0 61.0 92.0 12214.13898264171 11959.444444444418 14232.777777777797 
271.00426317986455 323.0 0.0 59.0 82.0 12189.383602896049 11966.58518518518 14232.777777777797 
272.00426317986455 326.0 0.0 63.0 84.0 12171.863020384248 12014.177777777779 14232.777777777797 
273.00426317986455 327.0 0.0 69.0 82.0 12158.047088716188 12033.7037037037 14232.777777777797 
274.00426317986455 329.0 0.0 72.0 98.0 12139.948305770486 11977.059259259258 14232.777777777797 
275.00426317986455 331.0 0.0 80.0 100.0 12099.517178897138 11735.637037037022 14232.777777777797 
276.00426317986455 341.0 0.0 72.0 91.0 12061.369905451866 11718.044444444422 14232.777777777797 
277.00426317986455 346.0 0.0 71.0 91.0 12039.554396388185 11843.214814814797 14232.777777777797 
278.00426317986455 351.0 0.0 72.0 88.0 12031.723401193814 11961.244444444457 14232.777777777797 
279.00426317986455 356.0 0.0 74.0 101.0 12016.584394407739 11880.333333333316 14232.777777777797 
280.00426317986455 360.0 0.0 77.0 99.0 11997.092621633636 11821.666666666684 14232.777777777797 
281.00426317986455 363.0 0.0 77.0 82.0 11980.075211322117 11826.918518518498 14232.777777777797 
282.00426317986455 369.0 0.0 76.0 70.0 11950.881023523247 11688.133333333346 14232.777777777797 
283.00426317986455 373.0 0.0 79.0 92.0 11928.65069894872 11728.577777777764 14232.777777777797 
284.00426317986455 376.0 0.0 84.0 67.0 11917.75007349829 11819.644444444439 14232.777777777797 
285.00426317986455 381.0 0.0 81.0 79.0 11907.224695778074 11812.49629629632 14232.777777777797 
286.00094383359016 387.0 0.0 77.0 85.0 11899.846670644722 11833.44444444442 14232.777777777797 
287.00426317986455 390.0 0.0 77.0 87.0 11909.054596172824 11991.925925925912 14232.777777777797 
288.00426317986455 393.0 0.0 79.0 67.0 11894.210618037036 11760.61481481484 14232.777777777797 
289.00426317986455 394.0 0.0 82.0 67.0 11876.614741418516 11718.251851851866 14232.777777777797 
290.00426317986455 395.0 0.0 87.0 79.0 11862.348822832222 11733.955555555576 14232.777777777797 
291.00426317986455 395.0 0.0 92.0 80.0 11845.273940549001 11691.600000000017 14232.777777777797 
292.00426317986455 403.0 0.0 91.0 68.0 11826.385065012622 11656.38518518516 14232.777777777797 
293.00426317986455 407.0 0.0 95.0 86.0 11805.529521474306 11617.82962962964 14232.777777777797 
294.00426317986455 412.0 0.0 92.0 67.0 11780.36101377132 11553.844444444465 14232.777777777797 
295.00426317986455 416.0 0.0 90.0 66.0 11740.433801283078 11381.08888888886 14232.777777777797 
296.00426317986455 420.0 0.0 92.0 66.0 11715.778569302933 11493.88148148148 14232.777777777797 
297.00426317986455 427.0 0.0 87.0 67.0 11709.628119780033 11654.274074074056 14232.777777777797 
298.00426317986455 435.0 0.0 85.0 87.0 11712.898641135384 11742.333333333316 14232.777777777797 
299.00426317986455 439.0 0.0 92.0 74.0 11723.701369614417 11820.925925925914 14232.777777777797 
300.00426317986455 442.0 0.0 91.0 66.0 11724.115677097423 11727.844444444465 14232.777777777797 
301.00426317986455 447.0 0.0 91.0 66.0 11682.299664943235 11305.955555555576 14232.777777777797 
302.00426317986455 453.0 0.0 91.0 65.0 11656.780809560038 11427.1111111111 14232.777777777797 
303.00426317986455 456.0 0.0 93.0 65.0 11641.379024900309 11502.76296296296 14232.777777777797 
304.0028699883093 461.0 0.0 94.0 98.0 11638.988529817705 11617.474074074082 14232.777777777797 
305.00426317986455 465.0 0.0 94.0 68.0 11640.67115831742 11655.814814814803 14232.777777777797 
306.00426317986455 466.0 0.0 99.0 65.0 11642.899598041235 11662.955555555576 14232.777777777797 
307.00426317986455 470.0 0.0 100.0 78.0 11616.016304903762 11374.066666666678 14232.777777777797 
308.00426317986455 473.0 0.0 99.0 88.0 11584.586526265237 11301.718518518537 14232.777777777797 
309.00426317986455 482.0 0.0 96.0 80.0 11565.294540305387 11391.666666666682 14232.777777777797 
310.00426317986455 491.0 0.0 93.0 86.0 11562.925086274843 11541.600000000017 14232.777777777797 
311.00426317986455 495.0 0.0 97.0 65.0 11559.958503573278 11533.259259259281 14232.777777777797 
312.00426317986455 503.0 0.0 93.0 65.0 11523.20857914189 11192.459259259245 14232.777777777797 
313.00426317986455 508.0 0.0 96.0 65.0 11497.367721227702 11264.79999999998 14232.777777777797 
314.00426317986455 513.0 0.0 94.0 72.0 11477.822800956776 11301.918518518498 14232.777777777797 
315.00426317986455 519.0 0.0 96.0 91.0 11467.264965305536 11372.244444444457 14232.777777777797 
316.00426317986455 527.0 0.0 96.0 68.0 11457.562172478707 11370.23703703704 14232.777777777797 
317.00426317986455 534.0 0.0 94.0 65.0 11412.754844119703 11009.488888888905 14232.777777777797 
318.00426317986455 540.0 0.0 94.0 65.0 11359.767507855888 10882.88148148148 14232.777777777797 
319.00426317986455 542.0 0.0 95.0 65.0 11315.458164477704 10916.674074074099 14232.777777777797 
320.0030395256586 544.0 0.0 98.0 76.0 11276.10345914104 10921.911111111138 14232.777777777797 
321.00426317986455 552.0 0.0 96.0 64.0 11243.350150263983 10948.570370370357 14232.777777777797 
322.00426317986455 553.0 0.0 105.0 62.0 11214.39661671906 10953.814814814805 14232.777777777797 
323.00426317986455 555.0 0.0 107.0 57.0 11182.673992084186 10897.17037037036 14232.777777777797 
324.00426317986455 558.0 0.0 106.0 65.0 11127.422148431337 10630.155555555537 14232.777777777797 
325.00426317986455 561.0 0.0 107.0 78.0 11082.264378032643 10675.844444444463 14232.777777777797 
326.00426317986455 564.0 0.0 110.0 66.0 11038.100162451594 10640.6222222222 14232.777777777797 
327.00426317986455 568.0 0.0 113.0 63.0 11003.42347953977 10691.33333333332 14232.777777777797 
328.00426317986455 575.0 0.0 110.0 64.0 10948.064835289504 10449.837037037056 14232.777777777797 
329.00426317986455 582.0 0.0 107.0 76.0 10898.765018427206 10455.066666666677 14232.777777777797 
330.00426317986455 587.0 0.0 105.0 60.0 10836.784812880791 10278.962962962978 14232.777777777797 
331.00426317986455 592.0 0.0 105.0 63.0 10789.284109370506 10361.777777777796 14232.777777777797 
332.00426317986455 599.0 0.0 105.0 55.0 10744.235698433436 10338.799999999981 14232.777777777797 
333.00426317986455 604.0 0.0 102.0 62.0 10701.694350812308 10318.822222222221 14232.777777777797 
334.00426317986455 610.0 0.0 106.0 55.0 10663.739730545904 10322.148148148133 14232.777777777797 
335.00426317986455 614.0 0.0 110.0 60.0 10629.7020537876 10323.362962962976 14232.777777777797 
336.00426317986455 623.0 0.0 107.0 62.0 10585.454811371801 10187.22962962962 14232.777777777797 
337.00426317986455 624.0 0.0 111.0 64.0 10534.542663567969 10076.333333333321 14232.777777777797 
338.00426317986455 629.0 0.0 109.0 84.0 10491.00617498895 10099.177777777779 14232.777777777797 
339.00426317986455 636.0 0.0 110.0 63.0 10445.902594527077 10039.970370370344 14232.777777777797 
340.00426317986455 640.0 0.0 111.0 56.0 10410.070112852161 10087.577777777764 14232.777777777797 
341.00426317986455 642.0 0.0 115.0 62.0 10351.220138603987 9821.57037037036 14232.777777777797 
342.00426317986455 647.0 0.0 117.0 64.0 10302.49071733617 9863.925925925918 14232.777777777797 
343.00426317986455 650.0 0.0 120.0 62.0 10257.397201158114 9851.555555555575 14232.777777777797 
344.00426317986455 656.0 0.0 118.0 58.0 10221.369332894163 9897.11851851852 14232.777777777797 
345.00426317986455 663.0 0.0 118.0 62.0 10152.440547752884 9532.081481481495 14232.777777777797 
346.00353722034095 673.0 0.0 117.0 55.0 10103.968344829458 9667.718518518535 14232.777777777797 
347.00426317986455 683.0 0.0 114.0 73.0 10058.009288124287 9644.377777777796 14232.777777777797 
348.00426317986455 685.0 0.0 119.0 61.0 9988.848359311862 9366.399999999985 14232.777777777797 
349.00426317986455 689.0 0.0 120.0 53.0 9918.133893751035 9281.7037037037 14232.777777777797 
350.00426317986455 696.0 0.0 116.0 54.0 9846.542726598149 9202.222222222206 14232.777777777797 
351.00426317986455 701.0 0.0 117.0 61.0 9769.261787271671 9073.73333333335 14232.777777777797 
352.00426317986455 704.0 0.0 122.0 63.0 9700.35412706302 9080.185185185195 14232.777777777797 
353.00426317986455 713.0 0.0 119.0 62.0 9635.861677319677 9055.429629629634 14232.777777777797 
354.00426317986455 724.0 0.0 123.0 52.0 9605.327361439562 9330.518518518506 14232.777777777797 
355.00426317986455 725.0 0.0 130.0 61.0 9540.483514184512 8956.8888888889 14232.777777777797 
356.00426317986455 728.0 0.0 131.0 68.0 9475.935162766053 8895.0 14232.777777777797 
357.00426317986455 733.0 0.0 131.0 70.0 9375.70831315611 8473.66666666667 14232.777777777797 
358.00426317986455 739.0 0.0 129.0 53.0 9272.321926284954 8341.844444444449 14232.777777777797 
359.00426317986455 743.0 0.0 133.0 58.0 9171.657141063863 8265.674074074082 14232.777777777797 
360.00426317986455 748.0 0.0 139.0 56.0 9044.790686216724 7902.992592592581 14232.777777777797 
361.00426317986455 757.0 0.0 133.0 63.0 8933.03754352098 7927.259259259262 14232.777777777797 
362.00426317986455 762.0 0.0 132.0 73.0 8838.64934472444 7989.155555555553 14232.777777777797 
363.00426317986455 764.0 0.0 138.0 64.0 8760.922188029781 8061.377777777781 14232.777777777797 
364.00426317986455 770.0 0.0 141.0 56.0 8655.415154411976 7705.851851851856 14232.777777777797 
365.00426317986455 774.0 0.0 142.0 55.0 8569.243268600412 7793.696296296286 14232.777777777797 
366.0001770789178 777.0 0.0 153.0 56.0 8494.687089888528 7823.68148148148 14232.777777777797 
367.00426317986455 785.0 0.0 155.0 57.0 8440.817640158932 7955.992592592581 14232.777777777797 
368.00426317986455 787.0 0.0 162.0 83.0 8384.184024291179 7874.481481481493 14232.777777777797 
369.00426317986455 790.0 0.0 163.0 63.0 8340.437473713924 7946.718518518533 14232.777777777797 
370.00426317986455 796.0 0.0 160.0 55.0 8293.167059675854 7867.73333333334 14232.777777777797 
371.00426317986455 800.0 0.0 162.0 55.0 8248.269612967537 7844.192592592587 14232.777777777797 
372.00426317986455 806.0 0.0 161.0 55.0 8203.43524426337 7799.925925925931 14232.777777777797 
373.00426317986455 810.0 0.0 163.0 67.0 8169.081349466663 7859.896296296312 14232.777777777797 
374.00426317986455 814.0 0.0 165.0 43.0 8144.87247377926 7926.992592592581 14232.777777777797 
375.00426317986455 822.0 0.0 165.0 54.0 8133.317818993922 8029.3259259259175 14232.777777777797 
376.00426317986455 831.0 0.0 169.0 39.0 8107.594185242687 7876.081481481483 14232.777777777797 
377.00426317986455 837.0 0.0 171.0 63.0 8086.012544496183 7891.777777777792 14232.777777777797 
378.00426317986455 845.0 0.0 167.0 51.0 8044.361660416946 7669.5037037037 14232.777777777797 
379.00426317986455 853.0 0.0 170.0 45.0 8021.335124004881 7814.096296296294 14232.777777777797 
380.00426317986455 861.0 0.0 166.0 31.0 8015.603093085863 7964.014814814833 14232.777777777797 
381.00426317986455 865.0 0.0 173.0 30.0 7975.367968962462 7613.251851851847 14232.777777777797 
382.00426317986455 872.0 0.0 176.0 53.0 7942.154135029185 7643.229629629622 14232.777777777797 
383.00426317986455 876.0 0.0 178.0 34.0 7915.538721526265 7676.0 14232.777777777797 
384.00426317986455 882.0 0.0 181.0 53.0 7901.484849373635 7775.0 14232.777777777797 
385.00426317986455 892.0 0.0 183.0 45.0 7881.389697769606 7700.533333333339 14232.777777777797 
386.00426317986455 895.0 0.0 185.0 25.0 7836.032950214868 7427.822222222219 14232.777777777797 
387.00426317986455 903.0 0.0 183.0 16.0 7777.506692230417 7250.770370370378 14232.777777777797 
388.00426317986455 912.0 0.0 184.0 34.0 7708.030837822191 7082.748148148157 14232.777777777797 
389.00426317986455 920.0 0.0 183.0 31.0 7621.608494780711 6843.807407407418 14232.777777777797 
390.00426317986455 926.0 0.0 183.0 43.0 7547.732089747087 6882.84444444444 14232.777777777797 
391.00426317986455 933.0 0.0 185.0 41.0 7492.070732624228 6991.11851851852 14232.777777777797 
392.00426317986455 940.0 0.0 185.0 31.0 7422.462177880325 6795.985185185169 14232.777777777797 
393.00426317986455 950.0 0.0 184.0 39.0 7367.035960092295 6868.199999999994 14232.777777777797 
394.00426317986455 960.0 0.0 182.0 33.0 7283.16866037936 6528.362962962971 14232.777777777797 
395.00426317986455 969.0 0.0 182.0 42.0 7230.819942489574 6759.681481481488 14232.777777777797 
396.00426317986455 974.0 0.0 186.0 17.0 7161.718688981353 6539.80740740742 14232.777777777797 
397.00426317986455 978.0 0.0 196.0 40.0 7122.991264527665 6774.444444444448 14232.777777777797 
398.00426317986455 985.0 0.0 198.0 29.0 7042.460286223046 6317.681481481489 14232.777777777797 
399.00426317986455 997.0 0.0 197.0 27.0 6980.7364798229655 6425.222222222211 14232.777777777797 
400.00426317986455 1011.0 0.0 192.0 53.0 6937.122091099928 6544.592592592598 14232.777777777797 
401.00426317986455 1021.0 0.0 186.0 35.0 6832.88247458253 5894.725925925921 14232.777777777797 
402.00426317986455 1029.0 0.0 181.0 36.0 6739.160893790939 5895.6666666666615 14232.777777777797 
403.00426317986455 1043.0 0.0 177.0 26.0 6595.080359967399 5298.3555555555595 14232.777777777797 
404.00426317986455 1047.0 0.0 175.0 31.0 6484.636027674366 5490.637037037032 14232.777777777797 
405.00426317986455 1056.0 0.0 170.0 37.0 6361.856128610636 5256.837037037044 14232.777777777797 
406.00426317986455 1061.0 0.0 166.0 32.0 6253.091256490309 5274.20740740741 14232.777777777797 
407.00426317986455 1069.0 0.0 160.0 24.0 6170.00509380424 5422.229629629624 14232.777777777797 
408.00426317986455 1073.0 0.0 156.0 18.0 6094.369769609001 5413.651851851857 14232.777777777797 
409.00426317986455 1080.0 0.0 150.0 22.0 6040.889088944395 5559.5629629629675 14232.777777777797 
410.00426317986455 1086.0 0.0 144.0 18.0 6001.752031901814 5649.518518518513 14232.777777777797 
411.00426317986455 1093.0 0.0 137.0 5.0 5947.873865748673 5462.970370370371 14232.777777777797 
412.00426317986455 1100.0 0.0 130.0 14.0 5909.737590284914 5566.511111111116 14232.777777777797 
413.00426317986455 1102.0 0.0 128.0 20.0 5891.957164589752 5731.93333333333 14232.777777777797 
414.00426317986455 1107.0 0.0 123.0 10.0 5887.424411093742 5846.629629629638 14232.777777777797 
415.00426317986455 1112.0 0.0 118.0 8.0 5850.26641442881 5515.844444444441 14232.777777777797 
416.00426317986455 1113.0 0.0 118.0 33.0 5821.059772985932 5558.1999999999925 14232.777777777797 
417.00426317986455 1118.0 0.0 113.0 13.0 5799.010091983631 5600.5629629629675 14232.777777777797 
418.00426317986455 1119.0 0.0 112.0 19.0 5785.875749451938 5667.6666666666615 14232.777777777797 
419.00426317986455 1124.0 0.0 107.0 32.0 5785.33558191415 5780.47407407408 14232.777777777797 
420.00426317986455 1134.0 0.0 97.0 5.0 5802.305727426445 5955.037037037041 14232.777777777797 
421.00426317986455 1139.0 0.0 92.0 13.0 5831.523302831947 6094.481481481489 14232.777777777797 
422.00426317986455 1147.0 0.0 85.0 18.0 5838.352454030231 5899.81481481481 14232.777777777797 
423.00426317986455 1154.0 0.0 79.0 14.0 5843.403134553135 5888.859259259267 14232.777777777797 
424.00426317986455 1157.0 0.0 76.0 41.0 5857.446524801521 5983.837037037048 14232.777777777797 
425.00426317986455 1161.0 0.0 72.0 25.0 5890.135205654701 6184.33333333334 14232.777777777797 
426.00426317986455 1165.0 0.0 68.0 13.0 5930.312796200348 6291.911111111111 14232.777777777797 
427.00426317986455 1169.0 0.0 64.0 10.0 5978.467442506242 6411.859259259268 14232.777777777797 
428.00426317986455 1176.0 0.0 57.0 13.0 6037.51255010747 6568.918518518527 14232.777777777797 
429.00426317986455 1177.0 0.0 56.0 28.0 6108.310924726347 6745.496296296294 14232.777777777797 
430.00426317986455 1179.0 0.0 54.0 20.0 6182.384276698153 6849.044444444431 14232.777777777797 
431.00426317986455 1181.0 0.0 53.0 28.0 6219.448811991302 6553.029629629629 14232.777777777797 
432.00426317986455 1183.0 0.0 51.0 13.0 6269.035041903288 6715.311111111102 14232.777777777797 
433.00426317986455 1185.0 0.0 49.0 12.0 6325.133759935184 6830.0222222222155 14232.777777777797 
434.00426317986455 1188.0 0.0 46.0 10.0 6375.669272830551 6830.488888888884 14232.777777777797 
435.00426317986455 1192.0 0.0 42.0 19.0 6435.811234436381 6977.088888888887 14232.777777777797 
436.00426317986455 1195.0 0.0 40.0 16.0 6504.075296177928 7118.451851851856 14232.777777777797 
437.00426317986455 1198.0 0.0 38.0 23.0 6589.167766560134 7355.0 14232.777777777797 
438.00426317986455 1204.0 0.0 32.0 18.0 6691.166545459683 7609.155555555554 14232.777777777797 
439.00426317986455 1207.0 0.0 29.0 8.0 6805.662483506307 7836.125925925934 14232.777777777797 
440.00426317986455 1210.0 0.0 26.0 4.0 6912.993272192712 7878.970370370358 14232.777777777797 
441.00426317986455 1214.0 0.0 23.0 4.0 7027.771722751219 8060.777777777792 14232.777777777797 
442.00426317986455 1216.0 0.0 21.0 17.0 7147.493068994618 8224.985185185167 14232.777777777797 
443.00426317986455 1217.0 0.0 20.0 27.0 7275.777836169224 8430.340740740727 14232.777777777797 
444.00426317986455 1218.0 0.0 19.0 9.0 7394.802274774525 8466.022222222227 14232.777777777797 
445.00426317986455 1218.0 0.0 19.0 10.0 7518.13389914893 8628.11851851852 14232.777777777797 
446.00426317986455 1218.0 0.0 20.0 12.0 7649.7901388636665 8834.696296296286 14232.777777777797 
447.00426317986455 1220.0 0.0 18.0 27.0 7789.128162014336 9043.17037037036 14232.777777777797 
448.00426317986455 1220.0 0.0 18.0 11.0 7924.342753220302 9141.274074074065 14232.777777777797 
449.00426317986455 1220.0 0.0 18.0 10.0 8053.4603297501335 9215.518518518506 14232.777777777797 
450.00426317986455 1222.0 0.0 16.0 15.0 8189.275778256602 9411.614814814833 14232.777777777797 
451.00426317986455 1223.0 0.0 15.0 37.0 8321.410422653158 9510.622222222206 14232.777777777797 
452.00426317986455 1223.0 0.0 15.0 9.0 8450.230861869328 9609.614814814835 14232.777777777797 
453.00426317986455 1223.0 0.0 15.0 8.0 8584.541849756466 9793.340740740725 14232.777777777797 
454.00426317986455 1225.0 0.0 13.0 8.0 8723.794331447487 9977.066666666677 14232.777777777797 
455.00426317986455 1226.0 0.0 12.0 21.0 8860.69267608052 10092.777777777796 14232.777777777797 
456.00426317986455 1227.0 0.0 11.0 26.0 9011.076741805804 10364.53333333334 14232.777777777797 
457.00426317986455 1227.0 0.0 11.0 27.0 9163.889808365962 10539.207407407383 14232.777777777797 
458.00426317986455 1228.0 0.0 10.0 8.0 9312.559346047876 10650.58518518518 14232.777777777797 
459.00426317986455 1229.0 0.0 9.0 8.0 9464.542670702356 10832.392592592578 14232.777777777797 
460.00426317986455 1229.0 0.0 9.0 13.0 9614.55877400249 10964.7037037037 14232.777777777797 
461.00426317986455 1229.0 0.0 9.0 27.0 9767.54511882446 11144.422222222236 14232.777777777797 
462.00426317986455 1230.0 0.0 8.0 20.0 9920.936532867934 11301.459259259243 14232.777777777797 
463.00426317986455 1230.0 0.0 9.0 8.0 10072.724361062628 11438.814814814803 14232.777777777797 
464.00426317986455 1230.0 0.0 10.0 8.0 10222.233406437856 11567.814814814803 14232.777777777797 
465.00426317986455 1230.0 0.0 10.0 8.0 10368.76339912739 11687.53333333334 14232.777777777797 
466.00426317986455 1230.0 0.0 11.0 17.0 10516.535948103548 11846.488888888905 14232.777777777797 
467.00426317986455 1230.0 0.0 11.0 27.0 10657.791242182091 11929.088888888858 14232.777777777797 
468.00426317986455 1230.0 0.0 11.0 9.0 10790.394340186087 11983.822222222221 14232.777777777797 
469.00426317986455 1230.0 0.0 11.0 8.0 10921.730461723037 12103.755555555546 14232.777777777797 
470.00426317986455 1230.0 0.0 11.0 9.0 11049.120378513697 12195.629629629615 14232.777777777797 
471.00426317986455 1231.0 0.0 10.0 28.0 11169.05426658825 12248.459259259243 14232.777777777797 
472.00426317986455 1231.0 0.0 10.0 24.0 11285.255506596102 12331.066666666677 14232.777777777797 
473.00426317986455 1232.0 0.0 9.0 8.0 11402.352918899445 12456.229629629628 14232.777777777797 
474.00426317986455 1232.0 0.0 9.0 20.0 11515.500589972462 12533.82962962964 14232.777777777797 
475.00426317986455 1232.0 0.0 9.0 35.0 11623.329790234484 12593.792592592623 14232.777777777797 
476.00426317986455 1232.0 0.0 9.0 10.0 11725.85014454436 12648.533333333331 14232.777777777797 
477.00426317986455 1232.0 0.0 9.0 9.0 11823.191056015845 12699.259259259274 14232.777777777797 
478.00426317986455 1232.0 0.0 10.0 9.0 11916.271209673534 12753.99259259259 14232.777777777797 
479.00426317986455 1232.0 0.0 10.0 9.0 12003.56557018766 12789.214814814806 14232.777777777797 
480.00426317986455 1232.0 0.0 10.0 23.0 12086.889753909627 12836.807407407403 14232.777777777797 
481.00426317986455 1232.0 0.0 10.0 33.0 12164.16522296312 12859.644444444439 14232.777777777797 
482.00426317986455 1232.0 0.0 10.0 10.0 12242.498330296427 12947.49629629631 14232.777777777797 
483.00426317986455 1233.0 0.0 9.0 9.0 12314.758126896417 12965.096296296288 14232.777777777797 
484.00426317986455 1234.0 0.0 8.0 9.0 12389.311943836408 13060.296296296287 14232.777777777797 
485.00426317986455 1234.0 0.0 9.0 23.0 12457.64815686018 13072.674074074104 14232.777777777797 
486.00426317986455 1234.0 0.0 9.0 33.0 12523.78926710008 13119.059259259275 14232.777777777797 
487.00426317986455 1234.0 0.0 9.0 10.0 12589.835525575249 13184.251851851868 14232.777777777797 
488.00426317986455 1234.0 0.0 9.0 9.0 12653.112713758479 13222.607407407426 14232.777777777797 
489.00426317986455 1234.0 0.0 9.0 9.0 12715.011072012256 13272.09629629629 14232.777777777797 
490.00426317986455 1234.0 0.0 9.0 22.0 12771.957372218436 13284.474074074082 14232.777777777797 
491.00426317986455 1234.0 0.0 9.0 33.0 12823.209042404 13284.474074074082 14232.777777777797 
492.00426317986455 1234.0 0.0 9.0 10.0 12871.811101126563 13309.229629629637 14232.777777777797 
493.00426317986455 1234.0 0.0 9.0 10.0 12920.835916939839 13362.059259259277 14232.777777777797 
494.00426317986455 1234.0 0.0 9.0 10.0 12972.716769690292 13439.644444444439 14232.777777777797 
495.00426317986455 1234.0 0.0 9.0 22.0 13024.691759387924 13492.466666666678 14232.777777777797 
496.00426317986455 1234.0 0.0 9.0 37.0 13073.230731597292 13510.081481481506 14232.777777777797 
497.00426317986455 1234.0 0.0 9.0 14.0 13119.915065844958 13540.074074074071 14232.777777777797 
498.00426317986455 1234.0 0.0 9.0 12.0 13163.692448149355 13557.68888888889 14232.777777777797 
499.00426317986455 1234.0 0.0 9.0 11.0 13202.166907038136 13548.437037037065 14232.777777777797 
500.00426317986455 1234.0 0.0 9.0 11.0 13237.10651263061 13551.562962962935 14232.777777777797 
501.00426317986455 1234.0 0.0 9.0 18.0 13274.024750256436 13606.288888888881 14232.777777777797 
502.00426317986455 1234.0 0.0 9.0 38.0 13307.25116411968 13606.288888888881 14232.777777777797 
503.00426317986455 1234.0 0.0 9.0 12.0 13338.091973633636 13615.659259259277 14232.777777777797 
504.00426317986455 1234.0 0.0 9.0 12.0 13367.086479973981 13628.037037037015 14232.777777777797 
505.00426317986455 1235.0 0.0 8.0 11.0 13395.657091235842 13652.792592592625 14232.777777777797 
506.00426317986455 1235.0 0.0 8.0 18.0 13423.845456186338 13677.540740740757 14232.777777777797 
507.00426317986455 1235.0 0.0 8.0 38.0 13449.527577234363 13680.666666666668 14232.777777777797 
508.00426317986455 1235.0 0.0 8.0 12.0 13475.117041733147 13705.422222222236 14232.777777777797 
509.00426317986455 1235.0 0.0 9.0 12.0 13498.45941163391 13708.540740740757 14232.777777777797 
510.00426317986455 1235.0 0.0 9.0 11.0 13519.779396396447 13711.659259259277 14232.777777777797 
511.00426317986455 1235.0 0.0 9.0 18.0 13540.72812342347 13729.266666666656 14232.777777777797 
512.0042631798646 1235.0 0.0 9.0 38.0 13561.342718488515 13746.874074074081 14232.777777777797 
513.0042631798646 1235.0 0.0 9.0 12.0 13580.207705898936 13749.9925925926 14232.777777777797 
514.0042631798646 1235.0 0.0 9.0 12.0 13594.710639012743 13725.23703703704 14232.777777777797 
515.0042631798646 1236.0 0.0 8.0 11.0 13609.524760296656 13742.851851851852 14232.777777777797 
516.0042631798646 1236.0 0.0 8.0 15.0 13622.857469452174 13742.851851851852 14232.777777777797 
517.0042631798646 1236.0 0.0 8.0 44.0 13634.856907692145 13742.851851851852 14232.777777777797 
518.0042631798646 1237.0 0.0 7.0 15.0 13650.817883589601 13794.46666666668 14232.777777777797 
519.0042631798646 1237.0 0.0 7.0 12.0 13665.182761897298 13794.46666666668 14232.777777777797 
520.0042631798646 1237.0 0.0 7.0 11.0 13681.42300422609 13827.5851851852 14232.777777777797 
521.0042631798646 1237.0 0.0 7.0 11.0 13697.799963062742 13845.19259259259 14232.777777777797 
522.0042631798646 1237.0 0.0 7.0 34.0 13712.53922601572 13845.19259259259 14232.777777777797 
523.0042631798646 1237.0 0.0 7.0 17.0 13725.804562673395 13845.19259259259 14232.777777777797 
524.0042631798646 1237.0 0.0 7.0 12.0 13741.577439739405 13883.533333333318 14232.777777777797 
525.0042631798646 1237.0 0.0 7.0 11.0 13757.01080687658 13895.911111111145 14232.777777777797 
526.0042631798646 1237.0 0.0 7.0 11.0 13774.734170633357 13934.244444444437 14232.777777777797 
527.0042631798646 1237.0 0.0 7.0 34.0 13792.446679495946 13951.859259259254 14232.777777777797 
528.0042631798646 1237.0 0.0 7.0 17.0 13808.699789324144 13954.977777777774 14232.777777777797 
529.0042631798646 1237.0 0.0 7.0 12.0 13823.327588169494 13954.977777777774 14232.777777777797 
530.0042631798646 1237.0 0.0 7.0 11.0 13836.492607130314 13954.977777777774 14232.777777777797 
531.0042631798646 1237.0 0.0 7.0 15.0 13848.652976046924 13958.096296296293 14232.777777777797 
532.0042631798646 1238.0 0.0 6.0 41.0 13859.59730807186 13958.096296296293 14232.777777777797 
533.0042631798646 1238.0 0.0 6.0 19.0 13869.4472068943 13958.096296296293 14232.777777777797 
534.0042631798646 1238.0 0.0 6.0 15.0 13878.312115834507 13958.096296296293 14232.777777777797 
535.0042631798646 1238.0 0.0 7.0 15.0 13886.290533880667 13958.096296296293 14232.777777777797 
536.0042631798646 1238.0 0.0 7.0 19.0 13892.23333234446 13945.718518518517 14232.777777777797 
537.0042631798646 1238.0 0.0 7.0 41.0 13897.581850961875 13945.718518518517 14232.777777777797 
538.0042631798646 1238.0 0.0 8.0 19.0 13902.395517717528 13945.718518518517 14232.777777777797 
539.0042631798646 1238.0 0.0 8.0 14.0 13905.27892890874 13931.22962962964 14232.777777777797 
540.0042631798646 1238.0 0.0 8.0 15.0 13907.873998980835 13931.22962962964 14232.777777777797 
541.0042631798646 1238.0 0.0 8.0 18.0 13910.522154638298 13934.355555555561 14232.777777777797 
542.0042631798646 1238.0 0.0 8.0 40.0 13913.217346581887 13937.474074074082 14232.777777777797 
543.0042631798646 1238.0 0.0 8.0 19.0 13915.330426738507 13934.348148148161 14232.777777777797 
544.0042631798646 1238.0 0.0 8.0 19.0 13917.232198879465 13934.348148148161 14232.777777777797 
545.0042631798646 1238.0 0.0 8.0 19.0 13917.706016028564 13921.970370370334 14232.777777777797 
546.0042631798646 1239.0 0.0 7.0 19.0 13918.132451462734 13921.970370370334 14232.777777777797 
547.0042631798646 1239.0 0.0 7.0 39.0 13918.828835946106 13925.096296296293 14232.777777777797 
548.0042631798646 1239.0 0.0 7.0 19.0 13919.455581981112 13925.096296296293 14232.777777777797 
549.0042631798646 1239.0 0.0 7.0 19.0 13919.094468227448 13915.844444444469 14232.777777777797 
550.0042631798646 1239.0 0.0 7.0 19.0 13918.769465849136 13915.844444444469 14232.777777777797 
551.0042631798646 1239.0 0.0 7.0 19.0 13918.476963708681 13915.844444444469 14232.777777777797 
552.0042631798646 1239.0 0.0 7.0 40.0 13918.213711782244 13915.844444444469 14232.777777777797 
553.0042631798646 1239.0 0.0 7.0 20.0 13917.976785048473 13915.844444444469 14232.777777777797 
554.0042631798646 1239.0 0.0 7.0 19.0 13917.76355098807 13915.844444444469 14232.777777777797 
555.0042631798646 1239.0 0.0 7.0 19.0 13917.57164033371 13915.844444444469 14232.777777777797 
556.0042631798646 1239.0 0.0 7.0 19.0 13917.398920744772 13915.844444444469 14232.777777777797 
557.0042631798646 1239.0 0.0 8.0 40.0 13917.243473114744 13915.844444444469 14232.777777777797 
558.0042631798646 1240.0 0.0 7.0 20.0 13916.790977655113 13912.718518518517 14232.777777777797 
559.0042631798646 1240.0 0.0 7.0 19.0 13916.383731741464 13912.718518518517 14232.777777777797 
560.0042631798646 1240.0 0.0 7.0 19.0 13916.329062271026 13915.837037037038 14232.777777777797 
561.0042631798646 1240.0 0.0 7.0 19.0 13916.59245234021 13918.962962962985 14232.777777777797 
562.0042631798646 1240.0 0.0 7.0 40.0 13917.142095995074 13922.088888888855 14232.777777777797 
563.0042631798646 1240.0 0.0 7.0 21.0 13917.636775284454 13922.088888888855 14232.777777777797 
564.0042631798646 1240.0 0.0 8.0 19.0 13918.394579237483 13925.214814814815 14232.777777777797 
565.0042631798646 1241.0 0.0 7.0 19.0 13919.600306498938 13930.451851851853 14232.777777777797 
566.0042631798646 1242.0 0.0 6.0 19.0 13921.923238811998 13942.82962962964 14232.777777777797 
567.0042631798646 1242.0 0.0 6.0 49.0 13924.013877893758 13942.82962962964 14232.777777777797 
568.0042631798646 1242.0 0.0 6.0 24.0 13925.895453067355 13942.82962962964 14232.777777777797 
569.0042631798646 1242.0 0.0 6.0 21.0 13927.588870723579 13942.82962962964 14232.777777777797 
570.0042631798646 1242.0 0.0 7.0 21.0 13929.112946614188 13942.82962962964 14232.777777777797 
571.0042631798646 1242.0 0.0 8.0 21.0 13930.17202232314 13939.703703703723 14232.777777777797 
572.0042631798646 1242.0 0.0 8.0 23.0 13931.437042313051 13942.82222222224 14232.777777777797 
573.0042631798646 1242.0 0.0 8.0 20.0 13931.650375118776 13933.570370370373 14232.777777777797 
574.0042631798646 1242.0 0.0 8.0 20.0 13930.604596866162 13921.19259259259 14232.777777777797 
575.0042631798646 1242.0 0.0 8.0 20.0 13929.663396438793 13921.19259259259 14232.777777777797 
576.0042631798646 1242.0 0.0 8.0 20.0 13928.816316054174 13921.19259259259 14232.777777777797 
577.0042631798646 1242.0 0.0 8.0 22.0 13928.053943708008 13921.19259259259 14232.777777777797 
578.0042631798646 1242.0 0.0 8.0 20.0 13927.367808596484 13921.19259259259 14232.777777777797 
579.0042631798646 1242.0 0.0 8.0 20.0 13926.750286996077 13921.19259259259 14232.777777777797 
580.0042631798646 1242.0 0.0 8.0 20.0 13926.194517555743 13921.19259259259 14232.777777777797 
581.0042631798646 1242.0 0.0 8.0 20.0 13925.694325059412 13921.19259259259 14232.777777777797 
582.0042631798646 1242.0 0.0 8.0 22.0 13926.481929590514 13933.570370370373 14232.777777777797 
583.0042631798646 1242.0 0.0 8.0 20.0 13927.190773668508 13933.570370370373 14232.777777777797 
584.0042631798646 1242.0 0.0 8.0 20.0 13927.828733338678 13933.570370370373 14232.777777777797 
585.0042631798646 1242.0 0.0 8.0 20.0 13929.640674819635 13945.94814814816 14232.777777777797 
586.0042631798646 1242.0 0.0 8.0 20.0 13932.509199930255 13958.325925925894 14232.777777777797 
587.0042631798646 1242.0 0.0 8.0 49.0 13935.40346512242 13961.45185185185 14232.777777777797 
588.0042631798646 1242.0 0.0 9.0 25.0 13938.008303795355 13961.45185185185 14232.777777777797 
589.0042631798646 1242.0 0.0 9.0 21.0 13938.591177119522 13943.837037037038 14232.777777777797 
590.0042631798646 1242.0 0.0 9.0 21.0 13936.640207555733 13919.081481481506 14232.777777777797 
591.0042631798646 1242.0 0.0 9.0 21.0 13934.884334948296 13919.081481481506 14232.777777777797 
592.0042631798646 1242.0 0.0 9.0 23.0 13933.304049601618 13919.081481481506 14232.777777777797 
593.0042631798646 1242.0 0.0 10.0 29.0 13931.881792789613 13919.081481481506 14232.777777777797 
594.0042631798646 1242.0 0.0 11.0 36.0 13930.601761658783 13919.081481481506 14232.777777777797 
595.0042631798646 1242.0 0.0 11.0 21.0 13930.374918826245 13928.333333333334 14232.777777777797 
596.0042631798646 1242.0 0.0 11.0 21.0 13925.934463980668 13885.970370370334 14232.777777777797 
597.0042631798646 1242.0 0.0 11.0 23.0 13920.700276841842 13873.592592592599 14232.777777777797 
598.0042631798646 1242.0 0.0 11.0 21.0 13916.30136026878 13876.711111111119 14232.777777777797 
599.0042631798646 1243.0 0.0 10.0 27.0 13912.654927945598 13879.837037037038 14232.777777777797 
600.0042631798646 1243.0 0.0 10.0 43.0 13910.297583299187 13889.081481481506 14232.777777777797 
#####################################################################
# End of data export. Simulation finished at: 2020-02-04T05:33+0000 #
#####################################################################
