#####################################################################
# Alchemist log file - simulation started at: 2020-02-02T16:22+0000 #
#####################################################################
# seed = 6.0, meanTaskSize = 1000, smoothing = 0.03, grain = 1600.0, peakFrequency = 0.3
#
# The columns have the following meaning: 
# time done[Sum] drop[Sum] waiting[Sum] isLeader[Sum] capacity[Mean] freeCapacity[Mean] maxCapacity[Mean] 
0.0 NaN 0.0 NaN NaN NaN NaN NaN 
1.0115592716150654 0.0 0.0 0.0 135.0 14232.777777777797 14232.777777777797 14232.777777777797 
2.0115592716150656 0.0 0.0 0.0 135.0 14232.777777777797 14232.777777777797 14232.777777777797 
3.0115592716150656 0.0 0.0 0.0 135.0 14232.777777777797 14232.777777777797 14232.777777777797 
4.011559271615066 0.0 0.0 0.0 135.0 14232.777777777797 14232.777777777797 14232.777777777797 
5.011559271615066 0.0 0.0 0.0 135.0 14232.777777777797 14232.777777777797 14232.777777777797 
6.011559271615066 0.0 0.0 0.0 135.0 14232.777777777797 14232.777777777797 14232.777777777797 
7.011559271615066 0.0 0.0 0.0 135.0 14232.777777777797 14232.777777777797 14232.777777777797 
8.011559271615067 0.0 0.0 0.0 135.0 14232.777777777797 14232.777777777797 14232.777777777797 
9.011559271615067 0.0 0.0 0.0 135.0 14232.777777777797 14232.777777777797 14232.777777777797 
10.011559271615067 0.0 0.0 0.0 135.0 14232.777777777797 14232.777777777797 14232.777777777797 
11.011559271615067 0.0 0.0 0.0 135.0 14232.777777777797 14232.777777777797 14232.777777777797 
12.011559271615067 0.0 0.0 0.0 135.0 14232.777777777797 14232.777777777797 14232.777777777797 
13.011559271615067 0.0 0.0 0.0 135.0 14232.777777777797 14232.777777777797 14232.777777777797 
14.011559271615067 0.0 0.0 1.0 135.0 14232.777777777797 14232.777777777797 14232.777777777797 
15.011559271615067 0.0 0.0 1.0 135.0 14232.684000000014 14229.651851851839 14232.777777777797 
16.011559271615067 0.0 0.0 1.0 135.0 14232.593035555572 14229.651851851839 14232.777777777797 
17.011559271615067 0.0 0.0 1.0 135.0 14232.50480004443 14229.651851851839 14232.777777777797 
18.011559271615067 0.0 0.0 1.0 135.0 14232.419211598664 14229.651851851839 14232.777777777797 
19.011559271615067 0.0 0.0 1.0 135.0 14232.336190806282 14229.651851851839 14232.777777777797 
20.011559271615067 0.0 0.0 1.0 135.0 14232.255660637611 14229.651851851839 14232.777777777797 
21.011559271615067 0.0 0.0 2.0 135.0 14232.177546374072 14229.651851851839 14232.777777777797 
22.011559271615067 0.0 0.0 2.0 134.0 14232.007997760606 14226.525925925918 14232.777777777797 
23.011559271615067 0.0 0.0 2.0 134.0 14231.84353560556 14226.525925925918 14232.777777777797 
24.011559271615067 0.0 0.0 2.0 134.0 14231.68400731517 14226.525925925918 14232.777777777797 
25.011559271615067 0.0 0.0 2.0 134.0 14231.529264873501 14226.525925925918 14232.777777777797 
26.011559271615067 0.0 0.0 2.0 134.0 14231.379164705095 14226.525925925918 14232.777777777797 
27.011559271615067 0.0 0.0 3.0 134.0 14231.233567541709 14226.525925925918 14232.777777777797 
28.011559271615067 0.0 0.0 3.0 134.0 14230.998560515442 14223.400000000001 14232.777777777797 
29.011559271615067 0.0 0.0 3.0 133.0 14230.77060369999 14223.400000000001 14232.777777777797 
30.011559271615067 0.0 0.0 3.0 133.0 14230.549485588988 14223.400000000001 14232.777777777797 
31.011559271615067 0.0 0.0 3.0 133.0 14230.335001021325 14223.400000000001 14232.777777777797 
32.01155927161507 0.0 0.0 3.0 133.0 14230.1269509907 14223.400000000001 14232.777777777797 
33.01155927161507 0.0 0.0 3.0 133.0 14229.925142460952 14223.400000000001 14232.777777777797 
34.01155927161507 0.0 0.0 3.0 133.0 14229.729388187108 14223.400000000001 14232.777777777797 
35.01155927161507 0.0 0.0 3.0 132.0 14229.539506541489 14223.400000000001 14232.777777777797 
36.01155927161507 0.0 0.0 3.0 132.0 14229.355321345252 14223.400000000001 14232.777777777797 
37.01155927161507 0.0 0.0 3.0 132.0 14229.176661704925 14223.400000000001 14232.777777777797 
38.01155927161507 0.0 0.0 4.0 132.0 14229.00336185376 14223.400000000001 14232.777777777797 
39.01155927161507 0.0 0.0 4.0 132.0 14228.741483220381 14220.274074074052 14232.777777777797 
40.01155927161507 0.0 0.0 4.0 132.0 14228.487460945998 14220.274074074052 14232.777777777797 
41.01155927161507 0.0 0.0 4.0 132.0 14228.241059339822 14220.274074074052 14232.777777777797 
42.01155927161507 0.0 0.0 4.0 132.0 14228.002049781862 14220.274074074052 14232.777777777797 
43.01155927161507 0.0 0.0 4.0 132.0 14227.770210510642 14220.274074074052 14232.777777777797 
44.01155927161507 0.0 0.0 4.0 132.0 14227.545326417514 14220.274074074052 14232.777777777797 
45.01155927161507 0.0 0.0 4.0 132.0 14227.327188847232 14220.274074074052 14232.777777777797 
46.01155927161507 0.0 0.0 4.0 131.0 14227.115595404013 14220.274074074052 14232.777777777797 
47.01155927161507 0.0 0.0 4.0 131.0 14226.91034976411 14220.274074074052 14232.777777777797 
48.01155927161507 0.0 0.0 4.0 131.0 14226.71126149345 14220.274074074052 14232.777777777797 
49.01155927161507 0.0 0.0 4.0 131.0 14226.518145870828 14220.274074074052 14232.777777777797 
50.01155927161507 0.0 0.0 4.0 131.0 14226.330823716948 14220.274074074052 14232.777777777797 
51.01155927161507 0.0 0.0 4.0 131.0 14226.149121227647 14220.274074074052 14232.777777777797 
52.01155927161507 0.0 0.0 4.0 131.0 14225.972869813048 14220.274074074052 14232.777777777797 
53.01155927161507 0.0 0.0 4.0 131.0 14225.801905940869 14220.274074074052 14232.777777777797 
54.01155927161507 0.0 0.0 4.0 131.0 14225.636070984872 14220.274074074052 14232.777777777797 
55.01155927161507 0.0 0.0 4.0 131.0 14225.475211077524 14220.274074074052 14232.777777777797 
56.01155927161507 0.0 0.0 4.0 131.0 14225.319176967425 14220.274074074052 14232.777777777797 
57.01155927161507 0.0 0.0 4.0 131.0 14225.167823880625 14220.274074074052 14232.777777777797 
58.01155927161507 0.0 0.0 4.0 131.0 14225.021011386447 14220.274074074052 14232.777777777797 
59.01155927161507 0.0 0.0 4.0 131.0 14224.878603267081 14220.274074074052 14232.777777777797 
60.01155927161507 0.0 0.0 4.0 131.0 14224.740467391288 14220.274074074052 14232.777777777797 
61.01155927161507 0.0 0.0 4.0 131.0 14224.60647559179 14220.274074074052 14232.777777777797 
62.01155927161507 0.0 0.0 4.0 131.0 14224.476503546226 14220.274074074052 14232.777777777797 
63.01155927161507 0.0 0.0 5.0 131.0 14224.350430662093 14220.274074074052 14232.777777777797 
64.01155927161507 0.0 0.0 6.0 131.0 14224.13436218664 14217.14814814815 14232.777777777797 
65.01155927161507 0.0 0.0 6.0 131.0 14223.830997987723 14214.022222222226 14232.777777777797 
66.01155927161507 0.0 0.0 6.0 131.0 14223.536734714744 14214.022222222226 14232.777777777797 
67.01155927161507 0.0 0.0 6.0 131.0 14223.251299339949 14214.022222222226 14232.777777777797 
68.01155927161507 0.0 0.0 6.0 131.0 14222.974427026442 14214.022222222226 14232.777777777797 
69.01155927161507 0.0 0.0 6.0 131.0 14222.705860882343 14214.022222222226 14232.777777777797 
70.01155927161507 0.0 0.0 6.0 131.0 14222.445351722534 14214.022222222226 14232.777777777797 
71.01155927161507 0.0 0.0 6.0 130.0 14222.19265783752 14214.022222222226 14232.777777777797 
72.01155927161507 0.0 0.0 6.0 129.0 14221.947544769046 14214.022222222226 14232.777777777797 
73.01155927161507 0.0 0.0 6.0 129.0 14221.70978509267 14214.022222222226 14232.777777777797 
74.01155927161507 0.0 0.0 6.0 129.0 14221.479158206537 14214.022222222226 14232.777777777797 
75.01155927161507 0.0 0.0 6.0 129.0 14221.255450127011 14214.022222222226 14232.777777777797 
76.01155927161507 0.0 0.0 6.0 129.0 14221.038453289862 14214.022222222226 14232.777777777797 
77.01155927161507 0.0 0.0 6.0 129.0 14220.827966357847 14214.022222222226 14232.777777777797 
78.01155927161507 0.0 0.0 6.0 129.0 14220.62379403378 14214.022222222226 14232.777777777797 
79.01155927161507 0.0 0.0 6.0 129.0 14220.425746879437 14214.022222222226 14232.777777777797 
80.01155927161507 0.0 0.0 6.0 129.0 14220.23364113971 14214.022222222226 14232.777777777797 
81.01155927161507 0.0 0.0 6.0 129.0 14220.047298572179 14214.022222222226 14232.777777777797 
82.01155927161507 0.0 0.0 6.0 129.0 14219.866546281675 14214.022222222226 14232.777777777797 
83.01155927161507 0.0 0.0 8.0 129.0 14219.691216559924 14214.022222222226 14232.777777777797 
84.01155927161507 0.0 0.0 8.0 129.0 14218.89892450756 14193.281481481483 14232.777777777797 
85.01155927161507 0.0 0.0 8.0 129.0 14218.130401216766 14193.281481481483 14232.777777777797 
86.01155927161507 1.0 0.0 7.0 129.0 14217.384933624737 14193.281481481483 14232.777777777797 
87.01155927161507 1.0 0.0 8.0 129.0 14216.75560783818 14196.407407407401 14232.777777777797 
88.01155927161507 1.0 0.0 8.0 129.0 14216.0513840475 14193.281481481483 14232.777777777797 
89.01155927161507 1.0 0.0 8.0 129.0 14215.368286970483 14193.281481481483 14232.777777777797 
90.01155927161507 1.0 0.0 8.0 129.0 14214.705682805836 14193.281481481483 14232.777777777797 
91.01155927161507 1.0 0.0 8.0 129.0 14214.06295676612 14193.281481481483 14232.777777777797 
92.01155927161507 1.0 0.0 8.0 129.0 14213.439512507583 14193.281481481483 14232.777777777797 
93.01155927161507 1.0 0.0 8.0 129.0 14212.834771576767 14193.281481481483 14232.777777777797 
94.01155927161507 1.0 0.0 8.0 129.0 14212.248172873953 14193.281481481483 14232.777777777797 
95.01155927161507 1.0 0.0 8.0 128.0 14211.679172132139 14193.281481481483 14232.777777777797 
96.01155927161507 1.0 0.0 8.0 128.0 14211.127241412618 14193.281481481483 14232.777777777797 
97.01155927161507 1.0 0.0 8.0 128.0 14210.591868614689 14193.281481481483 14232.777777777797 
98.01155927161507 2.0 0.0 7.0 128.0 14210.072557000714 14193.281481481483 14232.777777777797 
99.01155927161507 2.0 0.0 8.0 128.0 14209.662602512915 14196.407407407401 14232.777777777797 
100.01155927161507 2.0 0.0 8.0 128.0 14209.17116888197 14193.281481481483 14232.777777777797 
101.01155927161507 2.0 0.0 8.0 128.0 14208.694478259971 14193.281481481483 14232.777777777797 
102.01155927161507 2.0 0.0 8.0 128.0 14208.232088356588 14193.281481481483 14232.777777777797 
103.01155927161507 2.0 0.0 8.0 128.0 14207.783570150314 14193.281481481483 14232.777777777797 
104.01155927161507 2.0 0.0 9.0 128.0 14207.34850749029 14193.281481481483 14232.777777777797 
105.01155927161507 3.0 0.0 8.0 128.0 14207.361163376674 14207.77037037036 14232.777777777797 
106.01155927161507 3.0 0.0 8.0 128.0 14207.373439586481 14207.77037037036 14232.777777777797 
107.01155927161507 3.0 0.0 9.0 127.0 14207.38534751001 14207.77037037036 14232.777777777797 
108.01155927161507 3.0 0.0 10.0 127.0 14207.30334264026 14204.651851851839 14232.777777777797 
109.01155927161507 3.0 0.0 10.0 127.0 14207.13002013884 14201.525925925918 14232.777777777797 
110.01155927161507 3.0 0.0 12.0 126.0 14206.961897312442 14201.525925925918 14232.777777777797 
111.01155927161507 3.0 0.0 13.0 126.0 14206.798818170872 14201.525925925918 14232.777777777797 
112.01155927161507 3.0 0.0 16.0 126.0 14205.58396473683 14166.303703703716 14232.777777777797 
113.01155927161507 4.0 0.0 16.0 126.0 14203.690001350276 14142.45185185185 14232.777777777797 
114.01155927161507 4.0 0.0 17.0 125.0 14201.418190198632 14127.962962962985 14232.777777777797 
115.01155927161507 4.0 0.0 17.0 125.0 14198.686311159372 14110.355555555561 14232.777777777797 
116.01155927161507 5.0 0.0 17.0 125.0 14195.508166269039 14092.748148148132 14232.777777777797 
117.01155927161507 5.0 0.0 19.0 125.0 14192.953587947615 14110.355555555561 14232.777777777797 
118.01155927161507 6.0 0.0 21.0 125.0 14189.418758086993 14075.125925925919 14232.777777777797 
119.01155927161507 7.0 0.0 21.0 125.0 14184.933528677691 14039.911111111145 14232.777777777797 
120.01155927161507 7.0 0.0 21.0 125.0 14179.619967261824 14007.814814814803 14232.777777777797 
121.01155927161507 9.0 0.0 20.0 125.0 14174.465812688373 14007.814814814803 14232.777777777797 
122.01155927161507 10.0 0.0 19.0 125.0 14170.522949418879 14043.037037037015 14232.777777777797 
123.01155927161507 10.0 0.0 20.0 125.0 14166.698372047418 14043.037037037015 14232.777777777797 
124.01155927161507 10.0 0.0 26.0 125.0 14162.988531997085 14043.037037037015 14232.777777777797 
125.01155927161507 12.0 0.0 24.0 125.0 14156.748653814957 13954.992592592598 14232.777777777797 
126.01155927161507 13.0 0.0 24.0 125.0 14150.695749756089 13954.985185185162 14232.777777777797 
127.01155927161507 16.0 0.0 21.0 125.0 14144.82443281896 13954.985185185162 14232.777777777797 
128.01155927161506 17.0 0.0 21.0 125.0 14140.714144278832 14007.814814814803 14232.777777777797 
129.01155927161506 17.0 0.0 25.0 125.0 14137.255608839327 14025.429629629629 14232.777777777797 
130.01155927161506 18.0 0.0 25.0 125.0 14133.372607240826 14007.82222222224 14232.777777777797 
131.01155927161506 20.0 0.0 24.0 125.0 14127.492762356942 13937.377777777787 14232.777777777797 
132.01155927161506 20.0 0.0 24.0 125.0 14122.84597948624 13972.599999999999 14232.777777777797 
133.01155927161506 21.0 0.0 26.0 125.0 14117.810155657198 13954.985185185162 14232.777777777797 
134.01155927161506 22.0 0.0 26.0 125.0 14112.39718432082 13937.377777777787 14232.777777777797 
135.01155927161506 22.0 0.0 29.0 125.0 14106.618379902284 13919.770370370361 14232.777777777797 
136.01155927161506 22.0 0.0 29.0 125.0 14099.95605072746 13884.540740740757 14232.777777777797 
137.01155927161506 23.0 0.0 30.0 125.0 14092.9653692056 13866.933333333322 14232.777777777797 
138.01155927161506 27.0 0.0 31.0 125.0 14086.712630351683 13884.540740740757 14232.777777777797 
139.01155927161506 28.0 0.0 30.0 125.0 14080.647695885576 13884.548148148151 14232.777777777797 
140.01155927161506 28.0 0.0 32.0 125.0 14073.708042786799 13849.325925925896 14232.777777777797 
141.01155927161506 30.0 0.0 30.0 125.0 14065.919912614288 13814.103703703682 14232.777777777797 
142.01155927161506 32.0 0.0 28.0 125.0 14059.42209301366 13849.325925925896 14232.777777777797 
143.01155927161506 34.0 0.0 29.0 125.0 14054.175652445458 13884.540740740757 14232.777777777797 
144.01155927161506 35.0 0.0 29.0 125.0 14049.521271760954 13899.029629629666 14232.777777777797 
145.01155927161506 37.0 0.0 31.0 125.0 14045.006522497059 13899.029629629666 14232.777777777797 
146.01155927161506 39.0 0.0 31.0 125.0 14039.476993488774 13860.68888888889 14232.777777777797 
147.01155927161506 41.0 0.0 32.0 126.0 14034.113350350799 13860.68888888889 14232.777777777797 
148.01155927161506 42.0 0.0 33.0 125.0 14028.382172062482 13843.074074074071 14232.777777777797 
149.01155927161506 43.0 0.0 34.0 125.0 14022.823151345072 13843.081481481506 14232.777777777797 
150.01155927161506 46.0 0.0 31.0 125.0 14016.374012360266 13807.851851851854 14232.777777777797 
151.0063758021895 48.0 0.0 33.0 118.0 14011.703236433903 13860.681481481453 14232.777777777797 
152.01155927161506 49.0 0.0 35.0 114.0 14007.172583785317 13860.681481481453 14232.777777777797 
153.01155927161506 51.0 0.0 38.0 118.0 14001.25629516068 13809.962962962985 14232.777777777797 
154.01155927161506 54.0 0.0 40.0 114.0 13994.895272972499 13789.222222222203 14232.777777777797 
155.01155927161506 56.0 0.0 39.0 118.0 13987.575303672236 13750.896296296318 14232.777777777797 
156.01155927161506 60.0 0.0 35.0 114.0 13981.531377895406 13786.111111111117 14232.777777777797 
157.01155927161506 62.0 0.0 37.0 118.0 13977.410769891867 13844.17777777776 14232.777777777797 
158.01155927161506 62.0 0.0 41.0 113.0 13972.885557906204 13826.57037037037 14232.777777777797 
159.01155927161506 62.0 0.0 46.0 117.0 13967.06832450238 13778.97777777777 14232.777777777797 
160.01155927161506 63.0 0.0 48.0 113.0 13959.74694143394 13723.02222222223 14232.777777777797 
161.01155927161506 65.0 0.0 48.0 117.0 13950.532088746497 13652.585185185197 14232.777777777797 
162.01155927161506 68.0 0.0 47.0 113.0 13942.556792750785 13684.688888888888 14232.777777777797 
163.01155927161506 72.0 0.0 46.0 117.0 13936.311644523801 13734.385185185174 14232.777777777797 
164.01155927161506 75.0 0.0 47.0 113.0 13930.254072965883 13734.392592592572 14232.777777777797 
165.01155927161506 77.0 0.0 45.0 117.0 13923.849784110229 13716.777777777797 14232.777777777797 
166.01155927161506 79.0 0.0 45.0 112.0 13918.259846142459 13737.518518518518 14232.777777777797 
167.01155927161506 82.0 0.0 47.0 117.0 13912.837384091525 13737.511111111091 14232.777777777797 
168.01155927161506 84.0 0.0 48.0 112.0 13907.48404034657 13734.392592592572 14232.777777777797 
169.01155927161506 85.0 0.0 49.0 118.0 13901.234408025033 13699.162962962957 14232.777777777797 
170.01155927161506 86.0 0.0 50.0 113.0 13893.681153562082 13649.459259259243 14232.777777777797 
171.01155927161506 88.0 0.0 51.0 119.0 13886.51138562188 13654.688888888886 14232.777777777797 
172.01155927161506 90.0 0.0 51.0 112.0 13878.500266275449 13619.474074074082 14232.777777777797 
173.01155927161506 92.0 0.0 53.0 119.0 13869.207702731625 13568.748148148132 14232.777777777797 
174.01155927161506 95.0 0.0 50.0 112.0 13860.628582760797 13583.23703703704 14232.777777777797 
175.01155927161506 97.0 0.0 49.0 119.0 13853.20639194464 13613.222222222203 14232.777777777797 
176.01155927161506 104.0 0.0 44.0 105.0 13847.497977964056 13662.925925925927 14232.777777777797 
177.01155927161506 105.0 0.0 45.0 112.0 13842.489260847376 13680.540740740757 14232.777777777797 
178.01155927161506 106.0 0.0 48.0 118.0 13837.102360799754 13662.925925925927 14232.777777777797 
179.01155927161506 109.0 0.0 48.0 105.0 13831.876845531286 13662.918518518494 14232.777777777797 
180.01155927161506 112.0 0.0 51.0 112.0 13825.008540165336 13602.933333333322 14232.777777777797 
181.01155927161506 114.0 0.0 53.0 118.0 13817.911839515966 13588.451851851849 14232.777777777797 
182.01155927161506 118.0 0.0 51.0 105.0 13811.927817663804 13618.444444444416 14232.777777777797 
183.01155927161506 121.0 0.0 51.0 111.0 13804.387538689456 13560.585185185197 14232.777777777797 
184.01155927161506 122.0 0.0 52.0 118.0 13796.388134750972 13537.740740740732 14232.777777777797 
185.00498285061406 125.0 0.0 52.0 104.0 13790.661505378195 13572.962962962985 14232.777777777797 
186.01155927161506 127.0 0.0 58.0 98.0 13781.818818209409 13527.466666666676 14232.777777777797 
187.01155927161506 131.0 0.0 59.0 117.0 13771.516475885344 13438.407407407401 14232.777777777797 
188.01155927161506 136.0 0.0 58.0 92.0 13758.166092719926 13326.50370370369 14232.777777777797 
189.01155927161506 141.0 0.0 56.0 103.0 13743.63799882718 13273.896296296318 14232.777777777797 
190.01155927161506 142.0 0.0 59.0 97.0 13729.451969973488 13270.770370370365 14232.777777777797 
191.01155927161506 145.0 0.0 64.0 113.0 13714.634633096526 13235.540740740757 14232.777777777797 
192.01155927161506 148.0 0.0 70.0 89.0 13698.519816325846 13177.474074074082 14232.777777777797 
193.00732199250058 150.0 0.0 69.0 103.0 13678.582496961271 12999.488888888909 14232.777777777797 
194.01155927161506 152.0 0.0 73.0 111.0 13653.756199625439 12884.459259259243 14232.777777777797 
195.01155927161506 155.0 0.0 74.0 115.0 13627.941735858893 12793.274074074054 14232.777777777797 
196.01155927161506 157.0 0.0 76.0 103.0 13602.373261560891 12775.659259259277 14232.777777777797 
197.01155927161506 159.0 0.0 80.0 103.0 13573.659841491857 12645.259259259277 14232.777777777797 
198.01155927161506 161.0 0.0 87.0 109.0 13544.222935135993 12592.42962962964 14232.777777777797 
199.01155927161506 165.0 0.0 84.0 114.0 13512.064469304109 12472.274074074054 14232.777777777797 
200.01155927161506 167.0 0.0 86.0 110.0 13480.870757447223 12472.274074074054 14232.777777777797 
201.01155927161506 170.0 0.0 90.0 117.0 13446.763968057141 12343.97777777776 14232.777777777797 
202.01155927161506 171.0 0.0 93.0 108.0 13412.994826793203 12321.125925925933 14232.777777777797 
203.01155927161506 177.0 0.0 91.0 117.0 13377.03831532275 12214.444444444418 14232.777777777797 
204.00035487772027 181.0 0.0 92.0 108.0 13340.312355682805 12094.311111111127 14232.777777777797 
205.01155927161506 184.0 0.0 96.0 117.0 13301.543804220508 12104.799999999976 14232.777777777797 
206.01155927161506 185.0 0.0 104.0 106.0 13263.43415676054 12031.222222222203 14232.777777777797 
207.01155927161506 191.0 0.0 100.0 95.0 13223.083576502178 11918.41481481482 14232.777777777797 
208.01155927161506 194.0 0.0 103.0 89.0 13184.62906920712 11941.26666666664 14232.777777777797 
209.0034353030999 198.0 0.0 100.0 111.0 13143.024899728915 11747.562962962938 14232.777777777797 
210.01155927161506 202.0 0.0 101.0 97.0 13097.624684550292 11678.437037037062 14232.777777777797 
211.01155927161506 205.0 0.0 108.0 109.0 13056.633944013804 11731.26666666664 14232.777777777797 
212.01155927161506 211.0 0.0 104.0 95.0 13014.759592360058 11660.822222222221 14232.777777777797 
213.01155927161506 212.0 0.0 109.0 109.0 12975.512582367017 11706.525925925918 14232.777777777797 
214.01155927161506 220.0 0.0 101.0 94.0 12938.49920489601 11741.73333333336 14232.777777777797 
215.01155927161506 223.0 0.0 103.0 109.0 12905.922895415806 11852.622222222197 14232.777777777797 
216.01155927161506 228.0 0.0 108.0 92.0 12875.751430775561 11900.207407407379 14232.777777777797 
217.01155927161506 235.0 0.0 107.0 96.0 12845.956665630056 11882.5925925926 14232.777777777797 
218.01155927161506 241.0 0.0 103.0 90.0 12820.910854550038 12011.096296296275 14232.777777777797 
219.01155927161506 247.0 0.0 100.0 91.0 12796.345306691317 12002.059259259258 14232.777777777797 
220.01155927161506 250.0 0.0 103.0 97.0 12772.670503046143 12007.185185185195 14232.777777777797 
221.01155927161506 257.0 0.0 101.0 86.0 12747.2217212881 11924.377777777803 14232.777777777797 
222.01155927161506 260.0 0.0 104.0 95.0 12725.33506964946 12017.666666666686 14232.777777777797 
223.01155927161506 264.0 0.0 102.0 83.0 12704.318795337722 12024.792592592623 14232.777777777797 
224.01155927161506 266.0 0.0 106.0 84.0 12677.907675922057 11823.94814814816 14232.777777777797 
225.01155927161506 271.0 0.0 109.0 98.0 12652.917112311068 11844.8888888889 14232.777777777797 
226.0053535469551 279.0 0.0 109.0 96.0 12630.932721236642 11857.259259259283 14232.777777777797 
227.00510125459772 284.0 0.0 110.0 69.0 12604.923628488446 11763.962962962982 14232.777777777797 
228.01155927161506 289.0 0.0 112.0 92.0 12573.545827866476 11642.133333333346 14232.777777777797 
229.01155927161506 293.0 0.0 114.0 99.0 12544.918119697171 11619.288888888881 14232.777777777797 
230.01155927161506 298.0 0.0 116.0 94.0 12514.508131661803 11531.251851851866 14232.777777777797 
231.01155927161506 302.0 0.0 119.0 99.0 12482.154443267507 11436.05185185184 14232.777777777797 
232.01155927161506 306.0 0.0 119.0 99.0 12446.388032191711 11289.940740740742 14232.777777777797 
233.01155927161506 313.0 0.0 115.0 79.0 12404.612391225937 11053.866666666654 14232.777777777797 
234.01155927161506 318.0 0.0 115.0 96.0 12366.354686155848 11129.355555555561 14232.777777777797 
235.01155927161506 322.0 0.0 117.0 74.0 12329.829823348955 11148.85925925924 14232.777777777797 
236.01155927161506 329.0 0.0 113.0 69.0 12297.513373092901 11252.614814814839 14232.777777777797 
237.01155927161506 330.0 0.0 115.0 86.0 12261.725527455683 11104.58518518518 14232.777777777797 
238.01155927161506 335.0 0.0 115.0 77.0 12220.828872743112 10898.503703703682 14232.777777777797 
239.01155927161506 338.0 0.0 119.0 76.0 12181.686895449706 10916.096296296277 14232.777777777797 
240.01155927161506 342.0 0.0 118.0 76.0 12144.619621919554 10946.1111111111 14232.777777777797 
241.00236582303572 345.0 0.0 117.0 101.0 12111.587652511254 10993.7037037037 14232.777777777797 
242.01155927161506 350.0 0.0 121.0 77.0 12068.204713375237 10713.844444444463 14232.777777777797 
243.01155927161506 359.0 0.0 119.0 100.0 12028.509905307295 10745.044444444422 14232.777777777797 
244.01155927161506 368.0 0.0 113.0 77.0 11994.452163703649 10893.251851851866 14232.777777777797 
245.01155927161506 373.0 0.0 113.0 85.0 11963.80704323696 10972.94814814816 14232.777777777797 
246.01155927161506 378.0 0.0 115.0 71.0 11936.936831939869 11068.133333333346 14232.777777777797 
247.01155927161506 383.0 0.0 117.0 98.0 11913.88539364835 11168.55555555558 14232.777777777797 
248.01155927161506 387.0 0.0 118.0 79.0 11888.419942949988 11065.037037037018 14232.777777777797 
249.01155927161506 393.0 0.0 119.0 89.0 11865.988677994837 11140.711111111119 14232.777777777797 
250.01155927161506 395.0 0.0 126.0 77.0 11843.85923987721 11128.340740740723 14232.777777777797 
251.01155927161506 399.0 0.0 130.0 71.0 11824.570129347576 11200.8888888889 14232.777777777797 
252.01155927161506 403.0 0.0 134.0 83.0 11799.89146991158 11001.94814814816 14232.777777777797 
253.00820582905067 411.0 0.0 135.0 79.0 11771.682328587936 10843.459259259243 14232.777777777797 
254.01155927161506 420.0 0.0 137.0 75.0 11747.805881817569 10991.44444444442 14232.777777777797 
255.01155927161506 432.0 0.0 132.0 76.0 11721.44392758528 10869.074074074086 14232.777777777797 
256.01155927161506 438.0 0.0 136.0 77.0 11696.394609757719 10886.46666666666 14232.777777777797 
257.01155927161506 447.0 0.0 137.0 69.0 11673.159215909423 10921.88148148148 14232.777777777797 
258.01155927161506 450.0 0.0 146.0 74.0 11650.600217209929 10921.192592592606 14232.777777777797 
259.01155927161506 457.0 0.0 148.0 69.0 11632.573321804726 11049.7037037037 14232.777777777797 
260.01155927161506 464.0 0.0 148.0 74.0 11609.581455483929 10866.177777777779 14232.777777777797 
261.01155927161506 471.0 0.0 151.0 69.0 11591.098011819402 10993.46666666666 14232.777777777797 
262.01155927161506 477.0 0.0 149.0 75.0 11570.93773813149 10919.088888888862 14232.777777777797 
263.01155927161506 486.0 0.0 145.0 67.0 11552.753605987553 10964.79999999998 14232.777777777797 
264.01155927161506 493.0 0.0 142.0 70.0 11534.315664474576 10938.155555555537 14232.777777777797 
265.01155927161506 497.0 0.0 143.0 81.0 11515.558194540357 10909.066666666677 14232.777777777797 
266.01155927161506 498.0 0.0 147.0 72.0 11499.47633759302 10979.49629629632 14232.777777777797 
267.0055933324193 502.0 0.0 150.0 59.0 11477.273614965221 10678.20740740738 14232.777777777797 
268.01155927161506 509.0 0.0 150.0 67.0 11450.939343819067 10678.20740740738 14232.777777777797 
269.01155927161506 520.0 0.0 145.0 82.0 11429.279163504489 10728.933333333323 14232.777777777797 
270.01155927161506 522.0 0.0 149.0 58.0 11404.22678859934 10594.20000000002 14232.777777777797 
271.01155927161506 528.0 0.0 150.0 66.0 11381.510651608041 10647.02222222224 14232.777777777797 
272.01155927161506 537.0 0.0 149.0 66.0 11362.739554282003 10755.807407407394 14232.777777777797 
273.01155927161506 544.0 0.0 146.0 76.0 11344.809367653555 10765.066666666677 14232.777777777797 
274.01155927161506 553.0 0.0 147.0 66.0 11326.08886440174 10720.79259259262 14232.777777777797 
275.01155927161506 556.0 0.0 148.0 73.0 11305.152642914127 10628.214814814799 14232.777777777797 
276.01155927161506 560.0 0.0 150.0 75.0 11287.428285848915 10714.340740740723 14232.777777777797 
277.01050253931595 567.0 0.0 155.0 76.0 11263.562569665788 10442.955555555578 14232.777777777797 
278.01155927161506 571.0 0.0 162.0 64.0 11227.886836377475 10121.85185185187 14232.777777777797 
279.01155927161506 582.0 2.0 154.0 66.0 11195.913120175037 10162.096296296279 14232.777777777797 
280.01155927161506 585.0 2.0 162.0 65.0 11166.526393236441 10216.355555555561 14232.777777777797 
281.01155927161506 590.0 2.0 165.0 70.0 11131.802601439345 10009.066666666677 14232.777777777797 
282.01155927161506 596.0 2.0 167.0 71.0 11098.554745618405 10023.540740740755 14232.777777777797 
283.01155927161506 601.0 2.0 171.0 75.0 11067.575436583187 10065.911111111136 14232.777777777797 
284.01155927161506 606.0 2.0 171.0 67.0 11034.554840152341 9966.8888888889 14232.777777777797 
285.01155927161506 610.0 2.0 178.0 60.0 10996.542194947766 9767.46666666666 14232.777777777797 
286.01155927161506 618.0 2.0 178.0 65.0 10958.713262432668 9735.577777777764 14232.777777777797 
287.01155927161506 625.0 2.0 184.0 65.0 10921.95586455969 9733.46666666666 14232.777777777797 
288.01155927161506 628.0 3.0 192.0 72.0 10885.766744178452 9715.651851851859 14232.777777777797 
289.01155927161506 639.0 4.0 187.0 71.0 10849.606852964207 9680.437037037056 14232.777777777797 
290.01155927161506 654.0 4.0 183.0 60.0 10809.505536264189 9512.896296296316 14232.777777777797 
291.01155927161506 657.0 4.0 184.0 69.0 10771.393036842921 9539.088888888866 14232.777777777797 
292.01155927161506 662.0 4.0 188.0 78.0 10728.826579070961 9352.5111111111 14232.777777777797 
293.00268656499213 671.0 4.0 182.0 69.0 10691.674240344968 9442.355555555561 14232.777777777797 
294.01155927161506 679.0 4.0 180.0 72.0 10649.681554914532 9374.54814814816 14232.777777777797 
295.01155927161506 683.0 4.0 184.0 70.0 10603.717330489333 9117.540740740755 14232.777777777797 
296.01155927161506 688.0 4.0 195.0 60.0 10558.603588352418 9099.925925925918 14232.777777777797 
297.01155927161506 698.0 4.0 195.0 84.0 10514.023036257415 9072.58518518518 14232.777777777797 
298.01155927161506 705.0 4.0 199.0 67.0 10469.352345169695 9025.0 14232.777777777797 
299.01155927161506 714.0 4.0 205.0 66.0 10427.041997036826 9059.00740740742 14232.777777777797 
300.01155927161506 729.0 4.0 200.0 71.0 10383.639403792387 8980.288888888881 14232.777777777797 
301.01155927161506 741.0 6.0 192.0 63.0 10341.439555011943 8976.977777777765 14232.777777777797 
302.01155927161506 746.0 6.0 199.0 59.0 10299.44881280602 8941.748148148139 14232.777777777797 
303.01155927161506 751.0 6.0 208.0 61.0 10258.189570644072 8924.140740740753 14232.777777777797 
304.01155927161506 756.0 6.0 210.0 68.0 10210.500550191418 8668.555555555571 14232.777777777797 
305.01155927161506 763.0 6.0 209.0 66.0 10157.574422574547 8446.2962962963 14232.777777777797 
306.01155927161506 774.0 6.0 208.0 60.0 10110.576745452885 8590.985185185165 14232.777777777797 
307.01155927161506 783.0 6.0 205.0 68.0 10063.7814430893 8550.733333333352 14232.777777777797 
308.00779649343906 792.0 7.0 202.0 73.0 10018.451719029976 8495.103703703686 14232.777777777797 
309.01155927161506 797.0 7.0 205.0 59.0 9975.344782024926 8625.50370370369 14232.777777777797 
310.01155927161506 810.0 7.0 202.0 71.0 9932.40821634196 8544.125925925935 14232.777777777797 
311.01155927161506 816.0 7.0 201.0 81.0 9887.646636518366 8440.355555555561 14232.777777777797 
312.01155927161506 827.0 7.0 196.0 61.0 9844.791904089481 8459.155555555544 14232.777777777797 
313.01155927161506 837.0 7.0 197.0 66.0 9805.707258077913 8541.97037037035 14232.777777777797 
314.01155927161506 845.0 7.0 198.0 60.0 9767.273595891123 8524.58518518518 14232.777777777797 
315.01155927161506 850.0 7.0 201.0 72.0 9725.081388014401 8360.866666666663 14232.777777777797 
316.01155927161506 863.0 7.0 200.0 59.0 9688.909613040634 8519.355555555561 14232.777777777797 
317.01155927161506 871.0 7.0 200.0 61.0 9654.336769093852 8536.481481481494 14232.777777777797 
318.01155927161506 880.0 7.0 195.0 67.0 9619.529777132144 8494.103703703686 14232.777777777797 
319.01155927161506 889.0 7.0 195.0 56.0 9581.3841060404 8348.007407407418 14232.777777777797 
320.01155927161506 894.0 7.0 203.0 59.0 9545.068360636978 8370.85925925925 14232.777777777797 
321.01155927161506 903.0 7.0 201.0 65.0 9509.0427542623 8344.214814814806 14232.777777777797 
322.01155927161506 911.0 7.0 202.0 61.0 9475.776360523336 8400.162962962946 14232.777777777797 
323.0052041567046 917.0 7.0 202.0 71.0 9445.55251835325 8394.444444444433 14232.777777777797 
324.01155927161506 923.0 7.0 207.0 63.0 9410.024977616407 8332.955555555574 14232.777777777797 
325.01155927161506 934.0 7.0 206.0 58.0 9376.79845051013 8302.47407407408 14232.777777777797 
326.01155927161506 941.0 7.0 207.0 61.0 9336.629830328156 8037.844444444453 14232.777777777797 
327.01155927161506 952.0 7.0 209.0 65.0 9298.708268751654 8072.577777777766 14232.777777777797 
328.01155927161506 955.0 7.0 216.0 69.0 9260.251909577983 8016.8296296296385 14232.777777777797 
329.01155927161506 964.0 7.0 213.0 56.0 9224.176796735084 8057.7481481481445 14232.777777777797 
330.01155927161506 971.0 7.0 216.0 58.0 9191.397270610822 8131.525925925919 14232.777777777797 
331.01155927161506 982.0 7.0 218.0 56.0 9161.5573524925 8196.733333333348 14232.777777777797 
332.00448599304156 990.0 7.0 215.0 60.0 9132.914986257329 8168.674074074088 14232.777777777797 
333.01155927161506 997.0 7.0 221.0 73.0 9104.341950737953 8217.47407407408 14232.777777777797 
334.01155927161506 1009.0 7.0 226.0 55.0 9076.26591443804 8168.474074074081 14232.777777777797 
335.01155927161506 1017.0 7.0 227.0 67.0 9051.516381449359 8251.281481481466 14232.777777777797 
336.01155927161506 1026.0 7.0 226.0 61.0 9024.867112228096 8163.207407407392 14232.777777777797 
337.01155927161506 1035.0 7.0 228.0 55.0 9001.8735433057 8258.41481481482 14232.777777777797 
338.01155927161506 1047.0 7.0 227.0 70.0 8981.79711478431 8332.659259259273 14232.777777777797 
339.01155927161506 1052.0 7.0 233.0 47.0 8960.380979118552 8267.925925925922 14232.777777777797 
340.01155927161506 1062.0 7.0 234.0 63.0 8939.079105300541 8250.31851851853 14232.777777777797 
341.01155927161506 1076.0 7.0 228.0 52.0 8919.530065474859 8287.444444444433 14232.777777777797 
342.01155927161506 1082.0 7.0 232.0 61.0 8896.80883017728 8162.155555555546 14232.777777777797 
343.00897947219414 1088.0 7.0 235.0 56.0 8866.332894076117 7845.651851851859 14232.777777777797 
344.01155927161506 1098.0 7.0 234.0 60.0 8837.69189720269 7945.866666666665 14232.777777777797 
345.0045658679696 1107.0 7.0 237.0 59.0 8808.636028925117 7847.9555555555735 14232.777777777797 
346.00364707590785 1119.0 7.0 242.0 54.0 8773.696725835141 7643.992592592581 14232.777777777797 
347.001121223886 1132.0 7.0 237.0 53.0 8740.234046282316 7658.27407407407 14232.777777777797 
348.01155927161506 1146.0 7.0 231.0 59.0 8709.39863349658 7696.799999999995 14232.777777777797 
349.01155927161506 1156.0 7.0 232.0 55.0 8678.806674491678 7689.666666666671 14232.777777777797 
350.01155927161506 1166.0 7.0 229.0 55.0 8636.696474256933 7275.13333333333 14232.777777777797 
351.01155927161506 1175.0 7.0 230.0 51.0 8595.20646891811 7253.696296296286 14232.777777777797 
352.01155927161506 1183.0 7.0 234.0 68.0 8555.543385961684 7273.103703703688 14232.777777777797 
353.0015954062471 1195.0 7.0 227.0 48.0 8516.411755187159 7264.540740740753 14232.777777777797 
354.01155927161506 1204.0 7.0 223.0 63.0 8480.62996074024 7286.688888888894 14232.777777777797 
355.01155927161506 1213.0 7.0 225.0 49.0 8449.62061747358 7446.985185185167 14232.777777777797 
356.01155927161506 1221.0 7.0 230.0 75.0 8419.027110060495 7429.837037037052 14232.777777777797 
357.01155927161506 1237.0 7.0 230.0 58.0 8387.766518980901 7377.007407407418 14232.777777777797 
358.01155927161506 1244.0 7.0 232.0 61.0 8340.954634522584 6827.370370370362 14232.777777777797 
359.01155927161506 1252.0 7.0 235.0 60.0 8296.319328820238 6853.111111111102 14232.777777777797 
360.01155927161506 1259.0 7.0 242.0 69.0 8257.092637844518 6988.762962962959 14232.777777777797 
361.01155927161506 1271.0 7.0 239.0 55.0 8222.269414264741 7096.3185185185175 14232.777777777797 
362.01155927161506 1275.0 7.0 241.0 55.0 8186.363109614569 7025.392592592598 14232.777777777797 
363.01155927161506 1290.0 7.0 234.0 66.0 8153.376216326129 7086.800000000003 14232.777777777797 
364.01155927161506 1298.0 7.0 233.0 59.0 8113.111596503011 6811.22222222221 14232.777777777797 
365.01155927161506 1304.0 7.0 241.0 64.0 8076.325137496812 6886.8962962963105 14232.777777777797 
366.01155927161506 1316.0 7.0 244.0 57.0 8041.134272260795 6903.2962962963 14232.777777777797 
367.01155927161506 1321.0 7.0 247.0 67.0 8004.357132981861 6815.229629629622 14232.777777777797 
368.01155927161506 1333.0 7.0 247.0 63.0 7964.228196770186 6666.725925925919 14232.777777777797 
369.01155927161506 1340.0 7.0 252.0 66.0 7925.1820175337525 6662.6888888889 14232.777777777797 
370.01155927161506 1352.0 7.0 251.0 56.0 7885.445001452175 6600.614814814811 14232.777777777797 
371.01155927161506 1360.0 7.0 259.0 55.0 7838.433651408612 6318.399999999989 14232.777777777797 
372.01155927161506 1369.0 7.0 259.0 61.0 7792.033752977465 6291.770370370377 14232.777777777797 
373.01155927161506 1373.0 7.0 270.0 64.0 7750.132073721468 6395.311111111099 14232.777777777797 
374.0029755631353 1387.0 7.0 265.0 51.0 7709.1203787846 6293.459259259249 14232.777777777797 
375.01155927161506 1405.0 7.0 259.0 49.0 7669.6633770534245 6480.8148148148075 14232.777777777797 
376.01155927161506 1412.0 7.0 259.0 54.0 7626.2528090751475 6222.64444444444 14232.777777777797 
377.00369528771074 1425.0 7.0 259.0 50.0 7594.134281022039 6377.8148148148075 14232.777777777797 
378.00235690730824 1440.0 7.0 255.0 59.0 7560.479363702488 6472.303703703712 14232.777777777797 
379.01155927161506 1450.0 7.0 256.0 44.0 7525.831334794822 6572.49629629629 14232.777777777797 
380.01155927161506 1457.0 7.0 262.0 49.0 7494.533061417652 6482.55555555555 14232.777777777797 
381.01155927161506 1468.0 7.0 260.0 50.0 7459.776180686227 6335.970370370371 14232.777777777797 
382.01155927161506 1479.0 7.0 256.0 51.0 7429.660450821195 6455.918518518529 14232.777777777797 
383.01155927161506 1488.0 7.0 252.0 51.0 7407.901081741005 6704.348148148142 14232.777777777797 
384.01155927161506 1498.0 7.0 253.0 59.0 7387.908271511002 6741.474074074081 14232.777777777797 
385.01155927161506 1501.0 7.0 260.0 43.0 7363.660801143448 6579.659259259271 14232.777777777797 
386.00140870333263 1509.0 7.0 257.0 49.0 7345.863841265485 6639.6296296296405 14232.777777777797 
387.01155927161506 1520.0 7.0 261.0 46.0 7323.354781129199 6722.437037037033 14232.777777777797 
388.01155927161506 1527.0 7.0 263.0 66.0 7304.21391547311 6685.3259259259285 14232.777777777797 
389.01155927161506 1535.0 7.0 268.0 53.0 7289.873498008904 6826.199999999993 14232.777777777797 
390.01155927161506 1542.0 7.0 268.0 53.0 7274.477959735307 6776.6888888889 14232.777777777797 
391.01155927161506 1553.0 7.0 264.0 59.0 7256.003176498804 6658.651851851858 14232.777777777797 
392.01155927161506 1569.0 7.0 257.0 62.0 7239.667525648284 6711.481481481491 14232.777777777797 
393.01155927161506 1578.0 7.0 260.0 60.0 7213.407277656617 6364.325925925929 14232.777777777797 
394.01155927161506 1588.0 7.0 260.0 61.0 7186.56439266025 6318.6444444444405 14232.777777777797 
395.0091119333572 1595.0 7.0 264.0 62.0 7166.082245774719 6484.26666666667 14232.777777777797 
396.01155927161506 1604.0 7.0 267.0 67.0 7141.976152609585 6381.518518518509 14232.777777777797 
397.01155927161506 1612.0 7.0 272.0 48.0 7117.510868031295 6326.466666666662 14232.777777777797 
398.01155927161506 1616.0 7.0 279.0 47.0 7094.208208657023 6340.755555555546 14232.777777777797 
399.01155927161506 1626.0 7.0 278.0 55.0 7070.915740175087 6317.79259259259 14232.777777777797 
400.01155927161506 1637.0 7.0 276.0 52.0 7040.582934636502 6059.822222222219 14232.777777777797 
401.01155927161506 1646.0 7.0 279.0 42.0 7014.5803354863 6173.829629629638 14232.777777777797 
402.01155927161506 1653.0 7.0 282.0 56.0 6991.497592088374 6245.155555555562 14232.777777777797 
403.01155927161506 1664.0 7.0 279.0 56.0 6971.377775436831 6320.83703703705 14232.777777777797 
404.01155927161506 1673.0 7.0 273.0 55.0 6955.988219951505 6458.392592592603 14232.777777777797 
405.01155927161506 1685.0 7.0 261.0 42.0 6932.129462241852 6160.696296296288 14232.777777777797 
406.01155927161506 1695.0 7.0 253.0 58.0 6916.005578374593 6394.666666666658 14232.777777777797 
407.01155927161506 1698.0 7.0 251.0 47.0 6902.05007769002 6450.822222222219 14232.777777777797 
408.01155927161506 1706.0 7.0 244.0 45.0 6881.374353137101 6212.859259259269 14232.777777777797 
409.01155927161506 1716.0 7.0 236.0 38.0 6862.471566987428 6251.28148148147 14232.777777777797 
410.01155927161506 1728.0 7.0 224.0 38.0 6843.0791977555855 6216.05925925926 14232.777777777797 
411.01155927161506 1736.0 7.0 218.0 41.0 6820.6641551562525 6095.911111111111 14232.777777777797 
412.01155927161506 1743.0 7.0 212.0 45.0 6802.456897168228 6213.755555555547 14232.777777777797 
413.01155927161506 1746.0 7.0 211.0 35.0 6780.69874580874 6077.1851851851925 14232.777777777797 
414.01155927161506 1755.0 7.0 203.0 49.0 6762.385783434476 6170.26666666667 14232.777777777797 
415.01155927161506 1769.0 7.0 189.0 42.0 6747.220654375886 6256.88148148148 14232.777777777797 
416.01155927161506 1777.0 7.0 181.0 36.0 6736.3224791890525 6383.948148148158 14232.777777777797 
417.01155927161506 1790.0 7.0 168.0 39.0 6733.783693702274 6651.696296296287 14232.777777777797 
418.01155927161506 1793.0 7.0 165.0 39.0 6736.809071780095 6834.629629629638 14232.777777777797 
419.01155927161506 1797.0 7.0 161.0 46.0 6745.083244071138 7012.614814814815 14232.777777777797 
420.01155927161506 1803.0 7.0 155.0 32.0 6755.179191193447 7081.614814814816 14232.777777777797 
421.01155927161506 1808.0 7.0 150.0 41.0 6771.420482124306 7296.555555555559 14232.777777777797 
422.01155927161506 1811.0 7.0 147.0 33.0 6786.016089882796 7257.94074074074 14232.777777777797 
423.01155927161506 1816.0 7.0 142.0 35.0 6796.940273852986 7150.155555555556 14232.777777777797 
424.01155927161506 1823.0 7.0 136.0 45.0 6811.035176748502 7266.770370370378 14232.777777777797 
425.01155927161506 1828.0 7.0 131.0 32.0 6827.305899223825 7353.392592592593 14232.777777777797 
426.01155927161506 1835.0 7.0 124.0 38.0 6842.613611136004 7337.562962962958 14232.777777777797 
427.01155927161506 1838.0 7.0 121.0 37.0 6861.9598694685865 7487.48888888889 14232.777777777797 
428.01155927161506 1839.0 7.0 120.0 35.0 6879.665962273417 7452.162962962948 14232.777777777797 
429.01155927161506 1843.0 7.0 116.0 31.0 6897.6408722941105 7478.8296296296385 14232.777777777797 
430.01155927161506 1846.0 7.0 113.0 52.0 6923.015423903059 7743.459259259247 14232.777777777797 
431.01155927161506 1852.0 7.0 107.0 48.0 6951.437405630411 7870.414814814821 14232.777777777797 
432.01155927161506 1856.0 7.0 103.0 39.0 6984.4611723503895 8052.229629629622 14232.777777777797 
433.01155927161506 1858.0 7.0 101.0 42.0 7019.935114957651 8166.925925925922 14232.777777777797 
434.01155927161506 1861.0 7.0 98.0 27.0 7053.188839286708 8128.392592592585 14232.777777777797 
435.01155927161506 1865.0 7.0 94.0 32.0 7085.60184077477 8133.62222222221 14232.777777777797 
436.01155927161506 1868.0 7.0 91.0 27.0 7122.340229995968 8310.214814814806 14232.777777777797 
437.01155927161506 1870.0 7.0 89.0 46.0 7162.4680230960885 8459.933333333325 14232.777777777797 
438.01155927161506 1873.0 7.0 86.0 47.0 7203.656204625428 8535.407407407401 14232.777777777797 
439.01155927161506 1875.0 7.0 84.0 42.0 7243.408740708888 8528.740740740728 14232.777777777797 
440.01155927161506 1876.0 7.0 83.0 31.0 7283.353367376512 8574.896296296314 14232.777777777797 
441.01155927161506 1878.0 7.0 81.0 34.0 7324.641210799652 8659.614814814833 14232.777777777797 
442.01155927161506 1880.0 7.0 79.0 50.0 7369.302196697886 8813.340740740725 14232.777777777797 
443.01155927161506 1880.0 7.0 79.0 28.0 7418.977130796952 9025.13333333334 14232.777777777797 
444.01155927161506 1882.0 7.0 77.0 25.0 7470.76026131749 9145.081481481495 14232.777777777797 
445.01155927161506 1884.0 7.0 75.0 30.0 7525.330564589076 9289.77037037038 14232.777777777797 
446.01155927161506 1887.0 7.0 72.0 23.0 7582.28642542918 9423.859259259243 14232.777777777797 
447.01155927161506 1889.0 7.0 70.0 35.0 7639.1758326663075 9478.600000000017 14232.777777777797 
448.01155927161506 1891.0 7.0 68.0 22.0 7696.685668797429 9556.17037037036 14232.777777777797 
449.01155927161506 1893.0 7.0 66.0 36.0 7757.8615431779435 9735.88148148148 14232.777777777797 
450.01155927161506 1895.0 7.0 64.0 25.0 7820.8003635492805 9855.822222222221 14232.777777777797 
451.01155927161506 1897.0 7.0 62.0 21.0 7882.222130420578 9868.192592592604 14232.777777777797 
452.01155927161506 1899.0 7.0 60.0 23.0 7944.4001331746285 9954.822222222221 14232.777777777797 
453.01155927161506 1901.0 7.0 58.0 44.0 8006.669018068277 10020.029629629656 14232.777777777797 
454.01155927161506 1902.0 7.0 57.0 36.0 8069.768503081785 10109.985185185164 14232.777777777797 
455.01155927161506 1902.0 7.0 57.0 58.0 8133.8241146559985 10204.955555555578 14232.777777777797 
456.01155927161506 1903.0 7.0 56.0 33.0 8197.935168994089 10270.859259259241 14232.777777777797 
457.01155927161506 1905.0 7.0 54.0 52.0 8261.764891702045 10325.5925925926 14232.777777777797 
458.01155927161506 1908.0 7.0 51.0 29.0 8325.572167173204 10388.674074074099 14232.777777777797 
459.01155927161506 1909.0 7.0 50.0 23.0 8391.74922438023 10531.474074074082 14232.777777777797 
460.01155927161506 1909.0 7.0 50.0 30.0 8457.525636537715 10584.2962962963 14232.777777777797 
461.01155927161506 1910.0 7.0 49.0 31.0 8524.555867441584 10691.866666666654 14232.777777777797 
462.01155927161506 1910.0 7.0 49.0 24.0 8591.902524751677 10769.444444444422 14232.777777777797 
463.01155927161506 1911.0 7.0 48.0 22.0 8659.121671231338 10832.540740740757 14232.777777777797 
464.01155927161506 1913.0 7.0 46.0 39.0 8727.394243316627 10934.874074074063 14232.777777777797 
465.01155927161506 1914.0 7.0 45.0 26.0 8798.052638239351 11082.6740740741 14232.777777777797 
466.01155927161506 1916.0 7.0 43.0 37.0 8870.44017020327 11210.97037037034 14232.777777777797 
467.01155927161506 1916.0 7.0 43.0 19.0 8942.82652065273 11283.318518518543 14232.777777777797 
468.01155927161506 1918.0 7.0 41.0 31.0 9018.595502810933 11468.459259259243 14232.777777777797 
469.01155927161506 1918.0 7.0 42.0 43.0 9095.10408217104 11568.88148148148 14232.777777777797 
470.01155927161506 1918.0 7.0 42.0 22.0 9172.450515261464 11673.318518518543 14232.777777777797 
471.01155927161506 1920.0 7.0 40.0 32.0 9250.917666470294 11788.022222222242 14232.777777777797 
472.01155927161506 1920.0 7.0 40.0 29.0 9330.943025365064 11918.429629629643 14232.777777777797 
473.01155927161506 1920.0 7.0 40.0 20.0 9413.907845715235 12096.437037037063 14232.777777777797 
474.01155927161506 1920.0 7.0 40.0 24.0 9498.13905478821 12221.614814814839 14232.777777777797 
475.01155927161506 1921.0 7.0 39.0 22.0 9583.069994255688 12329.17037037036 14232.777777777797 
476.01155927161506 1921.0 7.0 39.0 29.0 9668.894338872462 12443.88148148148 14232.777777777797 
477.01155927161506 1921.0 7.0 40.0 21.0 9755.213730928506 12546.207407407375 14232.777777777797 
478.01155927161506 1922.0 7.0 39.0 24.0 9843.598874556199 12701.38518518517 14232.777777777797 
479.01155927161506 1922.0 7.0 40.0 17.0 9931.382686097295 12769.725925925946 14232.777777777797 
480.01155927161506 1922.0 7.0 40.0 27.0 10017.960761069935 12817.318518518547 14232.777777777797 
481.01155927161506 1922.0 7.0 40.0 48.0 10105.853716015617 12947.725925925946 14232.777777777797 
482.01155927161506 1922.0 7.0 40.0 31.0 10194.770993424037 13069.76296296296 14232.777777777797 
483.01155927161506 1922.0 7.0 40.0 29.0 10281.548974732428 13087.370370370387 14232.777777777797 
484.01155927161506 1922.0 7.0 41.0 33.0 10366.994727712667 13129.740740740732 14232.777777777797 
485.01155927161506 1922.0 7.0 41.0 30.0 10450.933996992399 13164.970370370334 14232.777777777797 
486.01155927161506 1923.0 7.0 41.0 28.0 10533.78286597151 13212.562962962935 14232.777777777797 
487.01155927161506 1924.0 7.0 40.0 36.0 10615.480268881254 13257.029629629666 14232.777777777797 
488.01155927161506 1925.0 7.0 39.0 36.0 10696.248527481494 13307.75555555556 14232.777777777797 
489.01155927161506 1925.0 7.0 39.0 31.0 10777.66373832371 13410.088888888855 14232.777777777797 
490.01155927161506 1925.0 7.0 39.0 39.0 10857.258492840661 13430.82222222224 14232.777777777797 
491.01155927161506 1925.0 7.0 39.0 30.0 10934.465404722107 13430.82222222224 14232.777777777797 
492.01155927161506 1925.0 7.0 39.0 37.0 11011.469220358229 13501.259259259265 14232.777777777797 
493.01155927161506 1925.0 7.0 40.0 31.0 11087.219365969702 13536.474074074082 14232.777777777797 
494.01155927161506 1925.0 7.0 40.0 42.0 11162.125229435056 13584.081481481506 14232.777777777797 
495.01155927161506 1925.0 7.0 40.0 19.0 11234.626583663106 13578.83703703704 14232.777777777797 
496.01155927161506 1925.0 7.0 40.0 16.0 11304.889786153222 13576.733333333344 14232.777777777797 
497.01155927161506 1926.0 7.0 40.0 42.0 11373.787537013066 13601.481481481478 14232.777777777797 
498.01155927161506 1926.0 7.0 40.0 42.0 11441.518133124895 13631.474074074082 14232.777777777797 
499.01155927161506 1926.0 7.0 40.0 43.0 11507.745033575602 13649.081481481506 14232.777777777797 
500.01155927161506 1926.0 7.0 40.0 29.0 11572.078682568323 13652.200000000026 14232.777777777797 
501.01155927161506 1927.0 7.0 39.0 45.0 11634.853655424595 13664.577777777764 14232.777777777797 
502.01155927161506 1927.0 7.0 39.0 33.0 11697.952045761871 13738.13333333335 14232.777777777797 
503.01155927161506 1927.0 7.0 39.0 32.0 11760.742595500134 13790.970370370333 14232.777777777797 
504.01155927161506 1927.0 7.0 39.0 21.0 11821.742762079564 13794.081481481506 14232.777777777797 
505.01155927161506 1927.0 7.0 39.0 31.0 11880.912923661615 13794.081481481506 14232.777777777797 
506.01155927161506 1927.0 7.0 39.0 49.0 11938.307980396217 13794.081481481506 14232.777777777797 
507.01155927161506 1930.0 7.0 36.0 31.0 11995.03785209544 13829.303703703717 14232.777777777797 
508.01155927161506 1930.0 7.0 36.0 21.0 12049.631160977015 13814.814814814803 14232.777777777797 
509.01155927161506 1930.0 7.0 36.0 16.0 12103.115115036599 13832.429629629627 14232.777777777797 
510.01155927161506 1930.0 7.0 36.0 26.0 12154.994550474383 13832.429629629627 14232.777777777797 
511.01155927161506 1930.0 7.0 36.0 28.0 12205.411380626827 13835.555555555586 14232.777777777797 
512.011559271615 1930.0 7.0 36.0 22.0 12254.315705874686 13835.555555555586 14232.777777777797 
513.011559271615 1930.0 7.0 37.0 39.0 12301.752901365106 13835.555555555586 14232.777777777797 
514.011559271615 1930.0 7.0 37.0 31.0 12347.67320321305 13832.429629629627 14232.777777777797 
515.011559271615 1930.0 7.0 37.0 19.0 12392.309451561103 13835.548148148147 14232.777777777797 
516.011559271615 1930.0 7.0 37.0 28.0 12435.606612458714 13835.548148148147 14232.777777777797 
517.011559271615 1930.0 7.0 37.0 22.0 12477.604858529396 13835.548148148147 14232.777777777797 
518.011559271615 1930.0 7.0 37.0 52.0 12518.343157217958 13835.548148148147 14232.777777777797 
519.011559271615 1930.0 7.0 37.0 16.0 12557.85930694587 13835.548148148147 14232.777777777797 
520.011559271615 1930.0 7.0 37.0 30.0 12596.189972181926 13835.548148148147 14232.777777777797 
521.011559271615 1930.0 7.0 37.0 42.0 12633.370717460915 13835.548148148147 14232.777777777797 
522.011559271615 1930.0 7.0 37.0 32.0 12669.436040381534 13835.548148148147 14232.777777777797 
523.011559271615 1930.0 7.0 37.0 24.0 12704.419403614538 13835.548148148147 14232.777777777797 
524.011559271615 1930.0 7.0 37.0 15.0 12738.35326595053 13835.548148148147 14232.777777777797 
525.011559271615 1930.0 7.0 37.0 22.0 12771.26911241647 13835.548148148147 14232.777777777797 
526.011559271615 1930.0 7.0 37.0 32.0 12803.19748348841 13835.548148148147 14232.777777777797 
527.011559271615 1930.0 7.0 37.0 45.0 12834.261781205985 13838.674074074106 14232.777777777797 
528.011559271615 1930.0 7.0 37.0 16.0 12864.39414999203 13838.674074074106 14232.777777777797 
529.011559271615 1930.0 7.0 37.0 20.0 12893.622547714485 13838.674074074106 14232.777777777797 
530.011559271615 1930.0 7.0 37.0 27.0 12921.974093505276 13838.674074074106 14232.777777777797 
531.011559271615 1930.0 7.0 38.0 26.0 12949.475092922341 13838.674074074106 14232.777777777797 
532.011559271615 1930.0 7.0 38.0 43.0 12975.622617912442 13821.059259259278 14232.777777777797 
533.011559271615 1930.0 7.0 38.0 21.0 13000.985717152847 13821.059259259278 14232.777777777797 
534.011559271615 1930.0 7.0 38.0 26.0 13025.059478971596 13803.444444444414 14232.777777777797 
535.011559271615 1930.0 7.0 38.0 21.0 13048.411027935781 13803.444444444414 14232.777777777797 
536.011559271615 1930.0 7.0 38.0 22.0 13071.062030431047 13803.444444444414 14232.777777777797 
537.011559271615 1930.0 7.0 38.0 47.0 13093.033502851451 13803.444444444414 14232.777777777797 
538.011559271615 1930.0 7.0 38.0 31.0 13114.53338665479 13809.696296296283 14232.777777777797 
539.011559271615 1930.0 7.0 38.0 24.0 13135.388273944032 13809.696296296283 14232.777777777797 
540.011559271615 1931.0 7.0 37.0 40.0 13155.617514614609 13809.696296296283 14232.777777777797 
541.011559271615 1931.0 7.0 37.0 37.0 13175.239878065053 13809.696296296283 14232.777777777797 
542.011559271615 1931.0 7.0 37.0 18.0 13194.273570611991 13809.696296296283 14232.777777777797 
543.011559271615 1931.0 7.0 37.0 18.0 13212.736252382514 13809.696296296283 14232.777777777797 
544.011559271615 1933.0 7.0 35.0 33.0 13231.173498144368 13827.311111111108 14232.777777777797 
545.011559271615 1933.0 7.0 35.0 24.0 13249.586070977812 13844.92592592593 14232.777777777797 
546.011559271615 1933.0 7.0 35.0 34.0 13267.974711070714 13862.540740740757 14232.777777777797 
547.011559271615 1933.0 7.0 35.0 28.0 13285.905247516363 13865.659259259277 14232.777777777797 
548.011559271615 1933.0 7.0 35.0 28.0 13303.297867868647 13865.659259259277 14232.777777777797 
549.011559271615 1933.0 7.0 37.0 29.0 13320.790931832587 13886.400000000003 14232.777777777797 
550.011559271615 1933.0 7.0 37.0 26.0 13337.481648322055 13877.148148148151 14232.777777777797 
551.011559271615 1933.0 7.0 37.0 17.0 13352.400532205731 13834.777777777797 14232.777777777797 
552.011559271615 1935.0 7.0 35.0 32.0 13367.243182906226 13847.155555555531 14232.777777777797 
553.011559271615 1935.0 7.0 35.0 28.0 13382.540331863484 13877.148148148151 14232.777777777797 
554.011559271615 1937.0 7.0 33.0 24.0 13397.749899685345 13889.525925925918 14232.777777777797 
555.011559271615 1937.0 7.0 33.0 25.0 13412.69073602812 13895.777777777797 14232.777777777797 
556.011559271615 1937.0 7.0 33.0 23.0 13427.18334728062 13895.777777777797 14232.777777777797 
557.0049054234925 1937.0 7.0 33.0 38.0 13440.595153730961 13895.777777777797 14232.777777777797 
558.011559271615 1937.0 7.0 34.0 22.0 13455.248611456333 13908.155555555531 14232.777777777797 
559.011559271615 1937.0 7.0 34.0 25.0 13468.83581977931 13908.155555555531 14232.777777777797 
560.011559271615 1937.0 7.0 34.0 23.0 13481.644078519264 13895.777777777797 14232.777777777797 
561.011559271615 1937.0 7.0 34.0 28.0 13494.068089497008 13895.777777777797 14232.777777777797 
562.011559271615 1937.0 7.0 34.0 22.0 13505.748046812101 13883.400000000003 14232.777777777797 
563.011559271615 1937.0 7.0 34.0 28.0 13517.077605407749 13883.400000000003 14232.777777777797 
564.011559271615 1937.0 7.0 34.0 21.0 13528.067277245516 13883.400000000003 14232.777777777797 
565.011559271615 1937.0 7.0 34.0 19.0 13537.984592261475 13858.644444444439 14232.777777777797 
566.011559271615 1937.0 7.0 35.0 32.0 13547.604387826961 13858.644444444439 14232.777777777797 
567.011559271615 1937.0 7.0 35.0 25.0 13556.31336730327 13837.903703703707 14232.777777777797 
568.011559271615 1937.0 7.0 35.0 20.0 13564.23263295083 13820.288888888881 14232.777777777797 
569.011559271615 1937.0 7.0 35.0 21.0 13571.91432062897 13820.288888888881 14232.777777777797 
570.011559271615 1937.0 7.0 36.0 19.0 13579.365557676769 13820.288888888881 14232.777777777797 
571.011559271615 1937.0 7.0 36.0 33.0 13586.065035390917 13802.681481481453 14232.777777777797 
572.011559271615 1937.0 7.0 36.0 29.0 13592.563528773639 13802.681481481453 14232.777777777797 
573.011559271615 1938.0 7.0 35.0 25.0 13598.867067354862 13802.681481481453 14232.777777777797 
574.011559271615 1938.0 7.0 35.0 23.0 13604.981499778662 13802.681481481453 14232.777777777797 
575.011559271615 1938.0 7.0 35.0 35.0 13610.912499229744 13802.681481481453 14232.777777777797 
576.011559271615 1938.0 7.0 35.0 27.0 13616.665568697297 13802.681481481453 14232.777777777797 
577.011559271615 1938.0 7.0 35.0 34.0 13622.152268303036 13799.555555555586 14232.777777777797 
578.011559271615 1938.0 7.0 35.0 13.0 13627.567922476173 13802.674074074106 14232.777777777797 
579.011559271615 1938.0 7.0 35.0 28.0 13632.821107024114 13802.674074074106 14232.777777777797 
580.011559271615 1938.0 7.0 36.0 25.0 13637.916696035605 13802.674074074106 14232.777777777797 
581.011559271615 1938.0 7.0 36.0 41.0 13642.33097293232 13785.059259259278 14232.777777777797 
582.011559271615 1939.0 7.0 35.0 22.0 13646.61282152212 13785.059259259278 14232.777777777797 
583.011559271615 1940.0 7.0 34.0 20.0 13651.294436876466 13802.666666666666 14232.777777777797 
584.011559271615 1941.0 7.0 33.0 28.0 13656.364048214607 13820.281481481483 14232.777777777797 
585.011559271615 1941.0 7.0 33.0 32.0 13661.281571212618 13820.281481481483 14232.777777777797 
586.011559271615 1941.0 7.0 33.0 40.0 13666.422901854012 13832.659259259277 14232.777777777797 
587.011559271615 1941.0 7.0 33.0 14.0 13671.40999257617 13832.659259259277 14232.777777777797 
588.011559271615 1942.0 7.0 32.0 21.0 13676.869470576676 13853.392592592572 14232.777777777797 
589.011559271615 1943.0 7.0 31.0 18.0 13683.529830903806 13898.88148148148 14232.777777777797 
590.011559271615 1943.0 7.0 31.0 17.0 13689.99038042114 13898.88148148148 14232.777777777797 
591.011559271615 1944.0 7.0 30.0 35.0 13696.257113452939 13898.88148148148 14232.777777777797 
592.011559271615 1944.0 7.0 30.0 21.0 13702.335844493806 13898.88148148148 14232.777777777797 
593.011559271615 1944.0 7.0 30.0 21.0 13708.232213603435 13898.88148148148 14232.777777777797 
594.011559271615 1944.0 7.0 30.0 27.0 13713.951691639779 13898.88148148148 14232.777777777797 
595.011559271615 1944.0 7.0 30.0 34.0 13719.964474223914 13914.377777777787 14232.777777777797 
596.011559271615 1944.0 7.0 30.0 21.0 13725.890651108306 13917.503703703698 14232.777777777797 
597.011559271615 1944.0 7.0 31.0 21.0 13731.639042686173 13917.503703703698 14232.777777777797 
598.011559271615 1944.0 7.0 31.0 22.0 13737.214982516696 13917.503703703698 14232.777777777797 
599.011559271615 1945.0 7.0 30.0 28.0 13742.623644152303 13917.503703703698 14232.777777777797 
600.011559271615 1945.0 7.0 31.0 41.0 13747.870045938847 13917.503703703698 14232.777777777797 
#####################################################################
# End of data export. Simulation finished at: 2020-02-02T17:27+0000 #
#####################################################################
