#####################################################################
# Alchemist log file - simulation started at: 2020-01-24T03:21+0000 #
#####################################################################
# seed = 0.0, meanTaskSize = 10000, smoothing = 0.1, grain = 1400.0, peakFrequency = 1
#
# The columns have the following meaning: 
# time done[Sum] drop[Sum] waiting[Sum] isLeader[Sum] capacity[Mean] freeCapacity[Mean] maxCapacity[Mean] 
0.0 NaN 0.0 NaN NaN NaN NaN NaN 
1.0017826406940806 0.0 0.0 0.0 135.0 14232.777777777797 14232.777777777797 14232.777777777797 
2.0017826406940804 0.0 0.0 0.0 135.0 14232.777777777797 14232.777777777797 14232.777777777797 
3.0017826406940804 0.0 0.0 0.0 135.0 14232.777777777797 14232.777777777797 14232.777777777797 
4.00178264069408 0.0 0.0 0.0 135.0 14232.777777777797 14232.777777777797 14232.777777777797 
5.00178264069408 0.0 0.0 0.0 135.0 14232.777777777797 14232.777777777797 14232.777777777797 
6.00178264069408 0.0 0.0 0.0 135.0 14232.777777777797 14232.777777777797 14232.777777777797 
7.00178264069408 0.0 0.0 0.0 135.0 14232.777777777797 14232.777777777797 14232.777777777797 
8.001782640694081 0.0 0.0 0.0 135.0 14232.777777777797 14232.777777777797 14232.777777777797 
9.001782640694081 0.0 0.0 0.0 135.0 14232.777777777797 14232.777777777797 14232.777777777797 
10.001782640694081 0.0 0.0 0.0 135.0 14232.777777777797 14232.777777777797 14232.777777777797 
11.001782640694081 0.0 0.0 0.0 135.0 14232.777777777797 14232.777777777797 14232.777777777797 
12.001782640694081 0.0 0.0 0.0 135.0 14232.777777777797 14232.777777777797 14232.777777777797 
13.001782640694081 0.0 0.0 1.0 135.0 14232.777777777797 14232.777777777797 14232.777777777797 
14.001782640694081 0.0 0.0 1.0 135.0 14232.465185185178 14229.651851851839 14232.777777777797 
15.001782640694081 0.0 0.0 1.0 135.0 14232.183851851856 14229.651851851839 14232.777777777797 
16.00178264069408 0.0 0.0 1.0 135.0 14231.930651851853 14229.651851851839 14232.777777777797 
17.00178264069408 0.0 0.0 2.0 135.0 14231.702771851888 14229.651851851839 14232.777777777797 
18.00178264069408 0.0 0.0 2.0 135.0 14229.736198370389 14212.037037037013 14232.777777777797 
19.00178264069408 0.0 0.0 2.0 135.0 14227.966282237008 14212.037037037013 14232.777777777797 
20.00178264069408 0.0 0.0 2.0 135.0 14226.373357717035 14212.037037037013 14232.777777777797 
21.00178264069408 0.0 0.0 2.0 135.0 14224.939725649014 14212.037037037013 14232.777777777797 
22.00178264069408 0.0 0.0 3.0 135.0 14223.649456787822 14212.037037037013 14232.777777777797 
23.00178264069408 1.0 0.0 3.0 135.0 14222.175622220177 14208.911111111145 14232.777777777797 
24.00178264069408 1.0 0.0 3.0 134.0 14222.298059998142 14223.400000000001 14232.777777777797 
25.00178264069408 1.0 0.0 3.0 134.0 14222.408253998328 14223.400000000001 14232.777777777797 
26.00178264069408 1.0 0.0 3.0 134.0 14222.5074285985 14223.400000000001 14232.777777777797 
27.00178264069408 1.0 0.0 3.0 134.0 14222.59668573863 14223.400000000001 14232.777777777797 
28.00178264069408 1.0 0.0 4.0 134.0 14222.67701716478 14223.400000000001 14232.777777777797 
29.00178264069408 1.0 0.0 4.0 134.0 14222.436722855722 14220.274074074052 14232.777777777797 
30.00178264069408 1.0 0.0 4.0 134.0 14222.220457977555 14220.274074074052 14232.777777777797 
31.00178264069408 1.0 0.0 4.0 134.0 14222.025819587197 14220.274074074052 14232.777777777797 
32.00178264069408 1.0 0.0 4.0 134.0 14221.850645035887 14220.274074074052 14232.777777777797 
33.00178264069408 1.0 0.0 4.0 133.0 14221.6929879397 14220.274074074052 14232.777777777797 
34.00178264069408 1.0 0.0 4.0 132.0 14221.551096553148 14220.274074074052 14232.777777777797 
35.00178264069408 1.0 0.0 4.0 132.0 14221.423394305235 14220.274074074052 14232.777777777797 
36.00178264069408 1.0 0.0 5.0 132.0 14221.30846228209 14220.274074074052 14232.777777777797 
37.00178264069408 1.0 0.0 5.0 132.0 14220.892430868746 14217.14814814815 14232.777777777797 
38.00178264069408 1.0 0.0 5.0 132.0 14220.518002596657 14217.14814814815 14232.777777777797 
39.00178264069408 1.0 0.0 5.0 131.0 14220.181017151825 14217.14814814815 14232.777777777797 
40.00178264069408 1.0 0.0 5.0 131.0 14219.87773025145 14217.14814814815 14232.777777777797 
41.00178264069408 1.0 0.0 5.0 131.0 14219.604772041133 14217.14814814815 14232.777777777797 
42.00178264069408 1.0 0.0 5.0 131.0 14219.359109651854 14217.14814814815 14232.777777777797 
43.00178264069408 1.0 0.0 5.0 131.0 14219.138013501472 14217.14814814815 14232.777777777797 
44.00178264069408 1.0 0.0 5.0 131.0 14218.939026966113 14217.14814814815 14232.777777777797 
45.00178264069408 1.0 0.0 5.0 131.0 14218.759939084342 14217.14814814815 14232.777777777797 
46.00178264069408 2.0 0.0 4.0 131.0 14218.598759990742 14217.14814814815 14232.777777777797 
47.00178264069408 2.0 0.0 4.0 130.0 14218.766291399064 14220.274074074052 14232.777777777797 
48.00178264069408 2.0 0.0 5.0 130.0 14218.917069666542 14220.274074074052 14232.777777777797 
49.00178264069408 2.0 0.0 5.0 131.0 14218.74017751469 14217.14814814815 14232.777777777797 
50.00178264069408 2.0 0.0 6.0 131.0 14218.580974578039 14217.14814814815 14232.777777777797 
51.00178264069408 2.0 0.0 6.0 131.0 14218.12509934247 14214.022222222226 14232.777777777797 
52.00178264069408 2.0 0.0 6.0 131.0 14217.714811630434 14214.022222222226 14232.777777777797 
53.00178264069408 2.0 0.0 6.0 131.0 14217.345552689616 14214.022222222226 14232.777777777797 
54.00178264069408 2.0 0.0 6.0 131.0 14217.01321964286 14214.022222222226 14232.777777777797 
55.00178264069408 2.0 0.0 6.0 131.0 14216.714119900824 14214.022222222226 14232.777777777797 
56.00178264069408 2.0 0.0 6.0 131.0 14216.444930132968 14214.022222222226 14232.777777777797 
57.00178264069408 2.0 0.0 7.0 131.0 14216.202659341883 14214.022222222226 14232.777777777797 
58.00178264069408 2.0 0.0 7.0 131.0 14215.67202303734 14210.896296296318 14232.777777777797 
59.00178264069408 2.0 0.0 7.0 130.0 14215.194450363231 14210.896296296318 14232.777777777797 
60.00178264069408 2.0 0.0 8.0 130.0 14214.76463495653 14210.896296296318 14232.777777777797 
61.00178264069408 2.0 0.0 8.0 129.0 14214.065208497906 14207.77037037036 14232.777777777797 
62.00178264069408 2.0 0.0 8.0 129.0 14213.435724685138 14207.77037037036 14232.777777777797 
63.00178264069408 2.0 0.0 8.0 129.0 14212.869189253674 14207.77037037036 14232.777777777797 
64.00178264069407 2.0 0.0 8.0 129.0 14212.35930736535 14207.77037037036 14232.777777777797 
65.00178264069407 2.0 0.0 8.0 129.0 14211.90041366586 14207.77037037036 14232.777777777797 
66.00178264069407 2.0 0.0 8.0 129.0 14211.487409336327 14207.77037037036 14232.777777777797 
67.00178264069407 2.0 0.0 8.0 129.0 14211.115705439692 14207.77037037036 14232.777777777797 
68.00178264069407 2.0 0.0 8.0 128.0 14210.781171932755 14207.77037037036 14232.777777777797 
69.00178264069407 2.0 0.0 8.0 128.0 14210.480091776528 14207.77037037036 14232.777777777797 
70.00178264069407 2.0 0.0 8.0 128.0 14210.209119635945 14207.77037037036 14232.777777777797 
71.00178264069407 2.0 0.0 8.0 127.0 14209.965244709367 14207.77037037036 14232.777777777797 
72.00178264069407 2.0 0.0 8.0 127.0 14209.745757275445 14207.77037037036 14232.777777777797 
73.00178264069407 2.0 0.0 8.0 127.0 14209.548218584963 14207.77037037036 14232.777777777797 
74.00178264069407 2.0 0.0 8.0 127.0 14209.370433763486 14207.77037037036 14232.777777777797 
75.00178264069407 2.0 0.0 8.0 127.0 14209.210427424194 14207.77037037036 14232.777777777797 
76.00178264069407 2.0 0.0 9.0 127.0 14209.066421718802 14207.77037037036 14232.777777777797 
77.00178264069407 2.0 0.0 9.0 127.0 14207.175335102474 14190.155555555531 14232.777777777797 
78.00178264069407 2.0 0.0 10.0 127.0 14205.473357147795 14190.155555555531 14232.777777777797 
79.00178264069407 2.0 0.0 10.0 127.0 14203.628984395971 14187.029629629666 14232.777777777797 
80.00178264069407 2.0 0.0 10.0 127.0 14201.969048919309 14187.029629629666 14232.777777777797 
81.00178264069407 2.0 0.0 10.0 127.0 14200.475106990374 14187.029629629666 14232.777777777797 
82.00178264069407 2.0 0.0 10.0 127.0 14199.13055925429 14187.029629629666 14232.777777777797 
83.00178264069407 2.0 0.0 10.0 127.0 14197.920466291838 14187.029629629666 14232.777777777797 
84.00178264069407 2.0 0.0 10.0 127.0 14196.831382625616 14187.029629629666 14232.777777777797 
85.00178264069407 2.0 0.0 10.0 127.0 14195.851207326008 14187.029629629666 14232.777777777797 
86.00178264069407 2.0 0.0 10.0 127.0 14194.96904955635 14187.029629629666 14232.777777777797 
87.00178264069407 2.0 0.0 10.0 127.0 14194.175107563698 14187.029629629666 14232.777777777797 
88.00178264069407 2.0 0.0 10.0 127.0 14193.460559770321 14187.029629629666 14232.777777777797 
89.00178264069407 3.0 0.0 9.0 126.0 14192.817466756214 14187.029629629666 14232.777777777797 
90.00178264069407 3.0 0.0 10.0 126.0 14194.000164525052 14204.644444444439 14232.777777777797 
91.00178264069407 3.0 0.0 10.0 126.0 14193.303111035491 14187.029629629666 14232.777777777797 
92.00178264069407 3.0 0.0 10.0 126.0 14192.675762894904 14187.029629629666 14232.777777777797 
93.00178264069407 3.0 0.0 10.0 126.0 14192.11114956841 14187.029629629666 14232.777777777797 
94.00178264069407 3.0 0.0 10.0 126.0 14191.602997574526 14187.029629629666 14232.777777777797 
95.00178264069407 3.0 0.0 10.0 126.0 14191.145660780023 14187.029629629666 14232.777777777797 
96.00178264069407 3.0 0.0 10.0 126.0 14190.734057665 14187.029629629666 14232.777777777797 
97.00178264069407 3.0 0.0 10.0 126.0 14190.363614861482 14187.029629629666 14232.777777777797 
98.00178264069407 3.0 0.0 10.0 126.0 14190.030216338268 14187.029629629666 14232.777777777797 
99.00178264069407 3.0 0.0 12.0 126.0 14189.73015766741 14187.029629629666 14232.777777777797 
100.00178264069407 3.0 0.0 12.0 126.0 14188.834919678444 14180.777777777797 14232.777777777797 
101.00178264069407 3.0 0.0 12.0 126.0 14188.029205488381 14180.777777777797 14232.777777777797 
102.00178264069407 3.0 0.0 12.0 126.0 14187.304062717287 14180.777777777797 14232.777777777797 
103.00178264069407 3.0 0.0 12.0 126.0 14186.65143422334 14180.777777777797 14232.777777777797 
104.00178264069407 3.0 0.0 12.0 126.0 14186.064068578802 14180.777777777797 14232.777777777797 
105.00178264069407 3.0 0.0 12.0 126.0 14185.535439498683 14180.777777777797 14232.777777777797 
106.00178264069407 3.0 0.0 12.0 126.0 14185.059673326634 14180.777777777797 14232.777777777797 
107.00178264069407 3.0 0.0 12.0 126.0 14184.631483771705 14180.777777777797 14232.777777777797 
108.00178264069407 3.0 0.0 12.0 126.0 14184.246113172323 14180.777777777797 14232.777777777797 
109.00178264069407 3.0 0.0 12.0 126.0 14183.899279632891 14180.777777777797 14232.777777777797 
110.00178264069407 4.0 0.0 11.0 124.0 14183.58712944736 14180.777777777797 14232.777777777797 
111.00178264069407 4.0 0.0 11.0 124.0 14185.067675761895 14198.392592592572 14232.777777777797 
112.00178264069407 4.0 0.0 11.0 124.0 14186.400167444961 14198.392592592572 14232.777777777797 
113.00178264069407 4.0 0.0 11.0 124.0 14187.59940995971 14198.392592592572 14232.777777777797 
114.00178264069407 4.0 0.0 11.0 124.0 14188.678728223013 14198.392592592572 14232.777777777797 
115.00178264069407 4.0 0.0 11.0 124.0 14189.650114659991 14198.392592592572 14232.777777777797 
116.00178264069407 4.0 0.0 12.0 124.0 14190.52436245321 14198.392592592572 14232.777777777797 
117.00178264069407 4.0 0.0 13.0 124.0 14190.99859287457 14195.266666666657 14232.777777777797 
118.00178264069407 4.0 0.0 14.0 124.0 14191.113548401905 14192.14814814815 14232.777777777797 
119.00178264069407 4.0 0.0 17.0 124.0 14190.904415783974 14189.022222222226 14232.777777777797 
120.00178264069407 4.0 0.0 17.0 123.0 14190.404344575925 14185.903703703707 14232.777777777797 
121.00178264069407 4.0 0.0 21.0 123.0 14189.95428048874 14185.903703703707 14232.777777777797 
122.00178264069407 4.0 0.0 22.0 123.0 14189.549222810221 14185.903703703707 14232.777777777797 
123.00178264069407 4.0 0.0 22.0 123.0 14182.140226455085 14115.459259259243 14232.777777777797 
124.00178264069407 4.0 0.0 24.0 123.0 14173.71138899479 14097.851851851852 14232.777777777797 
125.00178264069407 4.0 0.0 26.0 123.0 14166.125435280497 14097.851851851852 14232.777777777797 
126.00178264069407 4.0 0.0 28.0 116.0 14155.77585471543 14062.629629629611 14232.777777777797 
127.00178264069407 4.0 0.0 28.0 113.0 14142.939750725322 14027.414814814802 14232.777777777797 
128.00178264069407 4.0 0.0 29.0 116.0 14128.599108986176 13999.533333333322 14232.777777777797 
129.00178264069407 4.0 0.0 31.0 113.0 14115.692531420877 13999.533333333322 14232.777777777797 
130.00178264069407 4.0 0.0 35.0 116.0 14100.453648649143 13963.303703703716 14232.777777777797 
131.00178264069407 4.0 0.0 35.0 111.0 14083.217172673123 13928.088888888855 14232.777777777797 
132.00178264069407 4.0 0.0 37.0 116.0 14063.467307257646 13885.718518518519 14232.777777777797 
133.00178264069407 4.0 0.0 38.0 111.0 14043.930946902257 13868.103703703682 14232.777777777797 
134.00178264069407 4.0 0.0 42.0 117.0 14020.351185545396 13808.13333333335 14232.777777777797 
135.00178264069407 4.0 0.0 42.0 110.0 13995.607918842687 13772.918518518494 14232.777777777797 
136.00178264069407 5.0 0.0 45.0 117.0 13957.298978810268 13612.51851851852 14232.777777777797 
137.00178264069407 5.0 0.0 46.0 110.0 13919.29871055887 13577.296296296283 14232.777777777797 
138.00178264069407 6.0 2.0 48.0 116.0 13880.33995061408 13529.711111111119 14232.777777777797 
139.00178264069407 6.0 2.0 54.0 105.0 13845.277066663779 13529.711111111119 14232.777777777797 
140.00178264069407 6.0 2.0 55.0 111.0 13790.63750814558 13298.88148148148 14232.777777777797 
141.00178264069407 7.0 4.0 56.0 116.0 13736.17820177546 13246.044444444437 14232.777777777797 
142.00178264069407 7.0 5.0 56.0 105.0 13685.404085301636 13228.437037037063 14232.777777777797 
143.00178264069407 7.0 6.0 60.0 105.0 13634.757010104766 13178.933333333322 14232.777777777797 
144.00178264069407 7.0 6.0 62.0 107.0 13582.130197983177 13108.488888888909 14232.777777777797 
145.00178264069407 7.0 6.0 63.0 105.0 13531.244585592276 13073.274074074054 14232.777777777797 
146.00178264069407 7.0 7.0 65.0 105.0 13485.134941847877 13070.148148148144 14232.777777777797 
147.00178264069407 8.0 8.0 69.0 105.0 13440.114780996397 13034.933333333322 14232.777777777797 
148.00178264069407 8.0 9.0 71.0 105.0 13397.211451044926 13011.081481481506 14232.777777777797 
149.00178264069407 8.0 12.0 73.0 107.0 13356.525861495997 12990.355555555561 14232.777777777797 
150.00178264069407 8.0 14.0 75.0 104.0 13318.147349420457 12972.740740740728 14232.777777777797 
151.00178264069407 8.0 18.0 79.0 103.0 13280.085207070999 12937.525925925918 14232.777777777797 
152.00178264069407 8.0 20.0 81.0 107.0 13236.643353030586 12845.666666666673 14232.777777777797 
153.00178264069407 8.0 20.0 82.0 104.0 13172.893091801603 12599.140740740753 14232.777777777797 
154.00178264069407 8.0 23.0 86.0 103.0 13115.517856695526 12599.140740740753 14232.777777777797 
155.00178264069407 8.0 25.0 88.0 104.0 13055.407552507424 12514.41481481481 14232.777777777797 
156.00178264069407 8.0 26.0 91.0 95.0 12999.547537997423 12496.8074074074 14232.777777777797 
157.00178264069407 8.0 27.0 93.0 90.0 12947.51204345696 12479.1925925926 14232.777777777797 
158.00178264069407 8.0 28.0 95.0 100.0 12885.354172444593 12325.933333333323 14232.777777777797 
159.00178264069407 8.0 36.0 95.0 100.0 12829.41208853345 12325.933333333323 14232.777777777797 
160.00178264069407 8.0 40.0 98.0 94.0 12779.064213013458 12325.933333333323 14232.777777777797 
161.00178264069407 9.0 44.0 103.0 99.0 12711.52445837876 12103.66666666668 14232.777777777797 
162.00178264069407 9.0 47.0 108.0 95.0 12645.967568096437 12055.955555555578 14232.777777777797 
163.00178264069407 9.0 48.0 112.0 89.0 12586.966366842342 12055.955555555578 14232.777777777797 
164.00178264069407 9.0 48.0 113.0 108.0 12526.631211639604 11983.614814814839 14232.777777777797 
165.00178264069407 10.0 50.0 115.0 93.0 12471.080683068232 11971.125925925937 14232.777777777797 
166.00178264069407 10.0 50.0 117.0 89.0 12408.758540687324 11847.85925925924 14232.777777777797 
167.00178264069407 10.0 53.0 119.0 91.0 12352.668612544532 11847.85925925924 14232.777777777797 
168.00178264069407 11.0 55.0 121.0 100.0 12296.190640178962 11787.8888888889 14232.777777777797 
169.00178264069407 11.0 61.0 123.0 93.0 12245.360465049951 11787.8888888889 14232.777777777797 
170.00178264069407 11.0 65.0 127.0 81.0 12196.614788915318 11757.903703703723 14232.777777777797 
171.00178264069407 11.0 70.0 132.0 95.0 12148.909606320109 11719.562962962938 14232.777777777797 
172.00178264069407 11.0 75.0 137.0 95.0 12099.142349391777 11651.23703703704 14232.777777777797 
173.00178264069407 11.0 78.0 140.0 98.0 12037.728855193349 11485.00740740742 14232.777777777797 
174.00178264069407 11.0 86.0 145.0 94.0 11980.594488192517 11466.385185185158 14232.777777777797 
175.00178264069407 11.0 90.0 147.0 103.0 11923.890594928827 11413.55555555558 14232.777777777797 
176.00178264069407 11.0 96.0 147.0 101.0 11839.909683584094 11084.081481481502 14232.777777777797 
177.00178264069407 11.0 102.0 149.0 97.0 11764.32686337383 11084.081481481502 14232.777777777797 
178.00178264069407 13.0 106.0 148.0 83.0 11689.06899185126 11011.748148148134 14232.777777777797 
179.00178264069407 14.0 107.0 150.0 86.0 11618.327277851342 10981.651851851859 14232.777777777797 
180.00178264069407 14.0 115.0 155.0 70.0 11545.854550066208 10893.600000000017 14232.777777777797 
181.00178264069407 14.0 122.0 157.0 75.0 11478.15353950401 10868.844444444463 14232.777777777797 
182.00178264069407 14.0 127.0 157.0 65.0 11413.700407775857 10833.6222222222 14232.777777777797 
183.00178264069407 14.0 130.0 163.0 75.0 11355.692589220487 10833.6222222222 14232.777777777797 
184.00178264069407 14.0 131.0 166.0 71.0 11285.875922891006 10657.525925925918 14232.777777777797 
185.00178264069407 14.0 137.0 167.0 66.0 11220.566108379684 10632.777777777796 14232.777777777797 
186.00178264069407 14.0 137.0 170.0 75.0 11158.265053097291 10597.555555555578 14232.777777777797 
187.00178264069407 15.0 143.0 171.0 55.0 11098.993362602354 10565.548148148162 14232.777777777797 
188.00178264069407 15.0 148.0 175.0 65.0 11040.365878193985 10512.718518518535 14232.777777777797 
189.00178264069407 15.0 155.0 175.0 59.0 10981.603364448669 10452.74074074072 14232.777777777797 
190.00178264069407 16.0 165.0 179.0 62.0 10921.2919168927 10378.488888888904 14232.777777777797 
191.00178264069407 17.0 175.0 180.0 71.0 10857.895317795996 10287.325925925903 14232.777777777797 
192.00178264069407 17.0 182.0 182.0 69.0 10799.288008238618 10271.822222222221 14232.777777777797 
193.00178264069407 19.0 189.0 182.0 62.0 10740.845874081422 10214.866666666658 14232.777777777797 
194.00178264069407 21.0 197.0 186.0 68.0 10686.384990376991 10196.23703703704 14232.777777777797 
195.00178264069407 22.0 202.0 188.0 45.0 10635.509454302259 10177.629629629617 14232.777777777797 
196.00178264069407 22.0 208.0 193.0 57.0 10589.721471834984 10177.629629629617 14232.777777777797 
197.00178264069407 23.0 216.0 198.0 68.0 10544.698213540394 10139.488888888902 14232.777777777797 
198.00178264069407 23.0 225.0 206.0 62.0 10500.24172551969 10100.133333333342 14232.777777777797 
199.00178264069407 23.0 231.0 211.0 65.0 10453.730886301055 10035.133333333342 14232.777777777797 
200.00178264069407 24.0 236.0 213.0 71.0 10397.21113100428 9888.53333333334 14232.777777777797 
201.00178264069407 24.0 240.0 217.0 59.0 10326.210758644576 9687.207407407388 14232.777777777797 
202.00178264069407 24.0 246.0 222.0 54.0 10248.020053150509 9544.303703703716 14232.777777777797 
203.00178264069407 24.0 258.0 225.0 62.0 10162.989158946564 9397.711111111119 14232.777777777797 
204.00178264069407 24.0 267.0 226.0 58.0 10079.22728008895 9325.370370370376 14232.777777777797 
205.00178264069407 25.0 279.0 230.0 56.0 9978.61714467263 9073.125925925935 14232.777777777797 
206.00178264069407 27.0 288.0 230.0 49.0 9886.306541316499 9055.511111111104 14232.777777777797 
207.00178264069407 29.0 298.0 231.0 41.0 9781.189961258917 8835.14074074075 14232.777777777797 
208.00178264069407 29.0 308.0 235.0 51.0 9686.585779947842 8835.148148148137 14232.777777777797 
209.00178264069407 31.0 324.0 236.0 28.0 9598.966461212322 8810.392592592585 14232.777777777797 
210.00178264069407 33.0 331.0 239.0 41.0 9518.348333609596 8792.785185185192 14232.777777777797 
211.00178264069407 35.0 346.0 242.0 37.0 9433.41720395235 8669.037037037031 14232.777777777797 
212.00178264069407 37.0 348.0 243.0 37.0 9344.128816890456 8540.53333333334 14232.777777777797 
213.00178264069407 37.0 356.0 248.0 32.0 9223.550009275477 8138.340740740726 14232.777777777797 
214.00178264069407 38.0 367.0 250.0 33.0 9079.179452792363 7779.844444444448 14232.777777777797 
215.00178264069407 39.0 371.0 249.0 46.0 8939.727433439051 7684.659259259273 14232.777777777797 
216.00178264069407 41.0 388.0 249.0 17.0 8791.945801206259 7461.911111111121 14232.777777777797 
217.00178264069407 42.0 397.0 250.0 38.0 8647.089739604156 7343.3851851851805 14232.777777777797 
218.00178264069407 43.0 410.0 251.0 43.0 8503.440024902997 7210.5925925925985 14232.777777777797 
219.00178264069407 44.0 421.0 251.0 39.0 8322.962689079377 6698.6666666666615 14232.777777777797 
220.00178264069407 46.0 436.0 250.0 28.0 8149.063457208474 6583.97037037037 14232.777777777797 
221.00178264069407 51.0 446.0 245.0 23.0 7993.791185561702 6596.3407407407285 14232.777777777797 
222.00178264069407 53.0 460.0 247.0 29.0 7836.4357707092295 6420.237037037041 14232.777777777797 
223.00178264069407 55.0 470.0 250.0 30.0 7650.456638082756 5976.6444444444405 14232.777777777797 
224.00178264069407 55.0 478.0 252.0 20.0 7484.614677978184 5992.03703703704 14232.777777777797 
225.00178264069407 56.0 494.0 252.0 26.0 7322.839876847028 5866.866666666676 14232.777777777797 
226.00178264069407 56.0 510.0 253.0 29.0 7174.23292619936 5836.770370370377 14232.777777777797 
227.00178264069407 58.0 520.0 251.0 28.0 7040.48667061647 5836.770370370377 14232.777777777797 
228.00178264069407 58.0 532.0 256.0 23.0 6921.875040591853 5854.370370370362 14232.777777777797 
229.00178264069407 59.0 537.0 257.0 42.0 6802.749018014144 5730.61481481481 14232.777777777797 
230.00178264069407 61.0 553.0 257.0 22.0 6670.075597694219 5476.014814814826 14232.777777777797 
231.00178264069407 61.0 567.0 260.0 15.0 6553.668037924795 5506.0 14232.777777777797 
232.00178264069407 64.0 585.0 259.0 38.0 6419.201974873049 5209.007407407417 14232.777777777797 
233.00178264069407 64.0 595.0 261.0 19.0 6298.182518126488 5209.007407407417 14232.777777777797 
234.00178264069407 64.0 601.0 264.0 21.0 6184.3153774249595 5159.511111111115 14232.777777777797 
235.00178264069407 64.0 611.0 268.0 33.0 6077.076432275047 5111.9259259259325 14232.777777777797 
236.00178264069407 65.0 631.0 269.0 19.0 5977.562122380877 5081.9333333333325 14232.777777777797 
237.00178264069407 66.0 639.0 271.0 18.0 5862.725910142786 4829.199999999993 14232.777777777797 
238.00178264069407 67.0 651.0 274.0 42.0 5759.373319128506 4829.199999999993 14232.777777777797 
239.00178264069407 67.0 661.0 280.0 18.0 5644.0811724008445 4606.451851851854 14232.777777777797 
240.00178264069407 67.0 676.0 283.0 17.0 5529.752314420027 4500.79259259259 14232.777777777797 
241.00036482524922 68.0 687.0 284.0 15.0 5409.82594994399 4327.5481481481465 14232.777777777797 
242.00178264069407 68.0 699.0 288.0 31.0 5295.146115420954 4265.674074074071 14232.777777777797 
243.00178264069407 68.0 711.0 289.0 28.0 5170.340392767754 4047.0888888888903 14232.777777777797 
244.00178264069407 71.0 720.0 288.0 30.0 5058.8396868243135 4055.333333333332 14232.777777777797 
245.00178264069407 71.0 730.0 290.0 42.0 4919.165347771506 3662.096296296292 14232.777777777797 
246.00178264069407 71.0 743.0 291.0 28.0 4792.220664846209 3649.718518518516 14232.777777777797 
247.00178264069407 73.0 757.0 290.0 33.0 4649.366005768994 3363.6740740740715 14232.777777777797 
248.00178264069407 75.0 773.0 289.0 15.0 4512.1345903772835 3277.051851851848 14232.777777777797 
249.00178264069407 76.0 783.0 293.0 19.0 4352.738909117333 2918.1777777777797 14232.777777777797 
250.00178264069407 77.0 797.0 295.0 45.0 4189.912425613006 2724.4740740740776 14232.777777777797 
251.00178264069407 77.0 809.0 297.0 17.0 4044.605627496151 2736.844444444445 14232.777777777797 
252.00178264069407 78.0 832.0 297.0 21.0 3912.0680277095 2719.22962962963 14232.777777777797 
253.00178264069407 81.0 838.0 294.0 24.0 3791.0234471607664 2701.622222222222 14232.777777777797 
254.00178264069407 81.0 856.0 298.0 16.0 3680.8344357780247 2689.1333333333346 14232.777777777797 
255.00178264069407 81.0 862.0 301.0 18.0 3581.6524736817073 2689.0148148148146 14232.777777777797 
256.00178264069405 82.0 874.0 305.0 26.0 3493.626485572792 2701.3925925925932 14232.777777777797 
257.00178264069405 83.0 885.0 307.0 24.0 3403.837170348847 2595.7333333333318 14232.777777777797 
258.00178264069405 85.0 897.0 306.0 16.0 3301.883082943595 2384.2962962962974 14232.777777777797 
259.00178264069405 86.0 902.0 308.0 20.0 3199.5592190936795 2278.6444444444433 14232.777777777797 
260.00178264069405 88.0 915.0 307.0 22.0 3098.6632971843114 2190.599999999999 14232.777777777797 
261.00178264069405 89.0 930.0 308.0 10.0 3008.3806711695834 2195.8370370370358 14232.777777777797 
262.00178264069405 92.0 941.0 309.0 15.0 2928.88704849707 2213.4444444444457 14232.777777777797 
263.00178264069405 94.0 952.0 310.0 22.0 2854.333158462178 2183.348148148149 14232.777777777797 
264.00178264069405 94.0 961.0 311.0 8.0 2781.9516944678107 2130.518518518517 14232.777777777797 
265.00178264069405 96.0 978.0 312.0 22.0 2716.285413909918 2125.2888888888892 14232.777777777797 
266.00178264069405 98.0 988.0 314.0 15.0 2655.4250206670768 2107.681481481481 14232.777777777797 
267.00178264069405 99.0 1003.0 317.0 13.0 2584.8017778596277 1949.1925925925937 14232.777777777797 
268.00178264069405 102.0 1017.0 318.0 18.0 2521.2408593329246 1949.1925925925937 14232.777777777797 
269.00178264069405 104.0 1036.0 318.0 18.0 2445.4626993255583 1763.4592592592587 14232.777777777797 
270.00178264069405 104.0 1049.0 324.0 12.0 2380.261614578186 1793.4518518518516 14232.777777777797 
271.00178264069405 105.0 1059.0 328.0 10.0 2323.3413790462937 1811.05925925926 14232.777777777797 
272.00178264069405 107.0 1075.0 334.0 7.0 2275.1109448453685 1841.0370370370374 14232.777777777797 
273.00178264069405 109.0 1094.0 338.0 7.0 2217.0931836941654 1694.9333333333327 14232.777777777797 
274.00178264069405 114.0 1111.0 340.0 23.0 2166.6379393988223 1712.5407407407413 14232.777777777797 
275.00178264069405 115.0 1126.0 343.0 1.0 2123.500812125608 1735.2666666666657 14232.777777777797 
276.00178264069405 115.0 1133.0 346.0 19.0 2086.438138320453 1752.874074074073 14232.777777777797 
277.00178264069405 115.0 1143.0 352.0 9.0 2038.9824726365564 1611.8814814814803 14232.777777777797 
278.00178264069405 116.0 1156.0 355.0 4.0 1994.5116327803075 1594.2740740740737 14232.777777777797 
279.00178264069405 118.0 1172.0 362.0 17.0 1956.2493583911669 1611.888888888888 14232.777777777797 
280.00178264069405 119.0 1185.0 366.0 2.0 1919.3384966261247 1587.1407407407405 14232.777777777797 
281.00178264069405 120.0 1193.0 366.0 1.0 1882.5964988153632 1551.9185185185179 14232.777777777797 
282.00178264069405 122.0 1205.0 367.0 24.0 1853.7649970819748 1594.281481481481 14232.777777777797 
283.00178264069405 124.0 1223.0 367.0 12.0 1814.5536825589622 1461.6518518518512 14232.777777777797 
284.00178264069405 124.0 1232.0 369.0 13.0 1778.7405365252887 1456.4222222222218 14232.777777777797 
285.00178264069405 126.0 1246.0 370.0 19.0 1735.9435199097973 1350.7703703703705 14232.777777777797 
286.00178264069405 126.0 1252.0 373.0 10.0 1685.0995382891879 1227.5037037037036 14232.777777777797 
287.00178264069405 131.0 1262.0 372.0 17.0 1639.3288437195279 1227.3925925925926 14232.777777777797 
288.00178264069405 134.0 1275.0 373.0 2.0 1598.135218606835 1227.3925925925926 14232.777777777797 
289.00178264069405 135.0 1288.0 373.0 18.0 1561.0609560054108 1227.3925925925926 14232.777777777797 
290.00178264069405 138.0 1304.0 375.0 8.0 1515.3193048493135 1103.6444444444446 14232.777777777797 
291.00178264069405 141.0 1323.0 375.0 2.0 1475.6007076977162 1118.1333333333334 14232.777777777797 
292.00178264069405 142.0 1336.0 380.0 3.0 1439.8539702612777 1118.1333333333334 14232.777777777797 
293.00178264069405 145.0 1346.0 385.0 14.0 1406.4330176795945 1105.6444444444446 14232.777777777797 
294.00095654982977 145.0 1369.0 393.0 13.0 1376.353654108088 1105.6444444444446 14232.777777777797 
295.00178264069405 145.0 1389.0 395.0 6.0 1349.2831887649163 1105.6444444444446 14232.777777777797 
296.00178264069405 147.0 1412.0 398.0 4.0 1324.919314332869 1105.6444444444446 14232.777777777797 
297.00178264069405 150.0 1433.0 399.0 6.0 1302.9918273440264 1105.6444444444446 14232.777777777797 
298.00178264069405 152.0 1450.0 402.0 22.0 1283.257089054068 1105.6444444444446 14232.777777777797 
299.00178264069405 154.0 1471.0 402.0 6.0 1267.7691579264392 1128.3777777777777 14232.777777777797 
300.00178264069405 156.0 1486.0 405.0 1.0 1250.3077976893508 1093.1555555555558 14232.777777777797 
301.00178264069405 158.0 1502.0 408.0 1.0 1227.5488697722678 1022.7185185185183 14232.777777777797 
302.00133775286173 159.0 1527.0 413.0 8.0 1208.826357464473 1040.3259259259262 14232.777777777797 
303.00178264069405 159.0 1541.0 418.0 9.0 1192.5891030340554 1046.451851851852 14232.777777777797 
304.00178264069405 159.0 1553.0 425.0 2.0 1177.975377915835 1046.451851851852 14232.777777777797 
305.00178264069405 160.0 1575.0 427.0 9.0 1164.8230253094366 1046.451851851852 14232.777777777797 
306.00178264069405 162.0 1588.0 430.0 4.0 1152.985907963678 1046.451851851852 14232.777777777797 
307.00178264069405 164.0 1603.0 432.0 1.0 1145.853983833977 1081.6666666666665 14232.777777777797 
308.00178264069405 167.0 1620.0 432.0 6.0 1132.3922891542832 1011.2370370370369 14232.777777777797 
309.00178264069405 169.0 1640.0 435.0 7.0 1122.0375046832992 1028.8444444444442 14232.777777777797 
310.00178264069405 172.0 1661.0 437.0 13.0 1112.7181986594137 1028.8444444444442 14232.777777777797 
311.00178264069405 173.0 1677.0 439.0 13.0 1104.530082497176 1030.837037037037 14232.777777777797 
312.00178264069405 175.0 1695.0 441.0 3.0 1095.9118890622733 1018.3481481481481 14232.777777777797 
313.00178264069405 176.0 1718.0 444.0 1.0 1082.3495890449349 960.2888888888889 14232.777777777797 
314.00178264069405 180.0 1746.0 442.0 2.0 1063.9568523626635 898.4222222222224 14232.777777777797 
315.00178264069405 181.0 1766.0 444.0 7.0 1049.1641300893602 916.0296296296299 14232.777777777797 
316.00178264069405 184.0 1784.0 444.0 7.0 1041.3232726359797 970.7555555555556 14232.777777777797 
317.00178264069405 187.0 1803.0 442.0 17.0 1036.0272416686782 988.3629629629628 14232.777777777797 
318.00178264069405 187.0 1818.0 447.0 4.0 1033.5341471314398 1011.0962962962961 14232.777777777797 
319.00178264069405 188.0 1845.0 447.0 1.0 1034.2881398257034 1041.0740740740741 14232.777777777797 
320.00178264069405 188.0 1869.0 450.0 1.0 1029.1608073246146 983.0148148148149 14232.777777777797 
321.00178264069405 191.0 1884.0 449.0 1.0 1025.7832451106717 995.3851851851853 14232.777777777797 
322.00178264069405 195.0 1904.0 449.0 1.0 1023.9812168959007 1007.7629629629631 14232.777777777797 
323.00178264069405 197.0 1927.0 451.0 1.0 1016.5527248359404 949.6962962962963 14232.777777777797 
324.00178264069405 198.0 1948.0 453.0 4.0 1012.3426375375316 974.451851851852 14232.777777777797 
325.00178264069405 198.0 1969.0 455.0 18.0 1011.5520774874822 1004.4370370370369 14232.777777777797 
326.00178264069405 201.0 1991.0 452.0 15.0 1016.8376104794746 1064.4074074074076 14232.777777777797 
327.00178264069405 203.0 2002.0 452.0 2.0 1024.5805160981938 1094.2666666666669 14232.777777777797 
328.00178264069405 205.0 2024.0 453.0 1.0 1031.8832052291152 1097.6074074074072 14232.777777777797 
329.00178264069405 207.0 2045.0 454.0 13.0 1037.2185884099074 1085.2370370370368 14232.777777777797 
330.00178264069405 208.0 2072.0 457.0 7.0 1045.5426554948426 1120.459259259259 14232.777777777797 
331.0008221238009 209.0 2094.0 460.0 5.0 1053.034305606823 1120.459259259259 14232.777777777797 
332.00178264069405 212.0 2114.0 460.0 2.0 1059.776810210082 1120.459259259259 14232.777777777797 
333.00178264069405 212.0 2141.0 465.0 1.0 1068.8428328927773 1150.4370370370364 14232.777777777797 
334.00178264069405 215.0 2159.0 465.0 4.0 1080.7148458997958 1187.5629629629636 14232.777777777797 
335.00178264069405 219.0 2185.0 466.0 3.0 1094.3974353838903 1217.5407407407413 14232.777777777797 
336.00178264069405 225.0 2201.0 470.0 4.0 1088.007321475131 1030.4962962962964 14232.777777777797 
337.00178264069405 227.0 2224.0 476.0 3.0 1083.4939967350253 1042.874074074074 14232.777777777797 
338.00178264069405 230.0 2238.0 478.0 1.0 1077.6705229874487 1025.2592592592594 14232.777777777797 
339.00178264069405 233.0 2250.0 485.0 2.0 1070.668655873889 1007.651851851852 14232.777777777797 
340.00178264069405 238.0 2266.0 487.0 1.0 1056.9425310272409 933.4074074074076 14232.777777777797 
341.00178264069405 241.0 2291.0 491.0 1.0 1035.7845742208133 845.3629629629629 14232.777777777797 
342.00178264069405 242.0 2310.0 499.0 11.0 1019.7416723542874 875.3555555555554 14232.777777777797 
343.00178264069405 242.0 2332.0 500.0 17.0 1006.5400977114513 887.7259259259257 14232.777777777797 
344.00178264069405 245.0 2353.0 499.0 2.0 991.2246064588246 853.3851851851853 14232.777777777797 
345.00178264069405 246.0 2386.0 504.0 3.0 980.4391828499794 883.3703703703703 14232.777777777797 
346.00178264069405 249.0 2402.0 505.0 8.0 974.4441534538703 920.4888888888888 14232.777777777797 
347.00178264069405 249.0 2437.0 511.0 1.0 962.0049232936684 850.0518518518521 14232.777777777797 
348.00178264069405 251.0 2463.0 511.0 2.0 944.6222087420795 788.1777777777778 14232.777777777797 
349.00178264069405 253.0 2477.0 514.0 6.0 930.73850638639 805.7851851851855 14232.777777777797 
350.00178264069405 256.0 2499.0 519.0 14.0 918.2431742662695 805.7851851851855 14232.777777777797 
351.00178264069405 257.0 2519.0 523.0 11.0 906.9973753581612 805.7851851851855 14232.777777777797 
352.00178264069405 258.0 2539.0 526.0 6.0 898.9368970816042 826.3925925925928 14232.777777777797 
353.00178264069405 261.0 2562.0 528.0 1.0 891.6824666327032 826.3925925925928 14232.777777777797 
354.00178264069405 264.0 2587.0 532.0 3.0 886.3912570064699 838.7703703703705 14232.777777777797 
355.00178264069405 266.0 2610.0 539.0 16.0 882.8669461206377 851.1481481481483 14232.777777777797 
356.00178264069405 267.0 2634.0 546.0 5.0 879.6950663233888 851.1481481481483 14232.777777777797 
357.00178264069405 269.0 2652.0 546.0 1.0 870.6529670984573 789.2740740740743 14232.777777777797 
358.00178264069405 270.0 2670.0 555.0 10.0 865.5135963145376 819.2592592592594 14232.777777777797 
359.00178264069405 272.0 2689.0 558.0 15.0 860.8881626090097 819.2592592592594 14232.777777777797 
360.00178264069405 274.0 2714.0 559.0 2.0 855.164531533294 803.651851851852 14232.777777777797 
361.00178264069405 277.0 2741.0 559.0 1.0 845.06363393552 754.1555555555553 14232.777777777797 
362.00178264069405 279.0 2768.0 559.0 3.0 839.4943075790052 789.3703703703704 14232.777777777797 
363.00178264069405 280.0 2798.0 561.0 5.0 835.3063583025861 797.6148148148148 14232.777777777797 
364.00178264069405 283.0 2818.0 562.0 1.0 831.537203953809 797.6148148148148 14232.777777777797 
365.00178264069405 285.0 2841.0 566.0 1.0 829.9057057806505 815.222222222222 14232.777777777797 
366.00178264069405 285.0 2874.0 570.0 5.0 823.1551352025853 762.4 14232.777777777797 
367.00178264069405 285.0 2903.0 571.0 7.0 817.0796216823268 762.4 14232.777777777797 
368.00178264069405 285.0 2926.0 573.0 1.0 806.329437291872 709.577777777778 14232.777777777797 
369.00178264069405 286.0 2948.0 575.0 13.0 796.6542713404626 709.577777777778 14232.777777777797 
370.00178264069405 289.0 2972.0 576.0 14.0 787.946621984194 709.577777777778 14232.777777777797 
371.00037589076385 292.0 2985.0 573.0 2.0 780.1097374118347 709.577777777778 14232.777777777797 
372.00178264069405 293.0 3014.0 581.0 5.0 773.0565415849752 709.577777777778 14232.777777777797 
373.00178264069405 293.0 3047.0 585.0 1.0 768.4694059449961 727.1851851851847 14232.777777777797 
374.00178264069405 293.0 3070.0 589.0 1.0 759.0587616467926 674.3629629629635 14232.777777777797 
375.00178264069405 295.0 3095.0 588.0 1.0 751.8262188154469 686.7333333333332 14232.777777777797 
376.00178264069405 297.0 3127.0 589.0 7.0 745.3169302672354 686.7333333333332 14232.777777777797 
377.00178264069405 300.0 3151.0 590.0 22.0 739.4585705738451 686.7333333333332 14232.777777777797 
378.00178264069405 303.0 3178.0 592.0 2.0 734.1860468497939 686.7333333333332 14232.777777777797 
379.00178264069405 304.0 3198.0 596.0 10.0 730.6785532759259 699.1111111111115 14232.777777777797 
380.00178264069405 304.0 3219.0 602.0 2.0 727.5218090594445 699.1111111111115 14232.777777777797 
381.00178264069405 305.0 3237.0 603.0 1.0 724.680739264611 699.1111111111115 14232.777777777797 
382.00178264069405 307.0 3259.0 603.0 11.0 725.1215542270387 729.0888888888891 14232.777777777797 
383.00178264069405 308.0 3285.0 608.0 2.0 725.5071765821128 728.9777777777776 14232.777777777797 
384.00178264069405 309.0 3309.0 612.0 1.0 720.9046070720495 679.4814814814813 14232.777777777797 
385.00178264069405 314.0 3328.0 610.0 1.0 716.762294512993 679.4814814814813 14232.777777777797 
386.00178264069405 317.0 3361.0 615.0 10.0 714.7949539505825 697.0888888888892 14232.777777777797 
387.00178264069405 319.0 3390.0 617.0 10.0 714.7850881851538 714.6962962962959 14232.777777777797 
388.00178264069405 319.0 3422.0 621.0 10.0 714.7762089962682 714.6962962962959 14232.777777777797 
389.00178264069405 320.0 3451.0 626.0 6.0 712.270439948493 689.7185185185183 14232.777777777797 
390.00178264069405 320.0 3471.0 631.0 3.0 710.0152478054958 689.7185185185183 14232.777777777797 
391.00178264069405 320.0 3508.0 632.0 1.0 704.4640933953168 654.5037037037036 14232.777777777797 
392.00178264069405 323.0 3530.0 632.0 4.0 699.4680544261553 654.5037037037036 14232.777777777797 
393.00178264069405 324.0 3569.0 640.0 18.0 694.9716193539101 654.5037037037036 14232.777777777797 
394.00178264069405 328.0 3600.0 640.0 2.0 690.9248277888894 654.5037037037036 14232.777777777797 
395.00178264069405 329.0 3629.0 642.0 1.0 686.0338264914819 642.0148148148149 14232.777777777797 
396.00178264069405 330.0 3652.0 646.0 5.0 681.6319253238154 642.0148148148149 14232.777777777797 
397.00178264069405 331.0 3678.0 649.0 2.0 677.6702142729152 642.0148148148149 14232.777777777797 
398.00178264069405 336.0 3704.0 647.0 1.0 674.1046743271054 642.0148148148149 14232.777777777797 
399.00178264069405 339.0 3729.0 651.0 1.0 669.1349476351356 624.407407407407 14232.777777777797 
400.00178264069405 342.0 3757.0 651.0 24.0 664.6621936123627 624.407407407407 14232.777777777797 
401.00178264069405 343.0 3778.0 657.0 6.0 656.8900483252007 586.9407407407402 14232.777777777797 
402.00178264069405 348.0 3782.0 655.0 13.0 649.8951175667547 586.9407407407402 14232.777777777797 
403.00178264069405 349.0 3784.0 656.0 1.0 642.3507909952643 574.4518518518515 14232.777777777797 
404.00178264069405 349.0 3784.0 656.0 1.0 635.5608970809233 574.4518518518515 14232.777777777797 
405.00178264069405 350.0 3784.0 655.0 2.0 628.2011036691272 561.9629629629626 14232.777777777797 
406.00178264069405 351.0 3784.0 654.0 20.0 621.5772895985107 561.9629629629626 14232.777777777797 
407.00178264069405 354.0 3784.0 651.0 1.0 614.6795606386598 552.6000000000004 14232.777777777797 
408.00178264069405 355.0 3784.0 650.0 1.0 608.4716045747938 552.6000000000004 14232.777777777797 
409.00178264069405 356.0 3784.0 649.0 3.0 601.6355552284253 540.1111111111114 14232.777777777797 
410.00178264069405 356.0 3784.0 649.0 23.0 595.483110816694 540.1111111111114 14232.777777777797 
411.00178264069405 358.0 3784.0 647.0 12.0 588.6970219572469 527.6222222222227 14232.777777777797 
412.00178264069405 359.0 3784.0 646.0 5.0 581.6525049467073 518.2518518518518 14232.777777777797 
413.00178264069405 359.0 3784.0 646.0 1.0 575.3124396372217 518.2518518518518 14232.777777777797 
414.00178264069405 360.0 3784.0 645.0 1.0 568.3574919697958 505.76296296296306 14232.777777777797 
415.00178264069405 362.0 3784.0 643.0 10.0 563.3350761061497 518.1333333333332 14232.777777777797 
416.00178264069405 363.0 3784.0 643.0 13.0 557.8786055325717 508.77037037037053 14232.777777777797 
417.00178264069405 367.0 3784.0 639.0 1.0 552.9677820163515 508.77037037037053 14232.777777777797 
418.00178264069405 368.0 3784.0 638.0 1.0 547.6110038147165 499.4 14232.777777777797 
419.00178264069405 370.0 3784.0 636.0 1.0 543.7158293591707 508.6592592592593 14232.777777777797 
420.00178264069405 373.0 3784.0 633.0 16.0 540.2101723491796 508.6592592592593 14232.777777777797 
421.00178264069405 373.0 3784.0 633.0 6.0 537.0550810401877 508.6592592592593 14232.777777777797 
422.00178264069405 376.0 3784.0 630.0 1.0 534.2154988620948 508.6592592592593 14232.777777777797 
423.00178264069405 376.0 3784.0 630.0 3.0 531.6598749018111 508.6592592592593 14232.777777777797 
424.00178264069405 377.0 3784.0 629.0 1.0 529.359813337556 508.6592592592593 14232.777777777797 
425.00178264069405 380.0 3784.0 627.0 9.0 524.8149431149116 483.9111111111109 14232.777777777797 
426.00178264069405 381.0 3784.0 626.0 16.0 520.7245599145316 483.9111111111109 14232.777777777797 
427.00178264069405 382.0 3784.0 625.0 8.0 517.0432150341895 483.9111111111109 14232.777777777797 
428.00178264069405 383.0 3784.0 624.0 4.0 513.417412049289 480.7851851851854 14232.777777777797 
429.00178264069405 388.0 3784.0 620.0 2.0 510.1541893628788 480.7851851851854 14232.777777777797 
430.00178264069405 390.0 3784.0 618.0 1.0 507.21728894510926 480.7851851851854 14232.777777777797 
431.00178264069405 396.0 3784.0 612.0 6.0 503.325189680228 468.29629629629653 14232.777777777797 
432.00178264069405 397.0 3784.0 611.0 20.0 499.50970774924224 465.17037037037034 14232.777777777797 
433.00178264069405 398.0 3784.0 610.0 2.0 496.0757740113552 465.17037037037034 14232.777777777797 
434.00178264069405 402.0 3784.0 607.0 1.0 491.73634475836775 452.68148148148146 14232.777777777797 
435.00178264069405 404.0 3784.0 605.0 1.0 487.83085843067903 452.68148148148146 14232.777777777797 
436.00178264069405 408.0 3784.0 601.0 18.0 484.3159207357593 452.68148148148146 14232.777777777797 
437.00178264069405 413.0 3784.0 596.0 13.0 481.1524768103317 452.68148148148146 14232.777777777797 
438.00178264069405 416.0 3784.0 593.0 2.0 483.2750069070763 502.3777777777778 14232.777777777797 
439.00178264069405 417.0 3784.0 592.0 1.0 485.1852839941465 502.3777777777778 14232.777777777797 
440.00178264069405 418.0 3784.0 591.0 2.0 487.41712596510223 507.50370370370376 14232.777777777797 
441.00178264069405 421.0 3784.0 588.0 2.0 489.4257837389623 507.50370370370376 14232.777777777797 
442.00178264069405 424.0 3784.0 585.0 1.0 484.18987203173265 437.06666666666655 14232.777777777797 
443.00178264069405 427.0 3784.0 582.0 18.0 479.47755149522624 437.06666666666655 14232.777777777797 
444.00178264069405 429.0 3784.0 580.0 4.0 474.30016671607393 427.7037037037035 14232.777777777797 
445.00178264069405 430.0 3784.0 579.0 7.0 468.391631525948 415.21481481481464 14232.777777777797 
446.00178264069405 430.0 3784.0 579.0 1.0 463.0739498548347 415.21481481481464 14232.777777777797 
447.00178264069405 431.0 3784.0 579.0 1.0 458.2880363508328 415.21481481481464 14232.777777777797 
448.00178264069405 434.0 3784.0 576.0 10.0 453.98071419723107 415.21481481481464 14232.777777777797 
449.00178264069405 437.0 3784.0 573.0 7.0 450.1041242589894 415.21481481481464 14232.777777777797 
450.00178264069405 437.0 3784.0 573.0 17.0 446.6151933145719 415.21481481481464 14232.777777777797 
451.00178264069405 439.0 3784.0 571.0 5.0 442.2262665757073 402.7259259259257 14232.777777777797 
452.00178264069405 441.0 3784.0 569.0 1.0 438.27623251072913 402.7259259259257 14232.777777777797 
453.00178264069405 443.0 3784.0 567.0 1.0 434.72120185224884 402.7259259259257 14232.777777777797 
454.00178264069405 444.0 3784.0 566.0 5.0 430.2727853707278 390.2370370370369 14232.777777777797 
455.00178264069405 446.0 3784.0 565.0 20.0 426.2692105373586 390.2370370370369 14232.777777777797 
456.00178264069405 450.0 3784.0 561.0 5.0 422.6659931873265 390.2370370370369 14232.777777777797 
457.00178264069405 451.0 3784.0 560.0 1.0 419.11050497970507 387.1111111111109 14232.777777777797 
458.00178264069405 453.0 3784.0 559.0 1.0 414.66167670395674 374.6222222222222 14232.777777777797 
459.00178264069405 453.0 3784.0 559.0 1.0 410.65773125578323 374.6222222222222 14232.777777777797 
460.00178264069405 454.0 3784.0 558.0 19.0 407.0541803524273 374.6222222222222 14232.777777777797 
461.00178264069405 455.0 3784.0 558.0 1.0 403.8109845394068 374.6222222222222 14232.777777777797 
462.00178264069405 458.0 3784.0 555.0 1.0 400.8921083076882 374.6222222222222 14232.777777777797 
463.00178264069405 460.0 3784.0 553.0 1.0 397.0162308102528 362.13333333333344 14232.777777777797 
464.00178264069405 462.0 3784.0 551.0 6.0 393.52794106256084 362.13333333333344 14232.777777777797 
465.00178264069405 463.0 3784.0 550.0 19.0 390.3884802896381 362.13333333333344 14232.777777777797 
466.00178264069405 466.0 3784.0 547.0 2.0 387.87555818660024 365.25925925925935 14232.777777777797 
467.00178264069405 468.0 3784.0 546.0 1.0 385.6139282938662 365.25925925925935 14232.777777777797 
468.00178264069405 470.0 3784.0 544.0 1.0 382.3295725015166 352.77037037037053 14232.777777777797 
469.00178264069405 475.0 3784.0 539.0 16.0 379.373652288402 352.77037037037053 14232.777777777797 
470.00178264069405 480.0 3784.0 535.0 6.0 376.71332409659885 352.77037037037053 14232.777777777797 
471.00178264069405 480.0 3784.0 536.0 4.0 374.3190287239761 352.77037037037053 14232.777777777797 
472.00178264069405 482.0 3784.0 534.0 5.0 372.16416288861546 352.77037037037053 14232.777777777797 
473.00178264069405 484.0 3784.0 532.0 1.0 370.2247836367909 352.77037037037053 14232.777777777797 
474.00178264069405 488.0 3784.0 529.0 1.0 367.23045342126005 340.28148148148176 14232.777777777797 
475.00178264069405 491.0 3784.0 526.0 13.0 364.5355562272823 340.28148148148176 14232.777777777797 
476.00178264069405 493.0 3784.0 524.0 1.0 361.79755616010954 337.15555555555585 14232.777777777797 
477.00178264069405 493.0 3784.0 524.0 1.0 358.0844672107653 324.66666666666674 14232.777777777797 
478.00178264069405 495.0 3784.0 522.0 3.0 354.7426871563555 324.66666666666674 14232.777777777797 
479.00178264069405 495.0 3784.0 523.0 14.0 353.4958258481273 342.27407407407424 14232.777777777797 
480.00178264069405 495.0 3784.0 523.0 6.0 352.37365067072193 342.27407407407424 14232.777777777797 
481.00178264069405 497.0 3784.0 521.0 8.0 350.11480412216844 329.7851851851852 14232.777777777797 
482.00178264069405 500.0 3784.0 518.0 1.0 348.08184222847 329.7851851851852 14232.777777777797 
483.00178264069405 501.0 3784.0 517.0 3.0 346.76402837599346 334.9037037037039 14232.777777777797 
484.00178264069405 503.0 3784.0 515.0 16.0 345.5779959087645 334.9037037037039 14232.777777777797 
485.00178264069405 503.0 3784.0 515.0 3.0 344.5105666882584 334.9037037037039 14232.777777777797 
486.00178264069405 506.0 3784.0 512.0 1.0 342.3009915009141 322.41481481481475 14232.777777777797 
487.00178264069405 507.0 3784.0 511.0 1.0 336.7908923508227 287.2 14232.777777777797 
488.00178264069405 508.0 3784.0 510.0 2.0 331.83180311574046 287.2 14232.777777777797 
489.00178264069405 509.0 3784.0 509.0 14.0 327.36862280416636 287.2 14232.777777777797 
490.00178264069405 510.0 3784.0 508.0 9.0 323.03916793115724 284.074074074074 14232.777777777797 
491.00178264069405 513.0 3784.0 505.0 5.0 316.64488076767105 259.09629629629615 14232.777777777797 
492.00178264069405 514.0 3784.0 504.0 4.0 310.8900223205336 259.09629629629615 14232.777777777797 
493.00178264069405 515.0 3784.0 503.0 2.0 305.7106497181099 259.09629629629615 14232.777777777797 
494.00178264069405 515.0 3784.0 503.0 1.0 299.80032548703963 246.60740740740732 14232.777777777797 
495.00178264069405 516.0 3784.0 502.0 16.0 294.4810336790765 246.60740740740732 14232.777777777797 
496.00178264069405 518.0 3784.0 500.0 1.0 289.6936710519096 246.60740740740732 14232.777777777797 
497.00178264069405 520.0 3784.0 498.0 1.0 285.3850446874594 246.60740740740732 14232.777777777797 
498.00178264069405 520.0 3784.0 498.0 1.0 280.25839207056526 234.11851851851844 14232.777777777797 
499.00178264069405 524.0 3784.0 494.0 17.0 275.6444047153607 234.11851851851844 14232.777777777797 
500.00178264069405 525.0 3784.0 493.0 0.0 271.4918160956765 234.11851851851844 14232.777777777797 
501.00178264069405 526.0 3784.0 492.0 9.0 268.06633818981254 237.2370370370369 14232.777777777797 
502.00178264069405 527.0 3784.0 491.0 1.0 264.983408074535 237.2370370370369 14232.777777777797 
503.00178264069405 530.0 3784.0 488.0 1.0 263.4458080078222 249.60740740740735 14232.777777777797 
504.00178264069405 531.0 3784.0 487.0 15.0 262.987153132966 258.85925925925915 14232.777777777797 
505.00178264069405 531.0 3784.0 487.0 4.0 261.63806744929906 249.49629629629624 14232.777777777797 
506.00178264069405 533.0 3784.0 485.0 1.0 260.42389033399877 249.49629629629624 14232.777777777797 
507.00178264069405 534.0 3784.0 484.0 1.0 260.5681679672656 261.86666666666656 14232.777777777797 
508.00178264069405 537.0 3784.0 481.0 11.0 260.69801783720567 261.86666666666656 14232.777777777797 
509.00178264069405 538.0 3784.0 480.0 1.0 263.29043827570734 286.62222222222215 14232.777777777797 
510.00178264069405 538.0 3784.0 480.0 1.0 259.4362092629515 224.74814814814815 14232.777777777797 
511.00178264069405 540.0 3784.0 478.0 1.0 255.96740315147116 224.74814814814815 14232.777777777797 
512.001782640694 542.0 3784.0 477.0 11.0 252.84547765113888 224.74814814814815 14232.777777777797 
513.001782640694 545.0 3784.0 474.0 6.0 250.0357447008398 224.74814814814815 14232.777777777797 
514.001782640694 548.0 3784.0 471.0 1.0 247.50698504557067 224.74814814814815 14232.777777777797 
515.001782640694 548.0 3784.0 471.0 1.0 245.2311013558284 224.74814814814815 14232.777777777797 
516.001782640694 550.0 3784.0 469.0 2.0 241.93391714617152 212.2592592592593 14232.777777777797 
517.001782640694 551.0 3784.0 469.0 3.0 238.96645135748034 212.2592592592593 14232.777777777797 
518.001782640694 551.0 3784.0 469.0 15.0 236.29573214765824 212.2592592592593 14232.777777777797 
519.001782640694 554.0 3784.0 467.0 11.0 233.89208485881832 212.2592592592593 14232.777777777797 
520.001782640694 554.0 3784.0 467.0 1.0 231.72880229886246 212.2592592592593 14232.777777777797 
521.001782640694 554.0 3784.0 467.0 1.0 228.53295910601327 199.77037037037042 14232.777777777797 
522.001782640694 556.0 3784.0 465.0 1.0 225.656700232449 199.77037037037042 14232.777777777797 
523.001782640694 558.0 3784.0 464.0 13.0 223.06806724624113 199.77037037037042 14232.777777777797 
524.001782640694 561.0 3784.0 461.0 6.0 220.4257049660615 196.6444444444445 14232.777777777797 
525.001782640694 563.0 3784.0 460.0 1.0 218.04757891389977 196.6444444444445 14232.777777777797 
526.001782640694 564.0 3784.0 459.0 1.0 214.6583765780654 184.15555555555565 14232.777777777797 
527.001782640694 565.0 3784.0 458.0 1.0 211.60809447581445 184.15555555555565 14232.777777777797 
528.001782640694 566.0 3784.0 457.0 14.0 208.86284058378854 184.15555555555565 14232.777777777797 
529.001782640694 566.0 3784.0 457.0 6.0 206.0802602291134 181.037037037037 14232.777777777797 
530.001782640694 568.0 3784.0 455.0 1.0 202.63964161360948 171.674074074074 14232.777777777797 
531.001782640694 568.0 3784.0 455.0 1.0 199.2304922670634 168.54814814814807 14232.777777777797 
532.001782640694 569.0 3784.0 454.0 3.0 195.5378134107274 162.30370370370366 14232.777777777797 
533.001782640694 570.0 3784.0 453.0 17.0 191.9025505881732 159.18518518518516 14232.777777777797 
534.001782640694 572.0 3784.0 451.0 12.0 188.63081404787445 159.18518518518516 14232.777777777797 
535.001782640694 573.0 3784.0 451.0 3.0 184.43736227271665 146.69629629629637 14232.777777777797 
536.001782640694 574.0 3784.0 450.0 1.0 180.35140382322277 143.57777777777787 14232.777777777797 
537.001782640694 574.0 3784.0 450.0 8.0 176.6740412186783 143.57777777777787 14232.777777777797 
538.001782640694 575.0 3784.0 450.0 8.0 173.36441487458828 143.57777777777787 14232.777777777797 
539.001782640694 577.0 3784.0 448.0 4.0 170.3857511649072 143.57777777777787 14232.777777777797 
540.001782640694 579.0 3784.0 446.0 1.0 167.39310197434244 140.45925925925926 14232.777777777797 
541.001782640694 581.0 3784.0 444.0 1.0 163.7626806657971 131.08888888888893 14232.777777777797 
542.001782640694 585.0 3784.0 440.0 1.0 160.49530148810626 131.08888888888893 14232.777777777797 
543.001782640694 586.0 3784.0 439.0 17.0 157.2428083763327 127.9703703703703 14232.777777777797 
544.001782640694 588.0 3784.0 437.0 1.0 154.3155645757365 127.9703703703703 14232.777777777797 
545.001782640694 590.0 3784.0 435.0 1.0 150.43215626631098 115.48148148148142 14232.777777777797 
546.001782640694 592.0 3784.0 433.0 1.0 146.93708878782806 115.48148148148142 14232.777777777797 
547.001782640694 593.0 3784.0 432.0 1.0 143.7915280571934 115.48148148148142 14232.777777777797 
548.001782640694 594.0 3784.0 431.0 18.0 140.96052339962222 115.48148148148142 14232.777777777797 
549.001782640694 594.0 3785.0 431.0 3.0 138.41261920780815 115.48148148148142 14232.777777777797 
550.001782640694 597.0 3785.0 428.0 1.0 135.80765358332368 112.3629629629629 14232.777777777797 
551.001782640694 599.0 3785.0 427.0 18.0 133.15059192869504 109.23703703703696 14232.777777777797 
552.001782640694 601.0 3785.0 426.0 9.0 130.75923643952925 109.23703703703696 14232.777777777797 
553.001782640694 601.0 3785.0 426.0 1.0 128.29516464742815 106.11851851851846 14232.777777777797 
554.001782640694 602.0 3785.0 425.0 1.0 126.07750003453721 106.11851851851846 14232.777777777797 
555.001782640694 604.0 3785.0 424.0 1.0 124.9060463273798 114.36296296296294 14232.777777777797 
556.001782640694 606.0 3785.0 422.0 23.0 123.85173799093808 114.36296296296294 14232.777777777797 
557.001782640694 608.0 3785.0 421.0 4.0 122.90360122888134 114.37037037037034 14232.777777777797 
558.001782640694 608.0 3785.0 421.0 1.0 122.05027814303027 114.37037037037034 14232.777777777797 
559.001782640694 608.0 3785.0 421.0 1.0 123.04302810650502 131.9777777777778 14232.777777777797 
560.001782640694 610.0 3785.0 419.0 2.0 123.31205862918786 125.73333333333335 14232.777777777797 
561.001782640694 611.0 3785.0 419.0 1.0 123.55418609960242 125.73333333333335 14232.777777777797 
562.001782640694 613.0 3785.0 417.0 1.0 122.01136008223477 108.12592592592593 14232.777777777797 
563.001782640694 613.0 3785.0 417.0 1.0 118.86207592586315 90.51851851851856 14232.777777777797 
564.001782640694 614.0 3785.0 416.0 7.0 116.0277201851287 90.51851851851856 14232.777777777797 
565.001782640694 615.0 3785.0 415.0 11.0 113.4768000184677 90.51851851851856 14232.777777777797 
566.001782640694 617.0 3785.0 413.0 2.0 111.18097186847278 90.51851851851856 14232.777777777797 
567.001782640694 618.0 3785.0 412.0 1.0 109.11472653347734 90.51851851851856 14232.777777777797 
568.001782640694 619.0 3785.0 411.0 1.0 107.25510573198146 90.51851851851856 14232.777777777797 
569.001782640694 620.0 3785.0 410.0 1.0 105.58144701063519 90.51851851851856 14232.777777777797 
570.001782640694 624.0 3785.0 406.0 1.0 105.31219119846058 102.88888888888894 14232.777777777797 
571.001782640694 625.0 3785.0 405.0 3.0 105.0698609675034 102.88888888888894 14232.777777777797 
572.001782640694 625.0 3785.0 405.0 11.0 104.85176375964195 102.88888888888894 14232.777777777797 
573.001782640694 625.0 3785.0 406.0 1.0 104.65547627256666 102.88888888888894 14232.777777777797 
574.001782640694 625.0 3785.0 406.0 1.0 104.47881753419888 102.88888888888894 14232.777777777797 
575.001782640694 625.0 3785.0 406.0 1.0 103.3835283733716 93.52592592592589 14232.777777777797 
576.001782640694 627.0 3785.0 404.0 10.0 104.15850886936778 111.13333333333333 14232.777777777797 
577.001782640694 629.0 3785.0 402.0 5.0 107.33080613057915 135.8814814814815 14232.777777777797 
578.001782640694 630.0 3785.0 401.0 4.0 111.94661440641015 153.48888888888885 14232.777777777797 
579.001782640694 631.0 3785.0 400.0 1.0 114.863804817621 141.1185185185185 14232.777777777797 
580.001782640694 633.0 3785.0 398.0 2.0 116.25149840993296 128.74074074074073 14232.777777777797 
581.001782640694 633.0 3785.0 398.0 2.0 116.26338560597671 116.37037037037035 14232.777777777797 
582.001782640694 634.0 3785.0 397.0 1.0 116.27408408241608 116.37037037037035 14232.777777777797 
583.001782640694 635.0 3785.0 396.0 1.0 119.80519419269301 151.5851851851852 14232.777777777797 
584.001782640694 637.0 3785.0 395.0 1.0 122.98319329194221 151.5851851851852 14232.777777777797 
585.001782640694 637.0 3785.0 395.0 1.0 122.32191099978503 116.37037037037035 14232.777777777797 
586.001782640694 640.0 3785.0 392.0 10.0 121.72675693684359 116.37037037037035 14232.777777777797 
587.001782640694 642.0 3785.0 390.0 1.0 121.50371087278887 119.49629629629626 14232.777777777797 
588.001782640694 647.0 3785.0 385.0 1.0 123.06371015588034 137.1037037037037 14232.777777777797 
589.001782640694 649.0 3785.0 383.0 1.0 124.4677095106627 137.1037037037037 14232.777777777797 
590.001782640694 651.0 3785.0 381.0 16.0 127.49204967070754 154.7111111111111 14232.777777777797 
591.001782640694 652.0 3785.0 380.0 2.0 131.97469655548866 172.31851851851857 14232.777777777797 
592.001782640694 652.0 3785.0 380.0 1.0 132.48759727031018 137.1037037037037 14232.777777777797 
593.001782640694 653.0 3785.0 379.0 1.0 134.18624495068656 149.47407407407403 14232.777777777797 
594.001782640694 654.0 3785.0 378.0 1.0 135.71502786302534 149.47407407407403 14232.777777777797 
595.001782640694 655.0 3785.0 379.0 1.0 137.0909324841302 149.47407407407403 14232.777777777797 
596.001782640694 655.0 3785.0 379.0 1.0 138.3292466431246 149.47407407407403 14232.777777777797 
597.001782640694 656.0 3785.0 378.0 1.0 140.68150716399734 161.85185185185182 14232.777777777797 
598.001782640694 657.0 3785.0 377.0 1.0 139.27706015130133 126.63703703703703 14232.777777777797 
599.001782640694 658.0 3785.0 377.0 1.0 138.0130578398749 126.63703703703703 14232.777777777797 
600.001782640694 660.0 3785.0 376.0 4.0 140.39693724107258 161.85185185185182 14232.777777777797 
#####################################################################
# End of data export. Simulation finished at: 2020-01-24T03:41+0000 #
#####################################################################
