#####################################################################
# Alchemist log file - simulation started at: 2020-01-30T11:34+0000 #
#####################################################################
# seed = 4.0, meanTaskSize = 10000, smoothing = 0.9, grain = 1400.0, peakFrequency = 0.1
#
# The columns have the following meaning: 
# time done[Sum] drop[Sum] waiting[Sum] isLeader[Sum] capacity[Mean] freeCapacity[Mean] maxCapacity[Mean] 
0.0 NaN 0.0 NaN NaN NaN NaN NaN 
1.0066708369337494 0.0 0.0 0.0 135.0 14232.777777777797 14232.777777777797 14232.777777777797 
2.0066708369337496 0.0 0.0 0.0 135.0 14232.777777777797 14232.777777777797 14232.777777777797 
3.0066708369337496 0.0 0.0 0.0 135.0 14232.777777777797 14232.777777777797 14232.777777777797 
4.00667083693375 0.0 0.0 0.0 135.0 14232.777777777797 14232.777777777797 14232.777777777797 
5.00667083693375 0.0 0.0 0.0 135.0 14232.777777777797 14232.777777777797 14232.777777777797 
6.00667083693375 0.0 0.0 0.0 135.0 14232.777777777797 14232.777777777797 14232.777777777797 
7.00667083693375 0.0 0.0 0.0 135.0 14232.777777777797 14232.777777777797 14232.777777777797 
8.00667083693375 0.0 0.0 0.0 135.0 14232.777777777797 14232.777777777797 14232.777777777797 
9.00667083693375 0.0 0.0 0.0 135.0 14232.777777777797 14232.777777777797 14232.777777777797 
10.00667083693375 0.0 0.0 0.0 135.0 14232.777777777797 14232.777777777797 14232.777777777797 
11.00667083693375 0.0 0.0 0.0 135.0 14232.777777777797 14232.777777777797 14232.777777777797 
12.00667083693375 0.0 0.0 0.0 135.0 14232.777777777797 14232.777777777797 14232.777777777797 
13.00667083693375 0.0 0.0 0.0 135.0 14232.777777777797 14232.777777777797 14232.777777777797 
14.00667083693375 0.0 0.0 0.0 135.0 14232.777777777797 14232.777777777797 14232.777777777797 
15.00667083693375 0.0 0.0 0.0 135.0 14232.777777777797 14232.777777777797 14232.777777777797 
16.00667083693375 0.0 0.0 0.0 135.0 14232.777777777797 14232.777777777797 14232.777777777797 
17.00667083693375 0.0 0.0 2.0 135.0 14232.777777777797 14232.777777777797 14232.777777777797 
18.00667083693375 0.0 0.0 2.0 133.0 14227.151111111105 14226.525925925918 14232.777777777797 
19.00667083693375 0.0 0.0 2.0 133.0 14226.588444444447 14226.525925925918 14232.777777777797 
20.00667083693375 0.0 0.0 2.0 133.0 14226.532177777806 14226.525925925918 14232.777777777797 
21.00667083693375 0.0 0.0 2.0 133.0 14226.526551111094 14226.525925925918 14232.777777777797 
22.00667083693375 0.0 0.0 2.0 133.0 14226.525988444439 14226.525925925918 14232.777777777797 
23.00667083693375 0.0 0.0 2.0 133.0 14226.525932177792 14226.525925925918 14232.777777777797 
24.00667083693375 0.0 0.0 2.0 133.0 14226.525926551134 14226.525925925918 14232.777777777797 
25.00667083693375 0.0 0.0 2.0 133.0 14226.525925988462 14226.525925925918 14232.777777777797 
26.00667083693375 0.0 0.0 3.0 133.0 14226.525925932154 14226.525925925918 14232.777777777797 
27.00667083693375 0.0 0.0 3.0 133.0 14210.67259259322 14208.911111111145 14232.777777777797 
28.00667083693375 0.0 0.0 4.0 133.0 14209.087259259333 14208.911111111145 14232.777777777797 
29.00667083693375 0.0 0.0 4.0 132.0 14206.115392592605 14205.785185185186 14232.777777777797 
30.00667083693375 0.0 0.0 4.0 132.0 14205.818205925962 14205.785185185186 14232.777777777797 
31.00667083693375 0.0 0.0 4.0 132.0 14205.788487259237 14205.785185185186 14232.777777777797 
32.00667083693375 0.0 0.0 4.0 132.0 14205.785515392596 14205.785185185186 14232.777777777797 
33.00667083693375 0.0 0.0 4.0 132.0 14205.785218205927 14205.785185185186 14232.777777777797 
34.00667083693375 0.0 0.0 4.0 132.0 14205.785188487254 14205.785185185186 14232.777777777797 
35.00667083693375 0.0 0.0 4.0 132.0 14205.785185515377 14205.785185185186 14232.777777777797 
36.00667083693375 0.0 0.0 4.0 132.0 14205.785185218187 14205.785185185186 14232.777777777797 
37.00667083693375 0.0 0.0 4.0 132.0 14205.785185188468 14205.785185185186 14232.777777777797 
38.00667083693375 0.0 0.0 4.0 132.0 14205.78518518553 14205.785185185186 14232.777777777797 
39.00667083693375 0.0 0.0 5.0 132.0 14205.785185185194 14205.785185185186 14232.777777777797 
40.00667083693375 0.0 0.0 5.0 132.0 14189.931851851863 14188.17037037036 14232.777777777797 
41.00667083693375 0.0 0.0 5.0 132.0 14188.346518518541 14188.17037037036 14232.777777777797 
42.00667083693375 0.0 0.0 5.0 132.0 14188.187985185205 14188.17037037036 14232.777777777797 
43.00667083693375 0.0 0.0 5.0 132.0 14188.172131851847 14188.17037037036 14232.777777777797 
44.00667083693375 0.0 0.0 5.0 132.0 14188.170546518537 14188.17037037036 14232.777777777797 
45.00667083693375 0.0 0.0 5.0 132.0 14188.170387985185 14188.17037037036 14232.777777777797 
46.00667083693375 0.0 0.0 5.0 132.0 14188.170372131864 14188.17037037036 14232.777777777797 
47.00667083693375 0.0 0.0 5.0 132.0 14188.170370546499 14188.17037037036 14232.777777777797 
48.00667083693375 0.0 0.0 5.0 132.0 14188.170370387983 14188.17037037036 14232.777777777797 
49.00667083693375 0.0 0.0 5.0 132.0 14188.170370372127 14188.17037037036 14232.777777777797 
50.00667083693375 0.0 0.0 5.0 132.0 14188.170370370553 14188.17037037036 14232.777777777797 
51.00667083693375 0.0 0.0 5.0 132.0 14188.170370370393 14188.17037037036 14232.777777777797 
52.00667083693375 0.0 0.0 5.0 132.0 14188.170370370364 14188.17037037036 14232.777777777797 
53.00667083693375 0.0 0.0 5.0 132.0 14188.17037037036 14188.17037037036 14232.777777777797 
54.00667083693375 0.0 0.0 5.0 132.0 14188.17037037036 14188.17037037036 14232.777777777797 
55.00667083693375 0.0 0.0 5.0 132.0 14188.17037037036 14188.17037037036 14232.777777777797 
56.00667083693375 0.0 0.0 5.0 132.0 14188.17037037036 14188.17037037036 14232.777777777797 
57.00667083693375 0.0 0.0 5.0 132.0 14188.17037037036 14188.17037037036 14232.777777777797 
58.00667083693375 0.0 0.0 5.0 132.0 14188.17037037036 14188.17037037036 14232.777777777797 
59.00667083693375 0.0 0.0 5.0 132.0 14188.17037037036 14188.17037037036 14232.777777777797 
60.00667083693375 0.0 0.0 5.0 132.0 14188.17037037036 14188.17037037036 14232.777777777797 
61.00667083693375 0.0 0.0 5.0 132.0 14188.17037037036 14188.17037037036 14232.777777777797 
62.00667083693375 0.0 0.0 5.0 132.0 14188.17037037036 14188.17037037036 14232.777777777797 
63.00667083693375 0.0 0.0 5.0 132.0 14188.17037037036 14188.17037037036 14232.777777777797 
64.00667083693375 0.0 0.0 6.0 132.0 14188.17037037036 14188.17037037036 14232.777777777797 
65.00667083693375 0.0 0.0 6.0 131.0 14185.357037037022 14185.044444444442 14232.777777777797 
66.00667083693375 0.0 0.0 6.0 131.0 14185.0757037037 14185.044444444442 14232.777777777797 
67.00667083693375 0.0 0.0 6.0 131.0 14185.04757037037 14185.044444444442 14232.777777777797 
68.00667083693375 0.0 0.0 6.0 131.0 14185.044757037036 14185.044444444442 14232.777777777797 
69.00667083693375 0.0 0.0 6.0 131.0 14185.04447570368 14185.044444444442 14232.777777777797 
70.00667083693375 0.0 0.0 6.0 131.0 14185.044447570393 14185.044444444442 14232.777777777797 
71.00667083693375 0.0 0.0 6.0 131.0 14185.044444757028 14185.044444444442 14232.777777777797 
72.00667083693375 0.0 0.0 7.0 131.0 14185.044444475701 14185.044444444442 14232.777777777797 
73.00667083693375 1.0 0.0 6.0 131.0 14185.044444447543 14185.044444444442 14232.777777777797 
74.00667083693375 1.0 0.0 6.0 131.0 14185.044444444762 14185.044444444442 14232.777777777797 
75.00667083693375 1.0 0.0 6.0 131.0 14185.044444444458 14185.044444444442 14232.777777777797 
76.00667083693375 1.0 0.0 6.0 131.0 14185.04444444445 14185.044444444442 14232.777777777797 
77.00667083693375 1.0 0.0 6.0 131.0 14185.044444444442 14185.044444444442 14232.777777777797 
78.00667083693375 1.0 0.0 6.0 131.0 14185.044444444442 14185.044444444442 14232.777777777797 
79.00667083693375 1.0 0.0 6.0 131.0 14185.044444444442 14185.044444444442 14232.777777777797 
80.00667083693375 1.0 0.0 6.0 131.0 14185.044444444442 14185.044444444442 14232.777777777797 
81.00667083693375 1.0 0.0 7.0 131.0 14185.044444444442 14185.044444444442 14232.777777777797 
82.00667083693375 1.0 0.0 7.0 130.0 14182.231111111103 14181.918518518494 14232.777777777797 
83.00667083693375 1.0 0.0 7.0 130.0 14181.949777777781 14181.918518518494 14232.777777777797 
84.00667083693375 1.0 0.0 7.0 130.0 14181.921644444454 14181.918518518494 14232.777777777797 
85.00667083693375 1.0 0.0 7.0 130.0 14181.91883111108 14181.918518518494 14232.777777777797 
86.00667083693375 1.0 0.0 7.0 130.0 14181.918549777773 14181.918518518494 14232.777777777797 
87.00667083693375 1.0 0.0 7.0 130.0 14181.918521644437 14181.918518518494 14232.777777777797 
88.00667083693375 1.0 0.0 8.0 130.0 14181.91851883111 14181.918518518494 14232.777777777797 
89.00667083693375 1.0 0.0 8.0 129.0 14179.105185216444 14178.792592592627 14232.777777777797 
90.00667083693375 1.0 0.0 8.0 129.0 14178.823851854955 14178.792592592627 14232.777777777797 
91.00667083693375 1.0 0.0 8.0 129.0 14178.795718518857 14178.792592592627 14232.777777777797 
92.00667083693375 1.0 0.0 8.0 129.0 14178.792905185215 14178.792592592627 14232.777777777797 
93.00667083693375 1.0 0.0 8.0 129.0 14178.792623851818 14178.792592592627 14232.777777777797 
94.00667083693375 1.0 0.0 8.0 129.0 14178.792595718514 14178.792592592627 14232.777777777797 
95.00667083693375 2.0 0.0 7.0 129.0 14178.792592905162 14178.792592592627 14232.777777777797 
96.00667083693375 2.0 0.0 7.0 129.0 14194.645925957151 14196.407407407401 14232.777777777797 
97.00667083693375 2.0 0.0 7.0 129.0 14196.231259262364 14196.407407407401 14232.777777777797 
98.00667083693375 2.0 0.0 7.0 129.0 14196.389792592872 14196.407407407401 14232.777777777797 
99.00667083693375 2.0 0.0 7.0 129.0 14196.405645925957 14196.407407407401 14232.777777777797 
100.00667083693375 2.0 0.0 7.0 129.0 14196.407231259273 14196.407407407401 14232.777777777797 
101.00667083693375 2.0 0.0 7.0 129.0 14196.40738979258 14196.407407407401 14232.777777777797 
102.00667083693375 2.0 0.0 7.0 129.0 14196.40740564594 14196.407407407401 14232.777777777797 
103.00667083693375 2.0 0.0 7.0 129.0 14196.407407231265 14196.407407407401 14232.777777777797 
104.00667083693375 2.0 0.0 7.0 129.0 14196.40740738979 14196.407407407401 14232.777777777797 
105.00667083693375 2.0 0.0 7.0 129.0 14196.407407405648 14196.407407407401 14232.777777777797 
106.00667083693375 2.0 0.0 7.0 129.0 14196.40740740726 14196.407407407401 14232.777777777797 
107.00667083693375 2.0 0.0 7.0 129.0 14196.40740740737 14196.407407407401 14232.777777777797 
108.00667083693375 2.0 0.0 7.0 129.0 14196.407407407398 14196.407407407401 14232.777777777797 
109.00667083693375 2.0 0.0 7.0 129.0 14196.407407407401 14196.407407407401 14232.777777777797 
110.00667083693375 2.0 0.0 7.0 129.0 14196.407407407401 14196.407407407401 14232.777777777797 
111.00667083693375 2.0 0.0 7.0 129.0 14196.407407407401 14196.407407407401 14232.777777777797 
112.00667083693375 2.0 0.0 7.0 129.0 14196.407407407401 14196.407407407401 14232.777777777797 
113.00667083693375 2.0 0.0 7.0 129.0 14196.407407407401 14196.407407407401 14232.777777777797 
114.00667083693375 2.0 0.0 7.0 129.0 14196.407407407401 14196.407407407401 14232.777777777797 
115.00667083693375 2.0 0.0 7.0 129.0 14196.407407407401 14196.407407407401 14232.777777777797 
116.00667083693375 2.0 0.0 7.0 129.0 14196.407407407401 14196.407407407401 14232.777777777797 
117.00667083693375 2.0 0.0 7.0 129.0 14196.407407407401 14196.407407407401 14232.777777777797 
118.00667083693375 2.0 0.0 7.0 129.0 14196.407407407401 14196.407407407401 14232.777777777797 
119.00667083693375 2.0 0.0 7.0 129.0 14196.407407407401 14196.407407407401 14232.777777777797 
120.00667083693375 2.0 0.0 7.0 129.0 14196.407407407401 14196.407407407401 14232.777777777797 
121.00667083693375 2.0 0.0 7.0 129.0 14196.407407407401 14196.407407407401 14232.777777777797 
122.00667083693375 2.0 0.0 7.0 129.0 14196.407407407401 14196.407407407401 14232.777777777797 
123.00667083693375 2.0 0.0 7.0 129.0 14196.407407407401 14196.407407407401 14232.777777777797 
124.00667083693375 2.0 0.0 7.0 129.0 14196.407407407401 14196.407407407401 14232.777777777797 
125.00667083693375 2.0 0.0 8.0 129.0 14196.407407407401 14196.407407407401 14232.777777777797 
126.00667083693375 2.0 0.0 8.0 129.0 14196.407407407401 14196.407407407401 14232.777777777797 
127.00667083693375 2.0 0.0 9.0 129.0 14180.560740740744 14178.799999999974 14232.777777777797 
128.00667083693375 2.0 0.0 9.0 129.0 14178.976074074077 14178.799999999974 14232.777777777797 
129.00667083693375 2.0 0.0 9.0 129.0 14162.97094074072 14161.19259259259 14232.777777777797 
130.00667083693375 2.0 0.0 9.0 129.0 14161.37042740741 14161.19259259259 14232.777777777797 
131.00667083693375 2.0 0.0 9.0 129.0 14161.210376074076 14161.19259259259 14232.777777777797 
132.00667083693375 2.0 0.0 9.0 129.0 14161.194370940711 14161.19259259259 14232.777777777797 
133.00667083693375 2.0 0.0 9.0 129.0 14161.192770427408 14161.19259259259 14232.777777777797 
134.00667083693375 2.0 0.0 10.0 129.0 14161.192610376094 14161.19259259259 14232.777777777797 
135.00667083693375 2.0 0.0 10.0 128.0 14158.37926103763 14158.066666666678 14232.777777777797 
136.00667083693375 2.0 0.0 10.0 128.0 14158.097926103772 14158.066666666678 14232.777777777797 
137.00667083693375 2.0 0.0 10.0 128.0 14158.069792610388 14158.066666666678 14232.777777777797 
138.00667083693375 2.0 0.0 10.0 128.0 14158.066979261037 14158.066666666678 14232.777777777797 
139.00667083693375 2.0 0.0 10.0 128.0 14158.066697926102 14158.066666666678 14232.777777777797 
140.00667083693375 2.0 0.0 10.0 128.0 14158.066669792592 14158.066666666678 14232.777777777797 
141.00667083693375 2.0 0.0 10.0 128.0 14158.066666979259 14158.066666666678 14232.777777777797 
142.00667083693375 2.0 0.0 11.0 128.0 14158.066666697925 14158.066666666678 14232.777777777797 
143.00667083693375 2.0 0.0 11.0 127.0 14155.25333333647 14154.940740740722 14232.777777777797 
144.00667083693375 2.0 0.0 12.0 127.0 14154.972000000322 14154.940740740722 14232.777777777797 
145.00667083693375 2.0 0.0 13.0 127.0 14139.090533333365 14137.325925925894 14232.777777777797 
146.00667083693375 2.0 0.0 14.0 127.0 14121.655720000002 14119.718518518519 14232.777777777797 
147.00667083693375 2.0 0.0 14.0 127.0 14104.058905333364 14102.103703703682 14232.777777777797 
148.00667083693375 2.0 0.0 14.0 127.0 14102.29922386665 14102.103703703682 14232.777777777797 
149.00667083693375 2.0 0.0 15.0 127.0 14102.123255720011 14102.103703703682 14232.777777777797 
150.00667083693375 2.0 0.0 15.0 127.0 14102.105658905322 14102.103703703682 14232.777777777797 
151.00667083693375 2.0 0.0 17.0 127.0 14086.25056589053 14084.488888888909 14232.777777777797 
152.00667083693375 2.0 0.0 17.0 127.0 14052.97172325573 14049.274074074052 14232.777777777797 
153.00667083693375 2.0 0.0 17.0 127.0 14049.64383899223 14049.274074074052 14232.777777777797 
154.00667083693375 2.0 0.0 17.0 127.0 14049.311050565875 14049.274074074052 14232.777777777797 
155.00667083693375 2.0 0.0 17.0 127.0 14049.277771723271 14049.274074074052 14232.777777777797 
156.00667083693375 2.0 0.0 17.0 127.0 14049.274443839004 14049.274074074052 14232.777777777797 
157.00667083693375 2.0 0.0 17.0 127.0 14049.274111050565 14049.274074074052 14232.777777777797 
158.00667083693375 2.0 0.0 17.0 127.0 14049.274077771743 14049.274074074052 14232.777777777797 
159.00667083693375 2.0 0.0 19.0 127.0 14049.274074443827 14049.274074074052 14232.777777777797 
160.00667083693375 2.0 0.0 19.0 127.0 14017.574074111057 14014.05185185184 14232.777777777797 
161.00667083693375 2.0 0.0 22.0 127.0 14014.404074077795 14014.05185185184 14232.777777777797 
162.00667083693375 2.0 0.0 22.0 127.0 13966.540407407765 13961.222222222203 14232.777777777797 
163.00667083693375 2.0 0.0 22.0 127.0 13961.754040740783 13961.222222222203 14232.777777777797 
164.00667083693375 3.0 0.0 22.0 127.0 13961.275404074077 13961.222222222203 14232.777777777797 
165.00667083693375 3.0 0.0 22.0 127.0 13977.074207074067 13978.82962962964 14232.777777777797 
166.00667083693375 3.0 0.0 22.0 127.0 13962.807420707413 13961.222222222203 14232.777777777797 
167.00667083693375 4.0 0.0 21.0 127.0 13977.227408737404 13978.82962962964 14232.777777777797 
168.00667083693375 4.0 0.0 21.0 127.0 13978.669407540374 13978.82962962964 14232.777777777797 
169.00667083693375 4.0 0.0 23.0 127.0 13978.813607420718 13978.82962962964 14232.777777777797 
170.00667083693375 4.0 0.0 24.0 127.0 13947.134694075383 13943.614814814824 14232.777777777797 
171.00667083693375 4.0 0.0 25.0 126.0 13941.153469407534 13940.488888888909 14232.777777777797 
172.00667083693375 4.0 0.0 26.0 126.0 13924.708680274076 13922.88148148148 14232.777777777797 
173.00667083693375 4.0 0.0 26.0 125.0 13920.250868027406 13919.755555555561 14232.777777777797 
174.00667083693375 4.0 0.0 26.0 125.0 13919.805086802768 13919.755555555561 14232.777777777797 
175.00667083693375 4.0 0.0 27.0 125.0 13919.760508680289 13919.755555555561 14232.777777777797 
176.00667083693375 4.0 0.0 27.0 125.0 13903.9027175347 13902.140740740748 14232.777777777797 
177.00667083693375 4.0 0.0 27.0 125.0 13902.316938420134 13902.140740740748 14232.777777777797 
178.00667083693375 4.0 0.0 28.0 125.0 13902.15836050865 13902.140740740748 14232.777777777797 
179.00667083693375 4.0 0.0 31.0 125.0 13886.289169384221 13884.525925925918 14232.777777777797 
180.00667083693375 4.0 0.0 33.0 125.0 13853.002250271751 13849.303703703716 14232.777777777797 
181.00667083693375 4.0 0.0 34.0 124.0 13815.160225027186 13810.955555555562 14232.777777777797 
182.00667083693375 4.0 0.0 36.0 124.0 13795.529355836023 13793.34814814816 14232.777777777797 
183.00667083693375 4.0 0.0 37.0 124.0 13761.859602250284 13758.11851851852 14232.777777777797 
184.00667083693375 5.0 0.0 37.0 124.0 13742.645960225029 13740.511111111091 14232.777777777797 
185.00667083693375 5.0 0.0 38.0 124.0 13740.724596022514 13740.511111111091 14232.777777777797 
186.00667083693375 5.0 0.0 38.0 124.0 13740.532459602267 13740.511111111091 14232.777777777797 
187.00667083693375 5.0 0.0 38.0 124.0 13724.666579293562 13722.903703703709 14232.777777777797 
188.00667083693375 5.0 0.0 38.0 124.0 13723.079991262715 13722.903703703709 14232.777777777797 
189.00667083693375 5.0 0.0 38.0 124.0 13722.921332459613 13722.903703703709 14232.777777777797 
190.00667083693375 5.0 0.0 39.0 124.0 13722.905466579297 13722.903703703709 14232.777777777797 
191.00667083693375 5.0 0.0 39.0 124.0 13707.0572133246 13705.296296296281 14232.777777777797 
192.00667083693375 5.0 0.0 43.0 124.0 13705.472387999116 13705.296296296281 14232.777777777797 
193.00667083693375 5.0 0.0 43.0 123.0 13654.953905466584 13649.340740740723 14232.777777777797 
194.00667083693375 6.0 0.0 43.0 123.0 13665.74872387998 13666.94814814816 14232.777777777797 
195.00667083693375 6.0 0.0 44.0 123.0 13650.981539054654 13649.340740740723 14232.777777777797 
196.00667083693375 6.0 0.0 46.0 123.0 13649.504820572136 13649.340740740723 14232.777777777797 
197.00667083693375 6.0 0.0 48.0 123.0 13601.803815390549 13596.503703703693 14232.777777777797 
198.00667083693375 7.0 0.0 47.0 123.0 13565.340381539052 13561.288888888881 14232.777777777797 
199.00667083693375 7.0 0.0 47.0 123.0 13577.54070482059 13578.896296296318 14232.777777777797 
200.00667083693375 7.0 0.0 47.0 123.0 13578.76073714873 13578.896296296318 14232.777777777797 
201.00667083693375 7.0 0.0 48.0 123.0 13578.882740381538 13578.896296296318 14232.777777777797 
202.00667083693375 8.0 0.0 48.0 123.0 13578.894940704831 13578.896296296318 14232.777777777797 
203.00667083693375 8.0 0.0 51.0 122.0 13576.08282740382 13575.770370370363 14232.777777777797 
204.00667083693375 9.0 0.0 51.0 122.0 13544.108282740388 13540.555555555584 14232.777777777797 
205.00667083693375 9.0 0.0 52.0 121.0 13538.097494940686 13537.429629629632 14232.777777777797 
206.00667083693375 11.0 0.0 54.0 121.0 13537.489749494056 13537.422222222236 14232.777777777797 
207.00667083693375 11.0 0.0 55.0 121.0 13537.435641616052 13537.429629629632 14232.777777777797 
208.00667083693375 12.0 0.0 55.0 121.0 13489.876897494953 13484.592592592599 14232.777777777797 
209.00667083693375 12.0 0.0 55.0 121.0 13485.121023082806 13484.592592592599 14232.777777777797 
210.00667083693375 12.0 0.0 55.0 121.0 13468.798768974953 13466.985185185164 14232.777777777797 
211.00667083693375 12.0 0.0 57.0 121.0 13467.166543564164 13466.985185185164 14232.777777777797 
212.00667083693375 12.0 0.0 63.0 121.0 13467.003321023078 13466.985185185164 14232.777777777797 
213.00667083693375 12.0 0.0 65.0 119.0 13384.926998768991 13375.807407407405 14232.777777777797 
214.00667083693375 12.0 0.0 66.0 103.0 13345.02603321023 13340.592592592599 14232.777777777797 
215.00667083693375 13.0 0.0 66.0 103.0 13329.902603321028 13328.222222222203 14232.777777777797 
216.00667083693375 13.0 0.0 68.0 99.0 13008.903593665422 12973.23703703704 14232.777777777797 
217.00667083693375 13.0 0.0 69.0 92.0 12968.370359366556 12963.866666666652 14232.777777777797 
218.00667083693375 13.0 0.0 69.0 99.0 12961.503702603337 12960.740740740725 14232.777777777797 
219.00667083693375 13.0 0.0 70.0 93.0 12680.24370359368 12648.992592592587 14232.777777777797 
220.00667083693375 13.0 0.0 75.0 81.0 12604.564370359354 12596.155555555533 14232.777777777797 
221.00667083693375 13.0 0.0 78.0 78.0 12096.609770369283 12040.17037037036 14232.777777777797 
222.00667083693375 15.0 0.0 80.0 76.0 11988.120977036939 11976.066666666677 14232.777777777797 
223.00667083693375 15.0 0.0 81.0 76.0 11921.57209770369 11914.177777777779 14232.777777777797 
224.00667083693375 15.0 0.0 83.0 82.0 11868.357209770375 11862.44444444442 14232.777777777797 
225.00667083693375 15.0 0.0 85.0 69.0 11851.902387643704 11850.074074074088 14232.777777777797 
226.00667083693375 15.0 0.0 86.0 70.0 11594.090238764353 11565.44444444442 14232.777777777797 
227.00667083693375 16.0 0.0 86.0 75.0 11536.789023876445 11530.422222222236 14232.777777777797 
228.00667083693375 17.0 0.0 86.0 79.0 11376.752235720975 11358.97037037034 14232.777777777797 
229.00667083693375 17.0 0.0 88.0 65.0 11322.62855690543 11316.614814814839 14232.777777777797 
230.00667083693375 18.0 0.0 87.0 71.0 11256.822855690558 11249.511111111096 14232.777777777797 
231.00667083693375 18.0 0.0 89.0 64.0 10964.288952235725 10931.785185185201 14232.777777777797 
232.00667083693375 18.0 0.0 90.0 63.0 10790.248895223556 10770.911111111136 14232.777777777797 
233.00667083693375 19.0 0.0 94.0 63.0 10698.304889522347 10688.088888888864 14232.777777777797 
234.00667083693375 19.0 0.0 98.0 64.0 10625.723822285585 10617.659259259275 14232.777777777797 
235.00667083693375 21.0 0.0 99.0 77.0 10575.632382228574 10570.066666666677 14232.777777777797 
236.00667083693375 22.0 0.0 102.0 56.0 10330.076571556205 10302.792592592616 14232.777777777797 
237.00667083693375 22.0 0.0 103.0 57.0 10270.20765715563 10263.555555555575 14232.777777777797 
238.00667083693375 22.0 0.0 107.0 56.0 10150.460765715556 10137.15555555554 14232.777777777797 
239.00667083693375 22.0 0.0 112.0 56.0 10122.632743238215 10119.540740740755 14232.777777777797 
240.00667083693375 23.0 0.0 114.0 76.0 10088.15660765714 10084.325925925905 14232.777777777797 
241.00667083693375 23.0 0.0 116.0 56.0 10037.162327432372 10031.496296296315 14232.777777777797 
242.00667083693375 24.0 0.0 116.0 56.0 10027.349566076584 10026.259259259275 14232.777777777797 
243.00667083693375 25.0 0.0 116.0 55.0 9880.301623274314 9863.962962962974 14232.777777777797 
244.00667083693375 25.0 0.0 116.0 55.0 9754.223495660752 9740.214814814803 14232.777777777797 
245.00667083693375 26.0 0.0 121.0 60.0 9648.42234956606 9636.666666666677 14232.777777777797 
246.00667083693375 26.0 0.0 123.0 60.0 9379.435568289935 9349.548148148157 14232.777777777797 
247.00667083693375 28.0 0.0 128.0 50.0 9320.836890162333 9314.325925925908 14232.777777777797 
248.00667083693375 28.0 0.0 131.0 49.0 9058.817022349564 9029.7037037037 14232.777777777797 
249.00667083693375 28.0 0.0 134.0 44.0 8892.248368901619 8873.74074074073 14232.777777777797 
250.00667083693375 28.0 0.0 136.0 46.0 8765.924836890148 8751.8888888889 14232.777777777797 
251.00667083693375 28.0 0.0 137.0 44.0 8683.46581702234 8674.303703703716 14232.777777777797 
252.00667083693375 28.0 0.0 140.0 62.0 8652.95324836889 8649.562962962951 14232.777777777797 
253.00667083693375 28.0 0.0 141.0 40.0 8266.101991503567 8223.11851851852 14232.777777777797 
254.00667083693375 30.0 0.0 140.0 44.0 8111.330199150347 8094.133333333333 14232.777777777797 
255.00667083693375 30.0 0.0 142.0 44.0 8056.013019915029 8049.866666666668 14232.777777777797 
256.0066708369337 30.0 0.0 143.0 45.0 7816.594635324842 7789.992592592581 14232.777777777797 
257.0066708369337 33.0 0.0 142.0 64.0 7776.799463532486 7772.377777777783 14232.777777777797 
258.0066708369337 35.0 0.0 140.0 45.0 7734.693279686582 7730.014814814832 14232.777777777797 
259.0066708369337 38.0 0.0 139.0 44.0 7519.735994635318 7495.8518518518595 14232.777777777797 
260.0066708369337 38.0 0.0 139.0 45.0 7447.260266130194 7439.207407407401 14232.777777777797 
261.0066708369337 40.0 0.0 142.0 45.0 7446.439359946349 7446.348148148142 14232.777777777797 
262.0066708369337 40.0 0.0 143.0 49.0 7430.517269327973 7428.748148148152 14232.777777777797 
263.0066708369337 40.0 0.0 146.0 48.0 7174.478393599468 7146.029629629636 14232.777777777797 
264.0066708369337 41.0 0.0 148.0 47.0 7153.587839359944 7151.266666666664 14232.777777777797 
265.0066708369337 41.0 0.0 151.0 40.0 7140.252117269331 7138.770370370378 14232.777777777797 
266.0066708369337 43.0 0.0 152.0 39.0 6730.2585450602555 6684.703703703701 14232.777777777797 
267.0066708369337 43.0 0.0 154.0 38.0 6510.225854506032 6485.777777777789 14232.777777777797 
268.0066708369337 44.0 0.0 155.0 31.0 6360.995918783932 6344.41481481482 14232.777777777797 
269.0066708369337 44.0 0.0 157.0 42.0 6357.212925211736 6356.79259259259 14232.777777777797 
270.0066708369337 46.0 0.0 159.0 27.0 6320.427959187846 6316.34074074073 14232.777777777797 
271.0066708369337 49.0 0.0 158.0 23.0 5960.249462585457 5920.229629629623 14232.777777777797 
272.0066708369337 49.0 0.0 160.0 10.0 5908.378279591887 5902.61481481481 14232.777777777797 
273.0066708369337 52.0 0.0 159.0 7.0 5814.0911612925265 5803.61481481481 14232.777777777797 
274.0066708369337 53.0 0.0 161.0 3.0 5840.975782795915 5843.962962962959 14232.777777777797 
275.0066708369337 55.0 0.0 160.0 27.0 5881.79091161293 5886.325925925929 14232.777777777797 
276.0066708369337 56.0 0.0 160.0 7.0 5747.832424494633 5732.948148148158 14232.777777777797 
277.0066708369337 57.0 0.0 163.0 1.0 5378.036575782792 5336.948148148157 14232.777777777797 
278.0066708369337 57.0 0.0 164.0 1.0 5368.043657578278 5366.933333333331 14232.777777777797 
279.0066708369337 57.0 0.0 165.0 1.0 5367.044365757825 5366.933333333331 14232.777777777797 
280.0066708369337 57.0 0.0 167.0 1.0 5378.084436575786 5379.311111111105 14232.777777777797 
281.0066708369337 58.0 0.0 168.0 22.0 5390.3284436575705 5391.688888888895 14232.777777777797 
282.0066708369337 58.0 0.0 168.0 5.0 5344.006177699098 5338.859259259267 14232.777777777797 
283.0066708369337 58.0 0.0 169.0 1.0 5339.373951103239 5338.859259259267 14232.777777777797 
284.0066708369337 58.0 0.0 170.0 1.0 5085.330728443663 5057.103703703697 14232.777777777797 
285.0066708369337 58.0 0.0 171.0 1.0 5059.926406177703 5057.103703703697 14232.777777777797 
286.0066708369337 58.0 0.0 172.0 1.0 5073.232640617774 5074.711111111116 14232.777777777797 
287.0066708369337 59.0 0.0 173.0 1.0 5090.416597395114 5092.325925925929 14232.777777777797 
288.0066708369337 59.0 0.0 175.0 1.0 5092.134993072851 5092.325925925929 14232.777777777797 
289.0066708369337 59.0 0.0 176.0 1.0 5103.446832640616 5104.703703703701 14232.777777777797 
290.0066708369337 59.0 0.0 177.0 1.0 5115.7180165974005 5117.081481481473 14232.777777777797 
291.0066708369337 60.0 0.0 177.0 1.0 5132.798468326414 5134.696296296293 14232.777777777797 
292.0066708369337 60.0 0.0 177.0 1.0 5150.353180165968 5152.3037037037075 14232.777777777797 
293.0066708369337 61.0 0.0 176.0 1.0 5185.515318016599 5189.422222222227 14232.777777777797 
294.0066708369337 61.0 0.0 180.0 1.0 5189.031531801656 5189.422222222227 14232.777777777797 
295.0066708369337 62.0 0.0 181.0 1.0 5189.383153180163 5189.422222222227 14232.777777777797 
296.0066708369337 62.0 0.0 184.0 12.0 5249.8116486513445 5256.52592592592 14232.777777777797 
297.0066708369337 62.0 0.0 185.0 22.0 5113.2078315317995 5098.029629629629 14232.777777777797 
298.0066708369337 63.0 0.0 188.0 3.0 5094.834116486507 5092.79259259259 14232.777777777797 
299.0066708369337 63.0 0.0 192.0 3.0 5108.843411648655 5110.399999999994 14232.777777777797 
300.0066708369337 63.0 0.0 195.0 3.0 4878.937674498206 4853.392592592596 14232.777777777797 
301.0066708369337 65.0 0.0 196.0 4.0 4867.087100783157 4865.770370370376 14232.777777777797 
302.0066708369337 66.0 0.0 195.0 3.0 4641.442043411643 4616.370370370368 14232.777777777797 
303.0066708369337 66.0 0.0 196.0 3.0 4645.864204341169 4646.3555555555595 14232.777777777797 
304.0066708369337 68.0 0.0 195.0 1.0 4634.959753767449 4633.748148148152 14232.777777777797 
305.0066708369337 68.0 0.0 195.0 1.0 4649.715975376749 4651.3555555555595 14232.777777777797 
306.0066708369337 70.0 0.0 198.0 1.0 4651.191597537681 4651.3555555555595 14232.777777777797 
307.0066708369337 73.0 0.0 199.0 1.0 4678.325826420434 4681.340740740737 14232.777777777797 
308.0066708369337 73.0 0.0 203.0 1.0 4766.719249308711 4776.540740740744 14232.777777777797 
309.0066708369337 73.0 0.0 204.0 1.0 4786.6985915975365 4788.918518518527 14232.777777777797 
310.0066708369337 74.0 0.0 206.0 3.0 4788.696525826425 4788.918518518527 14232.777777777797 
311.0066708369337 76.0 0.0 206.0 25.0 4815.8763192493025 4818.896296296302 14232.777777777797 
312.0066708369337 78.0 0.0 205.0 6.0 4746.427631924937 4738.711111111116 14232.777777777797 
313.0066708369337 81.0 0.0 204.0 1.0 4793.456096525825 4798.681481481487 14232.777777777797 
314.0066708369337 82.0 0.0 206.0 1.0 4569.665609652583 4544.800000000007 14232.777777777797 
315.0066708369337 82.0 2.0 208.0 1.0 4563.139894298592 4562.41481481482 14232.777777777797 
316.0066708369337 83.0 2.0 208.0 1.0 4573.627322763186 4574.79259259259 14232.777777777797 
317.0066708369337 83.0 2.0 211.0 1.0 4574.676065609652 4574.79259259259 14232.777777777797 
318.0066708369337 83.0 2.0 212.0 1.0 4599.867606560963 4602.666666666666 14232.777777777797 
319.0066708369337 83.0 2.0 214.0 1.0 4635.793427322767 4639.785185185185 14232.777777777797 
320.0066708369337 84.0 2.0 217.0 1.0 4650.51934273228 4652.155555555556 14232.777777777797 
321.0066708369337 84.0 2.0 218.0 1.0 4678.971934273222 4682.133333333329 14232.777777777797 
322.0066708369337 85.0 3.0 219.0 1.0 4692.957193427328 4694.511111111113 14232.777777777797 
323.0066708369337 86.0 3.0 221.0 1.0 4710.209052676067 4712.125925925927 14232.777777777797 
324.0066708369337 86.0 3.0 223.0 1.0 4723.074238600937 4724.503703703709 14232.777777777797 
325.0066708369337 86.0 3.0 225.0 1.0 4724.360757193426 4724.503703703709 14232.777777777797 
326.0066708369337 87.0 3.0 228.0 1.0 4724.48940905268 4724.503703703709 14232.777777777797 
327.0066708369337 87.0 3.0 229.0 1.0 4724.502274238598 4724.503703703709 14232.777777777797 
328.0066708369337 87.0 3.0 235.0 1.0 4724.503560757187 4724.503703703709 14232.777777777797 
329.0066708369337 88.0 3.0 238.0 1.0 4751.497022742384 4754.496296296291 14232.777777777797 
330.0066708369337 88.0 3.0 243.0 1.0 4781.183035607576 4784.481481481484 14232.777777777797 
331.0066708369337 89.0 3.0 244.0 1.0 4784.1516368940875 4784.481481481484 14232.777777777797 
332.0066708369337 91.0 3.0 244.0 1.0 4816.148497022739 4819.703703703701 14232.777777777797 
333.0066708369337 92.0 3.0 246.0 1.0 4841.621516368946 4844.451851851856 14232.777777777797 
334.0066708369337 93.0 3.0 245.0 1.0 4871.1488183035635 4874.429629629626 14232.777777777797 
335.0066708369337 94.0 3.0 247.0 1.0 4901.088215163698 4904.41481481482 14232.777777777797 
336.0066708369337 94.0 3.0 250.0 1.0 4935.775488183037 4939.629629629634 14232.777777777797 
337.0066708369337 94.0 3.0 252.0 1.0 4939.244215484977 4939.629629629634 14232.777777777797 
338.0066708369337 94.0 3.0 252.0 1.0 4961.871088215171 4964.38518518519 14232.777777777797 
339.0066708369337 95.0 3.0 251.0 1.0 4979.980442154843 4981.992592592584 14232.777777777797 
340.0066708369337 95.0 3.0 251.0 1.0 5008.784710882149 5011.985185185176 14232.777777777797 
341.0066708369337 95.0 3.0 257.0 1.0 5011.665137754889 5011.985185185176 14232.777777777797 
342.0066708369337 96.0 3.0 259.0 1.0 5011.953180442155 5011.985185185176 14232.777777777797 
343.0066708369337 98.0 3.0 259.0 1.0 5077.095318044222 5084.333333333337 14232.777777777797 
344.0066708369337 99.0 4.0 264.0 1.0 5083.609531804427 5084.333333333337 14232.777777777797 
345.0066708369337 101.0 4.0 266.0 1.0 5100.107619847106 5101.94074074074 14232.777777777797 
346.0066708369337 101.0 4.0 270.0 1.0 5117.604095318041 5119.548148148143 14232.777777777797 
347.0066708369337 101.0 4.0 271.0 1.0 5141.627076198475 5144.296296296299 14232.777777777797 
348.0066708369337 102.0 4.0 273.0 1.0 5171.016040953189 5174.281481481476 14232.777777777797 
349.0066708369337 103.0 4.0 275.0 1.0 5212.07493742866 5216.637037037032 14232.777777777797 
350.0066708369337 104.0 4.0 277.0 1.0 5232.034160409531 5234.251851851845 14232.777777777797 
351.0066708369337 104.0 4.0 280.0 1.0 5234.030082707616 5234.251851851845 14232.777777777797 
352.0066708369337 104.0 4.0 281.0 1.0 5256.496341604092 5258.992592592583 14232.777777777797 
353.0066708369337 105.0 5.0 282.0 1.0 5258.74296749375 5258.992592592583 14232.777777777797 
354.0066708369337 107.0 5.0 283.0 1.0 5292.374296749384 5296.111111111103 14232.777777777797 
355.0066708369337 107.0 5.0 286.0 1.0 5322.717429674942 5326.088888888889 14232.777777777797 
356.0066708369337 108.0 5.0 285.0 1.0 5336.891742967497 5338.466666666662 14232.777777777797 
357.0066708369337 108.0 5.0 286.0 1.0 5338.309174296757 5338.466666666662 14232.777777777797 
358.0066708369337 108.0 5.0 290.0 9.0 5349.59091742968 5350.844444444441 14232.777777777797 
359.0066708369337 108.0 5.0 293.0 10.0 4795.165758409632 4733.5629629629675 14232.777777777797 
360.0066708369337 108.0 5.0 296.0 1.0 4663.189909174296 4648.525925925921 14232.777777777797 
361.0066708369337 108.0 7.0 299.0 1.0 4661.125657584088 4660.896296296302 14232.777777777797 
362.0066708369337 108.0 7.0 302.0 1.0 4683.199232425079 4685.651851851857 14232.777777777797 
363.0066708369337 110.0 7.0 302.0 1.0 4734.6732565758475 4740.392592592596 14232.777777777797 
364.0066708369337 110.0 7.0 306.0 3.0 4750.953992324256 4752.76296296296 14232.777777777797 
365.0066708369337 110.0 7.0 310.0 39.0 4774.862065899094 4777.5185185185155 14232.777777777797 
366.0066708369337 111.0 7.0 311.0 1.0 3899.2928732565742 3802.007407407415 14232.777777777797 
367.0066708369337 112.0 7.0 312.0 1.0 3811.7359539923264 3802.007407407415 14232.777777777797 
368.0066708369337 113.0 7.0 314.0 1.0 3750.726928732568 3743.9481481481544 14232.777777777797 
369.0066708369337 113.0 7.0 316.0 1.0 3778.0326928732525 3781.0666666666607 14232.777777777797 
370.0066708369337 113.0 7.0 320.0 1.0 3791.9032692873293 3793.444444444449 14232.777777777797 
371.0066708369337 114.0 7.0 321.0 1.0 3793.290326928737 3793.444444444449 14232.777777777797 
372.0066708369337 116.0 7.0 319.0 30.0 3831.5490326928684 3835.800000000005 14232.777777777797 
373.0066708369337 119.0 7.0 323.0 1.0 3851.1215699359504 3853.2962962962993 14232.777777777797 
374.0066708369337 120.0 7.0 324.0 1.0 3853.078823660259 3853.2962962962993 14232.777777777797 
375.0066708369337 122.0 8.0 325.0 1.0 3599.694549032695 3571.5407407407356 14232.777777777797 
376.0066708369337 122.0 12.0 327.0 1.0 3574.3561215699397 3571.5407407407356 14232.777777777797 
377.0066708369337 122.0 12.0 328.0 1.0 3571.822278823656 3571.5407407407356 14232.777777777797 
378.0066708369337 123.0 12.0 329.0 1.0 3571.5688945490283 3571.5407407407356 14232.777777777797 
379.0066708369337 124.0 12.0 328.0 1.0 3571.543556121574 3571.5407407407356 14232.777777777797 
380.0066708369337 126.0 12.0 330.0 1.0 3587.3876889454946 3589.14814814815 14232.777777777797 
381.0066708369337 126.0 12.0 332.0 1.0 3588.9721022278823 3589.14814814815 14232.777777777797 
382.0066708369337 126.0 14.0 333.0 1.0 3589.1305435561208 3589.14814814815 14232.777777777797 
383.0066708369337 127.0 15.0 335.0 4.0 3638.3997210222756 3643.874074074079 14232.777777777797 
384.0066708369337 130.0 15.0 336.0 5.0 3340.0599721022263 3306.9111111111097 14232.777777777797 
385.0066708369337 130.0 15.0 338.0 1.0 3214.7059972102193 3200.777777777775 14232.777777777797 
386.0066708369337 132.0 15.0 340.0 1.0 3202.1705997210215 3200.777777777775 14232.777777777797 
387.0066708369337 134.0 15.0 340.0 1.0 3212.057059972101 3213.155555555552 14232.777777777797 
388.0066708369337 136.0 15.0 341.0 1.0 3224.1857059972062 3225.5333333333347 14232.777777777797 
389.0066708369337 138.0 15.0 343.0 1.0 3241.2452372663906 3243.140740740737 14232.777777777797 
390.0066708369337 141.0 15.0 345.0 1.0 3269.9445237266364 3273.133333333335 14232.777777777797 
391.0066708369337 143.0 16.0 344.0 1.0 3288.6611190393264 3290.7407407407436 14232.777777777797 
392.0066708369337 143.0 17.0 347.0 1.0 3306.37944523727 3308.3481481481454 14232.777777777797 
393.0066708369337 147.0 17.0 345.0 1.0 3308.151277857064 3308.3481481481454 14232.777777777797 
394.0066708369337 152.0 18.0 340.0 1.0 3340.0284611190373 3343.570370370366 14232.777777777797 
395.0066708369337 153.0 18.0 340.0 1.0 3381.336179445238 3385.925925925925 14232.777777777797 
396.0066708369337 154.0 19.0 341.0 1.0 3385.4669512778532 3385.925925925925 14232.777777777797 
397.0066708369337 155.0 19.0 342.0 1.0 3385.880028461123 3385.925925925925 14232.777777777797 
398.0066708369337 156.0 19.0 342.0 1.0 3412.901336179449 3415.9037037037083 14232.777777777797 
399.0066708369337 158.0 19.0 346.0 1.0 3415.6034669512746 3415.9037037037083 14232.777777777797 
400.0066708369337 159.0 21.0 350.0 1.0 3431.720346695125 3433.511111111106 14232.777777777797 
401.0066708369337 159.0 21.0 354.0 1.0 3433.3320346695086 3433.511111111106 14232.777777777797 
402.0066708369337 161.0 21.0 353.0 1.0 3433.493203466948 3433.511111111106 14232.777777777797 
403.0066708369337 162.0 21.0 355.0 1.0 3433.5093203466936 3433.511111111106 14232.777777777797 
404.0066708369337 164.0 21.0 354.0 1.0 3471.6375987013334 3475.8740740740786 14232.777777777797 
405.0066708369337 166.0 21.0 354.0 1.0 3475.4504265368055 3475.8740740740786 14232.777777777797 
406.00130069028125 167.0 21.0 355.0 5.0 3502.666575987016 3505.866666666665 14232.777777777797 
407.0066708369337 168.0 21.0 357.0 1.0 3265.2491709320325 3238.8518518518504 14232.777777777797 
408.0066708369337 168.0 21.0 359.0 1.0 3241.4915837598724 3238.8518518518504 14232.777777777797 
409.0066708369337 169.0 22.0 359.0 1.0 3239.1158250426547 3238.8518518518504 14232.777777777797 
410.0066708369337 170.0 22.0 358.0 1.0 3254.731582504268 3256.466666666666 14232.777777777797 
411.0066708369337 172.0 22.0 357.0 1.0 3256.293158250428 3256.466666666666 14232.777777777797 
412.0066708369337 173.0 22.0 357.0 1.0 3256.4493158250443 3256.466666666666 14232.777777777797 
413.0066708369337 173.0 24.0 358.0 1.0 3256.464931582502 3256.466666666666 14232.777777777797 
414.0066708369337 175.0 24.0 357.0 1.0 3256.4664931582492 3256.466666666666 14232.777777777797 
415.0066708369337 176.0 24.0 357.0 1.0 3272.3133159824897 3274.074074074075 14232.777777777797 
416.0066708369337 178.0 24.0 355.0 1.0 3273.8979982649194 3274.074074074075 14232.777777777797 
417.0066708369337 180.0 24.0 355.0 1.0 3321.5964664931616 3326.896296296295 14232.777777777797 
418.0066708369337 180.0 24.0 355.0 1.0 3326.3663133159803 3326.896296296295 14232.777777777797 
419.0066708369337 181.0 24.0 355.0 1.0 3326.8432979982626 3326.896296296295 14232.777777777797 
420.0066708369337 181.0 24.0 357.0 1.0 3326.890996466489 3326.896296296295 14232.777777777797 
421.0066708369337 181.0 24.0 358.0 1.0 3338.035766313314 3339.274074074071 14232.777777777797 
422.0066708369337 182.0 24.0 357.0 1.0 3354.996909964668 3356.88148148148 14232.777777777797 
423.0066708369337 183.0 24.0 357.0 1.0 3359.50635766313 3360.0074074074123 14232.777777777797 
424.0066708369337 184.0 24.0 356.0 1.0 3389.7573024329777 3393.11851851852 14232.777777777797 
425.0066708369337 185.0 24.0 355.0 1.0 3419.7690635766344 3423.103703703705 14232.777777777797 
426.0066708369337 186.0 24.0 354.0 1.0 3438.6169063576604 3440.711111111115 14232.777777777797 
427.0066708369337 186.0 24.0 354.0 1.0 3467.488357302431 3470.6962962962994 14232.777777777797 
428.0066708369337 187.0 24.0 354.0 1.0 3481.515502396908 3483.074074074075 14232.777777777797 
429.0066708369337 188.0 24.0 353.0 1.0 3482.918216906354 3483.074074074075 14232.777777777797 
430.0066708369337 189.0 24.0 352.0 1.0 3494.1984883573023 3495.45185185185 14232.777777777797 
431.0066708369337 192.0 25.0 349.0 1.0 3506.466515502396 3507.829629629634 14232.777777777797 
432.0066708369337 192.0 25.0 349.0 1.0 3507.6933182169037 3507.829629629634 14232.777777777797 
433.0066708369337 193.0 25.0 348.0 1.0 3507.815998488354 3507.829629629634 14232.777777777797 
434.0066708369337 194.0 25.0 347.0 1.0 3507.828266515499 3507.829629629634 14232.777777777797 
435.0066708369337 194.0 25.0 347.0 1.0 3539.5361599848834 3543.05925925926 14232.777777777797 
436.0066708369337 194.0 25.0 347.0 1.0 3558.5536159984913 3560.6666666666697 14232.777777777797 
437.0066708369337 195.0 25.0 346.0 1.0 3587.4420282665137 3590.651851851855 14232.777777777797 
438.0066708369337 196.0 25.0 346.0 1.0 3590.330869493321 3590.651851851855 14232.777777777797 
439.0066708369337 197.0 25.0 345.0 1.0 3590.6197536160016 3590.651851851855 14232.777777777797 
440.0066708369337 198.0 25.0 344.0 1.0 3601.781975361596 3603.0222222222164 14232.777777777797 
441.0066708369337 198.0 25.0 344.0 1.0 3618.7515308694956 3620.63703703704 14232.777777777797 
442.0066708369337 198.0 25.0 344.0 1.0 3620.4484864202773 3620.63703703704 14232.777777777797 
443.0066708369337 199.0 25.0 343.0 1.0 3620.618181975366 3620.63703703704 14232.777777777797 
444.0066708369337 201.0 25.0 341.0 1.0 3668.175151530874 3673.459259259264 14232.777777777797 
445.0066708369337 205.0 25.0 337.0 1.0 3704.6241818197504 3708.674074074071 14232.777777777797 
446.0066708369337 206.0 25.0 336.0 1.0 3724.1157515153063 3726.281481481484 14232.777777777797 
447.0066708369337 208.0 25.0 335.0 1.0 3728.8715751515283 3729.4000000000037 14232.777777777797 
448.0066708369337 208.0 25.0 335.0 1.0 3745.1938241818175 3747.0074074074137 14232.777777777797 
449.0066708369337 211.0 25.0 332.0 1.0 3762.6727157515184 3764.6148148148113 14232.777777777797 
450.0066708369337 212.0 25.0 332.0 1.0 3775.560604908488 3776.992592592586 14232.777777777797 
451.0066708369337 212.0 25.0 332.0 1.0 3776.849393824185 3776.992592592586 14232.777777777797 
452.0066708369337 212.0 25.0 332.0 1.0 3792.8316060490806 3794.6074074074104 14232.777777777797 
453.0066708369337 212.0 25.0 332.0 1.0 3794.4298272715705 3794.6074074074104 14232.777777777797 
454.0066708369337 212.0 25.0 333.0 1.0 3794.5896493938203 3794.6074074074104 14232.777777777797 
455.0066708369337 215.0 25.0 330.0 1.0 3821.592298272719 3824.592592592596 14232.777777777797 
456.0066708369337 216.0 25.0 329.0 1.0 3840.139229827273 3842.1999999999953 14232.777777777797 
457.0066708369337 217.0 25.0 328.0 1.0 3841.9939229827314 3842.1999999999953 14232.777777777797 
458.0066708369337 218.0 25.0 327.0 2.0 3880.312725631605 3884.5703703703657 14232.777777777797 
459.0066708369337 218.0 25.0 327.0 8.0 3772.7646058964965 3760.8148148148193 14232.777777777797 
460.0066708369337 219.0 25.0 326.0 1.0 3250.26312725632 3192.20740740741 14232.777777777797 
461.0066708369337 221.0 25.0 324.0 1.0 3120.052979392302 3105.585185185182 14232.777777777797 
462.0066708369337 221.0 25.0 324.0 1.0 3122.8786312725665 3123.1925925925943 14232.777777777797 
463.0066708369337 222.0 25.0 323.0 1.0 3123.1611964605886 3123.1925925925943 14232.777777777797 
464.0066708369337 222.0 25.0 323.0 1.0 3123.1894529793913 3123.1925925925943 14232.777777777797 
465.0066708369337 223.0 25.0 322.0 1.0 3134.325611964608 3135.5629629629634 14232.777777777797 
466.0066708369337 225.0 25.0 320.0 26.0 3151.2858945297917 3153.170370370368 14232.777777777797 
467.0066708369337 225.0 25.0 320.0 3.0 3001.9085894529794 2985.3111111111134 14232.777777777797 
468.0066708369337 227.0 25.0 318.0 1.0 2590.7575256119662 2545.074074074075 14232.777777777797 
469.0066708369337 228.0 25.0 317.0 1.0 2549.6424192278623 2545.074074074075 14232.777777777797 
470.0066708369337 229.0 25.0 316.0 1.0 2545.530908589452 2545.074074074075 14232.777777777797 
471.0066708369337 230.0 25.0 315.0 1.0 2556.259757525613 2557.4518518518544 14232.777777777797 
472.0066708369337 232.0 25.0 314.0 1.0 2557.3326424192264 2557.4518518518544 14232.777777777797 
473.0066708369337 232.0 25.0 314.0 20.0 2568.5732642419243 2569.8222222222203 14232.777777777797 
474.0066708369337 235.0 25.0 311.0 1.0 2561.270659757524 2560.459259259262 14232.777777777797 
475.0066708369337 235.0 25.0 311.0 1.0 2579.2003993090843 2581.1925925925943 14232.777777777797 
476.0066708369337 238.0 25.0 308.0 1.0 2374.960039930908 2352.2666666666673 14232.777777777797 
477.0066708369337 238.0 25.0 308.0 1.0 2386.2360039930895 2387.488888888892 14232.777777777797 
478.0066708369337 241.0 25.0 305.0 1.0 2387.3636003993074 2387.488888888892 14232.777777777797 
479.0066708369337 243.0 25.0 303.0 1.0 2403.3230267065987 2405.096296296297 14232.777777777797 
480.0066708369337 245.0 25.0 301.0 1.0 2420.765636003992 2422.7037037037026 14232.777777777797 
481.0066708369337 245.0 25.0 301.0 1.0 2425.3165636004 2425.8222222222203 14232.777777777797 
482.0066708369337 249.0 25.0 298.0 1.0 2425.7716563600397 2425.8222222222203 14232.777777777797 
483.0066708369337 249.0 25.0 299.0 1.0 2457.5104989693386 2461.0370370370374 14232.777777777797 
484.0066708369337 249.0 25.0 299.0 1.0 2487.6777165635995 2491.02962962963 14232.777777777797 
485.0066708369337 250.0 25.0 298.0 1.0 2490.694438323025 2491.02962962963 14232.777777777797 
486.0066708369337 251.0 25.0 297.0 1.0 2502.1294438323007 2503.4000000000024 14232.777777777797 
487.0066708369337 252.0 25.0 296.0 1.0 2503.272944383228 2503.4000000000024 14232.777777777797 
488.0066708369337 252.0 25.0 297.0 1.0 2503.3872944383247 2503.4000000000024 14232.777777777797 
489.0066708369337 253.0 25.0 296.0 1.0 2530.385396110497 2533.385185185187 14232.777777777797 
490.0066708369337 253.0 25.0 296.0 1.0 2533.085206277718 2533.385185185187 14232.777777777797 
491.0066708369337 253.0 25.0 296.0 1.0 2549.208520627773 2551.0 14232.777777777797 
492.0066708369337 253.0 25.0 296.0 1.0 2550.820852062776 2551.0 14232.777777777797 
493.0066708369337 255.0 25.0 294.0 1.0 2566.8354185396092 2568.6148148148127 14232.777777777797 
494.0066708369337 257.0 25.0 292.0 1.0 2568.4368751872926 2568.6148148148127 14232.777777777797 
495.0066708369337 258.0 25.0 291.0 1.0 2595.590354185398 2598.607407407405 14232.777777777797 
496.0066708369337 259.0 25.0 290.0 1.0 2598.3057020852093 2598.607407407405 14232.777777777797 
497.0066708369337 260.0 25.0 289.0 1.0 2614.4239035418527 2616.2148148148167 14232.777777777797 
498.0066708369337 263.0 25.0 286.0 1.0 2631.882390354183 2633.8222222222203 14232.777777777797 
499.0066708369337 263.0 25.0 286.0 1.0 2633.6282390354195 2633.8222222222203 14232.777777777797 
500.0066708369337 263.0 25.0 286.0 1.0 2649.649490570207 2651.4296296296325 14232.777777777797 
501.0066708369337 263.0 25.0 286.0 1.0 2662.3916157236895 2663.8074074074057 14232.777777777797 
502.0066708369337 265.0 25.0 284.0 1.0 2727.0591615723692 2734.244444444446 14232.777777777797 
503.0066708369337 267.0 25.0 282.0 1.0 2760.5125828239015 2764.2296296296304 14232.777777777797 
504.0066708369337 268.0 25.0 282.0 3.0 2774.9912582823913 2776.599999999997 14232.777777777797 
505.0066708369337 269.0 25.0 281.0 6.0 2803.4257924949065 2806.5851851851826 14232.777777777797 
506.0066708369337 269.0 25.0 281.0 1.0 2596.5625792494884 2573.5777777777757 14232.777777777797 
507.0066708369337 270.0 25.0 280.0 1.0 2594.5295912582837 2594.303703703705 14232.777777777797 
508.0066708369337 271.0 25.0 279.0 1.0 2594.326292459164 2594.303703703705 14232.777777777797 
509.0066708369337 273.0 25.0 277.0 1.0 2605.4392959125826 2606.6740740740725 14232.777777777797 
510.0066708369337 274.0 25.0 276.0 5.0 2649.3839295912576 2654.2666666666682 14232.777777777797 
511.0066708369337 277.0 25.0 273.0 1.0 2653.778392959127 2654.2666666666682 14232.777777777797 
512.0066708369337 278.0 25.0 272.0 1.0 2447.317839295915 2424.3777777777786 14232.777777777797 
513.0066708369337 278.0 25.0 272.0 1.0 2437.8051172629257 2436.748148148146 14232.777777777797 
514.0066708369337 280.0 25.0 270.0 1.0 2436.853845059627 2436.748148148146 14232.777777777797 
515.0066708369337 280.0 25.0 270.0 1.0 2452.6053845059614 2454.355555555557 14232.777777777797 
516.0066708369337 282.0 25.0 268.0 1.0 2454.180538450595 2454.355555555557 14232.777777777797 
517.0066708369337 285.0 25.0 265.0 1.0 2486.031387178394 2489.5703703703684 14232.777777777797 
518.0066708369337 288.0 25.0 262.0 1.0 2505.0631387178382 2507.1777777777793 14232.777777777797 
519.0066708369337 288.0 25.0 263.0 1.0 2538.6596472051174 2542.392592592594 14232.777777777797 
520.0066708369337 290.0 25.0 262.0 1.0 2542.0192980538473 2542.392592592594 14232.777777777797 
521.0066708369337 291.0 25.0 261.0 1.0 2558.2085964720527 2560.0074074074073 14232.777777777797 
522.0066708369337 291.0 25.0 261.0 1.0 2575.674192980537 2577.614814814813 14232.777777777797 
523.0066708369337 293.0 25.0 259.0 1.0 2577.420752631389 2577.614814814813 14232.777777777797 
524.0066708369337 293.0 25.0 259.0 1.0 2593.4487419298043 2595.2296296296317 14232.777777777797 
525.0066708369337 296.0 25.0 256.0 1.0 2606.1915408596446 2607.607407407406 14232.777777777797 
526.0066708369337 299.0 25.0 253.0 1.0 2607.465820752629 2607.607407407406 14232.777777777797 
527.0066708369337 301.0 25.0 251.0 1.0 2639.286582075263 2642.8222222222207 14232.777777777797 
528.0066708369337 301.0 25.0 251.0 1.0 2674.161991540857 2678.037037037037 14232.777777777797 
529.0066708369337 301.0 25.0 251.0 1.0 2677.649532487422 2678.037037037037 14232.777777777797 
530.0066708369337 303.0 25.0 249.0 1.0 2677.998286582074 2678.037037037037 14232.777777777797 
531.0066708369337 304.0 25.0 248.0 1.0 2678.0331619915423 2678.037037037037 14232.777777777797 
532.0066708369337 305.0 25.0 247.0 1.0 2693.8833161991556 2695.6444444444423 14232.777777777797 
533.0066708369337 307.0 25.0 245.0 1.0 2722.4616649532472 2725.6370370370364 14232.777777777797 
534.0066708369337 307.0 25.0 245.0 1.0 2725.319499828657 2725.6370370370364 14232.777777777797 
535.0066708369337 308.0 25.0 244.0 1.0 2725.605283316201 2725.6370370370364 14232.777777777797 
536.0066708369337 308.0 25.0 244.0 1.0 2757.3338616649517 2760.859259259259 14232.777777777797 
537.0066708369337 311.0 25.0 241.0 1.0 2760.50671949983 2760.859259259259 14232.777777777797 
538.0066708369337 312.0 25.0 240.0 1.0 2792.5173386166507 2796.074074074075 14232.777777777797 
539.0066708369337 313.0 25.0 239.0 1.0 2806.8517338616643 2808.444444444447 14232.777777777797 
540.0066708369337 315.0 25.0 237.0 1.0 2808.2851733861685 2808.444444444447 14232.777777777797 
541.0066708369337 315.0 25.0 237.0 1.0 2824.2751840052833 2826.051851851851 14232.777777777797 
542.0066708369337 315.0 25.0 237.0 1.0 2825.874185067196 2826.051851851851 14232.777777777797 
543.0066708369337 315.0 25.0 237.0 1.0 2841.8807518400527 2843.659259259257 14232.777777777797 
544.0066708369337 317.0 25.0 236.0 1.0 2875.18140851734 2878.88148148148 14232.777777777797 
545.0066708369337 318.0 25.0 235.0 1.0 2889.651474185068 2891.2592592592596 14232.777777777797 
546.0066708369337 321.0 25.0 233.0 1.0 2891.0984807518385 2891.2592592592596 14232.777777777797 
547.0066708369337 322.0 25.0 232.0 1.0 2907.0965147418506 2908.874074074075 14232.777777777797 
548.0066708369337 323.0 25.0 231.0 1.0 2924.5429848075205 2926.481481481482 14232.777777777797 
549.0066708369337 325.0 25.0 229.0 1.0 2942.140965147419 2944.096296296295 14232.777777777797 
550.0066708369337 328.0 25.0 226.0 1.0 2943.900763181409 2944.096296296295 14232.777777777797 
551.0066708369337 329.0 25.0 225.0 1.0 2959.9300763181395 2961.711111111112 14232.777777777797 
552.0066708369337 329.0 25.0 225.0 1.0 2961.533007631814 2961.711111111112 14232.777777777797 
553.0066708369337 330.0 25.0 225.0 1.0 2977.5399674298455 2979.3185185185175 14232.777777777797 
554.0066708369337 330.0 25.0 225.0 1.0 2979.1406634096497 2979.3185185185175 14232.777777777797 
555.0066708369337 330.0 25.0 226.0 1.0 2979.30073300763 2979.3185185185175 14232.777777777797 
556.0066708369337 332.0 25.0 224.0 1.0 2995.163406634098 2996.925925925925 14232.777777777797 
557.0066708369337 333.0 25.0 224.0 1.0 2999.5630073300754 3000.0518518518497 14232.777777777797 
558.0066708369337 333.0 25.0 224.0 1.0 3015.8496340663414 3017.6592592592565 14232.777777777797 
559.0066708369337 336.0 25.0 221.0 1.0 3017.4782967399656 3017.6592592592565 14232.777777777797 
560.0066708369337 336.0 25.0 221.0 1.0 3017.641163007331 3017.6592592592565 14232.777777777797 
561.0066708369337 338.0 25.0 219.0 1.0 3017.6574496340654 3017.6592592592565 14232.777777777797 
562.0066708369337 340.0 25.0 217.0 1.0 3049.3524116300755 3052.874074074076 14232.777777777797 
563.0066708369337 343.0 25.0 216.0 2.0 3068.3685744963423 3070.4814814814813 14232.777777777797 
564.0066708369337 344.0 25.0 216.0 9.0 3086.1101907829684 3088.081481481479 14232.777777777797 
565.0066708369337 344.0 25.0 217.0 1.0 2799.804352411629 2767.992592592592 14232.777777777797 
566.0066708369337 345.0 25.0 216.0 2.0 2773.980435241165 2771.1111111111118 14232.777777777797 
567.0066708369337 346.0 25.0 215.0 1.0 2818.9447101907813 2823.94074074074 14232.777777777797 
568.0066708369337 346.0 25.0 215.0 1.0 2585.7144710190796 2559.7999999999984 14232.777777777797 
569.0066708369337 348.0 25.0 213.0 1.0 2562.391447101907 2559.7999999999984 14232.777777777797 
570.0066708369337 348.0 25.0 214.0 1.0 2575.912478043525 2577.414814814817 14232.777777777797 
571.0066708369337 348.0 25.0 214.0 1.0 2577.264581137685 2577.414814814817 14232.777777777797 
572.0066708369337 348.0 25.0 214.0 1.0 2577.399791447104 2577.414814814817 14232.777777777797 
573.0066708369337 348.0 25.0 214.0 1.0 2577.413312478042 2577.414814814817 14232.777777777797 
574.0066708369337 351.0 25.0 211.0 1.0 2577.414664581136 2577.414814814817 14232.777777777797 
575.0066708369337 352.0 25.0 210.0 1.0 2577.41479979145 2577.414814814817 14232.777777777797 
576.0066708369337 354.0 25.0 208.0 1.0 2577.414813312477 2577.414814814817 14232.777777777797 
577.0066708369337 354.0 25.0 208.0 26.0 2593.2681479979174 2595.02962962963 14232.777777777797 
578.0066708369337 354.0 25.0 208.0 2.0 2523.0134814664566 2515.2074074074094 14232.777777777797 
579.0066708369337 354.0 25.0 209.0 1.0 2373.3546814799806 2356.7259259259254 14232.777777777797 
580.0066708369337 355.0 25.0 209.0 1.0 2358.3888014813333 2356.7259259259254 14232.777777777797 
581.0066708369337 356.0 25.0 208.0 1.0 2356.8922134814675 2356.7259259259254 14232.777777777797 
582.0066708369337 357.0 25.0 207.0 1.0 2367.8758880148143 2369.096296296297 14232.777777777797 
583.0066708369337 359.0 25.0 205.0 1.0 2357.840922134816 2356.7259259259254 14232.777777777797 
584.0066708369337 359.0 25.0 205.0 1.0 2283.5907588801474 2275.3407407407417 14232.777777777797 
585.0066708369337 359.0 25.0 205.0 1.0 2187.0657425546815 2176.3407407407412 14232.777777777797 
586.0066708369337 359.0 25.0 205.0 1.0 2155.1399075888007 2151.592592592592 14232.777777777797 
587.0066708369337 360.0 25.0 204.0 1.0 2151.947324092214 2151.592592592592 14232.777777777797 
588.0066708369337 362.0 25.0 202.0 1.0 2151.628065742556 2151.592592592592 14232.777777777797 
589.0066708369337 363.0 25.0 202.0 1.0 2183.2894732409236 2186.807407407406 14232.777777777797 
590.0066708369337 363.0 25.0 202.0 1.0 2202.3089473240916 2204.422222222223 14232.777777777797 
591.0066708369337 363.0 25.0 202.0 1.0 2204.210894732408 2204.422222222223 14232.777777777797 
592.0066708369337 367.0 25.0 198.0 1.0 2220.247756139907 2222.02962962963 14232.777777777797 
593.0066708369337 367.0 25.0 198.0 1.0 2237.698108947323 2239.637037037037 14232.777777777797 
594.0066708369337 368.0 25.0 197.0 1.0 2239.4431442280675 2239.637037037037 14232.777777777797 
595.0066708369337 368.0 25.0 197.0 1.0 2242.4243144228053 2242.7555555555537 14232.777777777797 
596.0066708369337 369.0 25.0 196.0 1.0 2242.7224314422815 2242.7555555555537 14232.777777777797 
597.0066708369337 371.0 25.0 194.0 1.0 2242.7522431442276 2242.7555555555537 14232.777777777797 
598.0066708369337 372.0 25.0 193.0 1.0 2258.6018909810887 2260.362962962963 14232.777777777797 
599.0066708369337 372.0 25.0 193.0 1.0 2260.186855764777 2260.362962962963 14232.777777777797 
600.0066708369337 374.0 25.0 192.0 1.0 2260.3453522431455 2260.362962962963 14232.777777777797 
#####################################################################
# End of data export. Simulation finished at: 2020-01-30T11:47+0000 #
#####################################################################
