#####################################################################
# Alchemist log file - simulation started at: 2020-01-29T10:25+0000 #
#####################################################################
# seed = 4.0, meanTaskSize = 10, smoothing = 0.1, grain = 1500.0, peakFrequency = 0.01
#
# The columns have the following meaning: 
# time done[Sum] drop[Sum] waiting[Sum] isLeader[Sum] capacity[Mean] freeCapacity[Mean] maxCapacity[Mean] 
0.0 NaN 0.0 NaN NaN NaN NaN NaN 
1.0066708369337494 0.0 0.0 0.0 135.0 14232.777777777797 14232.777777777797 14232.777777777797 
2.0066708369337496 0.0 0.0 0.0 135.0 14232.777777777797 14232.777777777797 14232.777777777797 
3.0066708369337496 0.0 0.0 0.0 135.0 14232.777777777797 14232.777777777797 14232.777777777797 
4.00667083693375 0.0 0.0 0.0 135.0 14232.777777777797 14232.777777777797 14232.777777777797 
5.00667083693375 0.0 0.0 0.0 135.0 14232.777777777797 14232.777777777797 14232.777777777797 
6.00667083693375 0.0 0.0 0.0 135.0 14232.777777777797 14232.777777777797 14232.777777777797 
7.00667083693375 0.0 0.0 0.0 135.0 14232.777777777797 14232.777777777797 14232.777777777797 
8.00667083693375 0.0 0.0 0.0 135.0 14232.777777777797 14232.777777777797 14232.777777777797 
9.00667083693375 0.0 0.0 0.0 135.0 14232.777777777797 14232.777777777797 14232.777777777797 
10.00667083693375 0.0 0.0 0.0 135.0 14232.777777777797 14232.777777777797 14232.777777777797 
11.00667083693375 0.0 0.0 0.0 135.0 14232.777777777797 14232.777777777797 14232.777777777797 
12.00667083693375 0.0 0.0 0.0 135.0 14232.777777777797 14232.777777777797 14232.777777777797 
13.00667083693375 0.0 0.0 0.0 135.0 14232.777777777797 14232.777777777797 14232.777777777797 
14.00667083693375 0.0 0.0 0.0 135.0 14232.777777777797 14232.777777777797 14232.777777777797 
15.00667083693375 0.0 0.0 0.0 135.0 14232.777777777797 14232.777777777797 14232.777777777797 
16.00667083693375 0.0 0.0 0.0 135.0 14232.777777777797 14232.777777777797 14232.777777777797 
17.00667083693375 0.0 0.0 2.0 135.0 14232.777777777797 14232.777777777797 14232.777777777797 
18.00667083693375 1.0 0.0 1.0 135.0 14232.152592592565 14226.525925925918 14232.777777777797 
19.00667083693375 2.0 0.0 0.0 135.0 14231.90251851853 14229.651851851839 14232.777777777797 
20.00667083693375 2.0 0.0 0.0 135.0 14231.990044444461 14232.777777777797 14232.777777777797 
21.00667083693375 2.0 0.0 0.0 135.0 14232.068817777767 14232.777777777797 14232.777777777797 
22.00667083693375 2.0 0.0 0.0 135.0 14232.13971377778 14232.777777777797 14232.777777777797 
23.00667083693375 2.0 0.0 0.0 135.0 14232.203520177774 14232.777777777797 14232.777777777797 
24.00667083693375 2.0 0.0 0.0 135.0 14232.260945937747 14232.777777777797 14232.777777777797 
25.00667083693375 2.0 0.0 0.0 135.0 14232.312629121754 14232.777777777797 14232.777777777797 
26.00667083693375 2.0 0.0 1.0 135.0 14232.359143987376 14232.777777777797 14232.777777777797 
27.00667083693375 3.0 0.0 0.0 135.0 14230.6395258849 14215.162962962962 14232.777777777797 
28.00667083693375 3.0 0.0 1.0 135.0 14230.853351074193 14232.777777777797 14232.777777777797 
29.00667083693375 4.0 0.0 0.0 135.0 14230.733201152005 14229.651851851839 14232.777777777797 
30.00667083693375 4.0 0.0 0.0 135.0 14230.937658814566 14232.777777777797 14232.777777777797 
31.00667083693375 4.0 0.0 0.0 135.0 14231.121670710907 14232.777777777797 14232.777777777797 
32.00667083693375 4.0 0.0 0.0 135.0 14231.287281417603 14232.777777777797 14232.777777777797 
33.00667083693375 4.0 0.0 0.0 135.0 14231.436331053601 14232.777777777797 14232.777777777797 
34.00667083693375 4.0 0.0 0.0 135.0 14231.57047572601 14232.777777777797 14232.777777777797 
35.00667083693375 4.0 0.0 0.0 135.0 14231.691205931225 14232.777777777797 14232.777777777797 
36.00667083693375 4.0 0.0 0.0 135.0 14231.799863115828 14232.777777777797 14232.777777777797 
37.00667083693375 4.0 0.0 0.0 135.0 14231.897654582037 14232.777777777797 14232.777777777797 
38.00667083693375 4.0 0.0 0.0 135.0 14231.985666901637 14232.777777777797 14232.777777777797 
39.00667083693375 4.0 0.0 1.0 135.0 14232.064877989225 14232.777777777797 14232.777777777797 
40.00667083693375 5.0 0.0 0.0 135.0 14230.374686486632 14215.162962962962 14232.777777777797 
41.00667083693375 5.0 0.0 0.0 135.0 14230.61499561573 14232.777777777797 14232.777777777797 
42.00667083693375 5.0 0.0 0.0 135.0 14230.831273831947 14232.777777777797 14232.777777777797 
43.00667083693375 5.0 0.0 0.0 135.0 14231.02592422652 14232.777777777797 14232.777777777797 
44.00667083693375 5.0 0.0 0.0 135.0 14231.201109581649 14232.777777777797 14232.777777777797 
45.00667083693375 5.0 0.0 0.0 135.0 14231.358776401243 14232.777777777797 14232.777777777797 
46.00667083693375 5.0 0.0 0.0 135.0 14231.50067653892 14232.777777777797 14232.777777777797 
47.00667083693375 5.0 0.0 0.0 135.0 14231.62838666278 14232.777777777797 14232.777777777797 
48.00667083693375 5.0 0.0 0.0 135.0 14231.743325774274 14232.777777777797 14232.777777777797 
49.00667083693375 5.0 0.0 0.0 135.0 14231.846770974633 14232.777777777797 14232.777777777797 
50.00667083693375 5.0 0.0 0.0 135.0 14231.939871654966 14232.777777777797 14232.777777777797 
51.00667083693375 5.0 0.0 0.0 135.0 14232.023662267224 14232.777777777797 14232.777777777797 
52.00667083693375 5.0 0.0 0.0 135.0 14232.0990738183 14232.777777777797 14232.777777777797 
53.00667083693375 5.0 0.0 0.0 135.0 14232.166944214245 14232.777777777797 14232.777777777797 
54.00667083693375 5.0 0.0 0.0 135.0 14232.228027570585 14232.777777777797 14232.777777777797 
55.00667083693375 5.0 0.0 0.0 135.0 14232.283002591315 14232.777777777797 14232.777777777797 
56.00667083693375 5.0 0.0 0.0 135.0 14232.332480109937 14232.777777777797 14232.777777777797 
57.00667083693375 5.0 0.0 0.0 135.0 14232.377009876718 14232.777777777797 14232.777777777797 
58.00667083693375 5.0 0.0 0.0 135.0 14232.417086666845 14232.777777777797 14232.777777777797 
59.00667083693375 5.0 0.0 0.0 135.0 14232.453155777966 14232.777777777797 14232.777777777797 
60.00667083693375 5.0 0.0 0.0 135.0 14232.485617977902 14232.777777777797 14232.777777777797 
61.00667083693375 5.0 0.0 0.0 135.0 14232.514833957917 14232.777777777797 14232.777777777797 
62.00667083693375 5.0 0.0 0.0 135.0 14232.541128339866 14232.777777777797 14232.777777777797 
63.00667083693375 5.0 0.0 0.0 135.0 14232.564793283687 14232.777777777797 14232.777777777797 
64.00667083693375 5.0 0.0 1.0 135.0 14232.586091733107 14232.777777777797 14232.777777777797 
65.00667083693375 5.0 0.0 1.0 135.0 14232.292667744996 14229.651851851839 14232.777777777797 
66.00667083693375 5.0 0.0 1.0 135.0 14232.028586155655 14229.651851851839 14232.777777777797 
67.00667083693375 6.0 0.0 0.0 135.0 14231.790912725284 14229.651851851839 14232.777777777797 
68.00667083693375 6.0 0.0 0.0 135.0 14231.889599230524 14232.777777777797 14232.777777777797 
69.00667083693375 6.0 0.0 0.0 135.0 14231.978417085253 14232.777777777797 14232.777777777797 
70.00667083693375 6.0 0.0 0.0 135.0 14232.058353154529 14232.777777777797 14232.777777777797 
71.00667083693375 6.0 0.0 0.0 135.0 14232.130295616846 14232.777777777797 14232.777777777797 
72.00667083693375 6.0 0.0 1.0 135.0 14232.195043832931 14232.777777777797 14232.777777777797 
73.00667083693375 7.0 0.0 0.0 135.0 14231.94072463483 14229.651851851839 14232.777777777797 
74.00667083693375 7.0 0.0 0.0 135.0 14232.024429949135 14232.777777777797 14232.777777777797 
75.00667083693375 7.0 0.0 0.0 135.0 14232.099764732 14232.777777777797 14232.777777777797 
76.00667083693375 7.0 0.0 0.0 135.0 14232.167566036549 14232.777777777797 14232.777777777797 
77.00667083693375 7.0 0.0 0.0 135.0 14232.228587210702 14232.777777777797 14232.777777777797 
78.00667083693375 7.0 0.0 0.0 135.0 14232.283506267391 14232.777777777797 14232.777777777797 
79.00667083693375 7.0 0.0 0.0 135.0 14232.33293341841 14232.777777777797 14232.777777777797 
80.00667083693375 7.0 0.0 0.0 135.0 14232.377417854374 14232.777777777797 14232.777777777797 
81.00667083693375 7.0 0.0 1.0 135.0 14232.41745384673 14232.777777777797 14232.777777777797 
82.00667083693375 8.0 0.0 0.0 135.0 14232.140893647227 14229.651851851839 14232.777777777797 
83.00667083693375 8.0 0.0 0.0 135.0 14232.204582060307 14232.777777777797 14232.777777777797 
84.00667083693375 8.0 0.0 0.0 135.0 14232.261901632024 14232.777777777797 14232.777777777797 
85.00667083693375 8.0 0.0 0.0 135.0 14232.313489246577 14232.777777777797 14232.777777777797 
86.00667083693375 8.0 0.0 0.0 135.0 14232.359918099704 14232.777777777797 14232.777777777797 
87.00667083693375 8.0 0.0 0.0 135.0 14232.401704067528 14232.777777777797 14232.777777777797 
88.00667083693375 8.0 0.0 1.0 135.0 14232.439311438551 14232.777777777797 14232.777777777797 
89.00667083693375 9.0 0.0 0.0 135.0 14232.160565479873 14229.651851851839 14232.777777777797 
90.00667083693375 9.0 0.0 0.0 135.0 14232.222286709673 14232.777777777797 14232.777777777797 
91.00667083693375 9.0 0.0 0.0 135.0 14232.27783581649 14232.777777777797 14232.777777777797 
92.00667083693375 9.0 0.0 0.0 135.0 14232.327830012586 14232.777777777797 14232.777777777797 
93.00667083693375 9.0 0.0 0.0 135.0 14232.372824789136 14232.777777777797 14232.777777777797 
94.00667083693375 9.0 0.0 0.0 135.0 14232.413320087999 14232.777777777797 14232.777777777797 
95.00667083693375 9.0 0.0 0.0 135.0 14232.449765856956 14232.777777777797 14232.777777777797 
96.00667083693375 9.0 0.0 0.0 135.0 14232.482567049028 14232.777777777797 14232.777777777797 
97.00667083693375 9.0 0.0 0.0 135.0 14232.512088121925 14232.777777777797 14232.777777777797 
98.00667083693375 9.0 0.0 0.0 135.0 14232.53865708751 14232.777777777797 14232.777777777797 
99.00667083693375 9.0 0.0 0.0 135.0 14232.562569156547 14232.777777777797 14232.777777777797 
100.00667083693375 9.0 0.0 0.0 135.0 14232.584090018672 14232.777777777797 14232.777777777797 
101.00667083693375 9.0 0.0 0.0 135.0 14232.603458794596 14232.777777777797 14232.777777777797 
102.00667083693375 9.0 0.0 0.0 135.0 14232.620890692897 14232.777777777797 14232.777777777797 
103.00667083693375 9.0 0.0 0.0 135.0 14232.636579401411 14232.777777777797 14232.777777777797 
104.00667083693375 9.0 0.0 0.0 135.0 14232.65069923904 14232.777777777797 14232.777777777797 
105.00667083693375 9.0 0.0 0.0 135.0 14232.663407092885 14232.777777777797 14232.777777777797 
106.00667083693375 9.0 0.0 0.0 135.0 14232.674844161393 14232.777777777797 14232.777777777797 
107.00667083693375 9.0 0.0 0.0 135.0 14232.685137523022 14232.777777777797 14232.777777777797 
108.00667083693375 9.0 0.0 0.0 135.0 14232.694401548515 14232.777777777797 14232.777777777797 
109.00667083693375 9.0 0.0 0.0 135.0 14232.70273917141 14232.777777777797 14232.777777777797 
110.00667083693375 9.0 0.0 0.0 135.0 14232.71024303205 14232.777777777797 14232.777777777797 
111.00667083693375 9.0 0.0 0.0 135.0 14232.716996506635 14232.777777777797 14232.777777777797 
112.00667083693375 9.0 0.0 0.0 135.0 14232.72307463373 14232.777777777797 14232.777777777797 
113.00667083693375 9.0 0.0 0.0 135.0 14232.728544948144 14232.777777777797 14232.777777777797 
114.00667083693375 9.0 0.0 0.0 135.0 14232.733468231107 14232.777777777797 14232.777777777797 
115.00667083693375 9.0 0.0 0.0 135.0 14232.737899185779 14232.777777777797 14232.777777777797 
116.00667083693375 9.0 0.0 0.0 135.0 14232.74188704496 14232.777777777797 14232.777777777797 
117.00667083693375 9.0 0.0 0.0 135.0 14232.74547611824 14232.777777777797 14232.777777777797 
118.00667083693375 9.0 0.0 0.0 135.0 14232.74870628421 14232.777777777797 14232.777777777797 
119.00667083693375 9.0 0.0 0.0 135.0 14232.751613433571 14232.777777777797 14232.777777777797 
120.00667083693375 9.0 0.0 0.0 135.0 14232.75422986799 14232.777777777797 14232.777777777797 
121.00667083693375 9.0 0.0 0.0 135.0 14232.756584658955 14232.777777777797 14232.777777777797 
122.00667083693375 9.0 0.0 0.0 135.0 14232.758703970869 14232.777777777797 14232.777777777797 
123.00667083693375 9.0 0.0 0.0 135.0 14232.760611351521 14232.777777777797 14232.777777777797 
124.00667083693375 9.0 0.0 0.0 135.0 14232.762327994134 14232.777777777797 14232.777777777797 
125.00667083693375 9.0 0.0 1.0 135.0 14232.763872972524 14232.777777777797 14232.777777777797 
126.00667083693375 9.0 0.0 1.0 135.0 14232.452670860439 14229.651851851839 14232.777777777797 
127.00667083693375 9.0 0.0 1.0 135.0 14232.172588959618 14229.651851851839 14232.777777777797 
128.00667083693375 10.0 0.0 0.0 135.0 14231.920515248847 14229.651851851839 14232.777777777797 
129.00667083693375 10.0 0.0 0.0 135.0 14232.00624150169 14232.777777777797 14232.777777777797 
130.00667083693375 10.0 0.0 0.0 135.0 14232.083395129339 14232.777777777797 14232.777777777797 
131.00667083693375 10.0 0.0 0.0 135.0 14232.152833394175 14232.777777777797 14232.777777777797 
132.00667083693375 10.0 0.0 0.0 135.0 14232.215327832526 14232.777777777797 14232.777777777797 
133.00667083693375 10.0 0.0 0.0 135.0 14232.27157282706 14232.777777777797 14232.777777777797 
134.00667083693375 10.0 0.0 1.0 135.0 14232.322193322112 14232.777777777797 14232.777777777797 
135.00667083693375 11.0 0.0 0.0 135.0 14232.055159175115 14229.651851851839 14232.777777777797 
136.00667083693375 11.0 0.0 0.0 135.0 14232.127421035375 14232.777777777797 14232.777777777797 
137.00667083693375 11.0 0.0 0.0 135.0 14232.192456709607 14232.777777777797 14232.777777777797 
138.00667083693375 11.0 0.0 0.0 135.0 14232.250988816453 14232.777777777797 14232.777777777797 
139.00667083693375 11.0 0.0 0.0 135.0 14232.303667712555 14232.777777777797 14232.777777777797 
140.00667083693375 11.0 0.0 0.0 135.0 14232.351078719055 14232.777777777797 14232.777777777797 
141.00667083693375 11.0 0.0 0.0 135.0 14232.393748624952 14232.777777777797 14232.777777777797 
142.00667083693375 11.0 0.0 1.0 135.0 14232.432151540263 14232.777777777797 14232.777777777797 
143.00667083693375 11.0 0.0 1.0 135.0 14232.154121571364 14229.651851851839 14232.777777777797 
144.00667083693375 11.0 0.0 2.0 135.0 14231.903894599438 14229.651851851839 14232.777777777797 
145.00667083693375 13.0 0.0 0.0 135.0 14229.91720884322 14212.037037037013 14232.777777777797 
146.00667083693375 13.0 0.0 0.0 135.0 14230.203265736662 14232.777777777797 14232.777777777797 
147.00667083693375 13.0 0.0 2.0 135.0 14230.460716940768 14232.777777777797 14232.777777777797 
148.00667083693375 13.0 0.0 2.0 135.0 14230.06723783926 14226.525925925918 14232.777777777797 
149.00667083693375 15.0 0.0 0.0 135.0 14229.71310664793 14226.525925925918 14232.777777777797 
150.00667083693375 15.0 0.0 0.0 135.0 14230.019573760945 14232.777777777797 14232.777777777797 
151.00667083693375 15.0 0.0 0.0 135.0 14230.295394162604 14232.777777777797 14232.777777777797 
152.00667083693375 15.0 0.0 0.0 135.0 14230.543632524155 14232.777777777797 14232.777777777797 
153.00667083693375 15.0 0.0 1.0 135.0 14230.76704704951 14232.777777777797 14232.777777777797 
154.00667083693375 16.0 0.0 0.0 135.0 14229.206638640828 14215.162962962962 14232.777777777797 
155.00667083693375 16.0 0.0 0.0 135.0 14229.563752554512 14232.777777777797 14232.777777777797 
156.00667083693375 16.0 0.0 0.0 135.0 14229.885155076863 14232.777777777797 14232.777777777797 
157.00667083693375 16.0 0.0 0.0 135.0 14230.174417346956 14232.777777777797 14232.777777777797 
158.00667083693375 16.0 0.0 0.0 135.0 14230.434753390038 14232.777777777797 14232.777777777797 
159.00667083693375 16.0 0.0 0.0 135.0 14230.6690558288 14232.777777777797 14232.777777777797 
160.00667083693375 16.0 0.0 0.0 135.0 14230.879928023705 14232.777777777797 14232.777777777797 
161.00667083693375 16.0 0.0 2.0 135.0 14231.069712999111 14232.777777777797 14232.777777777797 
162.00667083693375 16.0 0.0 2.0 135.0 14230.6153342918 14226.525925925918 14232.777777777797 
163.00667083693375 18.0 0.0 0.0 135.0 14230.206393455239 14226.525925925918 14232.777777777797 
164.00667083693375 18.0 0.0 1.0 135.0 14230.463531887463 14232.777777777797 14232.777777777797 
165.00667083693375 19.0 0.0 0.0 135.0 14228.93347499504 14215.162962962962 14232.777777777797 
166.00667083693375 19.0 0.0 0.0 135.0 14229.317905273296 14232.777777777797 14232.777777777797 
167.00667083693375 19.0 0.0 0.0 135.0 14229.663892523722 14232.777777777797 14232.777777777797 
168.00667083693375 19.0 0.0 0.0 135.0 14229.975281049161 14232.777777777797 14232.777777777797 
169.00667083693375 19.0 0.0 0.0 135.0 14230.255530722023 14232.777777777797 14232.777777777797 
170.00667083693375 19.0 0.0 1.0 135.0 14230.507755427563 14232.777777777797 14232.777777777797 
171.00667083693375 19.0 0.0 1.0 135.0 14230.422165070038 14229.651851851839 14232.777777777797 
172.00667083693375 20.0 0.0 1.0 135.0 14230.345133748226 14229.651851851839 14232.777777777797 
173.00667083693375 21.0 0.0 1.0 135.0 14230.275805558571 14229.651851851839 14232.777777777797 
174.00667083693375 22.0 0.0 0.0 135.0 14230.21341018789 14229.651851851839 14232.777777777797 
175.00667083693375 22.0 0.0 0.0 135.0 14230.469846946873 14232.777777777797 14232.777777777797 
176.00667083693375 22.0 0.0 0.0 135.0 14230.700640029963 14232.777777777797 14232.777777777797 
177.00667083693375 22.0 0.0 0.0 135.0 14230.908353804743 14232.777777777797 14232.777777777797 
178.00667083693375 22.0 0.0 0.0 135.0 14231.095296202082 14232.777777777797 14232.777777777797 
179.00667083693375 22.0 0.0 1.0 135.0 14231.263544359625 14232.777777777797 14232.777777777797 
180.00667083693375 23.0 0.0 1.0 135.0 14229.653486219975 14215.162962962962 14232.777777777797 
181.00667083693375 23.0 0.0 1.0 135.0 14229.653322783151 14229.651851851839 14232.777777777797 
182.00667083693375 24.0 0.0 0.0 135.0 14229.65317569004 14229.651851851839 14232.777777777797 
183.00667083693375 24.0 0.0 0.0 135.0 14229.965635898814 14232.777777777797 14232.777777777797 
184.00667083693375 24.0 0.0 0.0 135.0 14230.246850086696 14232.777777777797 14232.777777777797 
185.00667083693375 24.0 0.0 0.0 135.0 14230.499942855786 14232.777777777797 14232.777777777797 
186.00667083693375 24.0 0.0 0.0 135.0 14230.727726348015 14232.777777777797 14232.777777777797 
187.00667083693375 24.0 0.0 0.0 135.0 14230.932731490979 14232.777777777797 14232.777777777797 
188.00667083693375 24.0 0.0 0.0 135.0 14231.117236119635 14232.777777777797 14232.777777777797 
189.00667083693375 24.0 0.0 0.0 135.0 14231.283290285468 14232.777777777797 14232.777777777797 
190.00667083693375 24.0 0.0 0.0 135.0 14231.432739034697 14232.777777777797 14232.777777777797 
191.00667083693375 24.0 0.0 0.0 135.0 14231.567242909021 14232.777777777797 14232.777777777797 
192.00667083693375 24.0 0.0 1.0 135.0 14231.68829639588 14232.777777777797 14232.777777777797 
193.00667083693375 24.0 0.0 1.0 135.0 14231.484651941479 14229.651851851839 14232.777777777797 
194.00667083693375 25.0 0.0 0.0 135.0 14231.301371932532 14229.651851851839 14232.777777777797 
195.00667083693375 25.0 0.0 0.0 135.0 14231.449012517067 14232.777777777797 14232.777777777797 
196.00667083693375 25.0 0.0 0.0 135.0 14231.581889043131 14232.777777777797 14232.777777777797 
197.00667083693375 25.0 0.0 1.0 135.0 14231.70147791658 14232.777777777797 14232.777777777797 
198.00667083693375 26.0 0.0 0.0 135.0 14230.047626421212 14215.162962962962 14232.777777777797 
199.00667083693375 26.0 0.0 0.0 135.0 14230.320641556862 14232.777777777797 14232.777777777797 
200.00667083693375 26.0 0.0 0.0 135.0 14230.566355178958 14232.777777777797 14232.777777777797 
201.00667083693375 26.0 0.0 0.0 135.0 14230.787497438832 14232.777777777797 14232.777777777797 
202.00667083693375 26.0 0.0 1.0 135.0 14230.986525472754 14232.777777777797 14232.777777777797 
203.00667083693375 27.0 0.0 0.0 135.0 14230.853058110633 14229.651851851839 14232.777777777797 
204.00667083693375 27.0 0.0 1.0 135.0 14231.045530077357 14232.777777777797 14232.777777777797 
205.00667083693375 28.0 0.0 0.0 135.0 14230.906162254807 14229.651851851839 14232.777777777797 
206.00667083693375 28.0 0.0 0.0 135.0 14231.093323807127 14232.777777777797 14232.777777777797 
207.00667083693375 28.0 0.0 0.0 135.0 14231.261769204184 14232.777777777797 14232.777777777797 
208.00667083693375 28.0 0.0 0.0 135.0 14231.413370061548 14232.777777777797 14232.777777777797 
209.00667083693375 28.0 0.0 0.0 135.0 14231.549810833163 14232.777777777797 14232.777777777797 
210.00667083693375 28.0 0.0 0.0 135.0 14231.67260752764 14232.777777777797 14232.777777777797 
211.00667083693375 28.0 0.0 1.0 135.0 14231.78312455263 14232.777777777797 14232.777777777797 
212.00667083693375 29.0 0.0 1.0 135.0 14231.569997282564 14229.651851851839 14232.777777777797 
213.00667083693375 29.0 0.0 2.0 135.0 14231.378182739492 14229.651851851839 14232.777777777797 
214.00667083693375 30.0 0.0 1.0 135.0 14230.892957058139 14226.525925925918 14232.777777777797 
215.00667083693375 31.0 0.0 0.0 135.0 14230.768846537532 14229.651851851839 14232.777777777797 
216.00667083693375 31.0 0.0 0.0 135.0 14230.969739661514 14232.777777777797 14232.777777777797 
217.00667083693375 31.0 0.0 0.0 135.0 14231.150543473133 14232.777777777797 14232.777777777797 
218.00667083693375 31.0 0.0 0.0 135.0 14231.313266903611 14232.777777777797 14232.777777777797 
219.00667083693375 31.0 0.0 1.0 135.0 14231.459717991016 14232.777777777797 14232.777777777797 
220.00667083693375 32.0 0.0 2.0 135.0 14231.278931377103 14229.651851851839 14232.777777777797 
221.00667083693375 34.0 0.0 2.0 135.0 14230.803630832 14226.525925925918 14232.777777777797 
222.00667083693375 36.0 0.0 0.0 135.0 14230.375860341408 14226.525925925918 14232.777777777797 
223.00667083693375 36.0 0.0 0.0 135.0 14230.616052085008 14232.777777777797 14232.777777777797 
224.00667083693375 36.0 0.0 0.0 135.0 14230.832224654318 14232.777777777797 14232.777777777797 
225.00667083693375 36.0 0.0 1.0 135.0 14231.026779966642 14232.777777777797 14232.777777777797 
226.00667083693375 36.0 0.0 1.0 135.0 14230.889287155193 14229.651851851839 14232.777777777797 
227.00667083693375 37.0 0.0 0.0 135.0 14230.765543624837 14229.651851851839 14232.777777777797 
228.00667083693375 37.0 0.0 2.0 135.0 14230.966767040158 14232.777777777797 14232.777777777797 
229.00667083693375 39.0 0.0 1.0 135.0 14229.073794039825 14212.037037037013 14232.777777777797 
230.00667083693375 39.0 0.0 1.0 135.0 14229.13159982104 14229.651851851839 14232.777777777797 
231.00667083693375 40.0 0.0 1.0 135.0 14229.183625024101 14229.651851851839 14232.777777777797 
232.00667083693375 40.0 0.0 1.0 135.0 14229.23044770688 14229.651851851839 14232.777777777797 
233.00667083693375 41.0 0.0 0.0 135.0 14229.27258812138 14229.651851851839 14232.777777777797 
234.00667083693375 41.0 0.0 0.0 135.0 14229.623107087018 14232.777777777797 14232.777777777797 
235.00667083693375 41.0 0.0 1.0 135.0 14229.93857415609 14232.777777777797 14232.777777777797 
236.00667083693375 41.0 0.0 1.0 135.0 14229.90990192567 14229.651851851839 14232.777777777797 
237.00667083693375 42.0 0.0 0.0 135.0 14229.88409691828 14229.651851851839 14232.777777777797 
238.00667083693375 42.0 0.0 0.0 135.0 14230.173465004262 14232.777777777797 14232.777777777797 
239.00667083693375 42.0 0.0 0.0 135.0 14230.433896281585 14232.777777777797 14232.777777777797 
240.00667083693375 42.0 0.0 0.0 135.0 14230.668284431225 14232.777777777797 14232.777777777797 
241.00667083693375 42.0 0.0 1.0 135.0 14230.879233765861 14232.777777777797 14232.777777777797 
242.00667083693375 43.0 0.0 0.0 135.0 14230.756495574451 14229.651851851839 14232.777777777797 
243.00667083693375 43.0 0.0 0.0 135.0 14230.95862379478 14232.777777777797 14232.777777777797 
244.00667083693375 43.0 0.0 0.0 135.0 14231.140539193113 14232.777777777797 14232.777777777797 
245.00667083693375 43.0 0.0 1.0 135.0 14231.304263051547 14232.777777777797 14232.777777777797 
246.00667083693375 44.0 0.0 1.0 135.0 14229.690133042697 14215.162962962962 14232.777777777797 
247.00667083693375 45.0 0.0 0.0 135.0 14229.686304923624 14229.651851851839 14232.777777777797 
248.00667083693375 45.0 0.0 0.0 135.0 14229.995452209023 14232.777777777797 14232.777777777797 
249.00667083693375 45.0 0.0 0.0 135.0 14230.273684765909 14232.777777777797 14232.777777777797 
250.00667083693375 45.0 0.0 1.0 135.0 14230.524094067121 14232.777777777797 14232.777777777797 
251.00667083693375 46.0 0.0 0.0 135.0 14228.987980956686 14215.162962962962 14232.777777777797 
252.00667083693375 46.0 0.0 0.0 135.0 14229.36696063878 14232.777777777797 14232.777777777797 
253.00667083693375 46.0 0.0 0.0 135.0 14229.708042352688 14232.777777777797 14232.777777777797 
254.00667083693375 46.0 0.0 0.0 135.0 14230.015015895176 14232.777777777797 14232.777777777797 
255.00667083693375 46.0 0.0 0.0 135.0 14230.29129208346 14232.777777777797 14232.777777777797 
256.0066708369337 46.0 0.0 0.0 135.0 14230.53994065288 14232.777777777797 14232.777777777797 
257.0066708369337 46.0 0.0 0.0 135.0 14230.76372436539 14232.777777777797 14232.777777777797 
258.0066708369337 46.0 0.0 1.0 135.0 14230.965129706616 14232.777777777797 14232.777777777797 
259.0066708369337 47.0 0.0 1.0 135.0 14229.384913032254 14215.162962962962 14232.777777777797 
260.0066708369337 48.0 0.0 0.0 135.0 14229.411606914211 14229.651851851839 14232.777777777797 
261.0066708369337 48.0 0.0 0.0 135.0 14229.748224000554 14232.777777777797 14232.777777777797 
262.0066708369337 48.0 0.0 0.0 135.0 14230.051179378284 14232.777777777797 14232.777777777797 
263.0066708369337 48.0 0.0 0.0 135.0 14230.323839218256 14232.777777777797 14232.777777777797 
264.0066708369337 48.0 0.0 0.0 135.0 14230.569233074202 14232.777777777797 14232.777777777797 
265.0066708369337 48.0 0.0 0.0 135.0 14230.79008754453 14232.777777777797 14232.777777777797 
266.0066708369337 48.0 0.0 1.0 135.0 14230.988856567883 14232.777777777797 14232.777777777797 
267.0066708369337 48.0 0.0 1.0 135.0 14230.855156096284 14229.651851851839 14232.777777777797 
268.0066708369337 48.0 0.0 1.0 135.0 14230.734825671801 14229.651851851839 14232.777777777797 
269.0066708369337 49.0 0.0 0.0 135.0 14230.626528289813 14229.651851851839 14232.777777777797 
270.0066708369337 49.0 0.0 0.0 135.0 14230.841653238636 14232.777777777797 14232.777777777797 
271.0066708369337 49.0 0.0 0.0 135.0 14231.035265692555 14232.777777777797 14232.777777777797 
272.0066708369337 49.0 0.0 0.0 135.0 14231.209516901064 14232.777777777797 14232.777777777797 
273.0066708369337 49.0 0.0 0.0 135.0 14231.366342988707 14232.777777777797 14232.777777777797 
274.0066708369337 49.0 0.0 0.0 135.0 14231.50748646764 14232.777777777797 14232.777777777797 
275.0066708369337 49.0 0.0 0.0 135.0 14231.634515598658 14232.777777777797 14232.777777777797 
276.0066708369337 49.0 0.0 0.0 135.0 14231.748841816576 14232.777777777797 14232.777777777797 
277.0066708369337 49.0 0.0 1.0 135.0 14231.851735412689 14232.777777777797 14232.777777777797 
278.0066708369337 49.0 0.0 1.0 135.0 14231.631747056615 14229.651851851839 14232.777777777797 
279.0066708369337 50.0 0.0 0.0 135.0 14231.433757536137 14229.651851851839 14232.777777777797 
280.0066708369337 50.0 0.0 0.0 135.0 14231.568159560295 14232.777777777797 14232.777777777797 
281.0066708369337 50.0 0.0 0.0 135.0 14231.689121382025 14232.777777777797 14232.777777777797 
282.0066708369337 50.0 0.0 0.0 135.0 14231.79798702163 14232.777777777797 14232.777777777797 
283.0066708369337 50.0 0.0 2.0 135.0 14231.895966097223 14232.777777777797 14232.777777777797 
284.0066708369337 50.0 0.0 2.0 135.0 14231.358962080089 14226.525925925918 14232.777777777797 
285.0066708369337 52.0 0.0 0.0 135.0 14230.875658464676 14226.525925925918 14232.777777777797 
286.0066708369337 52.0 0.0 0.0 135.0 14231.065870395983 14232.777777777797 14232.777777777797 
287.0066708369337 52.0 0.0 0.0 135.0 14231.237061134178 14232.777777777797 14232.777777777797 
288.0066708369337 52.0 0.0 1.0 135.0 14231.391132798546 14232.777777777797 14232.777777777797 
289.0066708369337 53.0 0.0 0.0 135.0 14231.217204703868 14229.651851851839 14232.777777777797 
290.0066708369337 53.0 0.0 0.0 135.0 14231.373262011275 14232.777777777797 14232.777777777797 
291.0066708369337 53.0 0.0 1.0 135.0 14231.513713587898 14232.777777777797 14232.777777777797 
292.0066708369337 54.0 0.0 0.0 135.0 14229.878638525412 14215.162962962962 14232.777777777797 
293.0066708369337 54.0 0.0 0.0 135.0 14230.168552450677 14232.777777777797 14232.777777777797 
294.0066708369337 54.0 0.0 0.0 135.0 14230.429474983363 14232.777777777797 14232.777777777797 
295.0066708369337 54.0 0.0 0.0 135.0 14230.6643052628 14232.777777777797 14232.777777777797 
296.0066708369337 54.0 0.0 0.0 135.0 14230.875652514298 14232.777777777797 14232.777777777797 
297.0066708369337 54.0 0.0 0.0 135.0 14231.065865040637 14232.777777777797 14232.777777777797 
298.0066708369337 54.0 0.0 0.0 135.0 14231.237056314365 14232.777777777797 14232.777777777797 
299.0066708369337 54.0 0.0 0.0 135.0 14231.391128460697 14232.777777777797 14232.777777777797 
300.0066708369337 54.0 0.0 0.0 135.0 14231.529793392414 14232.777777777797 14232.777777777797 
301.0066708369337 54.0 0.0 0.0 135.0 14231.654591830968 14232.777777777797 14232.777777777797 
302.0066708369337 54.0 0.0 0.0 135.0 14231.766910425635 14232.777777777797 14232.777777777797 
303.0066708369337 54.0 0.0 0.0 135.0 14231.867997160824 14232.777777777797 14232.777777777797 
304.0066708369337 54.0 0.0 0.0 135.0 14231.958975222553 14232.777777777797 14232.777777777797 
305.0066708369337 54.0 0.0 0.0 135.0 14232.040855478077 14232.777777777797 14232.777777777797 
306.0066708369337 54.0 0.0 0.0 135.0 14232.114547708015 14232.777777777797 14232.777777777797 
307.0066708369337 54.0 0.0 0.0 135.0 14232.180870714985 14232.777777777797 14232.777777777797 
308.0066708369337 54.0 0.0 1.0 135.0 14232.2405614213 14232.777777777797 14232.777777777797 
309.0066708369337 55.0 0.0 0.0 135.0 14231.98169046436 14229.651851851839 14232.777777777797 
310.0066708369337 55.0 0.0 0.0 135.0 14232.061299195684 14232.777777777797 14232.777777777797 
311.0066708369337 55.0 0.0 1.0 135.0 14232.132947053891 14232.777777777797 14232.777777777797 
312.0066708369337 55.0 0.0 1.0 135.0 14231.884837533707 14229.651851851839 14232.777777777797 
313.0066708369337 56.0 0.0 0.0 135.0 14231.661538965487 14229.651851851839 14232.777777777797 
314.0066708369337 56.0 0.0 2.0 135.0 14231.773162846757 14232.777777777797 14232.777777777797 
315.0066708369337 58.0 0.0 0.0 135.0 14229.799550265756 14212.037037037013 14232.777777777797 
316.0066708369337 58.0 0.0 0.0 135.0 14230.097373016968 14232.777777777797 14232.777777777797 
317.0066708369337 58.0 0.0 2.0 135.0 14230.365413493064 14232.777777777797 14232.777777777797 
318.0066708369337 59.0 0.0 1.0 135.0 14229.98146473634 14226.525925925918 14232.777777777797 
319.0066708369337 60.0 0.0 0.0 135.0 14229.948503447866 14229.651851851839 14232.777777777797 
320.0066708369337 60.0 0.0 0.0 135.0 14230.231430880875 14232.777777777797 14232.777777777797 
321.0066708369337 60.0 0.0 0.0 135.0 14230.486065570556 14232.777777777797 14232.777777777797 
322.0066708369337 60.0 0.0 0.0 135.0 14230.715236791291 14232.777777777797 14232.777777777797 
323.0066708369337 60.0 0.0 0.0 135.0 14230.921490889921 14232.777777777797 14232.777777777797 
324.0066708369337 60.0 0.0 1.0 135.0 14231.10711957872 14232.777777777797 14232.777777777797 
325.0066708369337 60.0 0.0 1.0 135.0 14230.961592806032 14229.651851851839 14232.777777777797 
326.0066708369337 61.0 0.0 0.0 135.0 14230.8306187106 14229.651851851839 14232.777777777797 
327.0066708369337 61.0 0.0 0.0 135.0 14231.025334617318 14232.777777777797 14232.777777777797 
328.0066708369337 61.0 0.0 0.0 135.0 14231.200578933393 14232.777777777797 14232.777777777797 
329.0066708369337 61.0 0.0 1.0 135.0 14231.358298817824 14232.777777777797 14232.777777777797 
330.0066708369337 62.0 0.0 0.0 135.0 14231.18765412122 14229.651851851839 14232.777777777797 
331.0066708369337 62.0 0.0 0.0 135.0 14231.34666648685 14232.777777777797 14232.777777777797 
332.0066708369337 62.0 0.0 0.0 135.0 14231.489777615947 14232.777777777797 14232.777777777797 
333.0066708369337 62.0 0.0 0.0 135.0 14231.618577632158 14232.777777777797 14232.777777777797 
334.0066708369337 62.0 0.0 1.0 135.0 14231.734497646707 14232.777777777797 14232.777777777797 
335.0066708369337 63.0 0.0 0.0 135.0 14231.526233067201 14229.651851851839 14232.777777777797 
336.0066708369337 63.0 0.0 0.0 135.0 14231.651387538273 14232.777777777797 14232.777777777797 
337.0066708369337 63.0 0.0 2.0 135.0 14231.764026562238 14232.777777777797 14232.777777777797 
338.0066708369337 64.0 0.0 1.0 135.0 14229.791327609726 14212.037037037013 14232.777777777797 
339.0066708369337 65.0 0.0 0.0 135.0 14229.777380033915 14229.651851851839 14232.777777777797 
340.0066708369337 65.0 0.0 0.0 135.0 14230.077419808285 14232.777777777797 14232.777777777797 
341.0066708369337 65.0 0.0 2.0 135.0 14230.347455605255 14232.777777777797 14232.777777777797 
342.0066708369337 65.0 0.0 2.0 135.0 14229.965302637333 14226.525925925918 14232.777777777797 
343.0066708369337 67.0 0.0 0.0 135.0 14229.621364966182 14226.525925925918 14232.777777777797 
344.0066708369337 67.0 0.0 1.0 135.0 14229.937006247354 14232.777777777797 14232.777777777797 
345.0066708369337 68.0 0.0 0.0 135.0 14229.908490807813 14229.651851851839 14232.777777777797 
346.0066708369337 68.0 0.0 1.0 135.0 14230.195419504811 14232.777777777797 14232.777777777797 
347.0066708369337 68.0 0.0 1.0 135.0 14230.141062739482 14229.651851851839 14232.777777777797 
348.0066708369337 69.0 0.0 1.0 135.0 14230.092141650748 14229.651851851839 14232.777777777797 
349.0066708369337 69.0 0.0 1.0 135.0 14230.048112670824 14229.651851851839 14232.777777777797 
350.0066708369337 70.0 0.0 0.0 135.0 14230.008486588942 14229.651851851839 14232.777777777797 
351.0066708369337 70.0 0.0 0.0 135.0 14230.285415707809 14232.777777777797 14232.777777777797 
352.0066708369337 70.0 0.0 0.0 135.0 14230.534651914812 14232.777777777797 14232.777777777797 
353.0066708369337 70.0 0.0 1.0 135.0 14230.758964501138 14232.777777777797 14232.777777777797 
354.0066708369337 70.0 0.0 2.0 135.0 14230.648253236188 14229.651851851839 14232.777777777797 
355.0066708369337 72.0 0.0 1.0 135.0 14230.23602050515 14226.525925925918 14232.777777777797 
356.0066708369337 73.0 0.0 0.0 135.0 14230.17760363983 14229.651851851839 14232.777777777797 
357.0066708369337 73.0 0.0 0.0 135.0 14230.43762105363 14232.777777777797 14232.777777777797 
358.0066708369337 73.0 0.0 1.0 135.0 14230.671636726061 14232.777777777797 14232.777777777797 
359.0066708369337 74.0 0.0 0.0 135.0 14230.569658238603 14229.651851851839 14232.777777777797 
360.0066708369337 74.0 0.0 4.0 135.0 14230.790470192544 14232.777777777797 14232.777777777797 
361.0066708369337 78.0 0.0 0.0 135.0 14228.289941691814 14205.785185185186 14232.777777777797 
362.0066708369337 78.0 0.0 0.0 135.0 14228.738725300396 14232.777777777797 14232.777777777797 
363.0066708369337 78.0 0.0 0.0 135.0 14229.142630548142 14232.777777777797 14232.777777777797 
364.0066708369337 78.0 0.0 0.0 135.0 14229.506145271107 14232.777777777797 14232.777777777797 
365.0066708369337 78.0 0.0 1.0 135.0 14229.833308521784 14232.777777777797 14232.777777777797 
366.0066708369337 79.0 0.0 0.0 135.0 14229.815162854798 14229.651851851839 14232.777777777797 
367.0066708369337 79.0 0.0 0.0 135.0 14230.111424347084 14232.777777777797 14232.777777777797 
368.0066708369337 79.0 0.0 0.0 135.0 14230.378059690162 14232.777777777797 14232.777777777797 
369.0066708369337 79.0 0.0 0.0 135.0 14230.61803149892 14232.777777777797 14232.777777777797 
370.0066708369337 79.0 0.0 0.0 135.0 14230.834006126792 14232.777777777797 14232.777777777797 
371.0066708369337 79.0 0.0 0.0 135.0 14231.028383291905 14232.777777777797 14232.777777777797 
372.0066708369337 79.0 0.0 1.0 135.0 14231.203322740475 14232.777777777797 14232.777777777797 
373.0066708369337 80.0 0.0 0.0 135.0 14231.048175651638 14229.651851851839 14232.777777777797 
374.0066708369337 80.0 0.0 0.0 135.0 14231.22113586422 14232.777777777797 14232.777777777797 
375.0066708369337 80.0 0.0 0.0 135.0 14231.376800055577 14232.777777777797 14232.777777777797 
376.0066708369337 80.0 0.0 1.0 135.0 14231.516897827789 14232.777777777797 14232.777777777797 
377.0066708369337 81.0 0.0 0.0 135.0 14231.330393230211 14229.651851851839 14232.777777777797 
378.0066708369337 81.0 0.0 0.0 135.0 14231.475131684994 14232.777777777797 14232.777777777797 
379.0066708369337 81.0 0.0 0.0 135.0 14231.605396294242 14232.777777777797 14232.777777777797 
380.0066708369337 81.0 0.0 1.0 135.0 14231.72263444259 14232.777777777797 14232.777777777797 
381.0066708369337 81.0 0.0 1.0 135.0 14231.515556183518 14229.651851851839 14232.777777777797 
382.0066708369337 82.0 0.0 0.0 135.0 14231.329185750372 14229.651851851839 14232.777777777797 
383.0066708369337 82.0 0.0 1.0 135.0 14231.474044953107 14232.777777777797 14232.777777777797 
384.0066708369337 83.0 0.0 1.0 135.0 14231.291825642986 14229.651851851839 14232.777777777797 
385.0066708369337 83.0 0.0 1.0 135.0 14231.12782826384 14229.651851851839 14232.777777777797 
386.0066708369337 83.0 0.0 1.0 135.0 14230.980230622645 14229.651851851839 14232.777777777797 
387.0066708369337 84.0 0.0 1.0 135.0 14230.847392745594 14229.651851851839 14232.777777777797 
388.0066708369337 84.0 0.0 2.0 135.0 14230.727838656221 14229.651851851839 14232.777777777797 
389.0066708369337 86.0 0.0 0.0 135.0 14230.30764738319 14226.525925925918 14232.777777777797 
390.0066708369337 86.0 0.0 0.0 135.0 14230.554660422642 14232.777777777797 14232.777777777797 
391.0066708369337 86.0 0.0 0.0 135.0 14230.776972158172 14232.777777777797 14232.777777777797 
392.0066708369337 86.0 0.0 0.0 135.0 14230.977052720122 14232.777777777797 14232.777777777797 
393.0066708369337 86.0 0.0 0.0 135.0 14231.157125225873 14232.777777777797 14232.777777777797 
394.0066708369337 86.0 0.0 0.0 135.0 14231.319190481074 14232.777777777797 14232.777777777797 
395.0066708369337 86.0 0.0 0.0 135.0 14231.465049210758 14232.777777777797 14232.777777777797 
396.0066708369337 86.0 0.0 0.0 135.0 14231.59632206744 14232.777777777797 14232.777777777797 
397.0066708369337 86.0 0.0 0.0 135.0 14231.714467638476 14232.777777777797 14232.777777777797 
398.0066708369337 86.0 0.0 2.0 135.0 14231.820798652412 14232.777777777797 14232.777777777797 
399.0066708369337 87.0 0.0 2.0 135.0 14231.291311379762 14226.525925925918 14232.777777777797 
400.0066708369337 87.0 0.0 3.0 135.0 14230.81477283437 14226.525925925918 14232.777777777797 
401.0066708369337 90.0 0.0 0.0 135.0 14230.073295550963 14223.400000000001 14232.777777777797 
402.0066708369337 90.0 0.0 1.0 135.0 14230.343743773614 14232.777777777797 14232.777777777797 
403.0066708369337 90.0 0.0 1.0 135.0 14230.27455458144 14229.651851851839 14232.777777777797 
404.0066708369337 91.0 0.0 0.0 135.0 14230.212284308485 14229.651851851839 14232.777777777797 
405.0066708369337 91.0 0.0 1.0 135.0 14230.468833655405 14232.777777777797 14232.777777777797 
406.0066708369337 92.0 0.0 1.0 135.0 14230.387135475044 14229.651851851839 14232.777777777797 
407.0066708369337 93.0 0.0 0.0 135.0 14230.31360711274 14229.651851851839 14232.777777777797 
408.0066708369337 93.0 0.0 0.0 135.0 14230.560024179225 14232.777777777797 14232.777777777797 
409.0066708369337 93.0 0.0 0.0 135.0 14230.781799539105 14232.777777777797 14232.777777777797 
410.0066708369337 93.0 0.0 0.0 135.0 14230.981397362959 14232.777777777797 14232.777777777797 
411.0066708369337 93.0 0.0 0.0 135.0 14231.161035404442 14232.777777777797 14232.777777777797 
412.0066708369337 93.0 0.0 0.0 135.0 14231.322709641769 14232.777777777797 14232.777777777797 
413.0066708369337 93.0 0.0 0.0 135.0 14231.46821645537 14232.777777777797 14232.777777777797 
414.0066708369337 93.0 0.0 0.0 135.0 14231.599172587628 14232.777777777797 14232.777777777797 
415.0066708369337 93.0 0.0 1.0 135.0 14231.717033106648 14232.777777777797 14232.777777777797 
416.0066708369337 94.0 0.0 0.0 135.0 14231.510514981177 14229.651851851839 14232.777777777797 
417.0066708369337 94.0 0.0 1.0 135.0 14231.637241260805 14232.777777777797 14232.777777777797 
418.0066708369337 95.0 0.0 1.0 135.0 14231.4387023199 14229.651851851839 14232.777777777797 
419.0066708369337 95.0 0.0 1.0 135.0 14231.26001727312 14229.651851851839 14232.777777777797 
420.0066708369337 96.0 0.0 0.0 135.0 14231.099200730987 14229.651851851839 14232.777777777797 
421.0066708369337 96.0 0.0 0.0 135.0 14231.267058435662 14232.777777777797 14232.777777777797 
422.0066708369337 96.0 0.0 0.0 135.0 14231.418130369892 14232.777777777797 14232.777777777797 
423.0066708369337 96.0 0.0 0.0 135.0 14231.55409511069 14232.777777777797 14232.777777777797 
424.0066708369337 96.0 0.0 1.0 135.0 14231.676463377358 14232.777777777797 14232.777777777797 
425.0066708369337 97.0 0.0 1.0 135.0 14231.474002224815 14229.651851851839 14232.777777777797 
426.0066708369337 97.0 0.0 1.0 135.0 14231.291787187514 14229.651851851839 14232.777777777797 
427.0066708369337 98.0 0.0 0.0 135.0 14231.127793653959 14229.651851851839 14232.777777777797 
428.0066708369337 98.0 0.0 0.0 135.0 14231.292792066353 14232.777777777797 14232.777777777797 
429.0066708369337 98.0 0.0 2.0 135.0 14231.441290637493 14232.777777777797 14232.777777777797 
430.0066708369337 100.0 0.0 0.0 135.0 14230.949754166331 14226.525925925918 14232.777777777797 
431.0066708369337 100.0 0.0 1.0 135.0 14231.132556527476 14232.777777777797 14232.777777777797 
432.0066708369337 101.0 0.0 2.0 135.0 14230.984486059915 14229.651851851839 14232.777777777797 
433.0066708369337 103.0 0.0 1.0 135.0 14229.089741157639 14212.037037037013 14232.777777777797 
434.0066708369337 104.0 0.0 0.0 135.0 14229.14595222704 14229.651851851839 14232.777777777797 
435.0066708369337 104.0 0.0 2.0 135.0 14229.509134782133 14232.777777777797 14232.777777777797 
436.0066708369337 105.0 0.0 1.0 135.0 14227.761925007617 14212.037037037013 14232.777777777797 
437.0066708369337 106.0 0.0 0.0 135.0 14227.950917692044 14229.651851851839 14232.777777777797 
438.0066708369337 106.0 0.0 0.0 135.0 14228.433603700601 14232.777777777797 14232.777777777797 
439.0066708369337 106.0 0.0 0.0 135.0 14228.868021108337 14232.777777777797 14232.777777777797 
440.0066708369337 106.0 0.0 1.0 135.0 14229.258996775265 14232.777777777797 14232.777777777797 
441.0066708369337 107.0 0.0 1.0 135.0 14229.298282282944 14229.651851851839 14232.777777777797 
442.0066708369337 108.0 0.0 0.0 135.0 14227.88475035093 14215.162962962962 14232.777777777797 
443.0066708369337 108.0 0.0 0.0 135.0 14228.374053093628 14232.777777777797 14232.777777777797 
444.0066708369337 108.0 0.0 0.0 135.0 14228.814425562028 14232.777777777797 14232.777777777797 
445.0066708369337 108.0 0.0 0.0 135.0 14229.210760783593 14232.777777777797 14232.777777777797 
446.0066708369337 108.0 0.0 0.0 135.0 14229.56746248302 14232.777777777797 14232.777777777797 
447.0066708369337 108.0 0.0 1.0 135.0 14229.888494012499 14232.777777777797 14232.777777777797 
448.0066708369337 109.0 0.0 0.0 135.0 14229.86482979643 14229.651851851839 14232.777777777797 
449.0066708369337 109.0 0.0 0.0 135.0 14230.156124594547 14232.777777777797 14232.777777777797 
450.0066708369337 109.0 0.0 1.0 135.0 14230.418289912905 14232.777777777797 14232.777777777797 
451.0066708369337 110.0 0.0 0.0 135.0 14230.341646106797 14229.651851851839 14232.777777777797 
452.0066708369337 110.0 0.0 1.0 135.0 14230.585259273892 14232.777777777797 14232.777777777797 
453.0066708369337 111.0 0.0 0.0 135.0 14230.491918531668 14229.651851851839 14232.777777777797 
454.0066708369337 111.0 0.0 2.0 135.0 14230.720504456287 14232.777777777797 14232.777777777797 
455.0066708369337 113.0 0.0 0.0 135.0 14228.852157714387 14212.037037037013 14232.777777777797 
456.0066708369337 113.0 0.0 0.0 135.0 14229.24471972072 14232.777777777797 14232.777777777797 
457.0066708369337 113.0 0.0 0.0 135.0 14229.59802552643 14232.777777777797 14232.777777777797 
458.0066708369337 113.0 0.0 0.0 135.0 14229.916000751553 14232.777777777797 14232.777777777797 
459.0066708369337 113.0 0.0 0.0 135.0 14230.202178454174 14232.777777777797 14232.777777777797 
460.0066708369337 113.0 0.0 0.0 135.0 14230.459738386515 14232.777777777797 14232.777777777797 
461.0066708369337 113.0 0.0 0.0 135.0 14230.691542325647 14232.777777777797 14232.777777777797 
462.0066708369337 113.0 0.0 0.0 135.0 14230.900165870871 14232.777777777797 14232.777777777797 
463.0066708369337 113.0 0.0 0.0 135.0 14231.087927061546 14232.777777777797 14232.777777777797 
464.0066708369337 113.0 0.0 0.0 135.0 14231.256912133178 14232.777777777797 14232.777777777797 
465.0066708369337 113.0 0.0 0.0 135.0 14231.408998697652 14232.777777777797 14232.777777777797 
466.0066708369337 113.0 0.0 0.0 135.0 14231.545876605649 14232.777777777797 14232.777777777797 
467.0066708369337 113.0 0.0 0.0 135.0 14231.66906672286 14232.777777777797 14232.777777777797 
468.0066708369337 113.0 0.0 0.0 135.0 14231.779937828367 14232.777777777797 14232.777777777797 
469.0066708369337 113.0 0.0 0.0 135.0 14231.879721823298 14232.777777777797 14232.777777777797 
470.0066708369337 113.0 0.0 0.0 135.0 14231.969527418762 14232.777777777797 14232.777777777797 
471.0066708369337 113.0 0.0 1.0 135.0 14232.050352454648 14232.777777777797 14232.777777777797 
472.0066708369337 114.0 0.0 1.0 135.0 14230.361613505464 14215.162962962962 14232.777777777797 
473.0066708369337 115.0 0.0 1.0 135.0 14228.841748451241 14215.162962962962 14232.777777777797 
474.0066708369337 116.0 0.0 0.0 135.0 14228.9227587913 14229.651851851839 14232.777777777797 
475.0066708369337 116.0 0.0 1.0 135.0 14229.308260689928 14232.777777777797 14232.777777777797 
476.0066708369337 117.0 0.0 0.0 135.0 14229.342619806122 14229.651851851839 14232.777777777797 
477.0066708369337 117.0 0.0 0.0 135.0 14229.686135603277 14232.777777777797 14232.777777777797 
478.0066708369337 117.0 0.0 0.0 135.0 14229.995299820728 14232.777777777797 14232.777777777797 
479.0066708369337 117.0 0.0 0.0 135.0 14230.27354761644 14232.777777777797 14232.777777777797 
480.0066708369337 117.0 0.0 0.0 135.0 14230.52397063258 14232.777777777797 14232.777777777797 
481.0066708369337 117.0 0.0 0.0 135.0 14230.749351347096 14232.777777777797 14232.777777777797 
482.0066708369337 117.0 0.0 2.0 135.0 14230.952193990188 14232.777777777797 14232.777777777797 
483.0066708369337 119.0 0.0 1.0 135.0 14229.06067829486 14212.037037037013 14232.777777777797 
484.0066708369337 119.0 0.0 2.0 135.0 14229.119795650553 14229.651851851839 14232.777777777797 
485.0066708369337 120.0 0.0 1.0 135.0 14228.860408678087 14226.525925925918 14232.777777777797 
486.0066708369337 121.0 0.0 0.0 135.0 14228.939552995469 14229.651851851839 14232.777777777797 
487.0066708369337 121.0 0.0 0.0 135.0 14229.323375473685 14232.777777777797 14232.777777777797 
488.0066708369337 121.0 0.0 1.0 135.0 14229.668815704124 14232.777777777797 14232.777777777797 
489.0066708369337 121.0 0.0 1.0 135.0 14229.667119318896 14229.651851851839 14232.777777777797 
490.0066708369337 121.0 0.0 1.0 135.0 14229.66559257217 14229.651851851839 14232.777777777797 
491.0066708369337 122.0 0.0 1.0 135.0 14229.664218500135 14229.651851851839 14232.777777777797 
492.0066708369337 123.0 0.0 0.0 135.0 14229.662981835305 14229.651851851839 14232.777777777797 
493.0066708369337 123.0 0.0 0.0 135.0 14229.974461429583 14232.777777777797 14232.777777777797 
494.0066708369337 123.0 0.0 1.0 135.0 14230.254793064358 14232.777777777797 14232.777777777797 
495.0066708369337 124.0 0.0 0.0 135.0 14230.194498943116 14229.651851851839 14232.777777777797 
496.0066708369337 124.0 0.0 1.0 135.0 14230.45282682659 14232.777777777797 14232.777777777797 
497.0066708369337 125.0 0.0 0.0 135.0 14230.372729329105 14229.651851851839 14232.777777777797 
498.0066708369337 125.0 0.0 0.0 135.0 14230.613234173996 14232.777777777797 14232.777777777797 
499.0066708369337 125.0 0.0 0.0 135.0 14230.82968853436 14232.777777777797 14232.777777777797 
500.0066708369337 125.0 0.0 0.0 135.0 14231.0244974587 14232.777777777797 14232.777777777797 
501.0066708369337 125.0 0.0 0.0 135.0 14231.199825490621 14232.777777777797 14232.777777777797 
502.0066708369337 125.0 0.0 0.0 135.0 14231.357620719311 14232.777777777797 14232.777777777797 
503.0066708369337 125.0 0.0 0.0 135.0 14231.499636425177 14232.777777777797 14232.777777777797 
504.0066708369337 125.0 0.0 0.0 135.0 14231.627450560427 14232.777777777797 14232.777777777797 
505.0066708369337 125.0 0.0 0.0 135.0 14231.742483282169 14232.777777777797 14232.777777777797 
506.0066708369337 125.0 0.0 0.0 135.0 14231.84601273171 14232.777777777797 14232.777777777797 
507.0066708369337 125.0 0.0 0.0 135.0 14231.939189236316 14232.777777777797 14232.777777777797 
508.0066708369337 125.0 0.0 0.0 135.0 14232.023048090467 14232.777777777797 14232.777777777797 
509.0066708369337 125.0 0.0 0.0 135.0 14232.0985210592 14232.777777777797 14232.777777777797 
510.0066708369337 125.0 0.0 0.0 135.0 14232.166446731071 14232.777777777797 14232.777777777797 
511.0066708369337 125.0 0.0 0.0 135.0 14232.227579835744 14232.777777777797 14232.777777777797 
512.0066708369337 125.0 0.0 2.0 135.0 14232.282599629953 14232.777777777797 14232.777777777797 
513.0066708369337 127.0 0.0 0.0 135.0 14231.706932259563 14226.525925925918 14232.777777777797 
514.0066708369337 127.0 0.0 0.0 135.0 14231.814016811382 14232.777777777797 14232.777777777797 
515.0066708369337 127.0 0.0 0.0 135.0 14231.910392908005 14232.777777777797 14232.777777777797 
516.0066708369337 127.0 0.0 0.0 135.0 14231.997131394975 14232.777777777797 14232.777777777797 
517.0066708369337 127.0 0.0 0.0 135.0 14232.075196033262 14232.777777777797 14232.777777777797 
518.0066708369337 127.0 0.0 0.0 135.0 14232.145454207728 14232.777777777797 14232.777777777797 
519.0066708369337 127.0 0.0 1.0 135.0 14232.208686564714 14232.777777777797 14232.777777777797 
520.0066708369337 127.0 0.0 3.0 135.0 14231.953003093427 14229.651851851839 14232.777777777797 
521.0066708369337 129.0 0.0 1.0 135.0 14231.097702784085 14223.400000000001 14232.777777777797 
522.0066708369337 130.0 0.0 0.0 135.0 14230.953117690855 14229.651851851839 14232.777777777797 
523.0066708369337 130.0 0.0 0.0 135.0 14231.135583699568 14232.777777777797 14232.777777777797 
524.0066708369337 130.0 0.0 0.0 135.0 14231.299803107388 14232.777777777797 14232.777777777797 
525.0066708369337 130.0 0.0 0.0 135.0 14231.447600574398 14232.777777777797 14232.777777777797 
526.0066708369337 130.0 0.0 0.0 135.0 14231.58061829476 14232.777777777797 14232.777777777797 
527.0066708369337 130.0 0.0 0.0 135.0 14231.700334243078 14232.777777777797 14232.777777777797 
528.0066708369337 130.0 0.0 0.0 135.0 14231.808078596536 14232.777777777797 14232.777777777797 
529.0066708369337 130.0 0.0 0.0 135.0 14231.905048514664 14232.777777777797 14232.777777777797 
530.0066708369337 130.0 0.0 0.0 135.0 14231.992321440977 14232.777777777797 14232.777777777797 
531.0066708369337 130.0 0.0 0.0 135.0 14232.070867074644 14232.777777777797 14232.777777777797 
532.0066708369337 130.0 0.0 0.0 135.0 14232.141558144971 14232.777777777797 14232.777777777797 
533.0066708369337 130.0 0.0 0.0 135.0 14232.205180108247 14232.777777777797 14232.777777777797 
534.0066708369337 130.0 0.0 0.0 135.0 14232.262439875209 14232.777777777797 14232.777777777797 
535.0066708369337 130.0 0.0 0.0 135.0 14232.313973665447 14232.777777777797 14232.777777777797 
536.0066708369337 130.0 0.0 0.0 135.0 14232.360354076687 14232.777777777797 14232.777777777797 
537.0066708369337 130.0 0.0 0.0 135.0 14232.402096446775 14232.777777777797 14232.777777777797 
538.0066708369337 130.0 0.0 0.0 135.0 14232.439664579877 14232.777777777797 14232.777777777797 
539.0066708369337 130.0 0.0 0.0 135.0 14232.473475899673 14232.777777777797 14232.777777777797 
540.0066708369337 130.0 0.0 0.0 135.0 14232.503906087497 14232.777777777797 14232.777777777797 
541.0066708369337 130.0 0.0 0.0 135.0 14232.531293256516 14232.777777777797 14232.777777777797 
542.0066708369337 130.0 0.0 0.0 135.0 14232.555941708662 14232.777777777797 14232.777777777797 
543.0066708369337 130.0 0.0 0.0 135.0 14232.578125315553 14232.777777777797 14232.777777777797 
544.0066708369337 130.0 0.0 1.0 135.0 14232.598090561767 14232.777777777797 14232.777777777797 
545.0066708369337 131.0 0.0 0.0 135.0 14232.303466690788 14229.651851851839 14232.777777777797 
546.0066708369337 131.0 0.0 1.0 135.0 14232.35089779949 14232.777777777797 14232.777777777797 
547.0066708369337 132.0 0.0 0.0 135.0 14232.080993204721 14229.651851851839 14232.777777777797 
548.0066708369337 132.0 0.0 0.0 135.0 14232.150671662017 14232.777777777797 14232.777777777797 
549.0066708369337 132.0 0.0 0.0 135.0 14232.213382273607 14232.777777777797 14232.777777777797 
550.0066708369337 132.0 0.0 0.0 135.0 14232.269821824008 14232.777777777797 14232.777777777797 
551.0066708369337 132.0 0.0 0.0 135.0 14232.320617419382 14232.777777777797 14232.777777777797 
552.0066708369337 132.0 0.0 0.0 135.0 14232.366333455237 14232.777777777797 14232.777777777797 
553.0066708369337 132.0 0.0 1.0 135.0 14232.407477887493 14232.777777777797 14232.777777777797 
554.0066708369337 133.0 0.0 0.0 135.0 14232.13191528392 14229.651851851839 14232.777777777797 
555.0066708369337 133.0 0.0 1.0 135.0 14232.196501533328 14232.777777777797 14232.777777777797 
556.0066708369337 134.0 0.0 0.0 135.0 14230.49314767628 14215.162962962962 14232.777777777797 
557.0066708369337 134.0 0.0 1.0 135.0 14230.721610686429 14232.777777777797 14232.777777777797 
558.0066708369337 134.0 0.0 1.0 135.0 14230.614634802976 14229.651851851839 14232.777777777797 
559.0066708369337 135.0 0.0 1.0 135.0 14230.51835650784 14229.651851851839 14232.777777777797 
560.0066708369337 136.0 0.0 0.0 135.0 14230.431706042255 14229.651851851839 14232.777777777797 
561.0066708369337 136.0 0.0 0.0 135.0 14230.666313215788 14232.777777777797 14232.777777777797 
562.0066708369337 136.0 0.0 1.0 135.0 14230.877459671989 14232.777777777797 14232.777777777797 
563.0066708369337 137.0 0.0 1.0 135.0 14229.306010001093 14215.162962962962 14232.777777777797 
564.0066708369337 138.0 0.0 1.0 135.0 14229.340594186164 14229.651851851839 14232.777777777797 
565.0066708369337 138.0 0.0 1.0 135.0 14229.371719952738 14229.651851851839 14232.777777777797 
566.0066708369337 139.0 0.0 0.0 135.0 14229.39973314264 14229.651851851839 14232.777777777797 
567.0066708369337 139.0 0.0 0.0 135.0 14229.73753760617 14232.777777777797 14232.777777777797 
568.0066708369337 139.0 0.0 0.0 135.0 14230.041561623322 14232.777777777797 14232.777777777797 
569.0066708369337 139.0 0.0 1.0 135.0 14230.315183238754 14232.777777777797 14232.777777777797 
570.0066708369337 139.0 0.0 2.0 135.0 14230.24885010009 14229.651851851839 14232.777777777797 
571.0066708369337 140.0 0.0 1.0 135.0 14229.876557682674 14226.525925925918 14232.777777777797 
572.0066708369337 141.0 0.0 0.0 135.0 14229.854087099588 14229.651851851839 14232.777777777797 
573.0066708369337 141.0 0.0 0.0 135.0 14230.146456167397 14232.777777777797 14232.777777777797 
574.0066708369337 141.0 0.0 0.0 135.0 14230.40958832845 14232.777777777797 14232.777777777797 
575.0066708369337 141.0 0.0 0.0 135.0 14230.646407273382 14232.777777777797 14232.777777777797 
576.0066708369337 141.0 0.0 0.0 135.0 14230.859544323834 14232.777777777797 14232.777777777797 
577.0066708369337 141.0 0.0 1.0 135.0 14231.051367669208 14232.777777777797 14232.777777777797 
578.0066708369337 142.0 0.0 0.0 135.0 14229.462527198593 14215.162962962962 14232.777777777797 
579.0066708369337 142.0 0.0 0.0 135.0 14229.79405225651 14232.777777777797 14232.777777777797 
580.0066708369337 142.0 0.0 0.0 135.0 14230.092424808634 14232.777777777797 14232.777777777797 
581.0066708369337 142.0 0.0 0.0 135.0 14230.360960105558 14232.777777777797 14232.777777777797 
582.0066708369337 142.0 0.0 0.0 135.0 14230.602641872756 14232.777777777797 14232.777777777797 
583.0066708369337 142.0 0.0 0.0 135.0 14230.82015546327 14232.777777777797 14232.777777777797 
584.0066708369337 142.0 0.0 1.0 135.0 14231.015917694713 14232.777777777797 14232.777777777797 
585.0066708369337 143.0 0.0 0.0 135.0 14230.879511110417 14229.651851851839 14232.777777777797 
586.0066708369337 143.0 0.0 0.0 135.0 14231.069337777164 14232.777777777797 14232.777777777797 
587.0066708369337 143.0 0.0 0.0 135.0 14231.240181777224 14232.777777777797 14232.777777777797 
588.0066708369337 143.0 0.0 0.0 135.0 14231.393941377277 14232.777777777797 14232.777777777797 
589.0066708369337 143.0 0.0 1.0 135.0 14231.532325017326 14232.777777777797 14232.777777777797 
590.0066708369337 144.0 0.0 0.0 135.0 14231.344277700782 14229.651851851839 14232.777777777797 
591.0066708369337 144.0 0.0 0.0 135.0 14231.487627708479 14232.777777777797 14232.777777777797 
592.0066708369337 144.0 0.0 0.0 135.0 14231.616642715418 14232.777777777797 14232.777777777797 
593.0066708369337 144.0 0.0 0.0 135.0 14231.732756221645 14232.777777777797 14232.777777777797 
594.0066708369337 144.0 0.0 0.0 135.0 14231.837258377262 14232.777777777797 14232.777777777797 
595.0066708369337 144.0 0.0 0.0 135.0 14231.931310317312 14232.777777777797 14232.777777777797 
596.0066708369337 144.0 0.0 0.0 135.0 14232.015957063351 14232.777777777797 14232.777777777797 
597.0066708369337 144.0 0.0 0.0 135.0 14232.092139134802 14232.777777777797 14232.777777777797 
598.0066708369337 144.0 0.0 0.0 135.0 14232.160702999094 14232.777777777797 14232.777777777797 
599.0066708369337 144.0 0.0 0.0 135.0 14232.222410476952 14232.777777777797 14232.777777777797 
600.0066708369337 144.0 0.0 0.0 135.0 14232.277947207047 14232.777777777797 14232.777777777797 
#####################################################################
# End of data export. Simulation finished at: 2020-01-29T10:35+0000 #
#####################################################################
