#####################################################################
# Alchemist log file - simulation started at: 2020-02-07T23:54+0000 #
#####################################################################
# seed = 9.0, meanTaskSize = 10000, smoothing = 0.9, grain = 1300.0, peakFrequency = 0.003
#
# The columns have the following meaning: 
# time done[Sum] drop[Sum] waiting[Sum] isLeader[Sum] capacity[Mean] freeCapacity[Mean] maxCapacity[Mean] 
0.0 NaN 0.0 NaN NaN NaN NaN NaN 
1.0015323036356916 0.0 0.0 0.0 135.0 14232.777777777797 14232.777777777797 14232.777777777797 
2.001532303635692 0.0 0.0 0.0 135.0 14232.777777777797 14232.777777777797 14232.777777777797 
3.001532303635692 0.0 0.0 0.0 135.0 14232.777777777797 14232.777777777797 14232.777777777797 
4.001532303635692 0.0 0.0 0.0 135.0 14232.777777777797 14232.777777777797 14232.777777777797 
5.001532303635692 0.0 0.0 0.0 135.0 14232.777777777797 14232.777777777797 14232.777777777797 
6.001532303635692 0.0 0.0 0.0 135.0 14232.777777777797 14232.777777777797 14232.777777777797 
7.001532303635692 0.0 0.0 0.0 135.0 14232.777777777797 14232.777777777797 14232.777777777797 
8.001532303635692 0.0 0.0 0.0 135.0 14232.777777777797 14232.777777777797 14232.777777777797 
9.001532303635692 0.0 0.0 0.0 135.0 14232.777777777797 14232.777777777797 14232.777777777797 
10.001532303635692 0.0 0.0 0.0 135.0 14232.777777777797 14232.777777777797 14232.777777777797 
11.001532303635692 0.0 0.0 0.0 135.0 14232.777777777797 14232.777777777797 14232.777777777797 
12.001532303635692 0.0 0.0 0.0 135.0 14232.777777777797 14232.777777777797 14232.777777777797 
13.001532303635692 0.0 0.0 0.0 135.0 14232.777777777797 14232.777777777797 14232.777777777797 
14.001532303635692 0.0 0.0 0.0 135.0 14232.777777777797 14232.777777777797 14232.777777777797 
15.001532303635692 0.0 0.0 0.0 135.0 14232.777777777797 14232.777777777797 14232.777777777797 
16.001532303635692 0.0 0.0 0.0 135.0 14232.777777777797 14232.777777777797 14232.777777777797 
17.001532303635692 0.0 0.0 0.0 135.0 14232.777777777797 14232.777777777797 14232.777777777797 
18.001532303635692 0.0 0.0 0.0 135.0 14232.777777777797 14232.777777777797 14232.777777777797 
19.001532303635692 0.0 0.0 0.0 135.0 14232.777777777797 14232.777777777797 14232.777777777797 
20.001532303635692 0.0 0.0 2.0 135.0 14232.777777777797 14232.777777777797 14232.777777777797 
21.001532303635692 0.0 0.0 2.0 135.0 14227.151111111105 14226.525925925918 14232.777777777797 
22.001532303635692 0.0 0.0 2.0 133.0 14226.588444444445 14226.525925925918 14232.777777777797 
23.001532303635692 0.0 0.0 2.0 133.0 14226.532177777806 14226.525925925918 14232.777777777797 
24.001532303635692 0.0 0.0 2.0 133.0 14226.526551111094 14226.525925925918 14232.777777777797 
25.001532303635692 0.0 0.0 2.0 133.0 14226.525988444439 14226.525925925918 14232.777777777797 
26.001532303635692 0.0 0.0 2.0 133.0 14226.525932177792 14226.525925925918 14232.777777777797 
27.001532303635692 0.0 0.0 2.0 133.0 14226.525926551134 14226.525925925918 14232.777777777797 
28.001532303635692 0.0 0.0 2.0 133.0 14226.525925988462 14226.525925925918 14232.777777777797 
29.001532303635692 0.0 0.0 2.0 133.0 14226.525925932154 14226.525925925918 14232.777777777797 
30.001532303635692 0.0 0.0 2.0 133.0 14226.52592592655 14226.525925925918 14232.777777777797 
31.001532303635692 0.0 0.0 2.0 133.0 14226.525925926022 14226.525925925918 14232.777777777797 
32.00153230363569 0.0 0.0 2.0 133.0 14226.525925925933 14226.525925925918 14232.777777777797 
33.00153230363569 0.0 0.0 4.0 133.0 14226.52592592592 14226.525925925918 14232.777777777797 
34.00153230363569 0.0 0.0 4.0 133.0 14207.859259259254 14205.785185185186 14232.777777777797 
35.00153230363569 0.0 0.0 4.0 132.0 14205.992592592598 14205.785185185186 14232.777777777797 
36.00153230363569 0.0 0.0 4.0 132.0 14205.805925925908 14205.785185185186 14232.777777777797 
37.00153230363569 0.0 0.0 4.0 132.0 14205.787259259258 14205.785185185186 14232.777777777797 
38.00153230363569 0.0 0.0 4.0 132.0 14205.785392592601 14205.785185185186 14232.777777777797 
39.00153230363569 0.0 0.0 4.0 132.0 14205.785205925942 14205.785185185186 14232.777777777797 
40.00153230363569 0.0 0.0 4.0 132.0 14205.785187259225 14205.785185185186 14232.777777777797 
41.00153230363569 0.0 0.0 4.0 132.0 14205.78518539261 14205.785185185186 14232.777777777797 
42.00153230363569 0.0 0.0 4.0 132.0 14205.785185205892 14205.785185185186 14232.777777777797 
43.00153230363569 0.0 0.0 4.0 132.0 14205.785185187255 14205.785185185186 14232.777777777797 
44.00153230363569 0.0 0.0 4.0 132.0 14205.785185185387 14205.785185185186 14232.777777777797 
45.00153230363569 0.0 0.0 4.0 132.0 14205.785185185172 14205.785185185186 14232.777777777797 
46.00153230363569 0.0 0.0 6.0 132.0 14205.785185185192 14205.785185185186 14232.777777777797 
47.00153230363569 0.0 0.0 6.0 132.0 14187.11851851852 14185.044444444442 14232.777777777797 
48.00153230363569 0.0 0.0 6.0 131.0 14185.25185185187 14185.044444444442 14232.777777777797 
49.00153230363569 0.0 0.0 6.0 131.0 14185.065185185176 14185.044444444442 14232.777777777797 
50.00153230363569 0.0 0.0 6.0 131.0 14185.046518518524 14185.044444444442 14232.777777777797 
51.00153230363569 0.0 0.0 6.0 131.0 14185.044651851855 14185.044444444442 14232.777777777797 
52.00153230363569 0.0 0.0 6.0 131.0 14185.04446518521 14185.044444444442 14232.777777777797 
53.00153230363569 0.0 0.0 6.0 131.0 14185.044446518532 14185.044444444442 14232.777777777797 
54.00153230363569 0.0 0.0 6.0 131.0 14185.044444651876 14185.044444444442 14232.777777777797 
55.00153230363569 0.0 0.0 6.0 131.0 14185.044444465197 14185.044444444442 14232.777777777797 
56.00153230363569 0.0 0.0 6.0 131.0 14185.044444446512 14185.044444444442 14232.777777777797 
57.00153230363569 0.0 0.0 6.0 131.0 14185.044444444642 14185.044444444442 14232.777777777797 
58.00153230363569 1.0 0.0 6.0 131.0 14185.04444444448 14185.044444444442 14232.777777777797 
59.00153230363569 1.0 0.0 6.0 131.0 14198.084444444476 14199.533333333318 14232.777777777797 
60.00153230363569 1.0 0.0 6.0 130.0 14199.38844444447 14199.533333333318 14232.777777777797 
61.00153230363569 1.0 0.0 6.0 130.0 14199.518844444445 14199.533333333318 14232.777777777797 
62.00153230363569 1.0 0.0 6.0 130.0 14199.531884444463 14199.533333333318 14232.777777777797 
63.00153230363569 1.0 0.0 6.0 130.0 14199.533188444426 14199.533333333318 14232.777777777797 
64.00153230363568 1.0 0.0 6.0 130.0 14199.533318844477 14199.533333333318 14232.777777777797 
65.00153230363568 2.0 0.0 5.0 130.0 14199.533331884444 14199.533333333318 14232.777777777797 
66.00153230363568 2.0 0.0 5.0 131.0 14202.346666521778 14202.659259259277 14232.777777777797 
67.00153230363568 2.0 0.0 5.0 131.0 14202.627999985512 14202.659259259277 14232.777777777797 
68.00153230363568 2.0 0.0 5.0 131.0 14202.656133331886 14202.659259259277 14232.777777777797 
69.00153230363568 2.0 0.0 5.0 131.0 14202.658946666503 14202.659259259277 14232.777777777797 
70.00153230363568 2.0 0.0 5.0 131.0 14202.659227999975 14202.659259259277 14232.777777777797 
71.00153230363568 2.0 0.0 5.0 131.0 14202.659256133335 14202.659259259277 14232.777777777797 
72.00153230363568 2.0 0.0 5.0 131.0 14202.65925894665 14202.659259259277 14232.777777777797 
73.00153230363568 2.0 0.0 5.0 131.0 14202.65925922798 14202.659259259277 14232.777777777797 
74.00153230363568 2.0 0.0 6.0 131.0 14202.659259256137 14202.659259259277 14232.777777777797 
75.00153230363568 2.0 0.0 6.0 131.0 14186.805925925593 14185.044444444442 14232.777777777797 
76.00153230363568 2.0 0.0 6.0 131.0 14185.220592592534 14185.044444444442 14232.777777777797 
77.00153230363568 2.0 0.0 6.0 131.0 14185.062059259244 14185.044444444442 14232.777777777797 
78.00153230363568 3.0 0.0 5.0 131.0 14185.046205925935 14185.044444444442 14232.777777777797 
79.00153230363568 3.0 0.0 5.0 132.0 14187.857953925924 14188.17037037036 14232.777777777797 
80.00153230363568 3.0 0.0 5.0 132.0 14188.139128725898 14188.17037037036 14232.777777777797 
81.00153230363568 3.0 0.0 5.0 132.0 14188.167246205903 14188.17037037036 14232.777777777797 
82.00153230363568 3.0 0.0 5.0 132.0 14188.170057953912 14188.17037037036 14232.777777777797 
83.00153230363568 3.0 0.0 5.0 132.0 14188.170339128745 14188.17037037036 14232.777777777797 
84.00153230363568 3.0 0.0 5.0 132.0 14188.170367246174 14188.17037037036 14232.777777777797 
85.00153230363568 3.0 0.0 5.0 132.0 14188.170370057976 14188.17037037036 14232.777777777797 
86.00153230363568 3.0 0.0 5.0 132.0 14188.170370339098 14188.17037037036 14232.777777777797 
87.00153230363568 3.0 0.0 5.0 132.0 14188.170370367232 14188.17037037036 14232.777777777797 
88.00153230363568 3.0 0.0 5.0 132.0 14188.170370370057 14188.17037037036 14232.777777777797 
89.00153230363568 3.0 0.0 5.0 132.0 14188.170370370315 14188.17037037036 14232.777777777797 
90.00153230363568 3.0 0.0 5.0 132.0 14188.170370370355 14188.17037037036 14232.777777777797 
91.00153230363568 3.0 0.0 5.0 132.0 14188.17037037036 14188.17037037036 14232.777777777797 
92.00153230363568 3.0 0.0 5.0 132.0 14188.17037037036 14188.17037037036 14232.777777777797 
93.00153230363568 3.0 0.0 6.0 132.0 14188.17037037036 14188.17037037036 14232.777777777797 
94.00153230363568 3.0 0.0 6.0 132.0 14185.357037037023 14185.044444444442 14232.777777777797 
95.00153230363568 3.0 0.0 6.0 131.0 14185.075703703702 14185.044444444442 14232.777777777797 
96.00153230363568 3.0 0.0 6.0 131.0 14185.04757037037 14185.044444444442 14232.777777777797 
97.00153230363568 3.0 0.0 6.0 131.0 14185.044757037036 14185.044444444442 14232.777777777797 
98.00153230363568 3.0 0.0 6.0 131.0 14185.04447570368 14185.044444444442 14232.777777777797 
99.00153230363568 3.0 0.0 6.0 131.0 14185.044447570393 14185.044444444442 14232.777777777797 
100.00153230363568 3.0 0.0 6.0 131.0 14185.04444475703 14185.044444444442 14232.777777777797 
101.00153230363568 3.0 0.0 6.0 131.0 14185.044444475701 14185.044444444442 14232.777777777797 
102.00153230363568 3.0 0.0 6.0 131.0 14185.044444447545 14185.044444444442 14232.777777777797 
103.00153230363568 3.0 0.0 6.0 131.0 14185.044444444764 14185.044444444442 14232.777777777797 
104.00153230363568 3.0 0.0 6.0 131.0 14185.044444444458 14185.044444444442 14232.777777777797 
105.00153230363568 3.0 0.0 6.0 131.0 14185.044444444447 14185.044444444442 14232.777777777797 
106.00153230363568 4.0 0.0 6.0 131.0 14185.044444444442 14185.044444444442 14232.777777777797 
107.00153230363568 4.0 0.0 6.0 131.0 14185.044444444442 14185.044444444442 14232.777777777797 
108.00153230363568 4.0 0.0 6.0 131.0 14185.044444444442 14185.044444444442 14232.777777777797 
109.00153230363568 4.0 0.0 6.0 131.0 14185.044444444442 14185.044444444442 14232.777777777797 
110.00153230363568 4.0 0.0 6.0 131.0 14185.044444444442 14185.044444444442 14232.777777777797 
111.00153230363568 4.0 0.0 6.0 131.0 14185.044444444442 14185.044444444442 14232.777777777797 
112.00153230363568 4.0 0.0 6.0 131.0 14185.044444444442 14185.044444444442 14232.777777777797 
113.00153230363568 4.0 0.0 6.0 131.0 14185.044444444442 14185.044444444442 14232.777777777797 
114.00153230363568 4.0 0.0 6.0 131.0 14185.044444444442 14185.044444444442 14232.777777777797 
115.00153230363568 4.0 0.0 7.0 131.0 14185.044444444444 14185.044444444442 14232.777777777797 
116.00153230363568 4.0 0.0 7.0 131.0 14182.231111111103 14181.918518518494 14232.777777777797 
117.00153230363568 4.0 0.0 7.0 130.0 14181.949777777783 14181.918518518494 14232.777777777797 
118.00153230363568 4.0 0.0 7.0 130.0 14181.921644444452 14181.918518518494 14232.777777777797 
119.00153230363568 4.0 0.0 7.0 130.0 14181.91883111108 14181.918518518494 14232.777777777797 
120.00153230363568 4.0 0.0 7.0 130.0 14181.918549777774 14181.918518518494 14232.777777777797 
121.00153230363568 4.0 0.0 7.0 130.0 14181.918521644437 14181.918518518494 14232.777777777797 
122.00153230363568 4.0 0.0 7.0 130.0 14181.91851883111 14181.918518518494 14232.777777777797 
123.00153230363568 4.0 0.0 7.0 130.0 14181.91851854979 14181.918518518494 14232.777777777797 
124.00153230363568 4.0 0.0 7.0 130.0 14181.918518521676 14181.918518518494 14232.777777777797 
125.00153230363568 4.0 0.0 7.0 130.0 14181.918518518849 14181.918518518494 14232.777777777797 
126.00153230363568 4.0 0.0 7.0 130.0 14181.918518518538 14181.918518518494 14232.777777777797 
127.00153230363568 4.0 0.0 8.0 130.0 14181.918518518498 14181.918518518494 14232.777777777797 
128.00153230363568 4.0 0.0 8.0 130.0 14179.105185185186 14178.792592592627 14232.777777777797 
129.00153230363568 4.0 0.0 8.0 129.0 14178.823851851865 14178.792592592627 14232.777777777797 
130.00153230363568 4.0 0.0 8.0 129.0 14178.7957185185 14178.792592592627 14232.777777777797 
131.00153230363568 4.0 0.0 8.0 129.0 14178.792905185212 14178.792592592627 14232.777777777797 
132.00153230363568 4.0 0.0 8.0 129.0 14178.792623851861 14178.792592592627 14232.777777777797 
133.00153230363568 4.0 0.0 9.0 129.0 14178.792595718514 14178.792592592627 14232.777777777797 
134.00153230363568 4.0 0.0 9.0 129.0 14162.945926238503 14161.185185185197 14232.777777777797 
135.00153230363568 4.0 0.0 10.0 129.0 14161.36125929054 14161.185185185197 14232.777777777797 
136.00153230363568 5.0 0.0 9.0 129.0 14158.389459262396 14158.059259259278 14232.777777777797 
137.00153230363568 5.0 0.0 9.0 129.0 14160.905612592911 14161.185185185197 14232.777777777797 
138.00153230363568 5.0 0.0 9.0 129.0 14161.157227925956 14161.185185185197 14232.777777777797 
139.00153230363568 5.0 0.0 9.0 129.0 14161.182389459262 14161.185185185197 14232.777777777797 
140.00153230363568 5.0 0.0 9.0 129.0 14161.184905612581 14161.185185185197 14232.777777777797 
141.00153230363568 5.0 0.0 9.0 129.0 14161.185157227917 14161.185185185197 14232.777777777797 
142.00153230363568 5.0 0.0 9.0 129.0 14161.185182389443 14161.185185185197 14232.777777777797 
143.00153230363568 5.0 0.0 9.0 129.0 14161.18518490561 14161.185185185197 14232.777777777797 
144.00153230363568 5.0 0.0 9.0 129.0 14161.185185157226 14161.185185185197 14232.777777777797 
145.00153230363568 5.0 0.0 9.0 129.0 14161.1851851824 14161.185185185197 14232.777777777797 
146.00153230363568 5.0 0.0 9.0 129.0 14161.185185184882 14161.185185185197 14232.777777777797 
147.00153230363568 5.0 0.0 10.0 129.0 14161.18518518515 14161.185185185197 14232.777777777797 
148.00153230363568 5.0 0.0 10.0 129.0 14158.371851851845 14158.059259259278 14232.777777777797 
149.00153230363568 5.0 0.0 11.0 128.0 14158.090518518524 14158.059259259278 14232.777777777797 
150.00153230363568 5.0 0.0 11.0 128.0 14155.24905185186 14154.933333333322 14232.777777777797 
151.00153230363568 5.0 0.0 11.0 127.0 14154.964905185205 14154.933333333322 14232.777777777797 
152.00153230363568 5.0 0.0 11.0 127.0 14154.936490518528 14154.933333333322 14232.777777777797 
153.00153230363568 5.0 0.0 12.0 127.0 14154.933649051849 14154.933333333322 14232.777777777797 
154.00153230363568 5.0 0.0 12.0 127.0 14152.120031571847 14151.80740740741 14232.777777777797 
155.00153230363568 5.0 0.0 12.0 126.0 14151.838669823846 14151.80740740741 14232.777777777797 
156.00153230363568 6.0 0.0 11.0 126.0 14151.810533649048 14151.80740740741 14232.777777777797 
157.00153230363568 6.0 0.0 11.0 126.0 14167.66105336493 14169.422222222236 14232.777777777797 
158.00153230363568 6.0 0.0 11.0 126.0 14169.246105336486 14169.422222222236 14232.777777777797 
159.00153230363568 6.0 0.0 11.0 126.0 14169.404610533646 14169.422222222236 14232.777777777797 
160.00153230363568 6.0 0.0 11.0 126.0 14169.420461053374 14169.422222222236 14232.777777777797 
161.00153230363568 6.0 0.0 13.0 126.0 14169.422046105316 14169.422222222236 14232.777777777797 
162.00153230363568 6.0 0.0 13.0 126.0 14150.75553794384 14148.681481481453 14232.777777777797 
163.00153230363568 6.0 0.0 13.0 125.0 14148.888887127721 14148.681481481453 14232.777777777797 
164.00153230363568 6.0 0.0 13.0 125.0 14148.702222046095 14148.681481481453 14232.777777777797 
165.00153230363568 6.0 0.0 13.0 125.0 14148.68355553796 14148.681481481453 14232.777777777797 
166.00153230363568 6.0 0.0 13.0 125.0 14148.681688887129 14148.681481481453 14232.777777777797 
167.00153230363568 7.0 0.0 12.0 125.0 14148.681502222025 14148.681481481453 14232.777777777797 
168.00153230363568 7.0 0.0 12.0 125.0 14164.528150222171 14166.288888888881 14232.777777777797 
169.00153230363568 7.0 0.0 13.0 125.0 14166.112815022208 14166.288888888881 14232.777777777797 
170.00153230363568 7.0 0.0 13.0 125.0 14163.457948168887 14163.162962962962 14232.777777777797 
171.00153230363568 7.0 0.0 13.0 124.0 14163.192461483553 14163.162962962962 14232.777777777797 
172.00153230363568 7.0 0.0 13.0 124.0 14163.165912815017 14163.162962962962 14232.777777777797 
173.00153230363568 7.0 0.0 13.0 124.0 14163.163257948196 14163.162962962962 14232.777777777797 
174.00153230363568 7.0 0.0 13.0 124.0 14163.162992461475 14163.162962962962 14232.777777777797 
175.00153230363568 7.0 0.0 13.0 124.0 14163.162965912796 14163.162962962962 14232.777777777797 
176.00153230363568 7.0 0.0 13.0 124.0 14163.162963257948 14163.162962962962 14232.777777777797 
177.00153230363568 7.0 0.0 13.0 124.0 14163.162962992474 14163.162962962962 14232.777777777797 
178.00153230363568 7.0 0.0 13.0 124.0 14163.162962965924 14163.162962962962 14232.777777777797 
179.00153230363568 7.0 0.0 13.0 124.0 14163.162962963255 14163.162962962962 14232.777777777797 
180.00153230363568 7.0 0.0 13.0 124.0 14163.162962962988 14163.162962962962 14232.777777777797 
181.00153230363568 7.0 0.0 13.0 124.0 14163.162962962968 14163.162962962962 14232.777777777797 
182.00153230363568 7.0 0.0 13.0 124.0 14163.162962962962 14163.162962962962 14232.777777777797 
183.00153230363568 7.0 0.0 13.0 124.0 14163.162962962962 14163.162962962962 14232.777777777797 
184.00153230363568 7.0 0.0 14.0 124.0 14163.162962962962 14163.162962962962 14232.777777777797 
185.00153230363568 7.0 0.0 14.0 124.0 14163.162962962962 14163.162962962962 14232.777777777797 
186.00153230363568 7.0 0.0 15.0 124.0 14147.309629629646 14145.54814814815 14232.777777777797 
187.00153230363568 7.0 0.0 15.0 124.0 14142.910962962935 14142.422222222236 14232.777777777797 
188.00153230363568 7.0 0.0 15.0 123.0 14142.47109629628 14142.422222222236 14232.777777777797 
189.00153230363568 7.0 0.0 15.0 123.0 14142.427109629642 14142.422222222236 14232.777777777797 
190.00153230363568 7.0 0.0 15.0 123.0 14142.422710962957 14142.422222222236 14232.777777777797 
191.00153230363568 7.0 0.0 15.0 123.0 14142.422271096293 14142.422222222236 14232.777777777797 
192.00153230363568 7.0 0.0 15.0 123.0 14142.422227109628 14142.422222222236 14232.777777777797 
193.00153230363568 7.0 0.0 16.0 123.0 14142.422222710993 14142.422222222236 14232.777777777797 
194.00153230363568 7.0 0.0 16.0 123.0 14126.568888937727 14124.80740740741 14232.777777777797 
195.00153230363568 7.0 0.0 17.0 123.0 14124.983555560424 14124.80740740741 14232.777777777797 
196.00153230363568 7.0 0.0 17.0 123.0 14122.011688889375 14121.681481481453 14232.777777777797 
197.00153230363568 7.0 0.0 18.0 122.0 14121.714502222261 14121.681481481453 14232.777777777797 
198.00153230363568 7.0 0.0 18.0 122.0 14121.684783555553 14121.681481481453 14232.777777777797 
199.00153230363568 7.0 0.0 19.0 122.0 14105.835145022205 14104.074074074071 14232.777777777797 
200.00153230363568 7.0 0.0 19.0 122.0 14101.436847835561 14100.94814814816 14232.777777777797 
201.00153230363568 7.0 0.0 19.0 121.0 14100.997018116881 14100.94814814816 14232.777777777797 
202.00153230363568 7.0 0.0 19.0 121.0 14100.953035145 14100.94814814816 14232.777777777797 
203.00153230363568 7.0 0.0 19.0 121.0 14100.948636847865 14100.94814814816 14232.777777777797 
204.00153230363568 7.0 0.0 19.0 121.0 14100.94819701811 14100.94814814816 14232.777777777797 
205.00153230363568 7.0 0.0 19.0 121.0 14100.948153035135 14100.94814814816 14232.777777777797 
206.00153230363568 7.0 0.0 19.0 121.0 14100.948148636848 14100.94814814816 14232.777777777797 
207.00153230363568 7.0 0.0 19.0 121.0 14100.94814819701 14100.94814814816 14232.777777777797 
208.00153230363568 7.0 0.0 19.0 121.0 14100.948148153044 14100.94814814816 14232.777777777797 
209.00153230363568 7.0 0.0 19.0 121.0 14100.948148148656 14100.94814814816 14232.777777777797 
210.00153230363568 7.0 0.0 19.0 121.0 14100.948148148187 14100.94814814816 14232.777777777797 
211.00153230363568 7.0 0.0 19.0 121.0 14100.948148148165 14100.94814814816 14232.777777777797 
212.00153230363568 7.0 0.0 19.0 121.0 14100.948148148162 14100.94814814816 14232.777777777797 
213.00153230363568 7.0 0.0 20.0 121.0 14100.94814814816 14100.94814814816 14232.777777777797 
214.00153230363568 7.0 0.0 20.0 121.0 14100.94814814816 14100.94814814816 14232.777777777797 
215.00153230363568 7.0 0.0 20.0 121.0 14085.101481481503 14083.340740740723 14232.777777777797 
216.00153230363568 7.0 0.0 20.0 121.0 14083.516814814822 14083.340740740723 14232.777777777797 
217.00153230363568 7.0 0.0 21.0 121.0 14083.358348148126 14083.340740740723 14232.777777777797 
218.00153230363568 7.0 0.0 21.0 121.0 14080.529168148145 14080.214814814812 14232.777777777797 
219.00153230363568 7.0 0.0 21.0 120.0 14080.246250148137 14080.214814814812 14232.777777777797 
220.00153230363568 7.0 0.0 22.0 120.0 14080.217958348172 14080.214814814812 14232.777777777797 
221.00153230363568 7.0 0.0 22.0 120.0 14077.401795834841 14077.088888888855 14232.777777777797 
222.00153230363568 7.0 0.0 22.0 119.0 14077.120179583486 14077.088888888855 14232.777777777797 
223.00153230363568 7.0 0.0 22.0 119.0 14077.092017958312 14077.088888888855 14232.777777777797 
224.00153230363568 8.0 0.0 21.0 119.0 14077.089201795818 14077.088888888855 14232.777777777797 
225.00153230363568 8.0 0.0 21.0 119.0 14092.942253512902 14094.70370370372 14232.777777777797 
226.00153230363568 8.0 0.0 22.0 119.0 14094.52755868465 14094.70370370372 14232.777777777797 
227.00153230363568 8.0 0.0 22.0 119.0 14091.87275586847 14091.577777777764 14232.777777777797 
228.00153230363568 8.0 0.0 22.0 118.0 14091.607275586866 14091.577777777764 14232.777777777797 
229.00153230363568 8.0 0.0 22.0 118.0 14091.580727558692 14091.577777777764 14232.777777777797 
230.00153230363568 8.0 0.0 22.0 118.0 14091.578072755889 14091.577777777764 14232.777777777797 
231.00153230363568 8.0 0.0 23.0 118.0 14091.577807275593 14091.577777777764 14232.777777777797 
232.00153230363568 8.0 0.0 23.0 118.0 14088.764447394233 14088.45185185185 14232.777777777797 
233.00153230363568 9.0 0.0 22.0 117.0 14088.483111406105 14088.45185185185 14232.777777777797 
234.00153230363568 9.0 0.0 22.0 118.0 14091.26831114062 14091.577777777764 14232.777777777797 
235.00153230363568 9.0 0.0 22.0 118.0 14091.546831114058 14091.577777777764 14232.777777777797 
236.00153230363568 9.0 0.0 22.0 118.0 14091.574683111416 14091.577777777764 14232.777777777797 
237.00153230363568 9.0 0.0 22.0 118.0 14091.577468311118 14091.577777777764 14232.777777777797 
238.00153230363568 9.0 0.0 23.0 118.0 14091.577746831117 14091.577777777764 14232.777777777797 
239.00153230363568 9.0 0.0 23.0 118.0 14075.7244413498 14073.962962962985 14232.777777777797 
240.00153230363568 9.0 0.0 23.0 118.0 14074.13911080164 14073.962962962985 14232.777777777797 
241.00153230363568 9.0 0.0 23.0 118.0 14073.980577746808 14073.962962962985 14232.777777777797 
242.00153230363568 9.0 0.0 23.0 118.0 14073.964724441385 14073.962962962985 14232.777777777797 
243.00153230363568 9.0 0.0 23.0 118.0 14073.963139110801 14073.962962962985 14232.777777777797 
244.00153230363568 9.0 0.0 25.0 118.0 14073.962980577764 14073.962962962985 14232.777777777797 
245.00153230363568 9.0 0.0 25.0 118.0 14068.336298057755 14067.711111111119 14232.777777777797 
246.00153230363568 9.0 0.0 27.0 116.0 14067.773629805783 14067.711111111119 14232.777777777797 
247.00153230363568 9.0 0.0 27.0 116.0 14064.90402964723 14064.5851851852 14232.777777777797 
248.00153230363568 9.0 0.0 28.0 115.0 14048.763736298046 14046.970370370334 14232.777777777797 
249.00153230363568 9.0 0.0 28.0 115.0 14044.33637362984 14043.844444444469 14232.777777777797 
250.00153230363568 9.0 0.0 28.0 114.0 14043.893637362997 14043.844444444469 14232.777777777797 
251.00153230363568 9.0 0.0 28.0 114.0 14043.849363736275 14043.844444444469 14232.777777777797 
252.00153230363568 9.0 0.0 28.0 114.0 14043.844936373618 14043.844444444469 14232.777777777797 
253.00153230363568 9.0 0.0 29.0 114.0 14043.84449363738 14043.844444444469 14232.777777777797 
254.00153230363568 9.0 0.0 29.0 114.0 14043.84444936374 14043.844444444469 14232.777777777797 
255.00153230363568 9.0 0.0 29.0 114.0 14027.99111160304 14026.22962962964 14232.777777777797 
256.0015323036357 9.0 0.0 29.0 114.0 14026.405777826963 14026.22962962964 14232.777777777797 
257.0015323036357 9.0 0.0 29.0 114.0 14026.247244449385 14026.22962962964 14232.777777777797 
258.0015323036357 9.0 0.0 29.0 114.0 14026.23139111159 14026.22962962964 14232.777777777797 
259.0015323036357 9.0 0.0 29.0 114.0 14026.22980577785 14026.22962962964 14232.777777777797 
260.0015323036357 9.0 0.0 29.0 114.0 14026.229647244434 14026.22962962964 14232.777777777797 
261.0015323036357 9.0 0.0 29.0 114.0 14026.229631391103 14026.22962962964 14232.777777777797 
262.0015323036357 9.0 0.0 29.0 114.0 14026.229629805777 14026.22962962964 14232.777777777797 
263.0015323036357 9.0 0.0 30.0 114.0 14026.229629647263 14026.22962962964 14232.777777777797 
264.0015323036357 9.0 0.0 31.0 114.0 14010.376296298027 14008.614814814824 14232.777777777797 
265.0015323036357 9.0 0.0 31.0 114.0 14005.977629629808 14005.488888888909 14232.777777777797 
266.0015323036357 9.0 0.0 31.0 113.0 14005.53776296298 14005.488888888909 14232.777777777797 
267.0015323036357 9.0 0.0 32.0 113.0 14005.493776296315 14005.488888888909 14232.777777777797 
268.0015323036357 9.0 0.0 32.0 113.0 14002.67604429633 14002.362962962958 14232.777777777797 
269.0015323036357 9.0 0.0 32.0 112.0 14002.394271096298 14002.362962962958 14232.777777777797 
270.0015323036357 10.0 0.0 31.0 112.0 14002.366093776309 14002.362962962958 14232.777777777797 
271.0015323036357 10.0 0.0 31.0 113.0 14005.176609377644 14005.488888888909 14232.777777777797 
272.0015323036357 10.0 0.0 31.0 113.0 14005.457660937765 14005.488888888909 14232.777777777797 
273.0015323036357 11.0 0.0 30.0 113.0 14005.485766093767 14005.488888888909 14232.777777777797 
274.0015323036357 11.0 0.0 31.0 113.0 14021.341909942732 14023.103703703682 14232.777777777797 
275.0015323036357 11.0 0.0 31.0 113.0 14007.08085766094 14005.496296296304 14232.777777777797 
276.0015323036357 11.0 0.0 31.0 113.0 14005.654752432765 14005.496296296304 14232.777777777797 
277.0015323036357 11.0 0.0 31.0 113.0 14005.51214190996 14005.496296296304 14232.777777777797 
278.0015323036357 11.0 0.0 31.0 113.0 14005.497880857652 14005.496296296304 14232.777777777797 
279.0015323036357 11.0 0.0 31.0 113.0 14005.49645475243 14005.496296296304 14232.777777777797 
280.0015323036357 11.0 0.0 31.0 113.0 14005.49631214193 14005.496296296304 14232.777777777797 
281.0015323036357 11.0 0.0 31.0 113.0 14005.49629788086 14005.496296296304 14232.777777777797 
282.0015323036357 11.0 0.0 31.0 113.0 14005.496296454743 14005.496296296304 14232.777777777797 
283.0015323036357 11.0 0.0 31.0 113.0 14005.496296312114 14005.496296296304 14232.777777777797 
284.0015323036357 11.0 0.0 31.0 113.0 14005.496296297866 14005.496296296304 14232.777777777797 
285.0015323036357 11.0 0.0 31.0 113.0 14005.496296296455 14005.496296296304 14232.777777777797 
286.0015323036357 11.0 0.0 31.0 113.0 14005.496296296284 14005.496296296304 14232.777777777797 
287.0015323036357 11.0 0.0 31.0 113.0 14005.496296296307 14005.496296296304 14232.777777777797 
288.0015323036357 11.0 0.0 31.0 113.0 14005.496296296304 14005.496296296304 14232.777777777797 
289.0015323036357 11.0 0.0 31.0 113.0 14005.496296296304 14005.496296296304 14232.777777777797 
290.0015323036357 11.0 0.0 31.0 113.0 14005.496296296304 14005.496296296304 14232.777777777797 
291.0015323036357 11.0 0.0 31.0 113.0 14005.496296296304 14005.496296296304 14232.777777777797 
292.0015323036357 11.0 0.0 31.0 113.0 14005.496296296304 14005.496296296304 14232.777777777797 
293.0015323036357 12.0 0.0 30.0 113.0 14021.349629629622 14023.11111111112 14232.777777777797 
294.0015323036357 12.0 0.0 30.0 113.0 14022.934962962945 14023.11111111112 14232.777777777797 
295.0015323036357 12.0 0.0 30.0 113.0 14023.093496296276 14023.11111111112 14232.777777777797 
296.0015323036357 12.0 0.0 30.0 113.0 14023.109349629643 14023.11111111112 14232.777777777797 
297.0015323036357 12.0 0.0 31.0 113.0 14023.11093496295 14023.11111111112 14232.777777777797 
298.0015323036357 12.0 0.0 32.0 113.0 14020.297760162957 14019.985185185162 14232.777777777797 
299.0015323036357 12.0 0.0 33.0 112.0 14020.01644268296 14019.985185185162 14232.777777777797 
300.0015323036357 12.0 0.0 33.0 112.0 13988.281644268303 13984.755555555561 14232.777777777797 
301.0015323036357 12.0 0.0 33.0 112.0 13985.108164426805 13984.755555555561 14232.777777777797 
302.0015323036357 12.0 0.0 34.0 112.0 13984.790816442697 13984.755555555561 14232.777777777797 
303.0015323036357 12.0 0.0 34.0 112.0 13968.912414977625 13967.14814814815 14232.777777777797 
304.0015323036357 12.0 0.0 34.0 112.0 13967.324574831095 13967.14814814815 14232.777777777797 
305.0015323036357 12.0 0.0 34.0 112.0 13967.165790816442 13967.14814814815 14232.777777777797 
306.0015323036357 13.0 0.0 33.0 112.0 13967.149912414974 13967.14814814815 14232.777777777797 
307.0015323036357 13.0 0.0 33.0 112.0 13983.001657908162 13984.76296296296 14232.777777777797 
308.0015323036357 13.0 0.0 33.0 112.0 13984.586832457504 13984.76296296296 14232.777777777797 
309.0015323036357 14.0 0.0 32.0 112.0 13984.745349912399 13984.76296296296 14232.777777777797 
310.0015323036357 14.0 0.0 32.0 112.0 14000.60786832457 14002.370370370389 14232.777777777797 
311.0015323036357 14.0 0.0 33.0 112.0 14002.194120165783 14002.370370370389 14232.777777777797 
312.0015323036357 14.0 0.0 33.0 112.0 14002.352745349915 14002.370370370389 14232.777777777797 
313.0015323036357 14.0 0.0 33.0 112.0 13986.515274535024 13984.755555555561 14232.777777777797 
314.0015323036357 14.0 0.0 33.0 112.0 13984.93152745352 13984.755555555561 14232.777777777797 
315.0015323036357 14.0 0.0 33.0 112.0 13984.773152745365 13984.755555555561 14232.777777777797 
316.0015323036357 14.0 0.0 33.0 112.0 13984.757315274515 13984.755555555561 14232.777777777797 
317.0015323036357 14.0 0.0 33.0 112.0 13984.755731527446 13984.755555555561 14232.777777777797 
318.0015323036357 14.0 0.0 33.0 112.0 13984.755573152717 13984.755555555561 14232.777777777797 
319.0015323036357 14.0 0.0 33.0 112.0 13984.755557315277 13984.755555555561 14232.777777777797 
320.0015323036357 14.0 0.0 33.0 112.0 13984.755555731555 13984.755555555561 14232.777777777797 
321.0015323036357 14.0 0.0 33.0 112.0 13984.755555573154 13984.755555555561 14232.777777777797 
322.0015323036357 14.0 0.0 34.0 112.0 13984.75555555731 13984.755555555561 14232.777777777797 
323.0015323036357 14.0 0.0 34.0 112.0 13981.942222222367 13981.629629629611 14232.777777777797 
324.0015323036357 14.0 0.0 34.0 111.0 13981.660888888922 13981.629629629611 14232.777777777797 
325.0015323036357 14.0 0.0 34.0 111.0 13981.632755555573 13981.629629629611 14232.777777777797 
326.0015323036357 14.0 0.0 34.0 111.0 13981.6299422222 13981.629629629611 14232.777777777797 
327.0015323036357 14.0 0.0 34.0 111.0 13981.62966088889 13981.629629629611 14232.777777777797 
328.0015323036357 14.0 0.0 34.0 111.0 13981.629632755554 13981.629629629611 14232.777777777797 
329.0015323036357 15.0 0.0 33.0 111.0 13981.62962994223 13981.629629629611 14232.777777777797 
330.0015323036357 15.0 0.0 33.0 111.0 13997.476296327568 13999.23703703704 14232.777777777797 
331.0015323036357 15.0 0.0 33.0 111.0 13999.06096296609 13999.23703703704 14232.777777777797 
332.0015323036357 15.0 0.0 33.0 111.0 13999.219429629948 13999.23703703704 14232.777777777797 
333.0015323036357 15.0 0.0 33.0 111.0 13999.235276296364 13999.23703703704 14232.777777777797 
334.0015323036357 15.0 0.0 33.0 111.0 13999.236860962963 13999.23703703704 14232.777777777797 
335.0015323036357 15.0 0.0 33.0 111.0 13999.237019429602 13999.23703703704 14232.777777777797 
336.0015323036357 15.0 0.0 33.0 111.0 13999.2370352763 13999.23703703704 14232.777777777797 
337.0015323036357 15.0 0.0 33.0 111.0 13999.237036860934 13999.23703703704 14232.777777777797 
338.0015323036357 15.0 0.0 33.0 111.0 13999.23703701943 13999.23703703704 14232.777777777797 
339.0015323036357 15.0 0.0 33.0 111.0 13999.237037035287 13999.23703703704 14232.777777777797 
340.0015323036357 15.0 0.0 33.0 111.0 13999.237037036863 13999.23703703704 14232.777777777797 
341.0015323036357 15.0 0.0 35.0 111.0 13999.237037037006 13999.23703703704 14232.777777777797 
342.0015323036357 16.0 0.0 34.0 111.0 13996.423703703698 13996.11111111112 14232.777777777797 
343.0015323036357 16.0 0.0 34.0 110.0 13996.142370370371 13996.11111111112 14232.777777777797 
344.0015323036357 16.0 0.0 34.0 110.0 13996.114237037049 13996.11111111112 14232.777777777797 
345.0015323036357 16.0 0.0 34.0 110.0 13996.111423703707 13996.11111111112 14232.777777777797 
346.0015323036357 16.0 0.0 34.0 110.0 13996.111142370359 13996.11111111112 14232.777777777797 
347.0015323036357 16.0 0.0 34.0 110.0 13996.111114237061 13996.11111111112 14232.777777777797 
348.0015323036357 16.0 0.0 34.0 110.0 13996.111111423708 13996.11111111112 14232.777777777797 
349.0015323036357 16.0 0.0 34.0 110.0 13996.111111142378 13996.11111111112 14232.777777777797 
350.0015323036357 17.0 0.0 33.0 110.0 13996.111111114222 13996.11111111112 14232.777777777797 
351.0015323036357 17.0 0.0 33.0 111.0 13998.924444444783 13999.23703703704 14232.777777777797 
352.0015323036357 17.0 0.0 33.0 111.0 13999.205777777797 13999.23703703704 14232.777777777797 
353.0015323036357 17.0 0.0 34.0 111.0 13999.233911111118 13999.23703703704 14232.777777777797 
354.0015323036357 17.0 0.0 35.0 111.0 13999.236724444454 13999.23703703704 14232.777777777797 
355.0015323036357 17.0 0.0 35.0 111.0 13980.570339111093 13978.496296296304 14232.777777777797 
356.0015323036357 17.0 0.0 35.0 110.0 13978.703700577787 13978.496296296304 14232.777777777797 
357.0015323036357 17.0 0.0 35.0 110.0 13978.517036724441 13978.496296296304 14232.777777777797 
358.0015323036357 17.0 0.0 35.0 110.0 13978.498370339083 13978.496296296304 14232.777777777797 
359.0015323036357 17.0 0.0 35.0 110.0 13978.496503700577 13978.496296296304 14232.777777777797 
360.0015323036357 17.0 0.0 35.0 110.0 13978.496317036746 13978.496296296304 14232.777777777797 
361.0015323036357 17.0 0.0 36.0 110.0 13978.496298370339 13978.496296296304 14232.777777777797 
362.0015323036357 17.0 0.0 36.0 110.0 13962.642963170369 13960.88148148148 14232.777777777797 
363.0015323036357 17.0 0.0 36.0 110.0 13961.057629650371 13960.88148148148 14232.777777777797 
364.0015323036357 17.0 0.0 36.0 110.0 13960.89909629838 13960.88148148148 14232.777777777797 
365.0015323036357 17.0 0.0 38.0 110.0 13960.883242963202 13960.88148148148 14232.777777777797 
366.0015323036357 17.0 0.0 38.0 110.0 13958.068324296342 13957.755555555561 14232.777777777797 
367.0015323036357 17.0 0.0 38.0 109.0 13941.933499096305 13940.140740740746 14232.777777777797 
368.0015323036357 17.0 0.0 39.0 109.0 13940.3200165763 13940.140740740746 14232.777777777797 
369.0015323036357 17.0 0.0 39.0 109.0 13924.305334990948 13922.525925925918 14232.777777777797 
370.0015323036357 17.0 0.0 39.0 109.0 13922.703866832435 13922.525925925918 14232.777777777797 
371.0015323036357 17.0 0.0 40.0 109.0 13922.543720016572 13922.525925925918 14232.777777777797 
372.0015323036357 17.0 0.0 40.0 109.0 13919.71437200165 13919.400000000001 14232.777777777797 
373.0015323036357 17.0 0.0 40.0 108.0 13919.431437200163 13919.400000000001 14232.777777777797 
374.0015323036357 17.0 0.0 40.0 108.0 13919.403143720025 13919.400000000001 14232.777777777797 
375.0015323036357 17.0 0.0 40.0 108.0 13919.400314371986 13919.400000000001 14232.777777777797 
376.0015323036357 17.0 0.0 40.0 108.0 13919.400031437217 13919.400000000001 14232.777777777797 
377.0015323036357 18.0 0.0 39.0 108.0 13919.400003143715 13919.400000000001 14232.777777777797 
378.0015323036357 18.0 0.0 40.0 108.0 13935.253333647684 13937.014814814838 14232.777777777797 
379.0015323036357 18.0 0.0 40.0 108.0 13936.838666698102 13937.014814814838 14232.777777777797 
380.0015323036357 18.0 0.0 40.0 108.0 13921.150533336497 13919.407407407401 14232.777777777797 
381.0015323036357 18.0 0.0 40.0 108.0 13919.581720000286 13919.407407407401 14232.777777777797 
382.0015323036357 18.0 0.0 40.0 108.0 13919.424838666684 13919.407407407401 14232.777777777797 
383.0015323036357 19.0 0.0 39.0 108.0 13919.409150533313 13919.407407407401 14232.777777777797 
384.0015323036357 19.0 0.0 39.0 108.0 13935.260915053348 13937.022222222226 14232.777777777797 
385.0015323036357 19.0 0.0 39.0 108.0 13936.846091505313 13937.022222222226 14232.777777777797 
386.0015323036357 19.0 0.0 39.0 108.0 13937.004609150508 13937.022222222226 14232.777777777797 
387.0015323036357 19.0 0.0 39.0 108.0 13937.020460915055 13937.022222222226 14232.777777777797 
388.0015323036357 19.0 0.0 41.0 108.0 13937.022046091512 13937.022222222226 14232.777777777797 
389.0015323036357 19.0 0.0 41.0 108.0 13918.355537942496 13916.281481481481 14232.777777777797 
390.0015323036357 19.0 0.0 41.0 107.0 13916.488887127582 13916.281481481481 14232.777777777797 
391.0015323036357 19.0 0.0 41.0 107.0 13916.302222046108 13916.281481481481 14232.777777777797 
392.0015323036357 19.0 0.0 41.0 107.0 13916.283555537953 13916.281481481481 14232.777777777797 
393.0015323036357 19.0 0.0 41.0 107.0 13916.281688887111 13916.281481481481 14232.777777777797 
394.0015323036357 19.0 0.0 41.0 107.0 13916.281502222051 13916.281481481481 14232.777777777797 
395.0015323036357 19.0 0.0 41.0 107.0 13916.281483555538 13916.281481481481 14232.777777777797 
396.0015323036357 19.0 0.0 42.0 107.0 13916.281481688911 13916.281481481481 14232.777777777797 
397.0015323036357 19.0 0.0 42.0 107.0 13900.428148168916 13898.666666666668 14232.777777777797 
398.0015323036357 21.0 0.0 40.0 107.0 13898.842814816911 13898.666666666668 14232.777777777797 
399.0015323036357 22.0 0.0 39.0 108.0 13917.344281481703 13919.400000000001 14232.777777777797 
400.0015323036357 22.0 0.0 39.0 108.0 13935.041094814804 13937.0074074074 14232.777777777797 
401.0015323036357 22.0 0.0 39.0 108.0 13936.810776148151 13937.0074074074 14232.777777777797 
402.0015323036357 22.0 0.0 39.0 108.0 13936.987744281454 13937.0074074074 14232.777777777797 
403.0015323036357 22.0 0.0 39.0 108.0 13937.005441094807 13937.0074074074 14232.777777777797 
404.0015323036357 22.0 0.0 39.0 108.0 13937.00721077615 13937.0074074074 14232.777777777797 
405.0015323036357 23.0 0.0 38.0 108.0 13937.007387744292 13937.0074074074 14232.777777777797 
406.0015323036357 23.0 0.0 38.0 109.0 13939.820738774437 13940.13333333335 14232.777777777797 
407.0015323036357 23.0 0.0 39.0 109.0 13940.102073877442 13940.13333333335 14232.777777777797 
408.0015323036357 23.0 0.0 39.0 109.0 13924.276874054389 13922.518518518522 14232.777777777797 
409.0015323036357 24.0 0.0 38.0 109.0 13922.694354072097 13922.518518518522 14232.777777777797 
410.0015323036357 24.0 0.0 38.0 110.0 13925.349435407217 13925.644444444439 14232.777777777797 
411.0015323036357 24.0 0.0 38.0 110.0 13925.614943540713 13925.644444444439 14232.777777777797 
412.0015323036357 24.0 0.0 38.0 110.0 13925.641494354066 13925.644444444439 14232.777777777797 
413.0015323036357 25.0 0.0 37.0 110.0 13925.644149435382 13925.644444444439 14232.777777777797 
414.0015323036357 26.0 0.0 36.0 111.0 13928.45774827687 13928.77037037036 14232.777777777797 
415.0015323036357 26.0 0.0 36.0 111.0 13944.592441494364 13946.385185185174 14232.777777777797 
416.0015323036357 27.0 0.0 35.0 111.0 13946.20591081611 13946.385185185174 14232.777777777797 
417.0015323036357 27.0 0.0 35.0 111.0 13962.220591081605 13964.0 14232.777777777797 
418.0015323036357 27.0 0.0 35.0 111.0 13963.82205910815 13964.0 14232.777777777797 
419.0015323036357 27.0 0.0 35.0 111.0 13963.9822059108 13964.0 14232.777777777797 
420.0015323036357 27.0 0.0 35.0 111.0 13963.998220591064 13964.0 14232.777777777797 
421.0015323036357 27.0 0.0 35.0 111.0 13963.999822059111 13964.0 14232.777777777797 
422.0015323036357 27.0 0.0 35.0 111.0 13963.999982205907 13964.0 14232.777777777797 
423.0015323036357 27.0 0.0 35.0 111.0 13963.999998220574 13964.0 14232.777777777797 
424.0015323036357 27.0 0.0 35.0 111.0 13963.999999822025 13964.0 14232.777777777797 
425.0015323036357 27.0 0.0 35.0 111.0 13963.999999982201 13964.0 14232.777777777797 
426.0015323036357 27.0 0.0 35.0 111.0 13963.999999998223 13964.0 14232.777777777797 
427.0015323036357 28.0 0.0 34.0 111.0 13963.999999999853 13964.0 14232.777777777797 
428.0015323036357 29.0 0.0 34.0 111.0 13979.853333333338 13981.614814814824 14232.777777777797 
429.0015323036357 30.0 0.0 34.0 111.0 13981.445333333344 13981.622222222213 14232.777777777797 
430.0015323036357 30.0 0.0 34.0 111.0 13981.59786666667 13981.614814814826 14232.777777777797 
431.0015323036357 30.0 0.0 34.0 111.0 13981.613119999985 13981.614814814826 14232.777777777797 
432.0015323036357 30.0 0.0 34.0 111.0 13981.614645333331 13981.614814814826 14232.777777777797 
433.0015323036357 31.0 0.0 33.0 111.0 13981.614797866665 13981.614814814826 14232.777777777797 
434.0015323036357 31.0 0.0 34.0 112.0 13984.428146453327 13984.740740740734 14232.777777777797 
435.0015323036357 31.0 0.0 34.0 112.0 13966.042814645321 13964.0 14232.777777777797 
436.0015323036357 31.0 0.0 34.0 111.0 13964.204281464534 13964.0 14232.777777777797 
437.0015323036357 31.0 0.0 34.0 111.0 13964.020428146443 13964.0 14232.777777777797 
438.0015323036357 31.0 0.0 35.0 111.0 13964.002042814662 13964.0 14232.777777777797 
439.0015323036357 31.0 0.0 35.0 111.0 13961.186870948106 13960.874074074081 14232.777777777797 
440.0015323036357 31.0 0.0 35.0 110.0 13960.905353761467 13960.874074074081 14232.777777777797 
441.0015323036357 31.0 0.0 37.0 110.0 13960.877202042791 13960.874074074081 14232.777777777797 
442.0015323036357 31.0 0.0 37.0 110.0 13958.061053537614 13957.748148148132 14232.777777777797 
443.0015323036357 31.0 0.0 37.0 109.0 13941.926105353774 13940.13333333335 14232.777777777797 
444.0015323036357 32.0 0.0 36.0 109.0 13940.312610535355 13940.13333333335 14232.777777777797 
445.0015323036357 32.0 0.0 36.0 109.0 13956.004594386874 13957.748148148132 14232.777777777797 
446.0015323036357 32.0 0.0 36.0 109.0 13957.573792772015 13957.748148148132 14232.777777777797 
447.0015323036357 32.0 0.0 37.0 109.0 13957.730712610537 13957.748148148132 14232.777777777797 
448.0015323036357 32.0 0.0 37.0 109.0 13957.746404594402 13957.748148148132 14232.777777777797 
449.0015323036357 32.0 0.0 37.0 109.0 13941.894640459432 13940.13333333335 14232.777777777797 
450.0015323036357 32.0 0.0 37.0 109.0 13940.309464045946 13940.13333333335 14232.777777777797 
451.0015323036357 32.0 0.0 37.0 109.0 13940.150946404616 13940.13333333335 14232.777777777797 
452.0015323036357 32.0 0.0 37.0 109.0 13940.135094640456 13940.13333333335 14232.777777777797 
453.0015323036357 32.0 0.0 37.0 109.0 13940.133509464018 13940.13333333335 14232.777777777797 
454.0015323036357 32.0 0.0 37.0 109.0 13940.13335094641 13940.13333333335 14232.777777777797 
455.0015323036357 32.0 0.0 38.0 109.0 13940.13333509462 13940.13333333335 14232.777777777797 
456.0015323036357 32.0 0.0 38.0 109.0 13937.320000176154 13937.0074074074 14232.777777777797 
457.0015323036357 32.0 0.0 38.0 108.0 13937.038666684286 13937.0074074074 14232.777777777797 
458.0015323036357 33.0 0.0 37.0 108.0 13937.01053333506 13937.0074074074 14232.777777777797 
459.0015323036357 33.0 0.0 37.0 108.0 13952.861053333498 13954.622222222213 14232.777777777797 
460.0015323036357 33.0 0.0 37.0 108.0 13954.446105333349 13954.622222222213 14232.777777777797 
461.0015323036357 33.0 0.0 37.0 108.0 13954.604610533343 13954.622222222213 14232.777777777797 
462.0015323036357 33.0 0.0 37.0 108.0 13954.620461053326 13954.622222222213 14232.777777777797 
463.0015323036357 33.0 0.0 38.0 108.0 13954.622046105336 13954.622222222213 14232.777777777797 
464.0015323036357 33.0 0.0 38.0 108.0 13951.808871277233 13951.496296296305 14232.777777777797 
465.0015323036357 33.0 0.0 38.0 107.0 13951.527553794356 13951.496296296305 14232.777777777797 
466.0015323036357 33.0 0.0 38.0 107.0 13951.499422046094 13951.496296296305 14232.777777777797 
467.0015323036357 33.0 0.0 38.0 107.0 13951.496608871286 13951.496296296305 14232.777777777797 
468.0015323036357 33.0 0.0 38.0 107.0 13951.496327553794 13951.496296296305 14232.777777777797 
469.0015323036357 33.0 0.0 38.0 107.0 13951.496299422055 13951.496296296305 14232.777777777797 
470.0015323036357 33.0 0.0 38.0 107.0 13951.496296608899 13951.496296296305 14232.777777777797 
471.0015323036357 34.0 0.0 37.0 107.0 13967.349629660917 13969.11111111112 14232.777777777797 
472.0015323036357 34.0 0.0 37.0 107.0 13968.934962966083 13969.11111111112 14232.777777777797 
473.0015323036357 34.0 0.0 37.0 107.0 13969.093496296638 13969.11111111112 14232.777777777797 
474.0015323036357 35.0 0.0 36.0 107.0 13969.10934962969 13969.11111111112 14232.777777777797 
475.0015323036357 35.0 0.0 36.0 108.0 13971.924268296296 13972.23703703704 14232.777777777797 
476.0015323036357 35.0 0.0 36.0 108.0 13972.205760162928 13972.23703703704 14232.777777777797 
477.0015323036357 35.0 0.0 36.0 108.0 13972.23390934961 13972.23703703704 14232.777777777797 
478.0015323036357 35.0 0.0 36.0 108.0 13972.236724268316 13972.23703703704 14232.777777777797 
479.0015323036357 35.0 0.0 36.0 108.0 13972.237005760146 13972.23703703704 14232.777777777797 
480.0015323036357 35.0 0.0 36.0 108.0 13972.237033909356 13972.23703703704 14232.777777777797 
481.0015323036357 36.0 0.0 35.0 108.0 13972.237036724275 13972.23703703704 14232.777777777797 
482.0015323036357 36.0 0.0 35.0 108.0 13988.090370339081 13989.85185185185 14232.777777777797 
483.0015323036357 36.0 0.0 35.0 108.0 13989.675703700546 13989.85185185185 14232.777777777797 
484.0015323036357 36.0 0.0 35.0 108.0 13989.834237036705 13989.85185185185 14232.777777777797 
485.0015323036357 36.0 0.0 35.0 108.0 13989.850090370375 13989.85185185185 14232.777777777797 
486.0015323036357 36.0 0.0 35.0 108.0 13989.851675703725 13989.85185185185 14232.777777777797 
487.0015323036357 36.0 0.0 35.0 108.0 13989.851834237039 13989.85185185185 14232.777777777797 
488.0015323036357 36.0 0.0 35.0 108.0 13989.851850090401 13989.85185185185 14232.777777777797 
489.0015323036357 36.0 0.0 35.0 108.0 13989.851851675729 13989.85185185185 14232.777777777797 
490.0015323036357 36.0 0.0 35.0 108.0 13989.851851834252 13989.85185185185 14232.777777777797 
491.0015323036357 37.0 0.0 34.0 108.0 13989.851851850115 13989.85185185185 14232.777777777797 
492.0015323036357 37.0 0.0 34.0 108.0 14005.70518518504 14007.46666666668 14232.777777777797 
493.0015323036357 37.0 0.0 34.0 108.0 14007.29051851848 14007.46666666668 14232.777777777797 
494.0015323036357 37.0 0.0 34.0 108.0 14007.449051851834 14007.46666666668 14232.777777777797 
495.0015323036357 37.0 0.0 34.0 108.0 14007.464905185205 14007.46666666668 14232.777777777797 
496.0015323036357 37.0 0.0 34.0 108.0 14007.466490518507 14007.46666666668 14232.777777777797 
497.0015323036357 37.0 0.0 34.0 108.0 14007.466649051858 14007.46666666668 14232.777777777797 
498.0015323036357 37.0 0.0 35.0 108.0 14007.46666490518 14007.46666666668 14232.777777777797 
499.0015323036357 37.0 0.0 35.0 108.0 13991.613333157185 13989.85185185185 14232.777777777797 
500.0015323036357 37.0 0.0 36.0 108.0 13990.027999982382 13989.85185185185 14232.777777777797 
501.0015323036357 37.0 0.0 36.0 108.0 13987.056133331569 13986.725925925948 14232.777777777797 
502.0015323036357 37.0 0.0 36.0 107.0 13986.758946666487 13986.725925925948 14232.777777777797 
503.0015323036357 37.0 0.0 38.0 107.0 13986.729228000017 13986.725925925948 14232.777777777797 
504.0015323036357 37.0 0.0 39.0 107.0 13983.912922799966 13983.599999999999 14232.777777777797 
505.0015323036357 37.0 0.0 39.0 106.0 13964.97129228001 13962.86666666665 14232.777777777797 
506.0015323036357 38.0 0.0 38.0 105.0 13963.077129227977 13962.86666666665 14232.777777777797 
507.0015323036357 38.0 0.0 38.0 105.0 13978.74104625612 13980.481481481478 14232.777777777797 
508.0015323036357 38.0 0.0 38.0 105.0 13980.307437958974 13980.481481481478 14232.777777777797 
509.0015323036357 38.0 0.0 38.0 105.0 13980.46407712921 13980.481481481478 14232.777777777797 
510.0015323036357 39.0 0.0 37.0 105.0 13980.479741046283 13980.481481481478 14232.777777777797 
511.0015323036357 39.0 0.0 37.0 106.0 13983.294640771264 13983.607407407428 14232.777777777797 
512.0015323036357 39.0 0.0 38.0 106.0 13983.576130743772 13983.607407407428 14232.777777777797 
513.0015323036357 39.0 0.0 39.0 106.0 13980.790946407715 13980.481481481478 14232.777777777797 
514.0015323036357 39.0 0.0 39.0 105.0 13964.659094640783 13962.86666666665 14232.777777777797 
515.0015323036357 39.0 0.0 39.0 105.0 13963.045909464052 13962.86666666665 14232.777777777797 
516.0015323036357 39.0 0.0 39.0 105.0 13962.884590946427 13962.86666666665 14232.777777777797 
517.0015323036357 39.0 0.0 39.0 105.0 13962.868459094641 13962.86666666665 14232.777777777797 
518.0015323036357 39.0 0.0 39.0 105.0 13962.86684590944 13962.86666666665 14232.777777777797 
519.0015323036357 40.0 0.0 38.0 105.0 13962.866684590957 13962.86666666665 14232.777777777797 
520.0015323036357 40.0 0.0 38.0 106.0 13965.680001792436 13965.9925925926 14232.777777777797 
521.0015323036357 40.0 0.0 39.0 106.0 13965.961333512587 13965.9925925926 14232.777777777797 
522.0015323036357 40.0 0.0 39.0 106.0 13965.989466684565 13965.9925925926 14232.777777777797 
523.0015323036357 40.0 0.0 40.0 106.0 13950.145613335153 13948.385185185176 14232.777777777797 
524.0015323036357 40.0 0.0 40.0 106.0 13932.707894666866 13930.77037037036 14232.777777777797 
525.0015323036357 40.0 0.0 40.0 106.0 13930.96412280002 13930.77037037036 14232.777777777797 
526.0015323036357 40.0 0.0 40.0 106.0 13930.789745613343 13930.77037037036 14232.777777777797 
527.0015323036357 40.0 0.0 40.0 106.0 13930.772307894673 13930.77037037036 14232.777777777797 
528.0015323036357 41.0 0.0 39.0 106.0 13930.770564122784 13930.77037037036 14232.777777777797 
529.0015323036357 41.0 0.0 39.0 106.0 13946.617056412268 13948.377777777787 14232.777777777797 
530.0015323036357 41.0 0.0 39.0 106.0 13948.201705641242 13948.377777777787 14232.777777777797 
531.0015323036357 41.0 0.0 39.0 106.0 13948.360170564101 13948.377777777787 14232.777777777797 
532.0015323036357 41.0 0.0 39.0 106.0 13948.376017056418 13948.377777777787 14232.777777777797 
533.0015323036357 41.0 0.0 39.0 106.0 13948.377601705639 13948.377777777787 14232.777777777797 
534.0015323036357 41.0 0.0 39.0 106.0 13948.37776017056 13948.377777777787 14232.777777777797 
535.0015323036357 41.0 0.0 39.0 106.0 13948.377776017069 13948.377777777787 14232.777777777797 
536.0015323036357 41.0 0.0 39.0 106.0 13948.377777601723 13948.377777777787 14232.777777777797 
537.0015323036357 41.0 0.0 40.0 106.0 13948.377777760184 13948.377777777787 14232.777777777797 
538.0015323036357 41.0 0.0 40.0 106.0 13948.377777776035 13948.377777777787 14232.777777777797 
539.0015323036357 41.0 0.0 42.0 106.0 13932.531111110937 13930.77037037036 14232.777777777797 
540.0015323036357 41.0 0.0 42.0 106.0 13928.133111111074 13927.644444444439 14232.777777777797 
541.0015323036357 41.0 0.0 42.0 105.0 13911.846644444471 13910.037037037015 14232.777777777797 
542.0015323036357 41.0 0.0 42.0 105.0 13910.217997777798 13910.037037037015 14232.777777777797 
543.0015323036357 41.0 0.0 43.0 105.0 13910.055133111131 13910.037037037015 14232.777777777797 
544.0015323036357 42.0 0.0 42.0 105.0 13910.038846644455 13910.037037037015 14232.777777777797 
545.0015323036357 42.0 0.0 42.0 106.0 13896.997217997785 13895.548148148151 14232.777777777797 
546.0015323036357 43.0 0.0 41.0 106.0 13895.693055133117 13895.548148148151 14232.777777777797 
547.0015323036357 43.0 0.0 41.0 106.0 13911.415972179988 13913.16296296296 14232.777777777797 
548.0015323036357 43.0 0.0 43.0 106.0 13912.988263884672 13913.16296296296 14232.777777777797 
549.0015323036357 44.0 0.0 42.0 106.0 13923.36549305514 13924.518518518522 14232.777777777797 
550.0015323036357 44.0 0.0 43.0 104.0 13924.40321597219 13924.518518518522 14232.777777777797 
551.0015323036357 44.0 0.0 43.0 104.0 13908.653654930546 13906.903703703709 14232.777777777797 
552.0015323036357 44.0 0.0 43.0 104.0 13907.078698826383 13906.903703703709 14232.777777777797 
553.0015323036357 44.0 0.0 43.0 104.0 13906.921203215965 13906.903703703709 14232.777777777797 
554.0015323036357 46.0 0.0 41.0 104.0 13922.75878698829 13924.518518518522 14232.777777777797 
555.0015323036357 46.0 0.0 41.0 104.0 13940.189212032174 13942.125925925919 14232.777777777797 
556.0015323036357 46.0 0.0 41.0 104.0 13941.932254536552 13942.125925925919 14232.777777777797 
557.0015323036357 46.0 0.0 41.0 104.0 13942.106558787013 13942.125925925919 14232.777777777797 
558.0015323036357 46.0 0.0 41.0 104.0 13942.12398921204 13942.125925925919 14232.777777777797 
559.0015323036357 46.0 0.0 41.0 104.0 13942.125732254532 13942.125925925919 14232.777777777797 
560.0015323036357 46.0 0.0 42.0 104.0 13942.12590655879 13942.125925925919 14232.777777777797 
561.0015323036357 46.0 0.0 42.0 104.0 13939.312590655883 13939.0 14232.777777777797 
562.0015323036357 46.0 0.0 42.0 103.0 13939.03125906559 13939.0 14232.777777777797 
563.0015323036357 46.0 0.0 42.0 103.0 13939.003125906565 13939.0 14232.777777777797 
564.0015323036357 46.0 0.0 42.0 103.0 13939.000312590653 13939.0 14232.777777777797 
565.0015323036357 46.0 0.0 42.0 103.0 13939.000031259066 13939.0 14232.777777777797 
566.0015323036357 46.0 0.0 43.0 103.0 13939.000003125908 13939.0 14232.777777777797 
567.0015323036357 46.0 0.0 43.0 103.0 13936.186666979276 13935.874074074081 14232.777777777797 
568.0015323036357 46.0 0.0 43.0 102.0 13935.905333364577 13935.874074074081 14232.777777777797 
569.0015323036357 46.0 0.0 43.0 102.0 13935.877200003139 13935.874074074081 14232.777777777797 
570.0015323036357 46.0 0.0 43.0 102.0 13935.87438666699 13935.874074074081 14232.777777777797 
571.0015323036357 46.0 0.0 43.0 102.0 13935.874105333376 13935.874074074081 14232.777777777797 
572.0015323036357 46.0 0.0 43.0 102.0 13935.874077200027 13935.874074074081 14232.777777777797 
573.0015323036357 46.0 0.0 43.0 102.0 13935.87407438667 13935.874074074081 14232.777777777797 
574.0015323036357 46.0 0.0 43.0 102.0 13935.874074105337 13935.874074074081 14232.777777777797 
575.0015323036357 46.0 0.0 43.0 102.0 13935.874074077183 13935.874074074081 14232.777777777797 
576.0015323036357 46.0 0.0 43.0 102.0 13935.874074074356 13935.874074074081 14232.777777777797 
577.0015323036357 46.0 0.0 43.0 102.0 13935.8740740741 13935.874074074081 14232.777777777797 
578.0015323036357 46.0 0.0 43.0 102.0 13935.874074074085 13935.874074074081 14232.777777777797 
579.0015323036357 46.0 0.0 43.0 102.0 13935.874074074081 13935.874074074081 14232.777777777797 
580.0015323036357 46.0 0.0 43.0 102.0 13935.874074074081 13935.874074074081 14232.777777777797 
581.0015323036357 46.0 0.0 43.0 102.0 13935.874074074081 13935.874074074081 14232.777777777797 
582.0015323036357 46.0 0.0 43.0 102.0 13935.874074074081 13935.874074074081 14232.777777777797 
583.0015323036357 46.0 0.0 43.0 102.0 13935.874074074081 13935.874074074081 14232.777777777797 
584.0015323036357 47.0 0.0 42.0 102.0 13951.727407407412 13953.488888888909 14232.777777777797 
585.0015323036357 47.0 0.0 42.0 102.0 13953.312740740741 13953.488888888909 14232.777777777797 
586.0015323036357 47.0 0.0 42.0 102.0 13953.471274074072 13953.488888888909 14232.777777777797 
587.0015323036357 47.0 0.0 42.0 102.0 13953.487127407381 13953.488888888909 14232.777777777797 
588.0015323036357 47.0 0.0 42.0 102.0 13953.488712740744 13953.488888888909 14232.777777777797 
589.0015323036357 47.0 0.0 42.0 102.0 13953.488871274092 13953.488888888909 14232.777777777797 
590.0015323036357 47.0 0.0 42.0 102.0 13953.488887127405 13953.488888888909 14232.777777777797 
591.0015323036357 47.0 0.0 43.0 102.0 13953.48888871274 13953.488888888909 14232.777777777797 
592.0015323036357 47.0 0.0 43.0 102.0 13937.635555537972 13935.874074074081 14232.777777777797 
593.0015323036357 47.0 0.0 43.0 102.0 13936.050222220465 13935.874074074081 14232.777777777797 
594.0015323036357 48.0 0.0 42.0 102.0 13935.891688888743 13935.874074074081 14232.777777777797 
595.0015323036357 48.0 0.0 42.0 102.0 13951.729168888865 13953.488888888909 14232.777777777797 
596.0015323036357 48.0 0.0 42.0 102.0 13953.312916888903 13953.488888888909 14232.777777777797 
597.0015323036357 48.0 0.0 42.0 102.0 13953.471291688888 13953.488888888909 14232.777777777797 
598.0015323036357 48.0 0.0 42.0 102.0 13953.487129168885 13953.488888888909 14232.777777777797 
599.0015323036357 48.0 0.0 42.0 102.0 13953.488712916911 13953.488888888909 14232.777777777797 
600.0015323036357 48.0 0.0 43.0 102.0 13953.488871291656 13953.488888888909 14232.777777777797 
#####################################################################
# End of data export. Simulation finished at: 2020-02-08T00:01+0000 #
#####################################################################
