#####################################################################
# Alchemist log file - simulation started at: 2020-02-18T02:06+0000 #
#####################################################################
# longseed = 68.0, meanTaskSize = 10000, peakFrequency = 1
#
# The columns have the following meaning: 
# time done[Sum] drop[Sum] waiting[Sum] isLeader[Sum] capacity[Mean] freeCapacity[Mean] maxCapacity[Mean] 
0.0 NaN 0.0 NaN NaN NaN NaN NaN 
1.0016996984100828 0.0 0.0 0.0 135.0 14232.777777777797 14232.777777777797 14232.777777777797 
2.001699698410083 0.0 0.0 0.0 135.0 14232.777777777797 14232.777777777797 14232.777777777797 
3.001699698410083 0.0 0.0 0.0 135.0 14232.777777777797 14232.777777777797 14232.777777777797 
4.001699698410083 0.0 0.0 0.0 135.0 14232.777777777797 14232.777777777797 14232.777777777797 
5.001699698410083 0.0 0.0 0.0 135.0 14232.777777777797 14232.777777777797 14232.777777777797 
6.001699698410083 0.0 0.0 0.0 135.0 14232.777777777797 14232.777777777797 14232.777777777797 
7.001699698410083 0.0 0.0 0.0 135.0 14232.777777777797 14232.777777777797 14232.777777777797 
8.001699698410082 0.0 0.0 0.0 135.0 14232.777777777797 14232.777777777797 14232.777777777797 
9.001699698410082 0.0 0.0 0.0 135.0 14232.777777777797 14232.777777777797 14232.777777777797 
10.001699698410082 0.0 0.0 0.0 135.0 14232.777777777797 14232.777777777797 14232.777777777797 
11.001699698410082 0.0 0.0 0.0 135.0 14232.777777777797 14232.777777777797 14232.777777777797 
12.001699698410082 0.0 0.0 0.0 135.0 14232.777777777797 14232.777777777797 14232.777777777797 
13.001699698410082 0.0 0.0 0.0 135.0 14232.777777777797 14232.777777777797 14232.777777777797 
14.001699698410082 0.0 0.0 0.0 135.0 14232.777777777797 14232.777777777797 14232.777777777797 
15.001699698410082 0.0 0.0 0.0 135.0 14232.777777777797 14232.777777777797 14232.777777777797 
16.001699698410082 0.0 0.0 0.0 135.0 14232.777777777797 14232.777777777797 14232.777777777797 
17.001699698410082 0.0 0.0 0.0 135.0 14232.777777777797 14232.777777777797 14232.777777777797 
18.001699698410082 0.0 0.0 0.0 135.0 14232.777777777797 14232.777777777797 14232.777777777797 
19.001699698410082 0.0 0.0 0.0 135.0 14232.777777777797 14232.777777777797 14232.777777777797 
20.001699698410082 0.0 0.0 0.0 135.0 14232.777777777797 14232.777777777797 14232.777777777797 
21.001699698410082 0.0 0.0 0.0 135.0 14232.777777777797 14232.777777777797 14232.777777777797 
22.001699698410082 0.0 0.0 0.0 135.0 14232.777777777797 14232.777777777797 14232.777777777797 
23.001699698410082 0.0 0.0 0.0 135.0 14232.777777777797 14232.777777777797 14232.777777777797 
24.001699698410082 0.0 0.0 0.0 135.0 14232.777777777797 14232.777777777797 14232.777777777797 
25.001699698410082 0.0 0.0 0.0 135.0 14232.777777777797 14232.777777777797 14232.777777777797 
26.001699698410082 0.0 0.0 0.0 135.0 14232.777777777797 14232.777777777797 14232.777777777797 
27.001699698410082 0.0 0.0 0.0 135.0 14232.777777777797 14232.777777777797 14232.777777777797 
28.001699698410082 0.0 0.0 1.0 135.0 14232.777777777797 14232.777777777797 14232.777777777797 
29.001699698410082 1.0 0.0 0.0 135.0 14231.016296296293 14215.162962962962 14232.777777777797 
30.001699698410082 1.0 0.0 0.0 135.0 14231.192444444468 14232.777777777797 14232.777777777797 
31.001699698410082 1.0 0.0 0.0 135.0 14231.350977777802 14232.777777777797 14232.777777777797 
32.00169969841008 1.0 0.0 0.0 135.0 14231.49365777777 14232.777777777797 14232.777777777797 
33.00169969841008 1.0 0.0 0.0 135.0 14231.622069777777 14232.777777777797 14232.777777777797 
34.00169969841008 1.0 0.0 1.0 135.0 14231.737640577745 14232.777777777797 14232.777777777797 
35.00169969841008 1.0 0.0 1.0 135.0 14231.529061705185 14229.651851851839 14232.777777777797 
36.00169969841008 1.0 0.0 1.0 135.0 14231.34134071984 14229.651851851839 14232.777777777797 
37.00169969841008 1.0 0.0 1.0 135.0 14231.172391833064 14229.651851851839 14232.777777777797 
38.00169969841008 1.0 0.0 1.0 135.0 14231.020337834916 14229.651851851839 14232.777777777797 
39.00169969841008 1.0 0.0 1.0 135.0 14230.883489236625 14229.651851851839 14232.777777777797 
40.00169969841008 1.0 0.0 1.0 134.0 14230.760325498128 14229.651851851839 14232.777777777797 
41.00169969841008 1.0 0.0 1.0 134.0 14230.649478133504 14229.651851851839 14232.777777777797 
42.00169969841008 1.0 0.0 1.0 134.0 14230.549715505345 14229.651851851839 14232.777777777797 
43.00169969841008 1.0 0.0 1.0 134.0 14230.45992913997 14229.651851851839 14232.777777777797 
44.00169969841008 1.0 0.0 1.0 134.0 14230.379121411186 14229.651851851839 14232.777777777797 
45.00169969841008 1.0 0.0 1.0 134.0 14230.30639445525 14229.651851851839 14232.777777777797 
46.00169969841008 1.0 0.0 1.0 134.0 14230.240940194923 14229.651851851839 14232.777777777797 
47.00169969841008 1.0 0.0 1.0 134.0 14230.182031360602 14229.651851851839 14232.777777777797 
48.00169969841008 1.0 0.0 1.0 134.0 14230.129013409718 14229.651851851839 14232.777777777797 
49.00169969841008 1.0 0.0 1.0 134.0 14230.081297253932 14229.651851851839 14232.777777777797 
50.00169969841008 1.0 0.0 1.0 134.0 14230.03835271376 14229.651851851839 14232.777777777797 
51.00169969841008 1.0 0.0 1.0 134.0 14229.999702627552 14229.651851851839 14232.777777777797 
52.00169969841008 1.0 0.0 1.0 134.0 14229.964917549994 14229.651851851839 14232.777777777797 
53.00169969841008 1.0 0.0 1.0 134.0 14229.93361098016 14229.651851851839 14232.777777777797 
54.00169969841008 1.0 0.0 1.0 134.0 14229.905435067312 14229.651851851839 14232.777777777797 
55.00169969841008 1.0 0.0 1.0 134.0 14229.880076745805 14229.651851851839 14232.777777777797 
56.00169969841008 1.0 0.0 1.0 134.0 14229.857254256382 14229.651851851839 14232.777777777797 
57.00169969841008 1.0 0.0 2.0 134.0 14229.836714015928 14229.651851851839 14232.777777777797 
58.00169969841008 1.0 0.0 2.0 134.0 14229.505635206915 14226.525925925918 14232.777777777797 
59.00169969841008 1.0 0.0 2.0 134.0 14229.207664278854 14226.525925925918 14232.777777777797 
60.00169969841008 1.0 0.0 2.0 134.0 14228.939490443534 14226.525925925918 14232.777777777797 
61.00169969841008 1.0 0.0 2.0 134.0 14228.69813399177 14226.525925925918 14232.777777777797 
62.00169969841008 1.0 0.0 2.0 134.0 14228.480913185194 14226.525925925918 14232.777777777797 
63.00169969841008 1.0 0.0 2.0 133.0 14228.285414459275 14226.525925925918 14232.777777777797 
64.00169969841008 1.0 0.0 2.0 133.0 14228.10946560592 14226.525925925918 14232.777777777797 
65.00169969841008 1.0 0.0 2.0 133.0 14227.951111637904 14226.525925925918 14232.777777777797 
66.00169969841008 1.0 0.0 2.0 133.0 14227.808593066735 14226.525925925918 14232.777777777797 
67.00169969841008 1.0 0.0 2.0 133.0 14227.680326352687 14226.525925925918 14232.777777777797 
68.00169969841008 1.0 0.0 2.0 133.0 14227.56488630998 14226.525925925918 14232.777777777797 
69.00169969841008 1.0 0.0 2.0 133.0 14227.4609902716 14226.525925925918 14232.777777777797 
70.00169969841008 1.0 0.0 2.0 133.0 14227.367483836979 14226.525925925918 14232.777777777797 
71.00169969841008 1.0 0.0 2.0 133.0 14227.283328045924 14226.525925925918 14232.777777777797 
72.00169969841008 1.0 0.0 2.0 133.0 14227.207587833904 14226.525925925918 14232.777777777797 
73.00169969841008 1.0 0.0 2.0 133.0 14227.139421643085 14226.525925925918 14232.777777777797 
74.00169969841008 1.0 0.0 2.0 133.0 14227.078072071388 14226.525925925918 14232.777777777797 
75.00169969841008 1.0 0.0 2.0 133.0 14227.02285745684 14226.525925925918 14232.777777777797 
76.00169969841008 1.0 0.0 2.0 133.0 14226.973164303783 14226.525925925918 14232.777777777797 
77.00169969841008 1.0 0.0 2.0 133.0 14226.928440465967 14226.525925925918 14232.777777777797 
78.00169969841008 1.0 0.0 2.0 133.0 14226.888189011974 14226.525925925918 14232.777777777797 
79.00169969841008 1.0 0.0 2.0 133.0 14226.851962703358 14226.525925925918 14232.777777777797 
80.00169969841008 1.0 0.0 2.0 133.0 14226.819359025623 14226.525925925918 14232.777777777797 
81.00169969841008 1.0 0.0 2.0 133.0 14226.790015715655 14226.525925925918 14232.777777777797 
82.00169969841008 1.0 0.0 3.0 133.0 14226.763606736682 14226.525925925918 14232.777777777797 
83.00169969841008 1.0 0.0 3.0 133.0 14226.427246063002 14223.400000000001 14232.777777777797 
84.00169969841008 1.0 0.0 3.0 133.0 14226.124521456735 14223.400000000001 14232.777777777797 
85.00169969841008 1.0 0.0 3.0 133.0 14225.852069311013 14223.400000000001 14232.777777777797 
86.00169969841008 1.0 0.0 3.0 133.0 14225.60686237993 14223.400000000001 14232.777777777797 
87.00169969841008 1.0 0.0 3.0 133.0 14225.386176141963 14223.400000000001 14232.777777777797 
88.00169969841008 1.0 0.0 3.0 132.0 14225.18755852771 14223.400000000001 14232.777777777797 
89.00169969841008 1.0 0.0 3.0 132.0 14225.00880267499 14223.400000000001 14232.777777777797 
90.00169969841008 1.0 0.0 3.0 132.0 14224.84792240747 14223.400000000001 14232.777777777797 
91.00169969841008 1.0 0.0 3.0 132.0 14224.703130166714 14223.400000000001 14232.777777777797 
92.00169969841008 1.0 0.0 3.0 132.0 14224.572817150065 14223.400000000001 14232.777777777797 
93.00169969841008 1.0 0.0 3.0 132.0 14224.455535435054 14223.400000000001 14232.777777777797 
94.00169969841008 1.0 0.0 3.0 132.0 14224.349981891542 14223.400000000001 14232.777777777797 
95.00169969841008 1.0 0.0 3.0 132.0 14224.254983702362 14223.400000000001 14232.777777777797 
96.00169969841008 1.0 0.0 4.0 132.0 14224.169485332148 14223.400000000001 14232.777777777797 
97.00169969841008 1.0 0.0 4.0 132.0 14222.33105531745 14205.785185185186 14232.777777777797 
98.00169969841008 1.0 0.0 4.0 132.0 14220.676468304237 14205.785185185186 14232.777777777797 
99.00169969841008 1.0 0.0 4.0 132.0 14219.187339992313 14205.785185185186 14232.777777777797 
100.00169969841008 1.0 0.0 4.0 132.0 14217.84712451161 14205.785185185186 14232.777777777797 
101.00169969841008 1.0 0.0 5.0 132.0 14216.640930578968 14205.785185185186 14232.777777777797 
102.00169969841008 1.0 0.0 5.0 132.0 14215.555356039587 14205.785185185186 14232.777777777797 
103.00169969841008 1.0 0.0 9.0 132.0 14212.816857472664 14188.17037037036 14232.777777777797 
104.00169969841008 1.0 0.0 9.0 132.0 14209.102579132807 14175.674074074106 14232.777777777797 
105.00169969841008 1.0 0.0 11.0 131.0 14205.759728626917 14175.674074074106 14232.777777777797 
106.00169969841008 1.0 0.0 15.0 131.0 14202.751163171672 14175.674074074106 14232.777777777797 
107.00169969841008 1.0 0.0 16.0 130.0 14195.896787595211 14134.207407407373 14232.777777777797 
108.00169969841008 1.0 0.0 20.0 130.0 14186.20562735421 14098.985185185162 14232.777777777797 
109.00169969841008 1.0 0.0 24.0 130.0 14172.200620174324 14046.155555555531 14232.777777777797 
110.00169969841008 1.0 0.0 28.0 130.0 14151.927224823585 13969.46666666668 14232.777777777797 
111.00169969841008 1.0 0.0 30.0 130.0 14130.159687526397 13934.251851851868 14232.777777777797 
112.00169969841008 1.0 0.0 33.0 129.0 14106.734829884886 13895.911111111145 14232.777777777797 
113.00169969841008 2.0 0.0 34.0 129.0 14082.129495044535 13860.681481481453 14232.777777777797 
114.00169969841008 2.0 0.0 39.0 129.0 14056.463952947497 13825.474074074082 14232.777777777797 
115.00169969841008 2.0 2.0 49.0 129.0 14026.321261356454 13755.037037037015 14232.777777777797 
116.00169969841008 2.0 3.0 52.0 124.0 13989.450616702285 13657.614814814828 14232.777777777797 
117.00011528417753 2.0 6.0 56.0 117.0 13947.463332809837 13569.577777777764 14232.777777777797 
118.00169969841008 2.0 9.0 62.0 118.0 13909.362925454794 13566.459259259243 14232.777777777797 
119.00169969841008 3.0 11.0 64.0 107.0 13863.78070698337 13453.540740740757 14232.777777777797 
120.00169969841008 3.0 11.0 73.0 122.0 13820.6841177665 13432.814814814803 14232.777777777797 
121.00169969841008 4.0 11.0 74.0 116.0 13774.127557841706 13355.11851851852 14232.777777777797 
122.00169969841008 4.0 13.0 83.0 120.0 13722.183690946424 13254.688888888884 14232.777777777797 
123.00169969841008 5.0 15.0 88.0 112.0 13671.911988518472 13219.466666666673 14232.777777777797 
124.00169969841008 7.0 16.0 92.0 104.0 13616.41338225921 13116.925925925922 14232.777777777797 
125.00169969841008 7.0 19.0 96.0 100.0 13552.376488477748 12976.044444444431 14232.777777777797 
126.00169969841008 8.0 21.0 99.0 104.0 13477.133654444799 12799.94814814816 14232.777777777797 
127.00169969841008 10.0 24.0 107.0 93.0 13408.178066778064 12787.577777777764 14232.777777777797 
128.00169969841008 10.0 25.0 113.0 100.0 13338.137297137295 12707.770370370374 14232.777777777797 
129.00169969841008 10.0 26.0 117.0 103.0 13266.818382238376 12624.94814814816 14232.777777777797 
130.00169969841008 10.0 26.0 123.0 86.0 13198.172099570127 12580.355555555561 14232.777777777797 
131.00169969841008 10.0 28.0 130.0 101.0 13131.106741464955 12527.518518518507 14232.777777777797 
132.00169969841008 10.0 29.0 135.0 92.0 13013.777548799912 11957.814814814803 14232.777777777797 
133.00169969841008 11.0 30.0 143.0 82.0 12886.323497623629 11739.23703703704 14232.777777777797 
134.00169969841008 12.0 32.0 148.0 100.0 12740.414110824244 11427.22962962962 14232.777777777797 
135.00169969841008 13.0 36.0 155.0 109.0 12582.891959001074 11165.192592592606 14232.777777777797 
136.00169969841008 13.0 42.0 158.0 89.0 12437.600540878764 11129.97777777776 14232.777777777797 
137.00169969841008 13.0 48.0 166.0 106.0 12292.750116420524 10989.096296296277 14232.777777777797 
138.00169969841008 15.0 62.0 169.0 98.0 12137.301771445127 10738.266666666641 14232.777777777797 
139.0003151197228 15.0 68.0 175.0 103.0 11969.556038745035 10459.844444444461 14232.777777777797 
140.00169969841008 16.0 70.0 180.0 79.0 11815.484879314978 10428.844444444463 14232.777777777797 
141.00169969841008 17.0 76.0 182.0 94.0 11671.335650642748 10373.99259259258 14232.777777777797 
142.00169969841008 17.0 78.0 191.0 64.0 11540.05171520811 10358.496296296318 14232.777777777797 
143.00169969841008 17.0 85.0 191.0 79.0 11409.188025168793 10231.41481481482 14232.777777777797 
144.00169969841008 19.0 88.0 191.0 64.0 11253.334407837066 9850.651851851859 14232.777777777797 
145.00169969841008 20.0 94.0 196.0 77.0 11108.829855942251 9808.288888888881 14232.777777777797 
146.00169969841008 20.0 103.0 197.0 70.0 10971.350574051747 9734.037037037022 14232.777777777797 
147.00169969841008 21.0 106.0 199.0 96.0 10846.070331461384 9718.548148148162 14232.777777777797 
148.00169969841008 21.0 117.0 206.0 59.0 10723.07440942637 9616.1111111111 14232.777777777797 
149.0016692328598 22.0 125.0 211.0 78.0 10605.144005520768 9543.77037037038 14232.777777777797 
150.00169969841008 23.0 135.0 216.0 63.0 10480.109604968678 9354.799999999985 14232.777777777797 
151.00169969841008 23.0 141.0 224.0 88.0 10350.291977805131 9181.933333333323 14232.777777777797 
152.00169969841008 25.0 153.0 228.0 73.0 10208.518335580175 8932.555555555571 14232.777777777797 
153.00169969841008 26.0 162.0 234.0 59.0 10078.970205725873 8913.037037037026 14232.777777777797 
154.00169969841008 27.0 170.0 238.0 57.0 9938.913185153295 8678.399999999985 14232.777777777797 
155.00169969841008 27.0 183.0 239.0 73.0 9804.055940712036 8590.340740740725 14232.777777777797 
156.00169969841008 27.0 192.0 241.0 72.0 9651.843679974152 8281.933333333323 14232.777777777797 
157.00169969841008 28.0 202.0 243.0 62.0 9513.09190456934 8264.325925925914 14232.777777777797 
158.00169969841008 28.0 212.0 246.0 74.0 9378.504936334617 8167.222222222206 14232.777777777797 
159.00169969841008 29.0 220.0 247.0 70.0 9255.616664923393 8149.622222222213 14232.777777777797 
160.00169969841008 29.0 228.0 250.0 64.0 9141.49425769031 8114.39259259259 14232.777777777797 
161.00169969841008 30.0 237.0 249.0 63.0 9038.784091180536 8114.39259259259 14232.777777777797 
162.00169969841008 31.0 245.0 251.0 37.0 8946.033089469891 8111.274074074069 14232.777777777797 
163.00053773147658 31.0 258.0 253.0 51.0 8831.688472463573 7796.66666666667 14232.777777777797 
164.00169969841008 32.0 265.0 253.0 53.0 8715.278654322465 7672.918518518517 14232.777777777797 
165.00169969841008 32.0 272.0 256.0 54.0 8593.717455556885 7499.666666666668 14232.777777777797 
166.00169969841008 32.0 283.0 258.0 42.0 8467.178302593797 7328.32592592592 14232.777777777797 
167.00169969841008 35.0 293.0 260.0 37.0 8352.05528714922 7315.948148148159 14232.777777777797 
168.00169969841008 38.0 303.0 260.0 75.0 8238.544573249123 7216.948148148159 14232.777777777797 
169.00169969841008 39.0 318.0 263.0 52.0 8122.238264072358 7075.481481481493 14232.777777777797 
170.00169969841008 39.0 331.0 266.0 30.0 8014.56406729475 7045.496296296297 14232.777777777797 
171.00169969841008 41.0 343.0 264.0 39.0 7908.995067972678 6958.874074074066 14232.777777777797 
172.00169969841008 44.0 352.0 268.0 71.0 7812.222227842079 6941.266666666666 14232.777777777797 
173.00169969841008 44.0 359.0 269.0 28.0 7714.702968020844 6837.029629629632 14232.777777777797 
174.00169969841008 44.0 367.0 270.0 23.0 7623.223782329864 6799.911111111112 14232.777777777797 
175.00169969841008 46.0 373.0 269.0 44.0 7530.849552245032 6699.481481481492 14232.777777777797 
176.00169969841008 49.0 381.0 268.0 52.0 7450.711263687191 6729.466666666662 14232.777777777797 
177.00169969841008 51.0 392.0 274.0 41.0 7375.254952133288 6696.1481481481505 14232.777777777797 
178.00169969841008 52.0 405.0 281.0 31.0 7284.428716179219 6466.992592592582 14232.777777777797 
179.00169969841008 52.0 423.0 286.0 31.0 7197.925103820552 6419.392592592601 14232.777777777797 
180.00169969841008 53.0 436.0 295.0 53.0 7094.937037882945 6168.04444444443 14232.777777777797 
181.00169969841008 53.0 450.0 300.0 35.0 7000.37444520575 6149.311111111099 14232.777777777797 
182.00169969841008 54.0 464.0 306.0 23.0 6893.517000685176 5931.800000000008 14232.777777777797 
183.00169969841008 56.0 478.0 311.0 35.0 6789.920115431481 5857.548148148139 14232.777777777797 
184.00169969841008 57.0 483.0 313.0 32.0 6697.920696480933 5869.925925925937 14232.777777777797 
185.00169969841008 60.0 493.0 313.0 29.0 6611.932330536536 5838.037037037042 14232.777777777797 
186.00169969841008 62.0 515.0 318.0 11.0 6529.570208593998 5788.3111111111 14232.777777777797 
187.00169969841008 65.0 525.0 318.0 28.0 6457.205780327183 5805.925925925937 14232.777777777797 
188.00169969841008 68.0 533.0 321.0 15.0 6385.175572664843 5736.903703703698 14232.777777777797 
189.00169969841008 70.0 546.0 323.0 22.0 6306.735793176138 5600.777777777788 14232.777777777797 
190.00169969841008 70.0 557.0 330.0 20.0 6237.377769414067 5613.155555555561 14232.777777777797 
191.00169969841008 71.0 568.0 338.0 25.0 6171.231844324521 5575.918518518528 14232.777777777797 
192.00169969841008 72.0 577.0 342.0 30.0 6060.962733966144 5068.540740740746 14232.777777777797 
193.00169969841008 75.0 595.0 345.0 17.0 5951.979053162125 4971.125925925928 14232.777777777797 
194.00169969841008 76.0 608.0 348.0 13.0 5796.253740438506 4394.725925925925 14232.777777777797 
195.00169969841008 78.0 619.0 351.0 23.0 5642.476514542794 4258.481481481481 14232.777777777797 
196.00169969841008 81.0 631.0 354.0 10.0 5497.890344570002 4196.61481481481 14232.777777777797 
197.00169969841008 87.0 638.0 355.0 17.0 5366.514643446339 4184.133333333331 14232.777777777797 
198.00169969841008 88.0 655.0 363.0 23.0 5249.514290212809 4196.51111111111 14232.777777777797 
199.00169969841008 89.0 672.0 368.0 6.0 5147.92656489523 4233.637037037037 14232.777777777797 
200.00169969841008 91.0 684.0 371.0 10.0 5058.972426924233 4258.38518518519 14232.777777777797 
201.00169969841008 92.0 697.0 382.0 22.0 4968.077406454033 4150.022222222214 14232.777777777797 
202.0002928930546 93.0 712.0 384.0 13.0 4906.014571261961 4093.385185185189 14232.777777777797 
203.00169969841008 95.0 733.0 385.0 17.0 4769.711069598131 3771.6370370370405 14232.777777777797 
204.00169969841008 96.0 749.0 390.0 8.0 4669.903666342024 3771.6370370370405 14232.777777777797 
205.00169969841008 97.0 761.0 392.0 17.0 4576.353299707824 3734.400000000004 14232.777777777797 
206.00169969841008 101.0 770.0 393.0 12.0 4492.15796973704 3734.400000000004 14232.777777777797 
207.00169969841008 103.0 785.0 400.0 26.0 4418.1436542448155 3752.0148148148146 14232.777777777797 
208.00169969841008 103.0 800.0 404.0 7.0 4325.531511042555 3492.022222222217 14232.777777777797 
209.00169969841008 108.0 816.0 400.0 1.0 4240.931693271634 3479.5333333333347 14232.777777777797 
210.00169969841008 108.0 830.0 411.0 7.0 4150.180005425952 3333.4148148148183 14232.777777777797 
211.00169969841008 110.0 854.0 411.0 8.0 4057.938301179655 3227.76296296296 14232.777777777797 
212.00169969841008 111.0 879.0 413.0 21.0 3977.919285876504 3257.748148148145 14232.777777777797 
213.00169969841008 112.0 899.0 417.0 2.0 3893.5273572888545 3134.0 14232.777777777797 
214.00169969841008 113.0 916.0 421.0 8.0 3817.5746215599693 3134.0 14232.777777777797 
215.00169969841008 116.0 937.0 421.0 4.0 3747.9675297743397 3121.503703703708 14232.777777777797 
216.00169969841008 120.0 962.0 419.0 22.0 3685.3211471672785 3121.503703703708 14232.777777777797 
217.00169969841008 121.0 976.0 423.0 13.0 3629.864588006104 3130.7555555555577 14232.777777777797 
218.00169969841008 124.0 993.0 423.0 8.0 3579.942573649942 3130.6444444444414 14232.777777777797 
219.00169969841008 128.0 1004.0 424.0 16.0 3505.9001681367963 2839.5185185185182 14232.777777777797 
220.00169969841008 131.0 1017.0 427.0 7.0 3439.874595767564 2845.644444444442 14232.777777777797 
221.00169969841008 132.0 1034.0 431.0 10.0 3383.45009915377 2875.629629629627 14232.777777777797 
222.00169969841008 133.0 1050.0 435.0 13.0 3329.1458299791348 2840.4074074074065 14232.777777777797 
223.00169969841008 134.0 1065.0 441.0 5.0 3255.618654388629 2593.8740740740736 14232.777777777797 
224.00169969841008 138.0 1092.0 440.0 2.0 3161.5049370979104 2314.481481481484 14232.777777777797 
225.00169969841008 140.0 1118.0 442.0 8.0 3078.5633322770113 2332.08888888889 14232.777777777797 
226.00169969841008 143.0 1133.0 441.0 15.0 3005.676628678937 2349.696296296295 14232.777777777797 
227.00169969841008 147.0 1152.0 438.0 9.0 2941.8400769221557 2367.3111111111125 14232.777777777797 
228.00169969841008 151.0 1174.0 440.0 1.0 2889.6694025632737 2420.1333333333346 14232.777777777797 
229.00169969841008 153.0 1189.0 443.0 4.0 2842.7157956402793 2420.1333333333346 14232.777777777797 
230.00169969841008 154.0 1212.0 447.0 19.0 2802.2190308910663 2437.7481481481454 14232.777777777797 
231.00169969841008 156.0 1233.0 448.0 13.0 2741.1193500241834 2191.2222222222244 14232.777777777797 
232.00169969841008 158.0 1253.0 452.0 4.0 2657.9540816884323 1909.4666666666678 14232.777777777797 
233.00169969841008 161.0 1269.0 455.0 1.0 2584.8660809269954 1927.0740740740748 14232.777777777797 
234.00169969841008 165.0 1295.0 459.0 12.0 2519.3994728342964 1930.2000000000016 14232.777777777797 
235.00169969841008 166.0 1315.0 463.0 21.0 2460.479525550866 1930.2000000000016 14232.777777777797 
236.00169969841008 167.0 1337.0 464.0 5.0 2379.418980403186 1649.8740740740727 14232.777777777797 
237.00169969841008 167.0 1360.0 470.0 3.0 2283.048193473979 1415.7111111111112 14232.777777777797 
238.00169969841008 168.0 1387.0 472.0 5.0 2194.2418926450996 1394.985185185185 14232.777777777797 
239.00169969841008 171.0 1400.0 470.0 11.0 2116.076962639849 1412.592592592593 14232.777777777797 
240.00169969841008 175.0 1417.0 472.0 9.0 2036.4011182277163 1319.318518518519 14232.777777777797 
241.00169969841008 176.0 1428.0 478.0 3.0 1968.214339738279 1354.5333333333338 14232.777777777797 
242.00169969841008 179.0 1447.0 480.0 2.0 1899.8025353940795 1284.0962962962963 14232.777777777797 
243.00169969841008 183.0 1459.0 480.0 20.0 1827.6659855583753 1178.437037037037 14232.777777777797 
244.00169969841008 185.0 1480.0 483.0 17.0 1764.5038314469818 1196.0444444444445 14232.777777777797 
245.00169969841008 187.0 1497.0 489.0 3.0 1707.6460408948767 1195.9259259259259 14232.777777777797 
246.00169969841008 191.0 1516.0 490.0 4.0 1641.3392145831665 1044.5777777777778 14232.777777777797 
247.00169969841008 196.0 1528.0 490.0 4.0 1586.9467746063322 1097.4148148148147 14232.777777777797 
248.00169969841008 197.0 1547.0 500.0 11.0 1532.7106156642167 1044.5851851851853 14232.777777777797 
249.00169969841008 198.0 1574.0 504.0 3.0 1482.6491837274248 1032.0962962962963 14232.777777777797 
250.00169969841008 201.0 1602.0 506.0 3.0 1440.0687097991274 1056.8444444444444 14232.777777777797 
251.00169969841008 204.0 1617.0 511.0 1.0 1406.7159128932885 1106.5407407407406 14232.777777777797 
252.00169969841008 207.0 1643.0 512.0 1.0 1379.696914196552 1136.525925925926 14232.777777777797 
253.00169969841008 207.0 1665.0 519.0 4.0 1355.3798153694893 1136.525925925926 14232.777777777797 
254.00169969841008 211.0 1687.0 523.0 9.0 1336.4929449436515 1166.5111111111112 14232.777777777797 
255.00169969841008 211.0 1709.0 534.0 18.0 1321.2436504492866 1184.0 14232.777777777797 
256.0016996984101 217.0 1738.0 534.0 3.0 1302.2452113302838 1131.2592592592594 14232.777777777797 
257.00169034006007 221.0 1764.0 541.0 1.0 1277.3446749201219 1052.4666666666667 14232.777777777797 
258.0016996984101 222.0 1788.0 548.0 2.0 1261.3080285849376 1117.674074074074 14232.777777777797 
259.0016996984101 225.0 1803.0 551.0 18.0 1249.4194479486657 1142.4222222222222 14232.777777777797 
260.0016996984101 227.0 1826.0 554.0 11.0 1242.241206857503 1177.637037037037 14232.777777777797 
261.0016996984101 229.0 1859.0 560.0 4.0 1225.0259750606417 1070.088888888889 14232.777777777797 
262.0016996984101 230.0 1882.0 565.0 1.0 1210.7693034805034 1082.4592592592594 14232.777777777797 
263.0016996984101 231.0 1902.0 576.0 5.0 1200.9360768361569 1112.4370370370368 14232.777777777797 
264.0016996984101 231.0 1932.0 584.0 13.0 1194.5617284118005 1137.1925925925925 14232.777777777797 
265.0016996984101 231.0 1963.0 587.0 2.0 1191.5114814965464 1164.0592592592595 14232.777777777797 
266.0016996984101 232.0 1992.0 590.0 1.0 1179.961814828373 1076.014814814815 14232.777777777797 
267.0016996984101 236.0 2016.0 590.0 4.0 1172.0419296418322 1100.7629629629632 14232.777777777797 
268.0016996984101 239.0 2043.0 592.0 1.0 1166.1518107517231 1113.1407407407407 14232.777777777797 
269.0016996984101 243.0 2065.0 596.0 1.0 1154.5210741209953 1049.8444444444444 14232.777777777797 
270.0016996984101 245.0 2091.0 598.0 2.0 1144.0534111533402 1049.8444444444444 14232.777777777797 
271.0016996984101 249.0 2108.0 601.0 1.0 1138.868070038006 1092.2 14232.777777777797 
272.0016996984101 249.0 2132.0 609.0 3.0 1125.5390408119833 1005.5777777777778 14232.777777777797 
273.0016996984101 249.0 2158.0 614.0 7.0 1116.0184700641182 1030.3333333333333 14232.777777777797 
274.0015750933927 255.0 2179.0 612.0 5.0 1109.2235916044997 1047.9407407407407 14232.777777777797 
275.0016996984101 257.0 2204.0 614.0 7.0 1095.6585163074913 973.6888888888889 14232.777777777797 
276.0016996984101 257.0 2235.0 621.0 5.0 1085.2119239360015 991.1925925925926 14232.777777777797 
277.0016996984101 258.0 2266.0 623.0 1.0 1075.8099908016607 991.1925925925926 14232.777777777797 
278.0016996984101 263.0 2291.0 619.0 2.0 1057.448250980754 892.1925925925923 14232.777777777797 
279.0016996984101 265.0 2318.0 621.0 8.0 1044.4441666234193 927.4074074074076 14232.777777777797 
280.0016996984101 267.0 2342.0 626.0 5.0 1030.2656758870032 902.6592592592596 14232.777777777797 
281.0016996984101 268.0 2371.0 629.0 3.0 1017.5050342242289 902.6592592592596 14232.777777777797 
282.0016996984101 272.0 2394.0 628.0 2.0 1007.7811974684727 920.2666666666668 14232.777777777797 
283.0016996984101 277.0 2411.0 625.0 1.0 999.3423369808846 923.3925925925928 14232.777777777797 
284.0016996984101 279.0 2440.0 626.0 1.0 982.942918097611 835.3481481481482 14232.777777777797 
285.0016996984101 281.0 2469.0 635.0 5.0 968.1834411026647 835.3481481481482 14232.777777777797 
286.0016996984101 282.0 2491.0 642.0 14.0 954.899911807213 835.3481481481482 14232.777777777797 
287.0016996984101 283.0 2526.0 642.0 9.0 941.6958465524177 822.8592592592594 14232.777777777797 
288.00041636058444 286.0 2552.0 644.0 1.0 929.7025450722714 821.7333333333332 14232.777777777797 
289.0016996984101 292.0 2578.0 641.0 1.0 918.9029690407917 821.7333333333332 14232.777777777797 
290.0016996984101 295.0 2602.0 647.0 1.0 910.9474869515275 839.348148148148 14232.777777777797 
291.0016996984101 296.0 2633.0 654.0 6.0 903.7875530711894 839.348148148148 14232.777777777797 
292.0016996984101 296.0 2657.0 662.0 1.0 890.2999088751816 768.911111111111 14232.777777777797 
293.0016996984101 299.0 2682.0 667.0 5.0 878.1610290987745 768.911111111111 14232.777777777797 
294.0016996984101 301.0 2718.0 671.0 19.0 867.2360373000083 768.911111111111 14232.777777777797 
295.0011153889062 306.0 2751.0 673.0 8.0 855.5316222479554 750.1777777777779 14232.777777777797 
296.0016996984101 307.0 2775.0 677.0 9.0 841.4734865093029 714.9629629629626 14232.777777777797 
297.0016996984101 307.0 2801.0 682.0 5.0 828.8224341546692 714.9629629629626 14232.777777777797 
298.0016996984101 311.0 2833.0 682.0 8.0 817.4364870354984 714.9629629629626 14232.777777777797 
299.0016996984101 312.0 2857.0 688.0 9.0 805.6283938875041 699.3555555555561 14232.777777777797 
300.0016996984101 315.0 2885.0 690.0 15.0 795.0011100543094 699.3555555555561 14232.777777777797 
301.0016996984101 318.0 2915.0 690.0 1.0 785.4365546044339 699.3555555555561 14232.777777777797 
302.0016996984101 319.0 2953.0 692.0 1.0 776.8284546995462 699.3555555555561 14232.777777777797 
303.0016996984101 322.0 2979.0 693.0 4.0 769.0811647851468 699.3555555555561 14232.777777777797 
304.0016996984101 322.0 3014.0 695.0 11.0 762.108603862188 699.3555555555561 14232.777777777797 
305.0016996984101 323.0 3041.0 697.0 14.0 755.8332990315246 699.3555555555561 14232.777777777797 
306.0016996984101 324.0 3082.0 701.0 1.0 750.1855246839278 699.3555555555561 14232.777777777797 
307.0016996984101 327.0 3117.0 700.0 1.0 745.1025277710905 699.3555555555561 14232.777777777797 
308.0016996984101 329.0 3143.0 705.0 16.0 740.5278305495369 699.3555555555561 14232.777777777797 
309.0011527332496 333.0 3171.0 705.0 8.0 736.4109258188427 699.3555555555561 14232.777777777797 
310.0016996984101 338.0 3200.0 704.0 1.0 732.7050983006804 699.3555555555561 14232.777777777797 
311.0016996984101 347.0 3233.0 701.0 1.0 733.08199587802 736.4740740740739 14232.777777777797 
312.0016996984101 348.0 3256.0 708.0 7.0 732.1723148087364 723.9851851851851 14232.777777777797 
313.0016996984101 352.0 3285.0 708.0 18.0 731.3536018463813 723.9851851851851 14232.777777777797 
314.0016996984101 355.0 3306.0 707.0 3.0 731.5426861061875 733.2444444444444 14232.777777777797 
315.0016996984101 358.0 3343.0 711.0 1.0 731.7128619400132 733.2444444444444 14232.777777777797 
316.0016996984101 364.0 3374.0 709.0 1.0 726.9163905608269 683.7481481481482 14232.777777777797 
317.0016996984101 371.0 3409.0 707.0 2.0 722.5995663195591 683.7481481481482 14232.777777777797 
318.0016996984101 373.0 3445.0 718.0 18.0 718.714424502418 683.7481481481482 14232.777777777797 
319.0016996984101 373.0 3475.0 722.0 3.0 715.217796866991 683.7481481481482 14232.777777777797 
320.0016996984101 376.0 3501.0 722.0 1.0 712.0708319951066 683.7481481481482 14232.777777777797 
321.0016996984101 379.0 3527.0 724.0 1.0 707.989674721522 671.2592592592594 14232.777777777797 
322.0016996984101 382.0 3565.0 728.0 15.0 704.3166331752956 671.2592592592594 14232.777777777797 
323.0016996984101 382.0 3590.0 732.0 7.0 701.0108957836919 671.2592592592594 14232.777777777797 
324.0016996984101 385.0 3627.0 729.0 7.0 698.0357321312489 671.2592592592594 14232.777777777797 
325.0016996984101 387.0 3669.0 733.0 1.0 695.3580848440497 671.2592592592594 14232.777777777797 
326.0016996984101 391.0 3704.0 732.0 2.0 691.6993133966818 658.7703703703705 14232.777777777797 
327.0016996984101 394.0 3735.0 735.0 6.0 688.4064190940505 658.7703703703705 14232.777777777797 
328.0001866467429 397.0 3764.0 737.0 30.0 685.4428578229484 658.7703703703705 14232.777777777797 
329.0016996984101 398.0 3798.0 740.0 8.0 680.2777920587738 633.792592592593 14232.777777777797 
330.0016996984101 401.0 3833.0 738.0 3.0 675.6292721121555 633.792592592593 14232.777777777797 
331.0016996984101 404.0 3862.0 737.0 1.0 671.9574560120509 638.9111111111112 14232.777777777797 
332.0016996984101 408.0 3901.0 733.0 16.0 668.6528215219571 638.9111111111112 14232.777777777797 
333.0016996984101 410.0 3941.0 735.0 12.0 665.3660578882798 635.7851851851855 14232.777777777797 
334.0016996984101 415.0 3974.0 733.0 5.0 661.1590817290815 623.2962962962965 14232.777777777797 
335.0016996984101 415.0 4013.0 740.0 1.0 657.3728031858031 623.2962962962965 14232.777777777797 
336.0016996984101 417.0 4050.0 739.0 4.0 652.7162636079636 610.8074074074077 14232.777777777797 
337.0016996984101 422.0 4084.0 736.0 16.0 648.525377987908 610.8074074074077 14232.777777777797 
338.0016996984101 422.0 4120.0 739.0 7.0 644.7535809298579 610.8074074074077 14232.777777777797 
339.0016996984101 429.0 4150.0 734.0 4.0 641.3589635776128 610.8074074074077 14232.777777777797 
340.0016996984101 430.0 4181.0 738.0 1.0 638.3038079605923 610.8074074074077 14232.777777777797 
341.0016996984101 431.0 4217.0 738.0 1.0 634.3052790163849 598.3185185185185 14232.777777777797 
342.0016996984101 433.0 4246.0 739.0 15.0 630.7066029665983 598.3185185185185 14232.777777777797 
343.0016996984101 436.0 4272.0 738.0 3.0 625.7070537810495 580.7111111111109 14232.777777777797 
344.0016996984101 436.0 4310.0 742.0 1.0 621.2074595140558 580.7111111111109 14232.777777777797 
345.0016996984101 438.0 4337.0 743.0 1.0 617.1578246737613 580.7111111111109 14232.777777777797 
346.0016996984101 439.0 4365.0 747.0 8.0 613.5131533174963 580.7111111111109 14232.777777777797 
347.00140558136394 441.0 4394.0 749.0 11.0 610.2329549867421 580.7111111111109 14232.777777777797 
348.0016996984101 443.0 4434.0 750.0 2.0 606.0318764093943 568.222222222222 14232.777777777797 
349.0016996984101 445.0 4471.0 754.0 7.0 603.4879480277141 580.5925925925925 14232.777777777797 
350.0016996984101 448.0 4507.0 756.0 9.0 602.4361902619797 592.9703703703701 14232.777777777797 
351.0016996984101 450.0 4544.0 760.0 10.0 602.7266453098556 605.3407407407406 14232.777777777797 
352.0016996984101 453.0 4578.0 760.0 3.0 602.9880548529444 605.3407407407406 14232.777777777797 
353.0016996984101 454.0 4615.0 766.0 2.0 603.223323441724 605.3407407407406 14232.777777777797 
354.0016996984101 455.0 4652.0 765.0 1.0 603.4350651716256 605.3407407407406 14232.777777777797 
355.0016996984101 456.0 4695.0 768.0 1.0 599.9137808766851 568.222222222222 14232.777777777797 
356.0016996984101 457.0 4732.0 772.0 1.0 596.744625011239 568.222222222222 14232.777777777797 
357.0016996984101 460.0 4775.0 772.0 11.0 593.8923847323373 568.222222222222 14232.777777777797 
358.0016996984101 462.0 4803.0 772.0 2.0 591.3253684813258 568.222222222222 14232.777777777797 
359.0016996984101 462.0 4843.0 776.0 1.0 589.0150538554155 568.222222222222 14232.777777777797 
360.0016996984101 462.0 4875.0 778.0 1.0 585.6868818032074 555.7333333333331 14232.777777777797 
361.0016996984101 462.0 4908.0 780.0 12.0 582.69152695622 555.7333333333331 14232.777777777797 
362.0016996984101 465.0 4947.0 781.0 8.0 579.9957075939312 555.7333333333331 14232.777777777797 
363.0016996984101 467.0 4984.0 786.0 3.0 579.3302109086121 573.3407407407406 14232.777777777797 
364.0016996984101 471.0 5027.0 787.0 1.0 578.731263891825 573.3407407407406 14232.777777777797 
365.0016996984101 475.0 5069.0 787.0 1.0 579.9529523174575 590.948148148148 14232.777777777797 
366.0016996984101 477.0 5110.0 790.0 1.0 580.1161756042302 581.5851851851851 14232.777777777797 
367.0016996984101 481.0 5147.0 790.0 25.0 580.2630765623258 581.5851851851851 14232.777777777797 
368.0016996984101 482.0 5187.0 796.0 9.0 580.3952874246116 581.5851851851851 14232.777777777797 
369.0016996984101 483.0 5225.0 797.0 3.0 580.514277200669 581.5851851851851 14232.777777777797 
370.0016996984101 484.0 5255.0 802.0 1.0 577.0998865176391 546.3703703703704 14232.777777777797 
371.0016996984101 486.0 5302.0 804.0 1.0 574.0269349029123 546.3703703703704 14232.777777777797 
372.0016996984101 486.0 5326.0 807.0 14.0 571.2612784496581 546.3703703703704 14232.777777777797 
373.0016996984101 487.0 5367.0 809.0 19.0 568.7721876417293 546.3703703703704 14232.777777777797 
374.0016996984101 489.0 5406.0 809.0 3.0 564.0342281368157 521.3925925925926 14232.777777777797 
375.0016996984101 492.0 5448.0 812.0 1.0 559.7700645823934 521.3925925925926 14232.777777777797 
376.0016996984101 493.0 5490.0 823.0 1.0 554.6834284945243 508.9037037037038 14232.777777777797 
377.0016996984101 494.0 5524.0 826.0 17.0 550.1054560154424 508.9037037037038 14232.777777777797 
378.0016996984101 496.0 5559.0 828.0 10.0 545.360836339824 502.6592592592592 14232.777777777797 
379.0016996984101 498.0 5595.0 833.0 6.0 541.0906786317676 502.6592592592592 14232.777777777797 
380.0016996984101 500.0 5639.0 832.0 7.0 537.2475366945167 502.6592592592592 14232.777777777797 
381.0016996984101 503.0 5674.0 832.0 1.0 533.7887089509911 502.6592592592592 14232.777777777797 
382.0007229710354 504.0 5705.0 836.0 1.0 529.4268752403618 490.17037037037045 14232.777777777797 
383.0016996984101 506.0 5745.0 836.0 15.0 525.501224620673 490.17037037037045 14232.777777777797 
384.0016996984101 508.0 5783.0 835.0 9.0 521.0318428993465 480.8074074074077 14232.777777777797 
385.0016996984101 509.0 5827.0 836.0 5.0 517.0093993501526 480.8074074074077 14232.777777777797 
386.0016996984101 510.0 5868.0 839.0 0.0 513.3892001558781 480.8074074074077 14232.777777777797 
387.0016996984101 512.0 5903.0 844.0 1.0 510.13102088103096 480.8074074074077 14232.777777777797 
388.0016996984101 513.0 5943.0 847.0 2.0 505.94977064477973 468.31851851851854 14232.777777777797 
389.0016996984101 513.0 5984.0 850.0 22.0 502.1866454321537 468.31851851851854 14232.777777777797 
390.0016996984101 515.0 6028.0 850.0 1.0 497.55094385190137 455.8296296296295 14232.777777777797 
391.0016996984101 515.0 6071.0 851.0 1.0 492.12992354078517 443.3407407407406 14232.777777777797 
392.0016996984101 516.0 6112.0 852.0 1.0 487.2510052607807 443.3407407407406 14232.777777777797 
393.0016996984101 517.0 6145.0 854.0 17.0 483.17257140136934 446.4666666666665 14232.777777777797 
394.0016996984101 519.0 6188.0 854.0 8.0 478.8775364834547 440.22222222222194 14232.777777777797 
395.0014528365744 520.0 6231.0 854.0 3.0 475.01200509480697 440.22222222222194 14232.777777777797 
396.0016996984101 523.0 6276.0 853.0 1.0 470.28413788493157 427.7333333333332 14232.777777777797 
397.0016996984101 525.0 6304.0 855.0 1.0 466.02905742977174 427.7333333333332 14232.777777777797 
398.0016996984101 526.0 6348.0 858.0 16.0 462.19948502012795 427.7333333333332 14232.777777777797 
399.0016996984101 529.0 6396.0 856.0 10.0 460.51361059218925 445.34074074074067 14232.777777777797 
400.0016996984101 529.0 6428.0 858.0 2.0 458.9963236070444 445.34074074074067 14232.777777777797 
401.0016996984101 530.0 6454.0 859.0 1.0 459.3915060611548 462.948148148148 14232.777777777797 
402.0016996984101 530.0 6462.0 863.0 1.0 458.4982813809652 450.4592592592591 14232.777777777797 
403.0016996984101 531.0 6468.0 862.0 4.0 457.6943791687946 450.4592592592591 14232.777777777797 
404.0016996984101 532.0 6468.0 861.0 14.0 458.20790421487817 462.82962962962955 14232.777777777797 
405.0016996984101 535.0 6468.0 859.0 1.0 458.6700767563533 462.82962962962955 14232.777777777797 
406.0016996984101 538.0 6468.0 856.0 1.0 455.56455056219943 427.6148148148147 14232.777777777797 
407.0016996984101 540.0 6468.0 854.0 1.0 452.7695769874611 427.6148148148147 14232.777777777797 
408.0016996984101 543.0 6468.0 851.0 24.0 450.2541007701964 427.6148148148147 14232.777777777797 
409.0016996984101 545.0 6468.0 849.0 1.0 447.99017217465826 427.6148148148147 14232.777777777797 
410.0016996984101 546.0 6468.0 848.0 1.0 445.952636438674 427.6148148148147 14232.777777777797 
411.0016996984101 547.0 6468.0 848.0 1.0 444.1077431651769 427.50370370370376 14232.777777777797 
412.0016996984101 550.0 6468.0 845.0 23.0 442.4473392190295 427.50370370370376 14232.777777777797 
413.0016996984101 551.0 6468.0 844.0 8.0 440.952975667497 427.50370370370376 14232.777777777797 
414.0016996984101 556.0 6468.0 839.0 10.0 439.6080484711176 427.50370370370376 14232.777777777797 
415.0016996984101 557.0 6468.0 838.0 1.0 437.14872510548736 415.014814814815 14232.777777777797 
416.0016996984101 558.0 6468.0 837.0 1.0 432.4605192616052 390.2666666666668 14232.777777777797 
417.0016996984101 561.0 6468.0 834.0 1.0 428.2411340021115 390.2666666666668 14232.777777777797 
418.0016996984101 561.0 6468.0 834.0 1.0 425.68072430560414 402.63703703703715 14232.777777777797 
419.0016996984101 563.0 6468.0 832.0 19.0 423.3763555787472 402.63703703703715 14232.777777777797 
420.0016996984101 565.0 6468.0 830.0 2.0 421.3024237245762 402.63703703703715 14232.777777777797 
421.0016996984101 569.0 6468.0 826.0 1.0 419.4358850558224 402.63703703703715 14232.777777777797 
422.0016996984101 570.0 6468.0 825.0 1.0 417.4434076613513 399.51111111111123 14232.777777777797 
423.0016996984101 575.0 6468.0 820.0 5.0 414.71388171003093 390.1481481481483 14232.777777777797 
424.0016996984101 577.0 6468.0 818.0 22.0 414.73212316865744 414.89629629629644 14232.777777777797 
425.0016996984101 582.0 6468.0 813.0 5.0 414.74854048142134 414.89629629629644 14232.777777777797 
426.0016996984101 583.0 6468.0 812.0 9.0 414.7633160629089 414.89629629629644 14232.777777777797 
427.0016996984101 584.0 6468.0 811.0 1.0 416.01439186402536 427.27407407407424 14232.777777777797 
428.0016996984101 585.0 6468.0 810.0 1.0 417.14036008503035 427.27407407407424 14232.777777777797 
429.0016996984101 587.0 6468.0 808.0 13.0 413.204101854305 377.777777777778 14232.777777777797 
430.0016996984101 588.0 6468.0 808.0 13.0 409.6614694466523 377.777777777778 14232.777777777797 
431.0016996984101 590.0 6468.0 806.0 5.0 406.4731002797648 377.777777777778 14232.777777777797 
432.0016996984101 594.0 6468.0 802.0 1.0 403.6035680295662 377.777777777778 14232.777777777797 
433.0016996984101 595.0 6468.0 801.0 1.0 401.0209890043873 377.777777777778 14232.777777777797 
434.0016996984101 596.0 6468.0 800.0 12.0 398.69666788172646 377.777777777778 14232.777777777797 
435.0016996984101 596.0 6468.0 800.0 7.0 396.6047788713315 377.777777777778 14232.777777777797 
436.0016996984101 598.0 6468.0 798.0 1.0 396.4828195027169 395.38518518518526 14232.777777777797 
437.0016996984101 598.0 6468.0 798.0 1.0 396.3730560709638 395.38518518518526 14232.777777777797 
438.0016996984101 599.0 6468.0 797.0 11.0 396.2742689823858 395.38518518518526 14232.777777777797 
439.0016996984101 602.0 6468.0 794.0 21.0 394.93647171377705 382.89629629629644 14232.777777777797 
440.0016996984101 604.0 6468.0 792.0 1.0 393.73245417202895 382.89629629629644 14232.777777777797 
441.0016996984101 605.0 6468.0 791.0 1.0 392.64883838445564 382.89629629629644 14232.777777777797 
442.0016996984101 607.0 6468.0 789.0 1.0 391.3609915830471 379.77037037037053 14232.777777777797 
443.0016996984101 609.0 6468.0 787.0 29.0 389.2656331654831 370.4074074074077 14232.777777777797 
444.0016996984101 614.0 6468.0 782.0 4.0 387.067217997083 367.28148148148176 14232.777777777797 
445.0016996984101 615.0 6468.0 781.0 4.0 385.0886443455229 367.28148148148176 14232.777777777797 
446.0016996984101 616.0 6468.0 781.0 1.0 383.30792805911864 367.28148148148176 14232.777777777797 
447.0016996984101 618.0 6468.0 779.0 1.0 381.08083895691055 361.0370370370372 14232.777777777797 
448.0016996984101 619.0 6468.0 778.0 1.0 379.0764587649232 361.0370370370372 14232.777777777797 
449.0016996984101 619.0 6468.0 778.0 1.0 377.27251659213454 361.0370370370372 14232.777777777797 
450.0016996984101 619.0 6468.0 778.0 1.0 373.88822789588403 343.42962962962974 14232.777777777797 
451.0016996984101 620.0 6468.0 778.0 8.0 370.8423680692587 343.42962962962974 14232.777777777797 
452.0016996984101 622.0 6468.0 776.0 12.0 368.1010942252957 343.42962962962974 14232.777777777797 
453.0016996984101 624.0 6468.0 774.0 1.0 365.63394776572915 343.42962962962974 14232.777777777797 
454.0016996984101 625.0 6468.0 773.0 1.0 362.1646270632304 330.94074074074047 14232.777777777797 
455.0016996984101 627.0 6468.0 771.0 1.0 359.04223843098134 330.94074074074047 14232.777777777797 
456.0016996984101 631.0 6468.0 767.0 1.0 356.23208866195733 330.94074074074047 14232.777777777797 
457.0016996984101 631.0 6468.0 767.0 23.0 353.7029538698357 330.94074074074047 14232.777777777797 
458.0016996984101 632.0 6468.0 767.0 2.0 351.4267325569262 330.94074074074047 14232.777777777797 
459.0016996984101 635.0 6468.0 764.0 2.0 349.37813337530764 330.94074074074047 14232.777777777797 
460.0016996984101 637.0 6468.0 762.0 13.0 348.771431148888 343.3111111111114 14232.777777777797 
461.0016996984101 637.0 6468.0 762.0 1.0 346.97651025622145 330.8222222222221 14232.777777777797 
462.0016996984101 639.0 6468.0 760.0 24.0 345.36108145282145 330.8222222222221 14232.777777777797 
463.0016996984101 642.0 6468.0 757.0 1.0 343.9071955297616 330.8222222222221 14232.777777777797 
464.0016996984101 643.0 6468.0 756.0 1.0 343.2112907916003 336.948148148148 14232.777777777797 
465.0016996984101 645.0 6468.0 754.0 1.0 341.9605320828106 330.70370370370364 14232.777777777797 
466.0016996984101 648.0 6468.0 751.0 1.0 340.83484924489994 330.70370370370364 14232.777777777797 
467.0016996984101 649.0 6468.0 750.0 29.0 339.82173469078026 330.70370370370364 14232.777777777797 
468.0016996984101 650.0 6468.0 749.0 1.0 338.9099315920728 330.70370370370364 14232.777777777797 
469.0016996984101 652.0 6468.0 747.0 1.0 338.07819769212466 330.5925925925923 14232.777777777797 
470.0016996984101 655.0 6468.0 744.0 1.0 337.32963718217144 330.5925925925923 14232.777777777797 
471.0016996984101 660.0 6468.0 739.0 2.0 339.1307475380284 355.3407407407406 14232.777777777797 
472.0016996984101 661.0 6468.0 738.0 1.0 340.7517468582996 355.3407407407406 14232.777777777797 
473.0016996984101 665.0 6468.0 734.0 1.0 337.572868468766 308.9629629629629 14232.777777777797 
474.0016996984101 668.0 6468.0 731.0 1.0 334.71187791818573 308.9629629629629 14232.777777777797 
475.0016996984101 669.0 6468.0 730.0 2.0 333.37402345970037 321.33333333333326 14232.777777777797 
476.0016996984101 671.0 6468.0 728.0 24.0 332.16995444706373 321.33333333333326 14232.777777777797 
477.0016996984101 672.0 6468.0 728.0 4.0 331.0862923356907 321.33333333333326 14232.777777777797 
478.0016996984101 675.0 6468.0 725.0 1.0 330.110996435455 321.33333333333326 14232.777777777797 
479.0016996984101 676.0 6468.0 724.0 1.0 327.984341236354 308.8444444444442 14232.777777777797 
480.0016996984101 678.0 6468.0 723.0 10.0 326.07035155716295 308.8444444444442 14232.777777777797 
481.0016996984101 679.0 6468.0 722.0 2.0 324.3477608458911 308.8444444444442 14232.777777777797 
482.0016996984101 682.0 6468.0 720.0 10.0 322.79742920574654 308.8444444444442 14232.777777777797 
483.0016996984101 685.0 6468.0 717.0 1.0 321.40213072961626 308.8444444444442 14232.777777777797 
484.0016996984101 687.0 6468.0 715.0 1.0 318.89747321221023 296.3555555555554 14232.777777777797 
485.0016996984101 688.0 6468.0 714.0 1.0 319.11883700210035 321.111111111111 14232.777777777797 
486.0016996984101 690.0 6468.0 712.0 2.0 319.31806441300137 321.111111111111 14232.777777777797 
487.0016996984101 693.0 6468.0 709.0 1.0 319.49736908281244 321.111111111111 14232.777777777797 
488.0016996984101 693.0 6468.0 709.0 1.0 319.65874328564223 321.111111111111 14232.777777777797 
489.0016996984101 693.0 6468.0 709.0 1.0 318.5662022904114 308.7333333333332 14232.777777777797 
490.0016996984101 693.0 6468.0 709.0 2.0 316.34587835766655 296.36296296296285 14232.777777777797 
491.0016996984101 693.0 6468.0 709.0 1.0 314.3475868181962 296.36296296296285 14232.777777777797 
492.0016996984101 694.0 6468.0 708.0 1.0 310.07430961785803 271.6148148148147 14232.777777777797 
493.0016996984101 695.0 6468.0 707.0 1.0 306.22836013755375 271.6148148148147 14232.777777777797 
494.0016996984101 696.0 6468.0 706.0 2.0 302.7670056052799 271.6148148148147 14232.777777777797 
495.0016996984101 696.0 6468.0 706.0 12.0 299.65178652623337 271.6148148148147 14232.777777777797 
496.0016996984101 696.0 6468.0 706.0 1.0 296.8480893550915 271.6148148148147 14232.777777777797 
497.0016996984101 698.0 6468.0 704.0 1.0 294.3247619010639 271.6148148148147 14232.777777777797 
498.0016996984101 701.0 6468.0 701.0 1.0 290.80487830354997 259.1259259259259 14232.777777777797 
499.0016996984101 701.0 6468.0 701.0 1.0 287.63698306578766 259.1259259259259 14232.777777777797 
500.0016996984101 702.0 6468.0 701.0 16.0 284.7858773518015 259.1259259259259 14232.777777777797 
501.0016996984101 704.0 6468.0 699.0 8.0 282.21988220921395 259.1259259259259 14232.777777777797 
502.0016996984101 706.0 6468.0 697.0 5.0 278.3497458401444 243.51851851851868 14232.777777777797 
503.0016996984101 709.0 6468.0 694.0 2.0 274.86662310798187 243.51851851851868 14232.777777777797 
504.0016996984101 710.0 6468.0 693.0 13.0 271.7318126490354 243.51851851851868 14232.777777777797 
505.0016996984101 712.0 6468.0 691.0 2.0 269.2230758285764 246.64444444444462 14232.777777777797 
506.0016996984101 715.0 6468.0 689.0 1.0 268.19113861608906 258.9037037037039 14232.777777777797 
507.0016996984101 716.0 6468.0 688.0 1.0 268.4994321618876 271.2740740740742 14232.777777777797 
508.0016996984101 716.0 6468.0 688.0 15.0 270.01467413088403 283.65185185185203 14232.777777777797 
509.0016996984101 718.0 6468.0 686.0 8.0 271.37839190298087 283.65185185185203 14232.777777777797 
510.0016996984101 718.0 6468.0 686.0 1.0 272.29314530527535 280.5259259259261 14232.777777777797 
511.0016996984101 719.0 6468.0 685.0 1.0 269.40383077474775 243.40000000000018 14232.777777777797 
512.0016996984101 721.0 6468.0 683.0 1.0 265.56641066023604 231.02962962962988 14232.777777777797 
513.0016996984101 724.0 6468.0 680.0 19.0 262.11273255717543 231.02962962962988 14232.777777777797 
514.0016996984101 727.0 6468.0 677.0 2.0 259.0044222644208 231.02962962962988 14232.777777777797 
515.0016996984101 728.0 6468.0 676.0 16.0 256.2069430009417 231.02962962962988 14232.777777777797 
516.0016996984101 729.0 6468.0 675.0 1.0 253.6892116638105 231.02962962962988 14232.777777777797 
517.0016996984101 732.0 6468.0 672.0 1.0 250.17436457150353 218.54074074074066 14232.777777777797 
518.0016996984101 734.0 6468.0 670.0 1.0 247.0110021884272 218.54074074074066 14232.777777777797 
519.0016996984101 738.0 6468.0 666.0 1.0 244.1639760436586 218.54074074074066 14232.777777777797 
520.0016996984101 739.0 6468.0 667.0 23.0 241.60165251336684 218.54074074074066 14232.777777777797 
521.0016996984101 741.0 6468.0 665.0 1.0 239.29556133610416 218.54074074074066 14232.777777777797 
522.0016996984101 743.0 6468.0 663.0 1.0 235.97119038767906 206.05185185185178 14232.777777777797 
523.0016996984101 743.0 6468.0 663.0 1.0 232.9792565340963 206.05185185185178 14232.777777777797 
524.0016996984101 744.0 6468.0 662.0 5.0 230.2865160658718 206.05185185185178 14232.777777777797 
525.0016996984101 747.0 6468.0 659.0 23.0 227.86304964446984 206.05185185185178 14232.777777777797 
526.0016996984101 748.0 6468.0 658.0 4.0 225.68192986520802 206.05185185185178 14232.777777777797 
527.0016996984101 749.0 6468.0 658.0 1.0 223.71892206387247 206.05185185185178 14232.777777777797 
528.0016996984101 750.0 6468.0 657.0 1.0 221.01517800563343 196.6814814814814 14232.777777777797 
529.0016996984101 752.0 6468.0 655.0 12.0 218.58180835321818 196.6814814814814 14232.777777777797 
530.0016996984101 753.0 6468.0 654.0 8.0 216.39177566604445 196.6814814814814 14232.777777777797 
531.0016996984101 753.0 6468.0 654.0 1.0 214.42074624758823 196.6814814814814 14232.777777777797 
532.0016996984101 755.0 6468.0 652.0 1.0 212.64681977097754 196.6814814814814 14232.777777777797 
533.0016996984101 756.0 6468.0 651.0 1.0 209.80139705313906 184.19259259259266 14232.777777777797 
534.0016996984101 757.0 6468.0 650.0 4.0 207.24051660708446 184.19259259259266 14232.777777777797 
535.0016996984101 760.0 6468.0 647.0 13.0 204.93572420563524 184.19259259259266 14232.777777777797 
536.0016996984101 761.0 6468.0 646.0 3.0 202.86141104433096 184.19259259259266 14232.777777777797 
537.0016996984101 762.0 6468.0 645.0 1.0 200.68193660656453 181.06666666666672 14232.777777777797 
538.0016996984101 762.0 6468.0 646.0 1.0 198.7204096125748 181.06666666666672 14232.777777777797 
539.0016996984101 763.0 6468.0 645.0 18.0 196.33059087353956 174.8222222222223 14232.777777777797 
540.0016996984101 764.0 6468.0 644.0 9.0 193.55530956396333 168.57777777777795 14232.777777777797 
541.0016996984101 766.0 6468.0 642.0 1.0 191.05755638534484 168.57777777777795 14232.777777777797 
542.0016996984101 770.0 6468.0 639.0 1.0 187.56068963569922 156.088888888889 14232.777777777797 
543.0016996984101 774.0 6468.0 636.0 1.0 184.41350956101817 156.088888888889 14232.777777777797 
544.0016996984101 776.0 6468.0 634.0 4.0 181.58104749380527 156.088888888889 14232.777777777797 
545.0016996984101 778.0 6468.0 632.0 20.0 179.03183163331366 156.088888888889 14232.777777777797 
546.0016996984101 778.0 6468.0 632.0 3.0 176.73753735887118 156.088888888889 14232.777777777797 
547.0016996984101 780.0 6468.0 630.0 1.0 174.67267251187292 156.088888888889 14232.777777777797 
548.0016996984101 781.0 6468.0 630.0 1.0 172.81429414957455 156.088888888889 14232.777777777797 
549.0016996984101 782.0 6468.0 629.0 1.0 169.8928647346171 143.59999999999994 14232.777777777797 
550.0016996984101 784.0 6468.0 627.0 13.0 167.26357826115543 143.59999999999994 14232.777777777797 
551.0016996984101 785.0 6468.0 626.0 5.0 164.89722043503983 143.59999999999994 14232.777777777797 
552.0016996984101 785.0 6468.0 626.0 8.0 162.7674983915359 143.59999999999994 14232.777777777797 
553.0016996984101 788.0 6468.0 623.0 1.0 160.8507485523823 143.59999999999994 14232.777777777797 
554.0016996984101 791.0 6468.0 620.0 1.0 157.8767848082552 131.11111111111103 14232.777777777797 
555.0016996984101 791.0 6468.0 620.0 2.0 155.2002174385408 131.11111111111103 14232.777777777797 
556.0016996984101 791.0 6468.0 621.0 17.0 152.7913068057978 131.11111111111103 14232.777777777797 
557.0016996984101 793.0 6468.0 619.0 5.0 149.99884279188473 124.86666666666662 14232.777777777797 
558.0016996984101 794.0 6468.0 618.0 4.0 147.48562517936296 124.86666666666662 14232.777777777797 
559.0016996984101 795.0 6468.0 617.0 1.0 145.2237293280933 124.86666666666662 14232.777777777797 
560.0016996984101 800.0 6468.0 613.0 6.0 143.18802306195064 124.86666666666662 14232.777777777797 
561.0016996984101 802.0 6468.0 611.0 17.0 140.41885038538524 115.49629629629625 14232.777777777797 
562.0016996984101 803.0 6468.0 610.0 3.0 137.61474312462445 112.37777777777781 14232.777777777797 
563.0016996984101 803.0 6468.0 610.0 1.0 135.09104658993982 112.37777777777781 14232.777777777797 
564.0016996984101 804.0 6468.0 609.0 1.0 132.8197197087236 112.37777777777781 14232.777777777797 
565.0016996984101 806.0 6468.0 607.0 11.0 130.1510810711846 106.13333333333335 14232.777777777797 
566.0016996984101 810.0 6468.0 603.0 9.0 127.124861852955 99.88888888888893 14232.777777777797 
567.0016996984101 813.0 6468.0 600.0 1.0 124.40126455654841 99.88888888888893 14232.777777777797 
568.0016996984101 815.0 6468.0 598.0 14.0 121.32558254533802 93.64444444444443 14232.777777777797 
569.0016996984101 816.0 6468.0 597.0 8.0 118.55746873524869 93.64444444444443 14232.777777777797 
570.0016996984101 816.0 6468.0 597.0 2.0 116.06616630616826 93.64444444444443 14232.777777777797 
571.0016996984101 817.0 6468.0 596.0 1.0 113.82399411999587 93.64444444444443 14232.777777777797 
572.0016996984101 819.0 6468.0 594.0 12.0 111.49344655984814 90.5185185185185 14232.777777777797 
573.0016996984101 820.0 6468.0 593.0 5.0 109.39595375571515 90.5185185185185 14232.777777777797 
574.0016996984101 820.0 6468.0 593.0 17.0 107.50821023199552 90.5185185185185 14232.777777777797 
575.0016996984101 821.0 6468.0 592.0 1.0 105.80924106064784 90.5185185185185 14232.777777777797 
576.0016996984101 822.0 6468.0 592.0 1.0 104.28016880643492 90.5185185185185 14232.777777777797 
577.0016996984101 824.0 6468.0 590.0 1.0 101.96696674060624 81.14814814814808 14232.777777777797 
578.0016996984101 824.0 6468.0 591.0 8.0 101.33397377024933 95.63703703703702 14232.777777777797 
579.0016996984101 825.0 6468.0 590.0 13.0 100.7642800969281 95.63703703703702 14232.777777777797 
580.0016996984101 826.0 6468.0 589.0 1.0 100.25155579093901 95.63703703703702 14232.777777777797 
581.0016996984101 827.0 6468.0 588.0 1.0 98.54121502665993 83.14814814814811 14232.777777777797 
582.0016996984101 830.0 6468.0 585.0 1.0 97.00190833880875 83.14814814814811 14232.777777777797 
583.0016996984101 832.0 6468.0 583.0 5.0 95.6165323197427 83.14814814814811 14232.777777777797 
584.0016996984101 832.0 6468.0 583.0 1.0 97.89117538406472 118.36296296296287 14232.777777777797 
585.0016996984101 834.0 6468.0 581.0 1.0 99.93835414195455 118.36296296296287 14232.777777777797 
586.0016996984101 834.0 6468.0 581.0 1.0 96.4985928018332 65.54074074074073 14232.777777777797 
587.0016996984101 835.0 6468.0 580.0 1.0 93.40280759572394 65.54074074074073 14232.777777777797 
588.0016996984101 838.0 6468.0 577.0 1.0 90.61660091022564 65.54074074074073 14232.777777777797 
589.0016996984101 840.0 6468.0 575.0 11.0 88.10901489327715 65.54074074074073 14232.777777777797 
590.0016996984101 840.0 6468.0 575.0 1.0 85.85218747802351 65.54074074074073 14232.777777777797 
591.0016996984101 842.0 6468.0 574.0 1.0 83.82104280429525 65.54074074074073 14232.777777777797 
592.0016996984101 842.0 6468.0 574.0 1.0 81.99301259793982 65.54074074074073 14232.777777777797 
593.0016996984101 844.0 6468.0 572.0 8.0 80.34778541221989 65.54074074074073 14232.777777777797 
594.0016996984101 844.0 6468.0 572.0 11.0 78.86708094507199 65.54074074074073 14232.777777777797 
595.0016996984101 846.0 6468.0 571.0 1.0 77.53444692463889 65.54074074074073 14232.777777777797 
596.0016996984101 847.0 6468.0 570.0 1.0 76.33507630624908 65.54074074074073 14232.777777777797 
597.0016996984101 850.0 6468.0 567.0 1.0 74.31934645340193 56.17777777777778 14232.777777777797 
598.0016996984101 852.0 6468.0 565.0 1.0 72.50518958583953 56.17777777777778 14232.777777777797 
599.0016996984101 854.0 6468.0 563.0 11.0 70.87244840503337 56.17777777777778 14232.777777777797 
600.0016996984101 854.0 6468.0 563.0 4.0 69.09038874971522 53.051851851851836 14232.777777777797 
#####################################################################
# End of data export. Simulation finished at: 2020-02-18T05:09+0000 #
#####################################################################
