#####################################################################
# Alchemist log file - simulation started at: 2020-01-25T06:47+0000 #
#####################################################################
# seed = 1.0, meanTaskSize = 100, smoothing = 0.9, grain = 1700.0, peakFrequency = 0.003
#
# The columns have the following meaning: 
# time done[Sum] drop[Sum] waiting[Sum] isLeader[Sum] capacity[Mean] freeCapacity[Mean] maxCapacity[Mean] 
0.0 NaN 0.0 NaN NaN NaN NaN NaN 
1.0048855897957667 0.0 0.0 0.0 135.0 14232.777777777797 14232.777777777797 14232.777777777797 
2.0048855897957667 0.0 0.0 0.0 35.0 14232.777777777797 14232.777777777797 14232.777777777797 
3.0048855897957667 0.0 0.0 0.0 35.0 14232.777777777797 14232.777777777797 14232.777777777797 
4.004885589795767 0.0 0.0 0.0 35.0 14232.777777777797 14232.777777777797 14232.777777777797 
5.004885589795767 0.0 0.0 0.0 35.0 14232.777777777797 14232.777777777797 14232.777777777797 
6.004885589795767 0.0 0.0 0.0 35.0 14232.777777777797 14232.777777777797 14232.777777777797 
7.004885589795767 0.0 0.0 0.0 35.0 14232.777777777797 14232.777777777797 14232.777777777797 
8.004885589795766 0.0 0.0 0.0 35.0 14232.777777777797 14232.777777777797 14232.777777777797 
9.004885589795766 0.0 0.0 0.0 35.0 14232.777777777797 14232.777777777797 14232.777777777797 
10.004885589795766 0.0 0.0 0.0 35.0 14232.777777777797 14232.777777777797 14232.777777777797 
11.004885589795766 0.0 0.0 0.0 35.0 14232.777777777797 14232.777777777797 14232.777777777797 
12.004885589795766 0.0 0.0 0.0 35.0 14232.777777777797 14232.777777777797 14232.777777777797 
13.004885589795766 0.0 0.0 1.0 35.0 14232.777777777797 14232.777777777797 14232.777777777797 
14.004885589795766 1.0 0.0 0.0 35.0 14216.924444444427 14215.162962962962 14232.777777777797 
15.004885589795766 1.0 0.0 1.0 35.0 14231.192444444468 14232.777777777797 14232.777777777797 
16.004885589795766 1.0 0.0 1.0 35.0 14216.765911111095 14215.162962962962 14232.777777777797 
17.004885589795766 1.0 0.0 1.0 35.0 14215.323257777787 14215.162962962962 14232.777777777797 
18.004885589795766 2.0 0.0 1.0 35.0 14231.032325777784 14232.777777777797 14232.777777777797 
19.004885589795766 2.0 0.0 1.0 35.0 14216.749899244469 14215.162962962962 14232.777777777797 
20.004885589795766 2.0 0.0 1.0 35.0 14215.321656591115 14215.162962962962 14232.777777777797 
21.004885589795766 3.0 0.0 0.0 35.0 14231.032165659099 14232.777777777797 14232.777777777797 
22.004885589795766 3.0 0.0 0.0 35.0 14232.603216565909 14232.777777777797 14232.777777777797 
23.004885589795766 3.0 0.0 0.0 35.0 14232.760321656571 14232.777777777797 14232.777777777797 
24.004885589795766 3.0 0.0 0.0 35.0 14232.776032165677 14232.777777777797 14232.777777777797 
25.004885589795766 3.0 0.0 0.0 35.0 14232.777603216571 14232.777777777797 14232.777777777797 
26.004885589795766 3.0 0.0 0.0 35.0 14232.777760321653 14232.777777777797 14232.777777777797 
27.004885589795766 3.0 0.0 0.0 35.0 14232.777776032133 14232.777777777797 14232.777777777797 
28.004885589795766 3.0 0.0 0.0 35.0 14232.777777603214 14232.777777777797 14232.777777777797 
29.004885589795766 3.0 0.0 1.0 35.0 14232.777777760337 14232.777777777797 14232.777777777797 
30.004885589795766 3.0 0.0 1.0 35.0 14232.777777776031 14232.777777777797 14232.777777777797 
31.004885589795766 3.0 0.0 1.0 35.0 14216.92444444429 14215.162962962962 14232.777777777797 
32.00488558979576 3.0 0.0 1.0 35.0 14215.339111111076 14215.162962962962 14232.777777777797 
33.00488558979576 4.0 0.0 0.0 35.0 14215.180577777764 14215.162962962962 14232.777777777797 
34.00488558979576 4.0 0.0 1.0 35.0 14231.018057777776 14232.777777777797 14232.777777777797 
35.00488558979576 4.0 0.0 1.0 35.0 14216.748472444424 14215.162962962962 14232.777777777797 
36.00488558979576 4.0 0.0 1.0 35.0 14215.32151391112 14215.162962962962 14232.777777777797 
37.00488558979576 5.0 0.0 0.0 35.0 14231.032151391111 14232.777777777797 14232.777777777797 
38.00488558979576 5.0 0.0 0.0 35.0 14232.6032151391 14232.777777777797 14232.777777777797 
39.00488558979576 5.0 0.0 1.0 35.0 14232.760321513913 14232.777777777797 14232.777777777797 
40.00488558979576 5.0 0.0 1.0 35.0 14232.776032151374 14232.777777777797 14232.777777777797 
41.00488558979576 5.0 0.0 1.0 35.0 14216.924269881813 14215.162962962962 14232.777777777797 
42.00488558979576 5.0 0.0 1.0 35.0 14215.33909365483 14215.162962962962 14232.777777777797 
43.00488558979576 5.0 0.0 2.0 35.0 14215.180576032137 14215.162962962962 14232.777777777797 
44.00488558979576 7.0 0.0 0.0 35.0 14199.311390936513 14197.54814814815 14232.777777777797 
45.00488558979576 7.0 0.0 0.0 35.0 14229.431139093645 14232.777777777797 14232.777777777797 
46.00488558979576 7.0 0.0 0.0 35.0 14232.443113909389 14232.777777777797 14232.777777777797 
47.00488558979576 7.0 0.0 0.0 35.0 14232.744311390956 14232.777777777797 14232.777777777797 
48.00488558979576 7.0 0.0 0.0 35.0 14232.774431139096 14232.777777777797 14232.777777777797 
49.00488558979576 7.0 0.0 0.0 35.0 14232.777443113908 14232.777777777797 14232.777777777797 
50.00488558979576 7.0 0.0 0.0 35.0 14232.777744311403 14232.777777777797 14232.777777777797 
51.00488558979576 7.0 0.0 0.0 35.0 14232.777774431142 14232.777777777797 14232.777777777797 
52.00488558979576 7.0 0.0 0.0 35.0 14232.777777443112 14232.777777777797 14232.777777777797 
53.00488558979576 7.0 0.0 0.0 35.0 14232.777777744308 14232.777777777797 14232.777777777797 
54.00488558979576 7.0 0.0 0.0 35.0 14232.77777777443 14232.777777777797 14232.777777777797 
55.00488558979576 7.0 0.0 1.0 35.0 14232.777777777444 14232.777777777797 14232.777777777797 
56.00488558979576 7.0 0.0 1.0 35.0 14216.924444444418 14215.162962962962 14232.777777777797 
57.00488558979576 7.0 0.0 2.0 35.0 14215.339111111094 14215.162962962962 14232.777777777797 
58.00488558979576 9.0 0.0 0.0 35.0 14215.180577777766 14215.162962962962 14232.777777777797 
59.00488558979576 9.0 0.0 1.0 35.0 14231.018057777776 14232.777777777797 14232.777777777797 
60.00488558979576 9.0 0.0 1.0 35.0 14216.748472444426 14215.162962962962 14232.777777777797 
61.00488558979576 9.0 0.0 1.0 35.0 14215.321513911122 14215.162962962962 14232.777777777797 
62.00488558979576 10.0 0.0 0.0 35.0 14231.03215139111 14232.777777777797 14232.777777777797 
63.00488558979576 10.0 0.0 0.0 35.0 14232.6032151391 14232.777777777797 14232.777777777797 
64.00488558979576 10.0 0.0 1.0 35.0 14232.760321513913 14232.777777777797 14232.777777777797 
65.00488558979576 10.0 0.0 1.0 35.0 14216.922698818056 14215.162962962962 14232.777777777797 
66.00488558979576 10.0 0.0 1.0 35.0 14215.33893654849 14215.162962962962 14232.777777777797 
67.00488558979576 11.0 0.0 0.0 35.0 14231.033893654867 14232.777777777797 14232.777777777797 
68.00488558979576 11.0 0.0 0.0 35.0 14232.603389365468 14232.777777777797 14232.777777777797 
69.00488558979576 11.0 0.0 0.0 35.0 14232.760338936552 14232.777777777797 14232.777777777797 
70.00488558979576 11.0 0.0 0.0 35.0 14232.776033893635 14232.777777777797 14232.777777777797 
71.00488558979576 11.0 0.0 1.0 35.0 14232.77760338936 14232.777777777797 14232.777777777797 
72.00488558979576 11.0 0.0 1.0 35.0 14216.924427005602 14215.162962962962 14232.777777777797 
73.00488558979576 11.0 0.0 1.0 35.0 14215.339109367229 14215.162962962962 14232.777777777797 
74.00488558979576 11.0 0.0 1.0 35.0 14215.18057760338 14215.162962962962 14232.777777777797 
75.00488558979576 11.0 0.0 1.0 35.0 14215.164724426986 14215.162962962962 14232.777777777797 
76.00488558979576 11.0 0.0 1.0 35.0 14215.163139109376 14215.162962962962 14232.777777777797 
77.00488558979576 11.0 0.0 1.0 35.0 14215.162980577605 14215.162962962962 14232.777777777797 
78.00488558979576 12.0 0.0 0.0 35.0 14231.016298057773 14232.777777777797 14232.777777777797 
79.00488558979576 12.0 0.0 0.0 35.0 14232.601629805795 14232.777777777797 14232.777777777797 
80.00488558979576 12.0 0.0 0.0 35.0 14232.760162980605 14232.777777777797 14232.777777777797 
81.00488558979576 12.0 0.0 0.0 35.0 14232.776016298056 14232.777777777797 14232.777777777797 
82.00488558979576 12.0 0.0 0.0 35.0 14232.777601629805 14232.777777777797 14232.777777777797 
83.00488558979576 12.0 0.0 0.0 35.0 14232.777760162997 14232.777777777797 14232.777777777797 
84.00488558979576 12.0 0.0 0.0 35.0 14232.777776016297 14232.777777777797 14232.777777777797 
85.00488558979576 12.0 0.0 0.0 35.0 14232.777777601621 14232.777777777797 14232.777777777797 
86.00488558979576 12.0 0.0 0.0 35.0 14232.777777760175 14232.777777777797 14232.777777777797 
87.00488558979576 12.0 0.0 0.0 35.0 14232.777777776002 14232.777777777797 14232.777777777797 
88.00488558979576 12.0 0.0 0.0 35.0 14232.777777777605 14232.777777777797 14232.777777777797 
89.00488558979576 12.0 0.0 1.0 35.0 14232.777777777766 14232.777777777797 14232.777777777797 
90.00488558979576 12.0 0.0 2.0 35.0 14216.924444444425 14215.162962962962 14232.777777777797 
91.00488558979576 12.0 0.0 2.0 35.0 14199.485777777778 14197.54814814815 14232.777777777797 
92.00488558979576 13.0 0.0 1.0 35.0 14213.595244444448 14215.162962962962 14232.777777777797 
93.00488558979576 13.0 0.0 1.0 35.0 14215.006191111075 14215.162962962962 14232.777777777797 
94.00488558979576 13.0 0.0 1.0 35.0 14215.147285777784 14215.162962962962 14232.777777777797 
95.00488558979576 13.0 0.0 1.0 35.0 14215.161395244446 14215.162962962962 14232.777777777797 
96.00488558979576 14.0 0.0 0.0 35.0 14231.016139524445 14232.777777777797 14232.777777777797 
97.00488558979576 14.0 0.0 0.0 35.0 14232.601613952438 14232.777777777797 14232.777777777797 
98.00488558979576 14.0 0.0 1.0 35.0 14232.76016139528 14232.777777777797 14232.777777777797 
99.00488558979576 14.0 0.0 1.0 35.0 14216.922682806215 14215.162962962962 14232.777777777797 
100.00488558979576 14.0 0.0 2.0 35.0 14215.338934947298 14215.162962962962 14232.777777777797 
101.00488558979576 15.0 0.0 1.0 35.0 14215.180560161414 14215.162962962962 14232.777777777797 
102.00488558979576 16.0 0.0 0.0 35.0 14231.018056016115 14232.777777777797 14232.777777777797 
103.00488558979576 16.0 0.0 0.0 35.0 14232.60180560163 14232.777777777797 14232.777777777797 
104.00488558979576 16.0 0.0 0.0 35.0 14232.760180560152 14232.777777777797 14232.777777777797 
105.00488558979576 16.0 0.0 0.0 35.0 14232.776018056022 14232.777777777797 14232.777777777797 
106.00488558979576 16.0 0.0 0.0 35.0 14232.777601805607 14232.777777777797 14232.777777777797 
107.00488558979576 16.0 0.0 0.0 35.0 14232.777760180557 14232.777777777797 14232.777777777797 
108.00488558979576 16.0 0.0 0.0 35.0 14232.777776018076 14232.777777777797 14232.777777777797 
109.00488558979576 16.0 0.0 0.0 35.0 14232.777777601801 14232.777777777797 14232.777777777797 
110.00488558979576 16.0 0.0 0.0 35.0 14232.777777760166 14232.777777777797 14232.777777777797 
111.00488558979576 16.0 0.0 0.0 35.0 14232.77777777601 14232.777777777797 14232.777777777797 
112.00488558979576 16.0 0.0 0.0 35.0 14232.777777777605 14232.777777777797 14232.777777777797 
113.00488558979576 16.0 0.0 0.0 35.0 14232.777777777766 14232.777777777797 14232.777777777797 
114.00488558979576 16.0 0.0 1.0 35.0 14232.777777777794 14232.777777777797 14232.777777777797 
115.00488558979576 16.0 0.0 1.0 35.0 14216.924444444427 14215.162962962962 14232.777777777797 
116.00488558979576 16.0 0.0 1.0 35.0 14215.3391111111 14215.162962962962 14232.777777777797 
117.00488558979576 16.0 0.0 1.0 35.0 14215.180577777766 14215.162962962962 14232.777777777797 
118.00488558979576 16.0 0.0 1.0 35.0 14215.164724444443 14215.162962962962 14232.777777777797 
119.00488558979576 16.0 0.0 2.0 35.0 14215.163139111097 14215.162962962962 14232.777777777797 
120.00488558979576 17.0 0.0 1.0 35.0 14215.162980577785 14215.162962962962 14232.777777777797 
121.00488558979576 17.0 0.0 1.0 35.0 14215.162964724424 14215.162962962962 14232.777777777797 
122.00488558979576 17.0 0.0 1.0 35.0 14215.162963139099 14215.162962962962 14232.777777777797 
123.00488558979576 17.0 0.0 1.0 35.0 14215.162962980585 14215.162962962962 14232.777777777797 
124.00488558979576 17.0 0.0 1.0 35.0 14215.162962964714 14215.162962962962 14232.777777777797 
125.00488558979576 18.0 0.0 0.0 35.0 14231.016296296473 14232.777777777797 14232.777777777797 
126.00488558979576 18.0 0.0 2.0 35.0 14232.601629629644 14232.777777777797 14232.777777777797 
127.00488558979576 18.0 0.0 2.0 35.0 14201.05349629631 14197.54814814815 14232.777777777797 
128.00488558979578 18.0 0.0 2.0 35.0 14197.898682962967 14197.54814814815 14232.777777777797 
129.00488558979578 19.0 0.0 1.0 35.0 14213.436534962968 14215.162962962962 14232.777777777797 
130.00488558979578 20.0 0.0 0.0 35.0 14230.843653496264 14232.777777777797 14232.777777777797 
131.00488558979578 20.0 0.0 0.0 35.0 14232.584365349621 14232.777777777797 14232.777777777797 
132.00488558979578 20.0 0.0 0.0 35.0 14232.75843653493 14232.777777777797 14232.777777777797 
133.00488558979578 20.0 0.0 0.0 35.0 14232.77584365349 14232.777777777797 14232.777777777797 
134.00488558979578 20.0 0.0 0.0 35.0 14232.777584365362 14232.777777777797 14232.777777777797 
135.00488558979578 20.0 0.0 0.0 35.0 14232.777758436552 14232.777777777797 14232.777777777797 
136.00488558979578 20.0 0.0 0.0 35.0 14232.777775843673 14232.777777777797 14232.777777777797 
137.00488558979578 20.0 0.0 0.0 35.0 14232.777777584372 14232.777777777797 14232.777777777797 
138.00488558979578 20.0 0.0 1.0 35.0 14232.777777758445 14232.777777777797 14232.777777777797 
139.00488558979578 20.0 0.0 1.0 35.0 14216.924444442498 14215.162962962962 14232.777777777797 
140.00488558979578 21.0 0.0 0.0 35.0 14231.192444444254 14232.777777777797 14232.777777777797 
141.00488558979578 21.0 0.0 0.0 35.0 14232.619244444431 14232.777777777797 14232.777777777797 
142.00488558979578 21.0 0.0 0.0 35.0 14232.761924444427 14232.777777777797 14232.777777777797 
143.00488558979578 21.0 0.0 0.0 35.0 14232.776192444437 14232.777777777797 14232.777777777797 
144.00488558979578 21.0 0.0 0.0 35.0 14232.77761924444 14232.777777777797 14232.777777777797 
145.00488558979578 21.0 0.0 1.0 35.0 14232.777761924437 14232.777777777797 14232.777777777797 
146.00488558979578 21.0 0.0 1.0 35.0 14216.924442859096 14215.162962962962 14232.777777777797 
147.00488558979578 22.0 0.0 0.0 35.0 14231.192444285904 14232.777777777797 14232.777777777797 
148.00488558979578 22.0 0.0 0.0 35.0 14232.619244428599 14232.777777777797 14232.777777777797 
149.00488558979578 22.0 0.0 0.0 35.0 14232.761924442877 14232.777777777797 14232.777777777797 
150.00488558979578 22.0 0.0 0.0 35.0 14232.776192444286 14232.777777777797 14232.777777777797 
151.00488558979578 22.0 0.0 0.0 35.0 14232.77761924442 14232.777777777797 14232.777777777797 
152.00488558979578 22.0 0.0 0.0 35.0 14232.777761924433 14232.777777777797 14232.777777777797 
153.00488558979578 22.0 0.0 0.0 35.0 14232.777776192464 14232.777777777797 14232.777777777797 
154.00488558979578 22.0 0.0 0.0 35.0 14232.777777619272 14232.777777777797 14232.777777777797 
155.00488558979578 22.0 0.0 0.0 35.0 14232.77777776193 14232.777777777797 14232.777777777797 
156.00488558979578 22.0 0.0 0.0 35.0 14232.777777776188 14232.777777777797 14232.777777777797 
157.00488558979578 22.0 0.0 0.0 35.0 14232.777777777628 14232.777777777797 14232.777777777797 
158.00488558979578 22.0 0.0 1.0 35.0 14232.77777777777 14232.777777777797 14232.777777777797 
159.00488558979578 22.0 0.0 2.0 35.0 14232.777777777794 14232.777777777797 14232.777777777797 
160.00488558979578 22.0 0.0 2.0 35.0 14216.924444444427 14215.162962962962 14232.777777777797 
161.00488558979578 22.0 0.0 2.0 35.0 14199.49244444444 14197.555555555586 14232.777777777797 
162.00488558979578 22.0 0.0 3.0 35.0 14197.749244444443 14197.555555555586 14232.777777777797 
163.00488558979578 23.0 0.0 2.0 35.0 14197.574924444438 14197.555555555586 14232.777777777797 
164.00488558979578 24.0 0.0 1.0 35.0 14197.550825777776 14197.54814814815 14232.777777777797 
165.00488558979578 24.0 0.0 1.0 35.0 14213.401749244458 14215.162962962962 14232.777777777797 
166.00488558979578 25.0 0.0 0.0 35.0 14214.986841591131 14215.162962962962 14232.777777777797 
167.00488558979578 25.0 0.0 0.0 35.0 14230.998684159114 14232.777777777797 14232.777777777797 
168.00488558979578 25.0 0.0 0.0 35.0 14232.599868415944 14232.777777777797 14232.777777777797 
169.00488558979578 25.0 0.0 0.0 35.0 14232.759986841596 14232.777777777797 14232.777777777797 
170.00488558979578 25.0 0.0 0.0 35.0 14232.775998684185 14232.777777777797 14232.777777777797 
171.00488558979578 25.0 0.0 0.0 35.0 14232.777599868446 14232.777777777797 14232.777777777797 
172.00488558979578 25.0 0.0 0.0 35.0 14232.777759986846 14232.777777777797 14232.777777777797 
173.00488558979578 25.0 0.0 0.0 35.0 14232.777775998678 14232.777777777797 14232.777777777797 
174.00488558979578 25.0 0.0 0.0 35.0 14232.77777759987 14232.777777777797 14232.777777777797 
175.00488558979578 25.0 0.0 0.0 35.0 14232.777777759995 14232.777777777797 14232.777777777797 
176.00488558979578 25.0 0.0 0.0 35.0 14232.777777776013 14232.777777777797 14232.777777777797 
177.00488558979578 25.0 0.0 1.0 35.0 14232.777777777601 14232.777777777797 14232.777777777797 
178.00488558979578 25.0 0.0 1.0 35.0 14216.9244444444 14215.162962962962 14232.777777777797 
179.00488558979578 26.0 0.0 0.0 35.0 14231.192444444467 14232.777777777797 14232.777777777797 
180.00488558979578 26.0 0.0 0.0 35.0 14232.619244444466 14232.777777777797 14232.777777777797 
181.00488558979578 26.0 0.0 0.0 35.0 14232.76192444443 14232.777777777797 14232.777777777797 
182.00488558979578 26.0 0.0 0.0 35.0 14232.776192444438 14232.777777777797 14232.777777777797 
183.00488558979578 26.0 0.0 0.0 35.0 14232.77761924444 14232.777777777797 14232.777777777797 
184.00488558979578 26.0 0.0 0.0 35.0 14232.777761924437 14232.777777777797 14232.777777777797 
185.00488558979578 26.0 0.0 0.0 35.0 14232.777776192464 14232.777777777797 14232.777777777797 
186.00488558979578 26.0 0.0 0.0 35.0 14232.777777619272 14232.777777777797 14232.777777777797 
187.00488558979578 26.0 0.0 0.0 35.0 14232.77777776193 14232.777777777797 14232.777777777797 
188.00488558979578 26.0 0.0 0.0 35.0 14232.777777776188 14232.777777777797 14232.777777777797 
189.00488558979578 26.0 0.0 1.0 35.0 14232.777777777628 14232.777777777797 14232.777777777797 
190.00488558979578 27.0 0.0 0.0 35.0 14216.924444444401 14215.162962962962 14232.777777777797 
191.00488558979578 27.0 0.0 0.0 35.0 14231.192444444467 14232.777777777797 14232.777777777797 
192.00488558979578 27.0 0.0 0.0 35.0 14232.619244444466 14232.777777777797 14232.777777777797 
193.00488558979578 27.0 0.0 0.0 35.0 14232.76192444443 14232.777777777797 14232.777777777797 
194.00488558979578 27.0 0.0 0.0 35.0 14232.776192444438 14232.777777777797 14232.777777777797 
195.00488558979578 27.0 0.0 0.0 35.0 14232.77761924444 14232.777777777797 14232.777777777797 
196.00488558979578 27.0 0.0 0.0 35.0 14232.777761924437 14232.777777777797 14232.777777777797 
197.00488558979578 27.0 0.0 0.0 35.0 14232.777776192464 14232.777777777797 14232.777777777797 
198.00488558979578 27.0 0.0 1.0 35.0 14232.777777619272 14232.777777777797 14232.777777777797 
199.00488558979578 27.0 0.0 1.0 35.0 14232.77777776193 14232.777777777797 14232.777777777797 
200.00488558979578 27.0 0.0 1.0 35.0 14216.92444444287 14215.162962962962 14232.777777777797 
201.00488558979578 27.0 0.0 1.0 35.0 14215.339111110989 14215.162962962962 14232.777777777797 
202.00488558979578 28.0 0.0 0.0 35.0 14215.180577777739 14215.162962962962 14232.777777777797 
203.00488558979578 28.0 0.0 0.0 35.0 14231.018057777772 14232.777777777797 14232.777777777797 
204.00488558979578 28.0 0.0 0.0 35.0 14232.601805777793 14232.777777777797 14232.777777777797 
205.00488558979578 28.0 0.0 1.0 35.0 14232.760180577778 14232.777777777797 14232.777777777797 
206.00488558979578 28.0 0.0 1.0 35.0 14216.922684724446 14215.162962962962 14232.777777777797 
207.00488558979578 28.0 0.0 1.0 35.0 14215.338935139102 14215.162962962962 14232.777777777797 
208.00488558979578 29.0 0.0 1.0 35.0 14231.033893513883 14232.777777777797 14232.777777777797 
209.00488558979578 30.0 0.0 0.0 35.0 14216.750056018065 14215.162962962962 14232.777777777797 
210.00488558979578 30.0 0.0 0.0 35.0 14231.17500560181 14232.777777777797 14232.777777777797 
211.00488558979578 30.0 0.0 0.0 35.0 14232.617500560214 14232.777777777797 14232.777777777797 
212.00488558979578 30.0 0.0 0.0 35.0 14232.761750056017 14232.777777777797 14232.777777777797 
213.00488558979578 30.0 0.0 0.0 35.0 14232.776175005609 14232.777777777797 14232.777777777797 
214.00488558979578 30.0 0.0 0.0 35.0 14232.777617500566 14232.777777777797 14232.777777777797 
215.00488558979578 30.0 0.0 1.0 35.0 14232.777761750047 14232.777777777797 14232.777777777797 
216.00488558979578 30.0 0.0 1.0 35.0 14232.77777617504 14232.777777777797 14232.777777777797 
217.00488558979578 30.0 0.0 1.0 35.0 14216.924444284185 14215.162962962962 14232.777777777797 
218.00488558979578 31.0 0.0 0.0 35.0 14215.3391110951 14215.162962962962 14232.777777777797 
219.00488558979578 31.0 0.0 0.0 35.0 14231.033911109507 14232.777777777797 14232.777777777797 
220.00488558979578 31.0 0.0 0.0 35.0 14232.603391110983 14232.777777777797 14232.777777777797 
221.00488558979578 31.0 0.0 0.0 35.0 14232.7603391111 14232.777777777797 14232.777777777797 
222.00488558979578 31.0 0.0 2.0 35.0 14232.776033911085 14232.777777777797 14232.777777777797 
223.00488558979578 32.0 0.0 1.0 35.0 14216.924270057756 14215.162962962962 14232.777777777797 
224.00488558979578 33.0 0.0 0.0 35.0 14215.339093672454 14215.162962962962 14232.777777777797 
225.00488558979578 33.0 0.0 0.0 35.0 14231.033909367245 14232.777777777797 14232.777777777797 
226.00488558979578 33.0 0.0 0.0 35.0 14232.603390936712 14232.777777777797 14232.777777777797 
227.00488558979578 33.0 0.0 0.0 35.0 14232.760339093697 14232.777777777797 14232.777777777797 
228.00488558979578 33.0 0.0 0.0 35.0 14232.776033909366 14232.777777777797 14232.777777777797 
229.00488558979578 33.0 0.0 0.0 35.0 14232.777603390936 14232.777777777797 14232.777777777797 
230.00488558979578 33.0 0.0 0.0 35.0 14232.777760339079 14232.777777777797 14232.777777777797 
231.00488558979578 33.0 0.0 0.0 35.0 14232.777776033945 14232.777777777797 14232.777777777797 
232.00488558979578 33.0 0.0 0.0 35.0 14232.777777603415 14232.777777777797 14232.777777777797 
233.00488558979578 33.0 0.0 0.0 35.0 14232.777777760366 14232.777777777797 14232.777777777797 
234.00488558979578 33.0 0.0 1.0 35.0 14232.777777776035 14232.777777777797 14232.777777777797 
235.00488558979578 33.0 0.0 1.0 35.0 14232.777777777606 14232.777777777797 14232.777777777797 
236.00488558979578 33.0 0.0 1.0 35.0 14216.9244444444 14215.162962962962 14232.777777777797 
237.00488558979578 33.0 0.0 1.0 35.0 14215.339111111098 14215.162962962962 14232.777777777797 
238.00488558979578 34.0 0.0 1.0 35.0 14215.180577777766 14215.162962962962 14232.777777777797 
239.00488558979578 34.0 0.0 1.0 35.0 14231.018057777776 14232.777777777797 14232.777777777797 
240.00488558979578 34.0 0.0 1.0 35.0 14216.748472444426 14215.162962962962 14232.777777777797 
241.00488558979578 34.0 0.0 1.0 35.0 14215.32151391112 14215.162962962962 14232.777777777797 
242.00488558979578 35.0 0.0 0.0 35.0 14215.178818057791 14215.162962962962 14232.777777777797 
243.00488558979578 35.0 0.0 1.0 35.0 14231.01788180578 14232.777777777797 14232.777777777797 
244.00488558979578 35.0 0.0 1.0 35.0 14232.601788180584 14232.777777777797 14232.777777777797 
245.00488558979578 35.0 0.0 2.0 35.0 14216.90684548473 14215.162962962962 14232.777777777797 
246.00488558979578 36.0 0.0 1.0 35.0 14215.337351215132 14215.162962962962 14232.777777777797 
247.00488558979578 37.0 0.0 0.0 35.0 14215.180401788177 14215.162962962962 14232.777777777797 
248.00488558979578 37.0 0.0 0.0 35.0 14231.018040178824 14232.777777777797 14232.777777777797 
249.00488558979578 37.0 0.0 0.0 35.0 14232.601804017882 14232.777777777797 14232.777777777797 
250.00488558979578 37.0 0.0 0.0 35.0 14232.760180401789 14232.777777777797 14232.777777777797 
251.00488558979578 37.0 0.0 0.0 35.0 14232.776018040178 14232.777777777797 14232.777777777797 
252.00488558979578 37.0 0.0 0.0 35.0 14232.77760180401 14232.777777777797 14232.777777777797 
253.00488558979578 37.0 0.0 0.0 35.0 14232.777760180394 14232.777777777797 14232.777777777797 
254.00488558979578 37.0 0.0 0.0 35.0 14232.777776018056 14232.777777777797 14232.777777777797 
255.00488558979578 37.0 0.0 0.0 35.0 14232.777777601801 14232.777777777797 14232.777777777797 
256.0048855897958 37.0 0.0 0.0 35.0 14232.777777760166 14232.777777777797 14232.777777777797 
257.0048855897958 37.0 0.0 1.0 35.0 14232.77777777601 14232.777777777797 14232.777777777797 
258.0048855897958 37.0 0.0 1.0 35.0 14232.777777777605 14232.777777777797 14232.777777777797 
259.0048855897958 37.0 0.0 1.0 35.0 14216.9244444444 14215.162962962962 14232.777777777797 
260.0048855897958 38.0 0.0 0.0 35.0 14215.339111111098 14215.162962962962 14232.777777777797 
261.0048855897958 38.0 0.0 0.0 35.0 14231.033911111135 14232.777777777797 14232.777777777797 
262.0048855897958 38.0 0.0 0.0 35.0 14232.603391111097 14232.777777777797 14232.777777777797 
263.0048855897958 38.0 0.0 0.0 35.0 14232.760339111124 14232.777777777797 14232.777777777797 
264.0048855897958 38.0 0.0 0.0 35.0 14232.776033911086 14232.777777777797 14232.777777777797 
265.0048855897958 38.0 0.0 0.0 35.0 14232.777603391125 14232.777777777797 14232.777777777797 
266.0048855897958 38.0 0.0 0.0 35.0 14232.77776033911 14232.777777777797 14232.777777777797 
267.0048855897958 38.0 0.0 0.0 35.0 14232.777776033912 14232.777777777797 14232.777777777797 
268.0048855897958 38.0 0.0 0.0 35.0 14232.777777603415 14232.777777777797 14232.777777777797 
269.0048855897958 38.0 0.0 0.0 35.0 14232.777777760366 14232.777777777797 14232.777777777797 
270.0048855897958 38.0 0.0 1.0 35.0 14232.777777776037 14232.777777777797 14232.777777777797 
271.0048855897958 38.0 0.0 1.0 35.0 14216.92444444429 14215.162962962962 14232.777777777797 
272.0048855897958 38.0 0.0 1.0 35.0 14215.339111111076 14215.162962962962 14232.777777777797 
273.0048855897958 39.0 0.0 0.0 35.0 14231.033911111133 14232.777777777797 14232.777777777797 
274.0048855897958 39.0 0.0 0.0 35.0 14232.603391111097 14232.777777777797 14232.777777777797 
275.0048855897958 39.0 0.0 0.0 35.0 14232.760339111126 14232.777777777797 14232.777777777797 
276.0048855897958 39.0 0.0 0.0 35.0 14232.776033911086 14232.777777777797 14232.777777777797 
277.0048855897958 39.0 0.0 0.0 35.0 14232.777603391125 14232.777777777797 14232.777777777797 
278.0048855897958 39.0 0.0 0.0 35.0 14232.77776033911 14232.777777777797 14232.777777777797 
279.0048855897958 39.0 0.0 0.0 35.0 14232.777776033912 14232.777777777797 14232.777777777797 
280.0048855897958 39.0 0.0 0.0 35.0 14232.777777603415 14232.777777777797 14232.777777777797 
281.0048855897958 39.0 0.0 1.0 35.0 14232.777777760368 14232.777777777797 14232.777777777797 
282.0048855897958 40.0 0.0 0.0 35.0 14216.924444442706 14215.162962962962 14232.777777777797 
283.0048855897958 40.0 0.0 0.0 35.0 14231.192444444277 14232.777777777797 14232.777777777797 
284.0048855897958 40.0 0.0 0.0 35.0 14232.619244444435 14232.777777777797 14232.777777777797 
285.0048855897958 40.0 0.0 0.0 35.0 14232.761924444427 14232.777777777797 14232.777777777797 
286.0048855897958 40.0 0.0 0.0 35.0 14232.776192444437 14232.777777777797 14232.777777777797 
287.0048855897958 40.0 0.0 0.0 35.0 14232.77761924444 14232.777777777797 14232.777777777797 
288.0048855897958 40.0 0.0 0.0 35.0 14232.777761924437 14232.777777777797 14232.777777777797 
289.0048855897958 40.0 0.0 0.0 35.0 14232.777776192464 14232.777777777797 14232.777777777797 
290.0048855897958 40.0 0.0 0.0 35.0 14232.777777619272 14232.777777777797 14232.777777777797 
291.0048855897958 40.0 0.0 0.0 35.0 14232.77777776193 14232.777777777797 14232.777777777797 
292.0048855897958 40.0 0.0 0.0 35.0 14232.777777776188 14232.777777777797 14232.777777777797 
293.0048855897958 40.0 0.0 0.0 35.0 14232.777777777628 14232.777777777797 14232.777777777797 
294.0048855897958 40.0 0.0 0.0 35.0 14232.77777777777 14232.777777777797 14232.777777777797 
295.0048855897958 40.0 0.0 0.0 35.0 14232.777777777794 14232.777777777797 14232.777777777797 
296.0048855897958 40.0 0.0 0.0 35.0 14232.777777777797 14232.777777777797 14232.777777777797 
297.0048855897958 40.0 0.0 1.0 35.0 14232.777777777797 14232.777777777797 14232.777777777797 
298.0048855897958 40.0 0.0 1.0 35.0 14216.924444444427 14215.162962962962 14232.777777777797 
299.0048855897958 41.0 0.0 0.0 35.0 14231.192444444468 14232.777777777797 14232.777777777797 
300.0048855897958 41.0 0.0 0.0 35.0 14232.619244444466 14232.777777777797 14232.777777777797 
301.0048855897958 41.0 0.0 0.0 35.0 14232.76192444443 14232.777777777797 14232.777777777797 
302.0048855897958 41.0 0.0 0.0 35.0 14232.776192444438 14232.777777777797 14232.777777777797 
303.0048855897958 41.0 0.0 0.0 35.0 14232.77761924444 14232.777777777797 14232.777777777797 
304.0048855897958 41.0 0.0 0.0 35.0 14232.777761924437 14232.777777777797 14232.777777777797 
305.0048855897958 41.0 0.0 1.0 35.0 14232.777776192464 14232.777777777797 14232.777777777797 
306.0048855897958 41.0 0.0 1.0 35.0 14216.924444285905 14215.162962962962 14232.777777777797 
307.0048855897958 41.0 0.0 1.0 35.0 14215.339111095238 14215.162962962962 14232.777777777797 
308.0048855897958 42.0 0.0 0.0 35.0 14231.033911109525 14232.777777777797 14232.777777777797 
309.0048855897958 42.0 0.0 0.0 35.0 14232.603391110986 14232.777777777797 14232.777777777797 
310.0048855897958 42.0 0.0 1.0 35.0 14232.7603391111 14232.777777777797 14232.777777777797 
311.0048855897958 42.0 0.0 2.0 35.0 14216.922700577765 14215.162962962962 14232.777777777797 
312.0048855897958 42.0 0.0 2.0 35.0 14199.48560339111 14197.54814814815 14232.777777777797 
313.0048855897958 43.0 0.0 1.0 35.0 14213.59522700576 14215.162962962962 14232.777777777797 
314.0048855897958 44.0 0.0 0.0 35.0 14230.859522700595 14232.777777777797 14232.777777777797 
315.0048855897958 44.0 0.0 0.0 35.0 14232.585952270043 14232.777777777797 14232.777777777797 
316.0048855897958 44.0 0.0 0.0 35.0 14232.758595226987 14232.777777777797 14232.777777777797 
317.0048855897958 44.0 0.0 0.0 35.0 14232.775859522693 14232.777777777797 14232.777777777797 
318.0048855897958 44.0 0.0 0.0 35.0 14232.777585952248 14232.777777777797 14232.777777777797 
319.0048855897958 44.0 0.0 0.0 35.0 14232.777758595228 14232.777777777797 14232.777777777797 
320.0048855897958 44.0 0.0 1.0 35.0 14232.777775859515 14232.777777777797 14232.777777777797 
321.0048855897958 44.0 0.0 1.0 35.0 14232.777777585981 14232.777777777797 14232.777777777797 
322.0048855897958 44.0 0.0 1.0 35.0 14216.924444425278 14215.162962962962 14232.777777777797 
323.0048855897958 44.0 0.0 1.0 35.0 14215.339111109197 14215.162962962962 14232.777777777797 
324.0048855897958 44.0 0.0 1.0 35.0 14215.180577777608 14215.162962962962 14232.777777777797 
325.0048855897958 44.0 0.0 1.0 35.0 14215.164724444425 14215.162962962962 14232.777777777797 
326.0048855897958 45.0 0.0 0.0 35.0 14215.163139111095 14215.162962962962 14232.777777777797 
327.0048855897958 45.0 0.0 0.0 35.0 14231.016313911114 14232.777777777797 14232.777777777797 
328.0048855897958 45.0 0.0 0.0 35.0 14232.601631391122 14232.777777777797 14232.777777777797 
329.0048855897958 45.0 0.0 1.0 35.0 14232.760163139128 14232.777777777797 14232.777777777797 
330.0048855897958 45.0 0.0 1.0 35.0 14232.776016313914 14232.777777777797 14232.777777777797 
331.0048855897958 45.0 0.0 1.0 35.0 14216.924268298038 14215.162962962962 14232.777777777797 
332.0048855897958 45.0 0.0 1.0 35.0 14215.33909349647 14215.162962962962 14232.777777777797 
333.0048855897958 45.0 0.0 1.0 35.0 14215.180576016302 14215.162962962962 14232.777777777797 
334.0048855897958 45.0 0.0 2.0 35.0 14215.164724268325 14215.162962962962 14232.777777777797 
335.0048855897958 45.0 0.0 3.0 35.0 14215.163139093485 14215.162962962962 14232.777777777797 
336.0048855897958 46.0 0.0 2.0 35.0 14183.456313909352 14179.933333333322 14232.777777777797 
337.0048855897958 46.0 0.0 2.0 35.0 14196.138964724276 14197.54814814815 14232.777777777797 
338.0048855897958 46.0 0.0 2.0 35.0 14197.407229805765 14197.54814814815 14232.777777777797 
339.0048855897958 48.0 0.0 0.0 35.0 14213.387389647249 14215.162962962962 14232.777777777797 
340.0048855897958 48.0 0.0 0.0 35.0 14230.838738964727 14232.777777777797 14232.777777777797 
341.0048855897958 48.0 0.0 1.0 35.0 14232.583873896472 14232.777777777797 14232.777777777797 
342.0048855897958 49.0 0.0 0.0 35.0 14216.905054056308 14215.162962962962 14232.777777777797 
343.0048855897958 49.0 0.0 0.0 35.0 14231.190505405613 14232.777777777797 14232.777777777797 
344.0048855897958 49.0 0.0 1.0 35.0 14232.619050540556 14232.777777777797 14232.777777777797 
345.0048855897958 49.0 0.0 1.0 35.0 14216.908571720716 14215.162962962962 14232.777777777797 
346.0048855897958 49.0 0.0 1.0 35.0 14215.337523838742 14215.162962962962 14232.777777777797 
347.0048855897958 49.0 0.0 1.0 35.0 14215.180419050539 14215.162962962962 14232.777777777797 
348.0048855897958 50.0 0.0 0.0 35.0 14231.018041905076 14232.777777777797 14232.777777777797 
349.0048855897958 50.0 0.0 0.0 35.0 14232.60180419048 14232.777777777797 14232.777777777797 
350.0048855897958 50.0 0.0 1.0 35.0 14232.760180419029 14232.777777777797 14232.777777777797 
351.0048855897958 50.0 0.0 1.0 35.0 14232.776018041919 14232.777777777797 14232.777777777797 
352.0048855897958 50.0 0.0 1.0 35.0 14216.92426847087 14215.162962962962 14232.777777777797 
353.0048855897958 50.0 0.0 2.0 35.0 14215.339093513734 14215.162962962962 14232.777777777797 
354.0048855897958 50.0 0.0 2.0 35.0 14199.32724268471 14197.54814814815 14232.777777777797 
355.0048855897958 51.0 0.0 1.0 35.0 14197.726057601772 14197.54814814815 14232.777777777797 
356.0048855897958 51.0 0.0 1.0 35.0 14213.419272426854 14215.162962962962 14232.777777777797 
357.0048855897958 51.0 0.0 1.0 35.0 14214.988593909353 14215.162962962962 14232.777777777797 
358.0048855897958 51.0 0.0 1.0 35.0 14215.145526057622 14215.162962962962 14232.777777777797 
359.0048855897958 52.0 0.0 2.0 35.0 14231.014552605737 14232.777777777797 14232.777777777797 
360.0048855897958 53.0 0.0 1.0 35.0 14200.89478859391 14197.54814814815 14232.777777777797 
361.0048855897958 53.0 0.0 1.0 35.0 14213.73614552604 14215.162962962962 14232.777777777797 
362.0048855897958 53.0 0.0 1.0 35.0 14215.020281219253 14215.162962962962 14232.777777777797 
363.0048855897958 54.0 0.0 0.0 35.0 14231.00202812193 14232.777777777797 14232.777777777797 
364.0048855897958 54.0 0.0 0.0 35.0 14232.600202812193 14232.777777777797 14232.777777777797 
365.0048855897958 54.0 0.0 0.0 35.0 14232.760020281235 14232.777777777797 14232.777777777797 
366.0048855897958 54.0 0.0 1.0 35.0 14232.776002028128 14232.777777777797 14232.777777777797 
367.0048855897958 55.0 0.0 1.0 35.0 14216.924266869502 14215.162962962962 14232.777777777797 
368.0048855897958 55.0 0.0 1.0 35.0 14215.339093353627 14215.162962962962 14232.777777777797 
369.0048855897958 55.0 0.0 2.0 35.0 14215.180576002049 14215.162962962962 14232.777777777797 
370.0048855897958 56.0 0.0 1.0 35.0 14215.16472426688 14215.162962962962 14232.777777777797 
371.0048855897958 56.0 0.0 1.0 35.0 14215.163139093353 14215.162962962962 14232.777777777797 
372.0048855897958 56.0 0.0 1.0 35.0 14215.162980575979 14215.162962962962 14232.777777777797 
373.0048855897958 56.0 0.0 2.0 35.0 14215.16296472429 14215.162962962962 14232.777777777797 
374.0048855897958 56.0 0.0 2.0 35.0 14199.309629805759 14197.54814814815 14232.777777777797 
375.0048855897958 57.0 0.0 1.0 35.0 14213.577629647261 14215.162962962962 14232.777777777797 
376.0048855897958 58.0 0.0 0.0 35.0 14230.857762964752 14232.777777777797 14232.777777777797 
377.0048855897958 58.0 0.0 0.0 35.0 14232.585776296495 14232.777777777797 14232.777777777797 
378.0048855897958 58.0 0.0 0.0 35.0 14232.758577629624 14232.777777777797 14232.777777777797 
379.0048855897958 58.0 0.0 1.0 35.0 14232.77585776296 14232.777777777797 14232.777777777797 
380.0048855897958 58.0 0.0 1.0 35.0 14232.777585776304 14232.777777777797 14232.777777777797 
381.0048855897958 58.0 0.0 1.0 35.0 14216.924425244279 14215.162962962962 14232.777777777797 
382.0048855897958 59.0 0.0 0.0 35.0 14215.339109191082 14215.162962962962 14232.777777777797 
383.0048855897958 59.0 0.0 0.0 35.0 14231.0339109191 14232.777777777797 14232.777777777797 
384.0048855897958 59.0 0.0 0.0 35.0 14232.603391091925 14232.777777777797 14232.777777777797 
385.0048855897958 59.0 0.0 0.0 35.0 14232.76033910917 14232.777777777797 14232.777777777797 
386.0048855897958 59.0 0.0 0.0 35.0 14232.776033910915 14232.777777777797 14232.777777777797 
387.0048855897958 59.0 0.0 1.0 35.0 14232.777603391092 14232.777777777797 14232.777777777797 
388.0048855897958 59.0 0.0 2.0 35.0 14216.924427005779 14215.162962962962 14232.777777777797 
389.0048855897958 61.0 0.0 0.0 35.0 14215.339109367258 14215.162962962962 14232.777777777797 
390.0048855897958 61.0 0.0 0.0 35.0 14231.033910936752 14232.777777777797 14232.777777777797 
391.0048855897958 61.0 0.0 0.0 35.0 14232.603391093677 14232.777777777797 14232.777777777797 
392.0048855897958 61.0 0.0 1.0 35.0 14232.760339109367 14232.777777777797 14232.777777777797 
393.0048855897958 61.0 0.0 1.0 35.0 14232.776033910948 14232.777777777797 14232.777777777797 
394.0048855897958 62.0 0.0 0.0 35.0 14216.924270057727 14215.162962962962 14232.777777777797 
395.0048855897958 62.0 0.0 0.0 35.0 14231.192427005777 14232.777777777797 14232.777777777797 
396.0048855897958 62.0 0.0 0.0 35.0 14232.61924270057 14232.777777777797 14232.777777777797 
397.0048855897958 62.0 0.0 0.0 35.0 14232.761924270046 14232.777777777797 14232.777777777797 
398.0048855897958 62.0 0.0 0.0 35.0 14232.776192427007 14232.777777777797 14232.777777777797 
399.0048855897958 62.0 0.0 0.0 35.0 14232.777619242719 14232.777777777797 14232.777777777797 
400.0048855897958 62.0 0.0 0.0 35.0 14232.777761924246 14232.777777777797 14232.777777777797 
401.0048855897958 62.0 0.0 0.0 35.0 14232.77777619244 14232.777777777797 14232.777777777797 
402.0048855897958 62.0 0.0 0.0 35.0 14232.77777761927 14232.777777777797 14232.777777777797 
403.0048855897958 62.0 0.0 0.0 35.0 14232.77777776193 14232.777777777797 14232.777777777797 
404.0048855897958 62.0 0.0 0.0 35.0 14232.777777776188 14232.777777777797 14232.777777777797 
405.0048855897958 62.0 0.0 0.0 35.0 14232.777777777628 14232.777777777797 14232.777777777797 
406.0048855897958 62.0 0.0 0.0 35.0 14232.77777777777 14232.777777777797 14232.777777777797 
407.0048855897958 62.0 0.0 0.0 35.0 14232.777777777794 14232.777777777797 14232.777777777797 
408.0048855897958 62.0 0.0 0.0 35.0 14232.777777777797 14232.777777777797 14232.777777777797 
409.0048855897958 62.0 0.0 0.0 35.0 14232.777777777797 14232.777777777797 14232.777777777797 
410.0048855897958 62.0 0.0 0.0 35.0 14232.777777777797 14232.777777777797 14232.777777777797 
411.0048855897958 62.0 0.0 0.0 35.0 14232.777777777797 14232.777777777797 14232.777777777797 
412.0048855897958 62.0 0.0 0.0 35.0 14232.777777777797 14232.777777777797 14232.777777777797 
413.0048855897958 62.0 0.0 1.0 35.0 14232.777777777797 14232.777777777797 14232.777777777797 
414.0048855897958 62.0 0.0 1.0 35.0 14216.924444444427 14215.162962962962 14232.777777777797 
415.0048855897958 63.0 0.0 0.0 35.0 14231.192444444468 14232.777777777797 14232.777777777797 
416.0048855897958 63.0 0.0 1.0 35.0 14232.619244444466 14232.777777777797 14232.777777777797 
417.0048855897958 63.0 0.0 1.0 35.0 14232.76192444443 14232.777777777797 14232.777777777797 
418.0048855897958 63.0 0.0 1.0 35.0 14216.922859111119 14215.162962962962 14232.777777777797 
419.0048855897958 63.0 0.0 1.0 35.0 14215.338952577787 14215.162962962962 14232.777777777797 
420.0048855897958 63.0 0.0 2.0 35.0 14215.180561924446 14215.162962962962 14232.777777777797 
421.0048855897958 64.0 0.0 2.0 35.0 14199.311389525763 14197.54814814815 14232.777777777797 
422.0048855897958 65.0 0.0 1.0 35.0 14213.577805619261 14215.162962962962 14232.777777777797 
423.0048855897958 66.0 0.0 1.0 35.0 14230.857780561924 14232.777777777797 14232.777777777797 
424.0048855897958 66.0 0.0 1.0 35.0 14232.585778056204 14232.777777777797 14232.777777777797 
425.0048855897958 66.0 0.0 1.0 35.0 14216.905244472287 14215.162962962962 14232.777777777797 
426.0048855897958 67.0 0.0 1.0 35.0 14215.337191113897 14215.162962962962 14232.777777777797 
427.0048855897958 68.0 0.0 1.0 35.0 14215.180385778061 14215.162962962962 14232.777777777797 
428.0048855897958 69.0 0.0 0.0 35.0 14215.16470524449 14215.162962962962 14232.777777777797 
429.0048855897958 69.0 0.0 0.0 35.0 14231.016470524431 14232.777777777797 14232.777777777797 
430.0048855897958 69.0 0.0 1.0 35.0 14232.601647052443 14232.777777777797 14232.777777777797 
431.0048855897958 69.0 0.0 1.0 35.0 14216.906831371913 14215.162962962962 14232.777777777797 
432.0048855897958 70.0 0.0 0.0 35.0 14231.190683137207 14232.777777777797 14232.777777777797 
433.0048855897958 70.0 0.0 0.0 35.0 14232.619068313725 14232.777777777797 14232.777777777797 
434.0048855897958 70.0 0.0 0.0 35.0 14232.761906831374 14232.777777777797 14232.777777777797 
435.0048855897958 70.0 0.0 1.0 35.0 14232.776190683122 14232.777777777797 14232.777777777797 
436.0048855897958 70.0 0.0 1.0 35.0 14216.924285734965 14215.162962962962 14232.777777777797 
437.0048855897958 70.0 0.0 2.0 35.0 14215.339095240164 14215.162962962962 14232.777777777797 
438.0048855897958 70.0 0.0 3.0 35.0 14215.18057619069 14215.162962962962 14232.777777777797 
439.0048855897958 72.0 0.0 1.0 35.0 14199.311390952384 14197.54814814815 14232.777777777797 
440.0048855897958 73.0 0.0 0.0 35.0 14229.431139095253 14232.777777777797 14232.777777777797 
441.0048855897958 73.0 0.0 0.0 35.0 14232.443113909501 14232.777777777797 14232.777777777797 
442.0048855897958 73.0 0.0 0.0 35.0 14232.744311390976 14232.777777777797 14232.777777777797 
443.0048855897958 73.0 0.0 0.0 35.0 14232.774431139102 14232.777777777797 14232.777777777797 
444.0048855897958 73.0 0.0 0.0 35.0 14232.77744311391 14232.777777777797 14232.777777777797 
445.0048855897958 73.0 0.0 0.0 35.0 14232.777744311403 14232.777777777797 14232.777777777797 
446.0048855897958 73.0 0.0 0.0 35.0 14232.777774431142 14232.777777777797 14232.777777777797 
447.0048855897958 73.0 0.0 1.0 35.0 14232.777777443114 14232.777777777797 14232.777777777797 
448.0048855897958 73.0 0.0 1.0 35.0 14216.924444411 14215.162962962962 14232.777777777797 
449.0048855897958 74.0 0.0 0.0 35.0 14231.192444441074 14232.777777777797 14232.777777777797 
450.0048855897958 74.0 0.0 0.0 35.0 14232.619244444111 14232.777777777797 14232.777777777797 
451.0048855897958 74.0 0.0 0.0 35.0 14232.761924444381 14232.777777777797 14232.777777777797 
452.0048855897958 74.0 0.0 0.0 35.0 14232.776192444435 14232.777777777797 14232.777777777797 
453.0048855897958 74.0 0.0 1.0 35.0 14232.77761924444 14232.777777777797 14232.777777777797 
454.0048855897958 74.0 0.0 1.0 35.0 14216.924428591108 14215.162962962962 14232.777777777797 
455.0048855897958 75.0 0.0 0.0 35.0 14231.192442859143 14232.777777777797 14232.777777777797 
456.0048855897958 75.0 0.0 0.0 35.0 14232.619244285941 14232.777777777797 14232.777777777797 
457.0048855897958 75.0 0.0 0.0 35.0 14232.761924428567 14232.777777777797 14232.777777777797 
458.0048855897958 75.0 0.0 0.0 35.0 14232.776192442878 14232.777777777797 14232.777777777797 
459.0048855897958 75.0 0.0 0.0 35.0 14232.777619244276 14232.777777777797 14232.777777777797 
460.0048855897958 75.0 0.0 0.0 35.0 14232.77776192441 14232.777777777797 14232.777777777797 
461.0048855897958 75.0 0.0 0.0 35.0 14232.77777619246 14232.777777777797 14232.777777777797 
462.0048855897958 75.0 0.0 1.0 35.0 14232.777777619272 14232.777777777797 14232.777777777797 
463.0048855897958 76.0 0.0 0.0 35.0 14216.92444442856 14215.162962962962 14232.777777777797 
464.0048855897958 76.0 0.0 0.0 35.0 14231.192444442857 14232.777777777797 14232.777777777797 
465.0048855897958 76.0 0.0 0.0 35.0 14232.619244444293 14232.777777777797 14232.777777777797 
466.0048855897958 76.0 0.0 0.0 35.0 14232.761924444409 14232.777777777797 14232.777777777797 
467.0048855897958 76.0 0.0 0.0 35.0 14232.776192444437 14232.777777777797 14232.777777777797 
468.0048855897958 76.0 0.0 0.0 35.0 14232.77761924444 14232.777777777797 14232.777777777797 
469.0048855897958 76.0 0.0 0.0 35.0 14232.777761924437 14232.777777777797 14232.777777777797 
470.0048855897958 76.0 0.0 0.0 35.0 14232.777776192464 14232.777777777797 14232.777777777797 
471.0048855897958 76.0 0.0 0.0 35.0 14232.777777619272 14232.777777777797 14232.777777777797 
472.0048855897958 76.0 0.0 0.0 35.0 14232.77777776193 14232.777777777797 14232.777777777797 
473.0048855897958 76.0 0.0 0.0 35.0 14232.777777776188 14232.777777777797 14232.777777777797 
474.0048855897958 76.0 0.0 1.0 35.0 14232.777777777628 14232.777777777797 14232.777777777797 
475.0048855897958 76.0 0.0 2.0 35.0 14216.924444444401 14215.162962962962 14232.777777777797 
476.0048855897958 76.0 0.0 2.0 35.0 14199.485777777776 14197.54814814815 14232.777777777797 
477.0048855897958 77.0 0.0 1.0 35.0 14213.595244444448 14215.162962962962 14232.777777777797 
478.0048855897958 77.0 0.0 1.0 35.0 14215.006191111075 14215.162962962962 14232.777777777797 
479.0048855897958 78.0 0.0 1.0 35.0 14231.000619111104 14232.777777777797 14232.777777777797 
480.0048855897958 78.0 0.0 1.0 35.0 14216.746728577766 14215.162962962962 14232.777777777797 
481.0048855897958 78.0 0.0 1.0 35.0 14215.321339524446 14215.162962962962 14232.777777777797 
482.0048855897958 78.0 0.0 1.0 35.0 14215.178800619105 14215.162962962962 14232.777777777797 
483.0048855897958 79.0 0.0 0.0 35.0 14231.017880061932 14232.777777777797 14232.777777777797 
484.0048855897958 79.0 0.0 0.0 35.0 14232.601788006199 14232.777777777797 14232.777777777797 
485.0048855897958 79.0 0.0 0.0 35.0 14232.760178800589 14232.777777777797 14232.777777777797 
486.0048855897958 79.0 0.0 0.0 35.0 14232.776017880056 14232.777777777797 14232.777777777797 
487.0048855897958 79.0 0.0 0.0 35.0 14232.77760178798 14232.777777777797 14232.777777777797 
488.0048855897958 79.0 0.0 0.0 35.0 14232.777760178815 14232.777777777797 14232.777777777797 
489.0048855897958 79.0 0.0 1.0 35.0 14232.777776017883 14232.777777777797 14232.777777777797 
490.0048855897958 79.0 0.0 1.0 35.0 14216.924444268454 14215.162962962962 14232.777777777797 
491.0048855897958 79.0 0.0 1.0 35.0 14215.339111093514 14215.162962962962 14232.777777777797 
492.0048855897958 79.0 0.0 1.0 35.0 14215.180577776018 14215.162962962962 14232.777777777797 
493.0048855897958 80.0 0.0 0.0 35.0 14231.018057777635 14232.777777777797 14232.777777777797 
494.0048855897958 80.0 0.0 1.0 35.0 14232.601805777767 14232.777777777797 14232.777777777797 
495.0048855897958 80.0 0.0 1.0 35.0 14232.760180577774 14232.777777777797 14232.777777777797 
496.0048855897958 80.0 0.0 1.0 35.0 14216.922684724446 14215.162962962962 14232.777777777797 
497.0048855897958 81.0 0.0 0.0 35.0 14215.338935139102 14215.162962962962 14232.777777777797 
498.0048855897958 81.0 0.0 1.0 35.0 14231.033893513884 14232.777777777797 14232.777777777797 
499.0048855897958 81.0 0.0 1.0 35.0 14232.603389351385 14232.777777777797 14232.777777777797 
500.0048855897958 81.0 0.0 1.0 35.0 14216.907005601815 14215.162962962962 14232.777777777797 
501.0048855897958 81.0 0.0 2.0 35.0 14215.337367226857 14215.162962962962 14232.777777777797 
502.0048855897958 83.0 0.0 1.0 35.0 14199.333736722689 14197.555555555586 14232.777777777797 
503.0048855897958 83.0 0.0 1.0 35.0 14229.433373672267 14232.777777777797 14232.777777777797 
504.0048855897958 83.0 0.0 1.0 35.0 14216.590004033906 14215.162962962962 14232.777777777797 
505.0048855897958 83.0 0.0 1.0 35.0 14215.305667070059 14215.162962962962 14232.777777777797 
506.0048855897958 84.0 0.0 0.0 35.0 14215.177233373674 14215.162962962962 14232.777777777797 
507.0048855897958 84.0 0.0 0.0 35.0 14231.017723337374 14232.777777777797 14232.777777777797 
508.0048855897958 84.0 0.0 0.0 35.0 14232.601772333743 14232.777777777797 14232.777777777797 
509.0048855897958 84.0 0.0 0.0 35.0 14232.760177233393 14232.777777777797 14232.777777777797 
510.0048855897958 84.0 0.0 1.0 35.0 14232.77601772332 14232.777777777797 14232.777777777797 
511.0048855897958 84.0 0.0 1.0 35.0 14232.777601772339 14232.777777777797 14232.777777777797 
512.0048855897958 84.0 0.0 1.0 35.0 14216.924426843916 14215.162962962962 14232.777777777797 
513.0048855897958 85.0 0.0 1.0 35.0 14215.339109351047 14215.162962962962 14232.777777777797 
514.0048855897958 85.0 0.0 1.0 35.0 14231.033910935106 14232.777777777797 14232.777777777797 
515.0048855897958 86.0 0.0 0.0 35.0 14216.75005776019 14215.162962962962 14232.777777777797 
516.0048855897958 86.0 0.0 0.0 35.0 14231.175005776016 14232.777777777797 14232.777777777797 
517.0048855897958 86.0 0.0 0.0 35.0 14232.617500577613 14232.777777777797 14232.777777777797 
518.0048855897958 86.0 0.0 0.0 35.0 14232.761750057736 14232.777777777797 14232.777777777797 
519.0048855897958 86.0 0.0 0.0 35.0 14232.776175005749 14232.777777777797 14232.777777777797 
520.0048855897958 86.0 0.0 0.0 35.0 14232.77761750055 14232.777777777797 14232.777777777797 
521.0048855897958 86.0 0.0 0.0 35.0 14232.77776175005 14232.777777777797 14232.777777777797 
522.0048855897958 86.0 0.0 0.0 35.0 14232.777776175006 14232.777777777797 14232.777777777797 
523.0048855897958 86.0 0.0 0.0 35.0 14232.777777617508 14232.777777777797 14232.777777777797 
524.0048855897958 86.0 0.0 0.0 35.0 14232.777777761743 14232.777777777797 14232.777777777797 
525.0048855897958 86.0 0.0 0.0 35.0 14232.777777776206 14232.777777777797 14232.777777777797 
526.0048855897958 86.0 0.0 0.0 35.0 14232.777777777625 14232.777777777797 14232.777777777797 
527.0048855897958 86.0 0.0 0.0 35.0 14232.77777777777 14232.777777777797 14232.777777777797 
528.0048855897958 86.0 0.0 0.0 35.0 14232.777777777794 14232.777777777797 14232.777777777797 
529.0048855897958 86.0 0.0 0.0 35.0 14232.777777777797 14232.777777777797 14232.777777777797 
530.0048855897958 86.0 0.0 0.0 35.0 14232.777777777797 14232.777777777797 14232.777777777797 
531.0048855897958 86.0 0.0 0.0 35.0 14232.777777777797 14232.777777777797 14232.777777777797 
532.0048855897958 86.0 0.0 0.0 35.0 14232.777777777797 14232.777777777797 14232.777777777797 
533.0048855897958 86.0 0.0 0.0 35.0 14232.777777777797 14232.777777777797 14232.777777777797 
534.0048855897958 86.0 0.0 1.0 35.0 14232.777777777797 14232.777777777797 14232.777777777797 
535.0048855897958 86.0 0.0 1.0 35.0 14232.777777777797 14232.777777777797 14232.777777777797 
536.0048855897958 87.0 0.0 0.0 35.0 14216.924444444427 14215.162962962962 14232.777777777797 
537.0048855897958 87.0 0.0 0.0 35.0 14231.192444444468 14232.777777777797 14232.777777777797 
538.0048855897958 87.0 0.0 0.0 35.0 14232.619244444466 14232.777777777797 14232.777777777797 
539.0048855897958 87.0 0.0 0.0 35.0 14232.76192444443 14232.777777777797 14232.777777777797 
540.0048855897958 87.0 0.0 0.0 35.0 14232.776192444437 14232.777777777797 14232.777777777797 
541.0048855897958 87.0 0.0 0.0 35.0 14232.77761924444 14232.777777777797 14232.777777777797 
542.0048855897958 87.0 0.0 0.0 35.0 14232.777761924437 14232.777777777797 14232.777777777797 
543.0048855897958 87.0 0.0 0.0 35.0 14232.777776192464 14232.777777777797 14232.777777777797 
544.0048855897958 87.0 0.0 0.0 35.0 14232.777777619272 14232.777777777797 14232.777777777797 
545.0048855897958 87.0 0.0 0.0 35.0 14232.77777776193 14232.777777777797 14232.777777777797 
546.0048855897958 87.0 0.0 0.0 35.0 14232.777777776188 14232.777777777797 14232.777777777797 
547.0048855897958 87.0 0.0 0.0 35.0 14232.777777777628 14232.777777777797 14232.777777777797 
548.0048855897958 87.0 0.0 0.0 35.0 14232.77777777777 14232.777777777797 14232.777777777797 
549.0048855897958 87.0 0.0 0.0 35.0 14232.777777777794 14232.777777777797 14232.777777777797 
550.0048855897958 87.0 0.0 0.0 35.0 14232.777777777797 14232.777777777797 14232.777777777797 
551.0048855897958 87.0 0.0 0.0 35.0 14232.777777777797 14232.777777777797 14232.777777777797 
552.0048855897958 87.0 0.0 0.0 35.0 14232.777777777797 14232.777777777797 14232.777777777797 
553.0048855897958 87.0 0.0 0.0 35.0 14232.777777777797 14232.777777777797 14232.777777777797 
554.0048855897958 87.0 0.0 0.0 35.0 14232.777777777797 14232.777777777797 14232.777777777797 
555.0048855897958 87.0 0.0 0.0 35.0 14232.777777777797 14232.777777777797 14232.777777777797 
556.0048855897958 87.0 0.0 0.0 35.0 14232.777777777797 14232.777777777797 14232.777777777797 
557.0048855897958 87.0 0.0 0.0 35.0 14232.777777777797 14232.777777777797 14232.777777777797 
558.0048855897958 87.0 0.0 0.0 35.0 14232.777777777797 14232.777777777797 14232.777777777797 
559.0048855897958 87.0 0.0 0.0 35.0 14232.777777777797 14232.777777777797 14232.777777777797 
560.0048855897958 87.0 0.0 0.0 35.0 14232.777777777797 14232.777777777797 14232.777777777797 
561.0048855897958 87.0 0.0 0.0 35.0 14232.777777777797 14232.777777777797 14232.777777777797 
562.0048855897958 87.0 0.0 1.0 35.0 14232.777777777797 14232.777777777797 14232.777777777797 
563.0048855897958 87.0 0.0 1.0 35.0 14216.924444444427 14215.162962962962 14232.777777777797 
564.0048855897958 88.0 0.0 0.0 35.0 14215.3391111111 14215.162962962962 14232.777777777797 
565.0048855897958 88.0 0.0 0.0 35.0 14231.033911111135 14232.777777777797 14232.777777777797 
566.0048855897958 88.0 0.0 0.0 35.0 14232.603391111097 14232.777777777797 14232.777777777797 
567.0048855897958 88.0 0.0 0.0 35.0 14232.760339111124 14232.777777777797 14232.777777777797 
568.0048855897958 88.0 0.0 0.0 35.0 14232.776033911086 14232.777777777797 14232.777777777797 
569.0048855897958 88.0 0.0 0.0 35.0 14232.777603391125 14232.777777777797 14232.777777777797 
570.0048855897958 88.0 0.0 0.0 35.0 14232.77776033911 14232.777777777797 14232.777777777797 
571.0048855897958 88.0 0.0 0.0 35.0 14232.777776033912 14232.777777777797 14232.777777777797 
572.0048855897958 88.0 0.0 1.0 35.0 14232.777777603415 14232.777777777797 14232.777777777797 
573.0048855897958 88.0 0.0 1.0 35.0 14216.924444427 14215.162962962962 14232.777777777797 
574.0048855897958 89.0 0.0 0.0 35.0 14231.192444442706 14232.777777777797 14232.777777777797 
575.0048855897958 89.0 0.0 0.0 35.0 14232.619244444275 14232.777777777797 14232.777777777797 
576.0048855897958 89.0 0.0 0.0 35.0 14232.761924444407 14232.777777777797 14232.777777777797 
577.0048855897958 89.0 0.0 0.0 35.0 14232.776192444435 14232.777777777797 14232.777777777797 
578.0048855897958 89.0 0.0 0.0 35.0 14232.77761924444 14232.777777777797 14232.777777777797 
579.0048855897958 89.0 0.0 0.0 35.0 14232.777761924437 14232.777777777797 14232.777777777797 
580.0048855897958 89.0 0.0 0.0 35.0 14232.777776192464 14232.777777777797 14232.777777777797 
581.0048855897958 89.0 0.0 0.0 35.0 14232.777777619272 14232.777777777797 14232.777777777797 
582.0048855897958 89.0 0.0 0.0 35.0 14232.77777776193 14232.777777777797 14232.777777777797 
583.0048855897958 89.0 0.0 0.0 35.0 14232.777777776188 14232.777777777797 14232.777777777797 
584.0048855897958 89.0 0.0 0.0 35.0 14232.777777777628 14232.777777777797 14232.777777777797 
585.0048855897958 89.0 0.0 1.0 35.0 14232.77777777777 14232.777777777797 14232.777777777797 
586.0048855897958 89.0 0.0 1.0 35.0 14216.924444444425 14215.162962962962 14232.777777777797 
587.0048855897958 90.0 0.0 0.0 35.0 14231.192444444468 14232.777777777797 14232.777777777797 
588.0048855897958 90.0 0.0 0.0 35.0 14232.619244444466 14232.777777777797 14232.777777777797 
589.0048855897958 90.0 0.0 1.0 35.0 14232.76192444443 14232.777777777797 14232.777777777797 
590.0048855897958 90.0 0.0 1.0 35.0 14232.776192444438 14232.777777777797 14232.777777777797 
591.0048855897958 90.0 0.0 2.0 35.0 14216.92428591111 14215.162962962962 14232.777777777797 
592.0048855897958 91.0 0.0 1.0 35.0 14199.48576192446 14197.54814814815 14232.777777777797 
593.0048855897958 91.0 0.0 1.0 35.0 14213.595242859123 14215.162962962962 14232.777777777797 
594.0048855897958 92.0 0.0 0.0 35.0 14230.859524285928 14232.777777777797 14232.777777777797 
595.0048855897958 92.0 0.0 0.0 35.0 14232.585952428568 14232.777777777797 14232.777777777797 
596.0048855897958 92.0 0.0 0.0 35.0 14232.758595242854 14232.777777777797 14232.777777777797 
597.0048855897958 92.0 0.0 0.0 35.0 14232.775859524301 14232.777777777797 14232.777777777797 
598.0048855897958 92.0 0.0 0.0 35.0 14232.777585952412 14232.777777777797 14232.777777777797 
599.0048855897958 92.0 0.0 0.0 35.0 14232.77775859521 14232.777777777797 14232.777777777797 
600.0048855897958 92.0 0.0 0.0 35.0 14232.777775859518 14232.777777777797 14232.777777777797 
#####################################################################
# End of data export. Simulation finished at: 2020-01-25T06:56+0000 #
#####################################################################
