#####################################################################
# Alchemist log file - simulation started at: 2020-02-11T10:25+0000 #
#####################################################################
# longseed = 12.0, meanTaskSize = 100, peakFrequency = 0.03
#
# The columns have the following meaning: 
# time done[Sum] drop[Sum] waiting[Sum] isLeader[Sum] capacity[Mean] freeCapacity[Mean] maxCapacity[Mean] 
0.0 NaN 0.0 NaN NaN NaN NaN NaN 
1.005496022618559 0.0 0.0 0.0 135.0 14232.777777777797 14232.777777777797 14232.777777777797 
2.005496022618559 0.0 0.0 0.0 135.0 14232.777777777797 14232.777777777797 14232.777777777797 
3.005496022618559 0.0 0.0 0.0 135.0 14232.777777777797 14232.777777777797 14232.777777777797 
4.0054960226185585 0.0 0.0 0.0 135.0 14232.777777777797 14232.777777777797 14232.777777777797 
5.0054960226185585 0.0 0.0 0.0 135.0 14232.777777777797 14232.777777777797 14232.777777777797 
6.0054960226185585 0.0 0.0 0.0 135.0 14232.777777777797 14232.777777777797 14232.777777777797 
7.0054960226185585 0.0 0.0 0.0 135.0 14232.777777777797 14232.777777777797 14232.777777777797 
8.005496022618559 0.0 0.0 0.0 135.0 14232.777777777797 14232.777777777797 14232.777777777797 
9.005496022618559 0.0 0.0 0.0 135.0 14232.777777777797 14232.777777777797 14232.777777777797 
10.005496022618559 0.0 0.0 0.0 135.0 14232.777777777797 14232.777777777797 14232.777777777797 
11.005496022618559 0.0 0.0 0.0 135.0 14232.777777777797 14232.777777777797 14232.777777777797 
12.005496022618559 0.0 0.0 0.0 135.0 14232.777777777797 14232.777777777797 14232.777777777797 
13.005496022618559 0.0 0.0 0.0 135.0 14232.777777777797 14232.777777777797 14232.777777777797 
14.005496022618559 0.0 0.0 0.0 135.0 14232.777777777797 14232.777777777797 14232.777777777797 
15.005496022618559 0.0 0.0 0.0 135.0 14232.777777777797 14232.777777777797 14232.777777777797 
16.00549602261856 0.0 0.0 0.0 135.0 14232.777777777797 14232.777777777797 14232.777777777797 
17.00549602261856 0.0 0.0 0.0 135.0 14232.777777777797 14232.777777777797 14232.777777777797 
18.00549602261856 0.0 0.0 0.0 135.0 14232.777777777797 14232.777777777797 14232.777777777797 
19.00549602261856 0.0 0.0 0.0 135.0 14232.777777777797 14232.777777777797 14232.777777777797 
20.00549602261856 0.0 0.0 0.0 135.0 14232.777777777797 14232.777777777797 14232.777777777797 
21.00549602261856 0.0 0.0 0.0 135.0 14232.777777777797 14232.777777777797 14232.777777777797 
22.00549602261856 0.0 0.0 0.0 135.0 14232.777777777797 14232.777777777797 14232.777777777797 
23.00549602261856 0.0 0.0 1.0 135.0 14232.777777777797 14232.777777777797 14232.777777777797 
24.00549602261856 1.0 0.0 0.0 135.0 14231.016296296293 14215.162962962962 14232.777777777797 
25.00549602261856 1.0 0.0 0.0 135.0 14231.192444444468 14232.777777777797 14232.777777777797 
26.00549602261856 1.0 0.0 0.0 135.0 14231.350977777802 14232.777777777797 14232.777777777797 
27.00549602261856 1.0 0.0 0.0 135.0 14231.49365777777 14232.777777777797 14232.777777777797 
28.00549602261856 1.0 0.0 0.0 135.0 14231.622069777777 14232.777777777797 14232.777777777797 
29.00549602261856 1.0 0.0 0.0 135.0 14231.737640577745 14232.777777777797 14232.777777777797 
30.00549602261856 1.0 0.0 0.0 135.0 14231.84165429776 14232.777777777797 14232.777777777797 
31.00549602261856 1.0 0.0 0.0 135.0 14231.935266645776 14232.777777777797 14232.777777777797 
32.00549602261856 1.0 0.0 1.0 135.0 14232.019517758998 14232.777777777797 14232.777777777797 
33.00549602261856 1.0 0.0 1.0 135.0 14231.782751168264 14229.651851851839 14232.777777777797 
34.00549602261856 1.0 0.0 1.0 135.0 14231.569661236643 14229.651851851839 14232.777777777797 
35.00549602261856 1.0 0.0 1.0 135.0 14231.377880298149 14229.651851851839 14232.777777777797 
36.00549602261856 1.0 0.0 1.0 135.0 14231.20527745353 14229.651851851839 14232.777777777797 
37.00549602261856 1.0 0.0 1.0 135.0 14231.049934893328 14229.651851851839 14232.777777777797 
38.00549602261856 1.0 0.0 1.0 134.0 14230.91012658918 14229.651851851839 14232.777777777797 
39.00549602261856 2.0 0.0 0.0 134.0 14230.784299115494 14229.651851851839 14232.777777777797 
40.00549602261856 2.0 0.0 1.0 134.0 14230.983646981722 14232.777777777797 14232.777777777797 
41.00549602261856 2.0 0.0 1.0 135.0 14230.85046746872 14229.651851851839 14232.777777777797 
42.00549602261856 2.0 0.0 1.0 135.0 14230.730605907014 14229.651851851839 14232.777777777797 
43.00549602261856 2.0 0.0 1.0 135.0 14230.622730501535 14229.651851851839 14232.777777777797 
44.00549602261856 2.0 0.0 1.0 135.0 14230.525642636543 14229.651851851839 14232.777777777797 
45.00549602261856 2.0 0.0 1.0 135.0 14230.438263558064 14229.651851851839 14232.777777777797 
46.00549602261856 2.0 0.0 1.0 134.0 14230.359622387454 14229.651851851839 14232.777777777797 
47.00549602261856 2.0 0.0 1.0 134.0 14230.288845333893 14229.651851851839 14232.777777777797 
48.00549602261856 2.0 0.0 1.0 134.0 14230.22514598569 14229.651851851839 14232.777777777797 
49.00549602261856 2.0 0.0 1.0 134.0 14230.167816572275 14229.651851851839 14232.777777777797 
50.00549602261856 2.0 0.0 1.0 134.0 14230.116220100224 14229.651851851839 14232.777777777797 
51.00549602261856 2.0 0.0 2.0 134.0 14230.069783275418 14229.651851851839 14232.777777777797 
52.00549602261856 2.0 0.0 2.0 134.0 14229.71539754046 14226.525925925918 14232.777777777797 
53.00549602261856 2.0 0.0 3.0 134.0 14229.396450379016 14226.525925925918 14232.777777777797 
54.00549602261856 2.0 0.0 3.0 134.0 14228.796805341117 14223.400000000001 14232.777777777797 
55.00549602261856 2.0 0.0 3.0 134.0 14228.257124807013 14223.400000000001 14232.777777777797 
56.00549602261856 2.0 0.0 3.0 134.0 14227.771412326329 14223.400000000001 14232.777777777797 
57.00549602261856 2.0 0.0 3.0 133.0 14227.334271093669 14223.400000000001 14232.777777777797 
58.00549602261856 3.0 0.0 2.0 133.0 14226.940843984334 14223.400000000001 14232.777777777797 
59.00549602261856 4.0 0.0 1.0 132.0 14226.899352178481 14226.525925925918 14232.777777777797 
60.00549602261856 4.0 0.0 1.0 134.0 14227.174602145815 14229.651851851839 14232.777777777797 
61.00549602261856 4.0 0.0 1.0 134.0 14227.422327116434 14229.651851851839 14232.777777777797 
62.00549602261856 4.0 0.0 1.0 134.0 14227.645279589951 14229.651851851839 14232.777777777797 
63.00549602261856 4.0 0.0 1.0 134.0 14227.84593681612 14229.651851851839 14232.777777777797 
64.00549602261856 4.0 0.0 1.0 134.0 14228.026528319711 14229.651851851839 14232.777777777797 
65.00549602261856 4.0 0.0 1.0 134.0 14228.18906067295 14229.651851851839 14232.777777777797 
66.00549602261856 4.0 0.0 1.0 134.0 14228.335339790823 14229.651851851839 14232.777777777797 
67.00549602261856 4.0 0.0 1.0 134.0 14228.466990996922 14229.651851851839 14232.777777777797 
68.00549602261856 5.0 0.0 0.0 134.0 14228.585477082404 14229.651851851839 14232.777777777797 
69.00549602261856 5.0 0.0 0.0 134.0 14229.004707151957 14232.777777777797 14232.777777777797 
70.00549602261856 5.0 0.0 0.0 134.0 14229.38201421454 14232.777777777797 14232.777777777797 
71.00549602261856 5.0 0.0 1.0 134.0 14229.721590570847 14232.777777777797 14232.777777777797 
72.00549602261856 6.0 0.0 0.0 134.0 14228.26572781005 14215.162962962962 14232.777777777797 
73.00549602261856 6.0 0.0 0.0 134.0 14228.716932806818 14232.777777777797 14232.777777777797 
74.00549602261856 6.0 0.0 0.0 134.0 14229.123017303966 14232.777777777797 14232.777777777797 
75.00549602261856 6.0 0.0 0.0 134.0 14229.488493351348 14232.777777777797 14232.777777777797 
76.00549602261856 6.0 0.0 0.0 135.0 14229.817421793985 14232.777777777797 14232.777777777797 
77.00549602261856 6.0 0.0 0.0 135.0 14230.113457392348 14232.777777777797 14232.777777777797 
78.00549602261856 6.0 0.0 0.0 135.0 14230.37988943086 14232.777777777797 14232.777777777797 
79.00549602261856 6.0 0.0 0.0 135.0 14230.619678265582 14232.777777777797 14232.777777777797 
80.00549602261856 6.0 0.0 0.0 135.0 14230.835488216799 14232.777777777797 14232.777777777797 
81.00549602261856 6.0 0.0 0.0 135.0 14231.029717172902 14232.777777777797 14232.777777777797 
82.00549602261856 6.0 0.0 0.0 135.0 14231.204523233386 14232.777777777797 14232.777777777797 
83.00549602261856 6.0 0.0 0.0 135.0 14231.361848687817 14232.777777777797 14232.777777777797 
84.00549602261856 6.0 0.0 0.0 135.0 14231.503441596788 14232.777777777797 14232.777777777797 
85.00549602261856 6.0 0.0 0.0 135.0 14231.630875214902 14232.777777777797 14232.777777777797 
86.00549602261856 6.0 0.0 0.0 135.0 14231.745565471183 14232.777777777797 14232.777777777797 
87.00549602261856 6.0 0.0 0.0 135.0 14231.84878670183 14232.777777777797 14232.777777777797 
88.00549602261856 6.0 0.0 0.0 135.0 14231.941685809454 14232.777777777797 14232.777777777797 
89.00549602261856 6.0 0.0 0.0 135.0 14232.025295006282 14232.777777777797 14232.777777777797 
90.00549602261856 6.0 0.0 1.0 135.0 14232.100543283457 14232.777777777797 14232.777777777797 
91.00549602261856 6.0 0.0 1.0 135.0 14231.85567414027 14229.651851851839 14232.777777777797 
92.00549602261856 6.0 0.0 1.0 135.0 14231.635291911434 14229.651851851839 14232.777777777797 
93.00549602261856 6.0 0.0 1.0 135.0 14231.436947905486 14229.651851851839 14232.777777777797 
94.00549602261856 6.0 0.0 1.0 135.0 14231.258438300114 14229.651851851839 14232.777777777797 
95.00549602261856 6.0 0.0 1.0 135.0 14231.097779655285 14229.651851851839 14232.777777777797 
96.00549602261856 6.0 0.0 1.0 134.0 14230.953186874925 14229.651851851839 14232.777777777797 
97.00549602261856 6.0 0.0 1.0 134.0 14230.823053372631 14229.651851851839 14232.777777777797 
98.00549602261856 6.0 0.0 1.0 134.0 14230.705933220568 14229.651851851839 14232.777777777797 
99.00549602261856 6.0 0.0 1.0 134.0 14230.600525083668 14229.651851851839 14232.777777777797 
100.00172496690962 6.0 0.0 1.0 134.0 14230.505657760501 14229.651851851839 14232.777777777797 
101.00549602261856 7.0 0.0 2.0 134.0 14230.42027716962 14229.651851851839 14232.777777777797 
102.00549602261856 7.0 0.0 2.0 134.0 14230.030842045231 14226.525925925918 14232.777777777797 
103.00549602261856 7.0 0.0 3.0 134.0 14229.680350433327 14226.525925925918 14232.777777777797 
104.00549602261856 8.0 0.0 2.0 134.0 14227.603426501084 14208.911111111145 14232.777777777797 
105.00549602261856 8.0 0.0 2.0 134.0 14227.495676443588 14226.525925925918 14232.777777777797 
106.00549602261856 8.0 0.0 2.0 135.0 14227.398701391796 14226.525925925918 14232.777777777797 
107.00549602261856 8.0 0.0 2.0 133.0 14227.311423845253 14226.525925925918 14232.777777777797 
108.00549602261856 8.0 0.0 2.0 133.0 14227.232874053308 14226.525925925918 14232.777777777797 
109.00549602261856 8.0 0.0 3.0 133.0 14227.162179240566 14226.525925925918 14232.777777777797 
110.00549602261856 9.0 0.0 2.0 133.0 14226.785961316506 14223.400000000001 14232.777777777797 
111.00549602261856 9.0 0.0 2.0 133.0 14226.75995777747 14226.525925925918 14232.777777777797 
112.00549602261856 9.0 0.0 2.0 133.0 14226.736554592295 14226.525925925918 14232.777777777797 
113.00549602261856 9.0 0.0 2.0 133.0 14226.715491725652 14226.525925925918 14232.777777777797 
114.00549602261856 9.0 0.0 3.0 133.0 14226.696535145718 14226.525925925918 14232.777777777797 
115.00549602261856 9.0 0.0 4.0 133.0 14226.366881631138 14223.400000000001 14232.777777777797 
116.00549602261856 10.0 0.0 3.0 133.0 14225.757600875413 14220.274074074052 14232.777777777797 
117.00549602261856 10.0 0.0 3.0 133.0 14225.521840787867 14223.400000000001 14232.777777777797 
118.00549602261856 10.0 0.0 3.0 133.0 14225.309656709105 14223.400000000001 14232.777777777797 
119.00549602261856 10.0 0.0 3.0 133.0 14225.118691038171 14223.400000000001 14232.777777777797 
120.00549602261856 10.0 0.0 3.0 132.0 14224.946821934387 14223.400000000001 14232.777777777797 
121.00549602261856 10.0 0.0 3.0 131.0 14224.792139740937 14223.400000000001 14232.777777777797 
122.00549602261856 10.0 0.0 3.0 132.0 14224.652925766832 14223.400000000001 14232.777777777797 
123.00549602261856 10.0 0.0 4.0 132.0 14224.527633190139 14223.400000000001 14232.777777777797 
124.00549602261856 11.0 0.0 4.0 132.0 14224.102277278549 14220.274074074052 14232.777777777797 
125.00549602261856 12.0 0.0 3.0 132.0 14223.719456958077 14220.274074074052 14232.777777777797 
126.00549602261856 12.0 0.0 3.0 132.0 14223.687511262302 14223.400000000001 14232.777777777797 
127.00549602261856 13.0 0.0 2.0 132.0 14223.658760136055 14223.400000000001 14232.777777777797 
128.00549602261856 13.0 0.0 2.0 132.0 14223.94547671507 14226.525925925918 14232.777777777797 
129.00549602261856 13.0 0.0 2.0 132.0 14224.203521636158 14226.525925925918 14232.777777777797 
130.00549602261856 13.0 0.0 2.0 132.0 14224.435762065126 14226.525925925918 14232.777777777797 
131.00549602261856 13.0 0.0 3.0 133.0 14224.644778451198 14226.525925925918 14232.777777777797 
132.00549602261856 15.0 0.0 1.0 133.0 14223.071411717168 14208.911111111145 14232.777777777797 
133.00549602261856 15.0 0.0 2.0 133.0 14223.729455730658 14229.651851851839 14232.777777777797 
134.00549602261856 15.0 0.0 2.0 133.0 14224.009102750175 14226.525925925918 14232.777777777797 
135.00549602261856 15.0 0.0 2.0 133.0 14224.260785067747 14226.525925925918 14232.777777777797 
136.00549602261856 15.0 0.0 2.0 133.0 14224.487299153563 14226.525925925918 14232.777777777797 
137.00549602261856 15.0 0.0 2.0 133.0 14224.691161830795 14226.525925925918 14232.777777777797 
138.00549602261856 15.0 0.0 2.0 133.0 14224.87463824032 14226.525925925918 14232.777777777797 
139.00549602261856 15.0 0.0 3.0 133.0 14225.039767008875 14226.525925925918 14232.777777777797 
140.00549602261856 16.0 0.0 3.0 133.0 14224.875790307984 14223.400000000001 14232.777777777797 
141.00549602261856 17.0 0.0 2.0 133.0 14224.728211277208 14223.400000000001 14232.777777777797 
142.00549602261856 18.0 0.0 1.0 133.0 14224.907982742077 14226.525925925918 14232.777777777797 
143.00549602261856 18.0 0.0 1.0 133.0 14225.382369653023 14229.651851851839 14232.777777777797 
144.00549602261856 18.0 0.0 1.0 133.0 14225.809317872918 14229.651851851839 14232.777777777797 
145.00549602261856 18.0 0.0 1.0 133.0 14226.193571270816 14229.651851851839 14232.777777777797 
146.00549602261856 18.0 0.0 1.0 133.0 14226.539399328942 14229.651851851839 14232.777777777797 
147.00549602261856 18.0 0.0 1.0 133.0 14226.850644581196 14229.651851851839 14232.777777777797 
148.00549602261856 18.0 0.0 1.0 134.0 14227.130765308293 14229.651851851839 14232.777777777797 
149.00549602261856 19.0 0.0 0.0 134.0 14227.382873962637 14229.651851851839 14232.777777777797 
150.00549602261856 19.0 0.0 0.0 134.0 14227.922364344164 14232.777777777797 14232.777777777797 
151.00549602261856 19.0 0.0 0.0 134.0 14228.407905687518 14232.777777777797 14232.777777777797 
152.00549602261856 19.0 0.0 0.0 134.0 14228.844892896566 14232.777777777797 14232.777777777797 
153.00549602261856 19.0 0.0 0.0 134.0 14229.238181384662 14232.777777777797 14232.777777777797 
154.00549602261856 19.0 0.0 0.0 134.0 14229.592141023968 14232.777777777797 14232.777777777797 
155.00549602261856 19.0 0.0 0.0 135.0 14229.91070469936 14232.777777777797 14232.777777777797 
156.00549602261856 19.0 0.0 1.0 135.0 14230.197412007168 14232.777777777797 14232.777777777797 
157.00549602261856 20.0 0.0 0.0 135.0 14228.69396710276 14215.162962962962 14232.777777777797 
158.00549602261856 20.0 0.0 1.0 135.0 14229.102348170287 14232.777777777797 14232.777777777797 
159.00549602261856 20.0 0.0 1.0 135.0 14229.157298538423 14229.651851851839 14232.777777777797 
160.00549602261856 20.0 0.0 1.0 135.0 14229.206753869774 14229.651851851839 14232.777777777797 
161.00549602261856 20.0 0.0 1.0 135.0 14229.251263667978 14229.651851851839 14232.777777777797 
162.00549602261856 21.0 0.0 0.0 135.0 14229.291322486353 14229.651851851839 14232.777777777797 
163.00549602261856 21.0 0.0 0.0 135.0 14229.639968015526 14232.777777777797 14232.777777777797 
164.00549602261856 21.0 0.0 2.0 135.0 14229.953748991753 14232.777777777797 14232.777777777797 
165.00549602261856 22.0 0.0 2.0 135.0 14228.16207779627 14212.037037037013 14232.777777777797 
166.00549602261856 23.0 0.0 2.0 135.0 14226.549573720346 14212.037037037013 14232.777777777797 
167.00549602261856 24.0 0.0 2.0 135.0 14225.098320052002 14212.037037037013 14232.777777777797 
168.00549602261856 24.0 0.0 3.0 135.0 14225.241080639396 14226.525925925918 14232.777777777797 
169.00549602261856 24.0 0.0 5.0 135.0 14225.0577133162 14223.407407407401 14232.777777777797 
170.00549602261856 25.0 0.0 4.0 133.0 14224.26749754014 14217.155555555531 14232.777777777797 
171.00549602261856 26.0 0.0 3.0 133.0 14223.86889593427 14220.281481481483 14232.777777777797 
172.00549602261856 26.0 0.0 3.0 133.0 14223.822006340848 14223.400000000001 14232.777777777797 
173.00549602261856 26.0 0.0 3.0 133.0 14223.779805706738 14223.400000000001 14232.777777777797 
174.00549602261856 27.0 0.0 2.0 133.0 14223.741825136065 14223.400000000001 14232.777777777797 
175.00549602261856 29.0 0.0 0.0 132.0 14224.02023521506 14226.525925925918 14232.777777777797 
176.00549602261856 29.0 0.0 0.0 133.0 14224.895989471335 14232.777777777797 14232.777777777797 
177.00549602261856 29.0 0.0 1.0 133.0 14225.684168301981 14232.777777777797 14232.777777777797 
178.00549602261856 29.0 0.0 3.0 132.0 14226.08093665698 14229.651851851839 14232.777777777797 
179.00549602261856 29.0 0.0 4.0 133.0 14224.363954102382 14208.911111111145 14232.777777777797 
180.00549602261856 30.0 0.0 6.0 134.0 14221.05718832178 14191.296296296277 14232.777777777797 
181.00549602261856 31.0 0.0 5.0 133.0 14217.14332134145 14181.918518518494 14232.777777777797 
182.00549602261856 33.0 0.0 3.0 133.0 14217.143804022133 14217.14814814815 14232.777777777797 
183.00549602261856 33.0 0.0 5.0 133.0 14217.456831027332 14220.274074074052 14232.777777777797 
184.00549602261856 35.0 0.0 4.0 133.0 14215.66448125791 14199.533333333318 14232.777777777797 
185.00549602261856 35.0 0.0 5.0 132.0 14215.813588687677 14217.155555555531 14232.777777777797 
186.00549602261856 35.0 0.0 5.0 132.0 14214.186303893 14199.540740740757 14232.777777777797 
187.00549602261856 36.0 0.0 5.0 132.0 14212.72174757777 14199.540740740757 14232.777777777797 
188.00549602261856 38.0 0.0 4.0 132.0 14209.954758005151 14185.05185185184 14232.777777777797 
189.00549602261856 38.0 0.0 6.0 131.0 14209.225208130576 14202.659259259277 14232.777777777797 
190.00549602261856 40.0 0.0 5.0 131.0 14208.256020650848 14199.533333333318 14232.777777777797 
191.00549602261856 40.0 0.0 5.0 131.0 14207.383751919102 14199.533333333318 14232.777777777797 
192.00549602261856 40.0 0.0 5.0 131.0 14206.598710060503 14199.533333333318 14232.777777777797 
193.00549602261856 40.0 0.0 6.0 131.0 14205.892172387812 14199.533333333318 14232.777777777797 
194.00549602261856 41.0 0.0 6.0 131.0 14207.017769963832 14217.14814814815 14232.777777777797 
195.00549602261856 42.0 0.0 5.0 131.0 14208.030807782268 14217.14814814815 14232.777777777797 
196.00549602261856 42.0 0.0 5.0 130.0 14207.49365292995 14202.659259259277 14232.777777777797 
197.00549602261856 45.0 0.0 3.0 130.0 14207.010213562897 14202.659259259277 14232.777777777797 
198.00549602261856 45.0 0.0 3.0 130.0 14208.64919220663 14223.400000000001 14232.777777777797 
199.00549602261856 45.0 0.0 3.0 130.0 14210.124272985953 14223.400000000001 14232.777777777797 
200.00549602261856 45.0 0.0 3.0 130.0 14211.451845687361 14223.400000000001 14232.777777777797 
201.00549602261856 46.0 0.0 3.0 131.0 14212.646661118628 14223.400000000001 14232.777777777797 
202.00549602261856 47.0 0.0 2.0 131.0 14212.27310611786 14208.911111111145 14232.777777777797 
203.00549602261856 48.0 0.0 1.0 131.0 14213.698388098677 14226.525925925918 14232.777777777797 
204.00549602261856 48.0 0.0 2.0 131.0 14215.293734473982 14229.651851851839 14232.777777777797 
205.00549602261856 48.0 0.0 3.0 132.0 14216.41695361918 14226.525925925918 14232.777777777797 
206.00549602261856 48.0 0.0 4.0 132.0 14217.115258257254 14223.400000000001 14232.777777777797 
207.00549602261856 49.0 0.0 3.0 132.0 14217.431139838936 14220.274074074052 14232.777777777797 
208.00549602261856 50.0 0.0 2.0 133.0 14218.028025855037 14223.400000000001 14232.777777777797 
209.00549602261856 50.0 0.0 2.0 133.0 14218.877815862117 14226.525925925918 14232.777777777797 
210.00549602261856 50.0 0.0 2.0 132.0 14219.642626868499 14226.525925925918 14232.777777777797 
211.00549602261856 51.0 0.0 1.0 132.0 14220.330956774242 14226.525925925918 14232.777777777797 
212.00549602261856 51.0 0.0 4.0 132.0 14221.263046282016 14229.651851851839 14232.777777777797 
213.00549602261856 52.0 0.0 3.0 132.0 14221.164149061224 14220.274074074052 14232.777777777797 
214.00549602261856 52.0 0.0 3.0 134.0 14221.387734155101 14223.400000000001 14232.777777777797 
215.00549602261856 52.0 0.0 3.0 132.0 14221.588960739611 14223.400000000001 14232.777777777797 
216.00549602261856 52.0 0.0 4.0 132.0 14221.770064665634 14223.400000000001 14232.777777777797 
217.00549602261856 53.0 0.0 4.0 132.0 14220.171576717568 14205.785185185186 14232.777777777797 
218.00549602261856 54.0 0.0 4.0 132.0 14218.732937564331 14205.785185185186 14232.777777777797 
219.00549602261856 54.0 0.0 5.0 132.0 14217.43816232643 14205.785185185186 14232.777777777797 
220.00549602261856 55.0 0.0 6.0 133.0 14214.511383130826 14188.17037037036 14232.777777777797 
221.00549602261856 56.0 0.0 5.0 133.0 14211.565430002907 14185.05185185184 14232.777777777797 
222.00549602261856 58.0 0.0 3.0 133.0 14212.436294410034 14220.274074074052 14232.777777777797 
223.00549602261856 60.0 0.0 3.0 132.0 14213.532664969041 14223.400000000001 14232.777777777797 
224.00549602261856 61.0 0.0 3.0 133.0 14211.621620694332 14194.422222222236 14232.777777777797 
225.00549602261856 63.0 0.0 1.0 133.0 14211.663162328623 14212.037037037013 14232.777777777797 
226.00549602261856 63.0 0.0 1.0 132.0 14213.462031280944 14229.651851851839 14232.777777777797 
227.00549602261856 63.0 0.0 1.0 132.0 14215.081013338036 14229.651851851839 14232.777777777797 
228.00549602261856 63.0 0.0 1.0 133.0 14216.53809718942 14229.651851851839 14232.777777777797 
229.00549602261856 63.0 0.0 2.0 133.0 14217.84947265565 14229.651851851839 14232.777777777797 
230.00549602261856 64.0 0.0 1.0 134.0 14217.268229093805 14212.037037037013 14232.777777777797 
231.00549602261856 64.0 0.0 3.0 134.0 14218.506591369593 14229.651851851839 14232.777777777797 
232.00549602261856 65.0 0.0 2.0 134.0 14217.547043343744 14208.911111111145 14232.777777777797 
233.00549602261856 65.0 0.0 2.0 134.0 14218.444931601975 14226.525925925918 14232.777777777797 
234.00549602261856 65.0 0.0 2.0 134.0 14219.253031034377 14226.525925925918 14232.777777777797 
235.00549602261856 66.0 0.0 1.0 134.0 14219.980320523537 14226.525925925918 14232.777777777797 
236.00549602261856 66.0 0.0 1.0 133.0 14220.94747365634 14229.651851851839 14232.777777777797 
237.00549602261856 66.0 0.0 1.0 133.0 14221.81791147591 14229.651851851839 14232.777777777797 
238.00549602261856 66.0 0.0 2.0 133.0 14222.601305513495 14229.651851851839 14232.777777777797 
239.00549602261856 66.0 0.0 3.0 133.0 14223.306360147335 14229.651851851839 14232.777777777797 
240.00549602261856 66.0 0.0 3.0 133.0 14221.86683524369 14208.911111111145 14232.777777777797 
241.00549602261856 66.0 0.0 5.0 134.0 14220.571262830472 14208.911111111145 14232.777777777797 
242.00549602261856 68.0 0.0 4.0 133.0 14217.01858099185 14185.044444444442 14232.777777777797 
243.00549602261856 70.0 0.0 4.0 133.0 14215.582648818576 14202.659259259277 14232.777777777797 
244.00549602261856 72.0 0.0 2.0 133.0 14214.29030986264 14202.659259259277 14232.777777777797 
245.00549602261856 72.0 0.0 2.0 132.0 14215.2012788764 14223.400000000001 14232.777777777797 
246.00549602261856 73.0 0.0 1.0 132.0 14216.02115098875 14223.400000000001 14232.777777777797 
247.00549602261856 73.0 0.0 2.0 132.0 14217.071628482468 14226.525925925918 14232.777777777797 
248.00549602261856 73.0 0.0 3.0 133.0 14217.704465634235 14223.400000000001 14232.777777777797 
249.00549602261856 73.0 0.0 3.0 133.0 14217.961426478209 14220.274074074052 14232.777777777797 
250.00549602261856 74.0 0.0 2.0 133.0 14218.19269123779 14220.274074074052 14232.777777777797 
251.00549602261856 75.0 0.0 1.0 133.0 14218.713422114008 14223.400000000001 14232.777777777797 
252.00549602261856 75.0 0.0 1.0 133.0 14219.494672495219 14226.525925925918 14232.777777777797 
253.00549602261856 76.0 0.0 2.0 133.0 14220.19779783828 14226.525925925918 14232.777777777797 
254.00549602261856 78.0 0.0 1.0 133.0 14217.620240276668 14194.422222222236 14232.777777777797 
255.00549602261856 78.0 0.0 2.0 133.0 14218.51080884161 14226.525925925918 14232.777777777797 
256.00549602261856 78.0 0.0 3.0 133.0 14217.55083906852 14208.911111111145 14232.777777777797 
257.00549602261856 78.0 0.0 5.0 133.0 14216.686866272808 14208.911111111145 14232.777777777797 
258.00549602261856 79.0 0.0 4.0 133.0 14213.835216682563 14188.17037037036 14232.777777777797 
259.00549602261856 79.0 0.0 4.0 133.0 14213.030213532824 14205.785185185186 14232.777777777797 
260.00549602261856 81.0 0.0 3.0 133.0 14214.06719217954 14223.400000000001 14232.777777777797 
261.00549602261856 81.0 0.0 4.0 133.0 14213.551584072715 14208.911111111145 14232.777777777797 
262.00549602261856 82.0 0.0 4.0 132.0 14211.326055295054 14191.296296296277 14232.777777777797 
263.00549602261856 83.0 0.0 4.0 133.0 14210.771968284067 14205.785185185186 14232.777777777797 
264.00549602261856 86.0 0.0 2.0 133.0 14210.58588256677 14208.911111111145 14232.777777777797 
265.00549602261856 86.0 0.0 2.0 133.0 14210.730998013802 14212.037037037013 14232.777777777797 
266.00549602261856 87.0 0.0 2.0 133.0 14210.861601916116 14212.037037037013 14232.777777777797 
267.00549602261856 87.0 0.0 2.0 134.0 14212.428034317094 14226.525925925918 14232.777777777797 
268.00549602261856 88.0 0.0 1.0 134.0 14213.837823477967 14226.525925925918 14232.777777777797 
269.00549602261856 88.0 0.0 1.0 134.0 14215.419226315385 14229.651851851839 14232.777777777797 
270.00549602261856 88.0 0.0 2.0 134.0 14216.842488869022 14229.651851851839 14232.777777777797 
271.00549602261856 88.0 0.0 3.0 134.0 14217.8108325747 14226.525925925918 14232.777777777797 
272.00549602261856 89.0 0.0 3.0 133.0 14218.369749317233 14223.400000000001 14232.777777777797 
273.00549602261856 89.0 0.0 3.0 134.0 14218.872774385509 14223.400000000001 14232.777777777797 
274.00549602261856 89.0 0.0 4.0 134.0 14219.325496946976 14223.400000000001 14232.777777777797 
275.00549602261856 89.0 0.0 6.0 134.0 14219.420354659675 14220.274074074052 14232.777777777797 
276.00549602261856 90.0 0.0 6.0 133.0 14218.880541415949 14214.022222222226 14232.777777777797 
277.00549602261856 90.0 0.0 8.0 133.0 14218.394709496572 14214.022222222226 14232.777777777797 
278.00549602261856 90.0 0.0 9.0 132.0 14217.333016324674 14207.777777777797 14232.777777777797 
279.00549602261856 91.0 0.0 10.0 129.0 14216.064899877387 14204.651851851839 14232.777777777797 
280.00549602261856 91.0 0.0 10.0 130.0 14213.162113593362 14187.037037037013 14232.777777777797 
281.00549602261856 94.0 0.0 8.0 130.0 14210.54960593775 14187.037037037013 14232.777777777797 
282.00549602261856 97.0 0.0 6.0 130.0 14210.584274973591 14210.896296296318 14232.777777777797 
283.00549602261856 97.0 0.0 8.0 130.0 14211.240662291042 14217.14814814815 14232.777777777797 
284.00549602261856 99.0 0.0 7.0 130.0 14207.995855321213 14178.792592592627 14232.777777777797 
285.00549602261856 100.0 0.0 6.0 130.0 14206.837010529815 14196.407407407401 14232.777777777797 
286.00549602261856 102.0 0.0 4.0 130.0 14206.106642810173 14199.533333333318 14232.777777777797 
287.00549602261856 103.0 0.0 5.0 130.0 14207.523385936563 14220.274074074052 14232.777777777797 
288.00549602261856 103.0 0.0 6.0 131.0 14208.486602898462 14217.155555555531 14232.777777777797 
289.00549602261856 104.0 0.0 5.0 129.0 14209.040905571588 14214.029629629666 14232.777777777797 
290.00549602261856 105.0 0.0 4.0 129.0 14209.85162982922 14217.14814814815 14232.777777777797 
291.00549602261856 105.0 0.0 5.0 130.0 14210.893874253725 14220.274074074052 14232.777777777797 
292.00549602261856 106.0 0.0 4.0 131.0 14210.070412754256 14202.659259259277 14232.777777777797 
293.00549602261856 106.0 0.0 4.0 131.0 14211.090778886248 14220.274074074052 14232.777777777797 
294.00549602261856 106.0 0.0 5.0 130.0 14212.009108405038 14220.274074074052 14232.777777777797 
295.00549602261856 107.0 0.0 4.0 130.0 14212.523012379346 14217.14814814815 14232.777777777797 
296.00549602261856 107.0 0.0 5.0 131.0 14213.298118548806 14220.274074074052 14232.777777777797 
297.00549602261856 108.0 0.0 5.0 131.0 14212.234232619852 14202.659259259277 14232.777777777797 
298.00549602261856 108.0 0.0 7.0 131.0 14212.725624172677 14217.14814814815 14232.777777777797 
299.00549602261856 108.0 0.0 9.0 130.0 14212.542691385052 14210.896296296318 14232.777777777797 
300.00549602261856 110.0 0.0 8.0 130.0 14210.303977802107 14190.155555555531 14232.777777777797 
301.00549602261856 111.0 0.0 7.0 130.0 14210.050617058929 14207.77037037036 14232.777777777797 
302.00549602261856 111.0 0.0 7.0 130.0 14210.135184982671 14210.896296296318 14232.777777777797 
303.00549602261856 111.0 0.0 7.0 128.0 14210.211296114016 14210.896296296318 14232.777777777797 
304.00549602261856 113.0 0.0 6.0 128.0 14210.279796132245 14210.896296296318 14232.777777777797 
305.00549602261856 113.0 0.0 7.0 127.0 14210.65477948201 14214.029629629666 14232.777777777797 
306.00549602261856 114.0 0.0 7.0 128.0 14209.230783015284 14196.414814814798 14232.777777777797 
307.00549602261856 114.0 0.0 8.0 128.0 14209.398075084113 14210.903703703707 14232.777777777797 
308.00549602261856 115.0 0.0 10.0 128.0 14209.23678609421 14207.785185185186 14232.777777777797 
309.00549602261856 118.0 0.0 10.0 127.0 14205.568663040338 14172.555555555586 14232.777777777797 
310.00549602261856 118.0 0.0 10.0 128.0 14200.81846340297 14158.066666666678 14232.777777777797 
311.00549602261856 118.0 0.0 10.0 128.0 14195.918839284908 14151.82222222224 14232.777777777797 
312.00549602261856 119.0 0.0 12.0 128.0 14193.269918319384 14169.429629629629 14232.777777777797 
313.00549602261856 122.0 0.0 9.0 129.0 14192.334778339293 14183.918518518494 14232.777777777797 
314.00549602261856 124.0 0.0 8.0 129.0 14191.805004209082 14187.037037037013 14232.777777777797 
315.00549602261856 124.0 0.0 9.0 128.0 14191.328207491855 14187.037037037013 14232.777777777797 
316.00549602261856 124.0 0.0 11.0 128.0 14189.137608964887 14169.422222222236 14232.777777777797 
317.00549602261856 127.0 0.0 9.0 127.0 14185.092736957286 14148.688888888892 14232.777777777797 
318.00549602261856 128.0 0.0 10.0 127.0 14185.599759557872 14190.162962962962 14232.777777777797 
319.00549602261856 130.0 0.0 10.0 127.0 14184.294598416896 14172.54814814815 14232.777777777797 
320.00549602261856 131.0 0.0 10.0 125.0 14184.56958301963 14187.044444444442 14232.777777777797 
321.00549602261856 134.0 0.0 7.0 125.0 14183.055587680652 14169.429629629629 14232.777777777797 
322.00549602261856 136.0 0.0 5.0 126.0 14184.078917801471 14193.288888888881 14232.777777777797 
323.00549602261856 138.0 0.0 4.0 126.0 14187.073248243536 14214.022222222226 14232.777777777797 
324.00549602261856 139.0 0.0 3.0 127.0 14190.080738234006 14217.14814814815 14232.777777777797 
325.00549602261856 139.0 0.0 4.0 128.0 14193.100071818013 14220.274074074052 14232.777777777797 
326.00549602261856 139.0 0.0 5.0 128.0 14195.817472043622 14220.274074074052 14232.777777777797 
327.00549602261856 139.0 0.0 5.0 129.0 14198.263132246659 14220.274074074052 14232.777777777797 
328.00549602261856 140.0 0.0 5.0 129.0 14198.702744947908 14202.659259259277 14232.777777777797 
329.00549602261856 141.0 0.0 4.0 131.0 14199.410988971644 14205.785185185186 14232.777777777797 
330.00549602261856 142.0 0.0 3.0 130.0 14200.048408592987 14205.785185185186 14232.777777777797 
331.00549602261856 143.0 0.0 3.0 130.0 14202.383567733705 14223.400000000001 14232.777777777797 
332.00549602261856 143.0 0.0 5.0 130.0 14204.485210960329 14223.400000000001 14232.777777777797 
333.00549602261856 144.0 0.0 4.0 131.0 14204.302615790224 14202.659259259277 14232.777777777797 
334.00549602261856 146.0 0.0 4.0 132.0 14205.899761618623 14220.274074074052 14232.777777777797 
335.00549602261856 147.0 0.0 5.0 132.0 14205.888303975264 14205.785185185186 14232.777777777797 
336.00549602261856 149.0 0.0 5.0 132.0 14207.014288392536 14217.14814814815 14232.777777777797 
337.00549602261856 149.0 0.0 6.0 131.0 14208.02767436811 14217.14814814815 14232.777777777797 
338.00549602261856 150.0 0.0 5.0 131.0 14208.627129153507 14214.022222222226 14232.777777777797 
339.00549602261856 150.0 0.0 6.0 131.0 14209.479231052966 14217.14814814815 14232.777777777797 
340.00549602261856 152.0 0.0 5.0 131.0 14208.48464128102 14199.533333333318 14232.777777777797 
341.00549602261856 153.0 0.0 4.0 130.0 14207.90210307884 14202.659259259277 14232.777777777797 
342.00549602261856 153.0 0.0 5.0 129.0 14209.139300178373 14220.274074074052 14232.777777777797 
343.00549602261856 153.0 0.0 7.0 129.0 14208.491296086457 14202.659259259277 14232.777777777797 
344.0019551445025 155.0 0.0 5.0 131.0 14206.146610922257 14185.044444444442 14232.777777777797 
345.00549602261856 155.0 0.0 6.0 131.0 14205.797875755965 14202.659259259277 14232.777777777797 
346.00549602261856 157.0 0.0 6.0 131.0 14206.93290299517 14217.14814814815 14232.777777777797 
347.00549602261856 158.0 0.0 7.0 131.0 14207.641834917884 14214.022222222226 14232.777777777797 
348.00549602261856 160.0 0.0 5.0 130.0 14206.830984759437 14199.533333333318 14232.777777777797 
349.00549602261856 161.0 0.0 6.0 130.0 14206.413812209414 14202.659259259277 14232.777777777797 
350.00549602261856 162.0 0.0 5.0 131.0 14207.174653210692 14214.022222222226 14232.777777777797 
351.00549602261856 163.0 0.0 5.0 131.0 14208.172002704438 14217.14814814815 14232.777777777797 
352.00549602261856 163.0 0.0 5.0 131.0 14209.069617248791 14217.14814814815 14232.777777777797 
353.00549602261856 163.0 0.0 5.0 131.0 14209.877470338746 14217.14814814815 14232.777777777797 
354.00549602261856 163.0 0.0 7.0 130.0 14210.604538119698 14217.14814814815 14232.777777777797 
355.00549602261856 163.0 0.0 9.0 129.0 14210.946306529939 14214.022222222226 14232.777777777797 
356.00549602261856 163.0 0.0 11.0 129.0 14207.418342543606 14175.666666666668 14232.777777777797 
357.00549602261856 165.0 0.0 10.0 128.0 14205.380211992951 14187.037037037013 14232.777777777797 
358.00549602261856 168.0 0.0 7.0 129.0 14203.54515375661 14187.029629629666 14232.777777777797 
359.00549602261856 169.0 0.0 9.0 129.0 14202.831379121713 14196.407407407401 14232.777777777797 
360.00549602261856 170.0 0.0 9.0 129.0 14200.114907876192 14175.666666666668 14232.777777777797 
361.00549602261856 172.0 0.0 8.0 129.0 14199.43156523671 14193.281481481483 14232.777777777797 
362.00549602261856 175.0 0.0 5.0 130.0 14197.367667972296 14178.792592592627 14232.777777777797 
363.00549602261856 175.0 0.0 7.0 130.0 14197.896827100989 14202.659259259277 14232.777777777797 
364.00549602261856 178.0 0.0 4.0 130.0 14196.611588835352 14185.044444444442 14232.777777777797 
365.00549602261856 179.0 0.0 3.0 129.0 14198.977837359218 14220.274074074052 14232.777777777797 
366.00549602261856 179.0 0.0 3.0 128.0 14201.420053623293 14223.400000000001 14232.777777777797 
367.00549602261856 179.0 0.0 3.0 129.0 14203.618048260983 14223.400000000001 14232.777777777797 
368.00549602261856 180.0 0.0 3.0 130.0 14205.59624343489 14223.400000000001 14232.777777777797 
369.00549602261856 180.0 0.0 3.0 131.0 14207.689211683974 14226.525925925918 14232.777777777797 
370.00549602261856 180.0 0.0 5.0 131.0 14207.811401626685 14208.911111111145 14232.777777777797 
371.00549602261856 181.0 0.0 4.0 131.0 14205.848039241811 14188.17777777776 14232.777777777797 
372.00549602261856 181.0 0.0 4.0 132.0 14205.841753836143 14205.785185185186 14232.777777777797 
373.00549602261856 182.0 0.0 4.0 132.0 14205.836096971032 14205.785185185186 14232.777777777797 
374.00549602261856 183.0 0.0 4.0 132.0 14205.831005792454 14205.785185185186 14232.777777777797 
375.00549602261856 183.0 0.0 4.0 132.0 14207.2753126206 14220.274074074052 14232.777777777797 
376.00549602261856 184.0 0.0 5.0 132.0 14208.575188765953 14220.274074074052 14232.777777777797 
377.00549602261856 185.0 0.0 4.0 132.0 14207.983595815302 14202.659259259277 14232.777777777797 
378.00549602261856 185.0 0.0 5.0 132.0 14209.212643641162 14220.274074074052 14232.777777777797 
379.00549602261856 186.0 0.0 4.0 132.0 14208.55730520298 14202.659259259277 14232.777777777797 
380.00549602261856 187.0 0.0 6.0 131.0 14209.728982090088 14220.274074074052 14232.777777777797 
381.00549602261856 187.0 0.0 6.0 131.0 14210.158306103307 14214.022222222226 14232.777777777797 
382.00549602261856 187.0 0.0 7.0 130.0 14210.544697715193 14214.022222222226 14232.777777777797 
383.00549602261856 188.0 0.0 7.0 131.0 14210.579857573302 14210.896296296318 14232.777777777797 
384.00549602261856 188.0 0.0 7.0 131.0 14210.6115014456 14210.896296296318 14232.777777777797 
385.00549602261856 188.0 0.0 8.0 130.0 14210.639980930668 14210.896296296318 14232.777777777797 
386.00549602261856 189.0 0.0 8.0 127.0 14210.665612467226 14210.896296296318 14232.777777777797 
387.00549602261856 189.0 0.0 9.0 129.0 14209.23979196125 14196.407407407401 14232.777777777797 
388.00549602261856 192.0 0.0 7.0 129.0 14204.120997950324 14158.05185185184 14232.777777777797 
389.00549602261856 192.0 0.0 7.0 128.0 14204.485935192315 14207.77037037036 14232.777777777797 
390.00549602261856 193.0 0.0 6.0 128.0 14204.814378710113 14207.77037037036 14232.777777777797 
391.00549602261856 193.0 0.0 7.0 128.0 14205.422570468732 14210.896296296318 14232.777777777797 
392.00549602261856 194.0 0.0 7.0 128.0 14204.208461570015 14193.281481481483 14232.777777777797 
393.00549602261856 197.0 0.0 5.0 128.0 14203.115763561173 14193.281481481483 14232.777777777797 
394.00549602261856 198.0 0.0 5.0 128.0 14204.206409427265 14214.022222222226 14232.777777777797 
395.00549602261856 199.0 0.0 5.0 128.0 14205.187990706761 14214.022222222226 14232.777777777797 
396.00549602261856 200.0 0.0 5.0 129.0 14204.935117561996 14202.659259259277 14232.777777777797 
397.00549602261856 200.0 0.0 8.0 129.0 14206.156420620626 14217.14814814815 14232.777777777797 
398.00549602261856 200.0 0.0 8.0 129.0 14204.868926706706 14193.281481481483 14232.777777777797 
399.00549602261856 202.0 0.0 9.0 128.0 14203.710182184184 14193.281481481483 14232.777777777797 
400.0032159634115 205.0 0.0 6.0 129.0 14202.979904706508 14196.407407407401 14232.777777777797 
401.00549602261856 205.0 0.0 8.0 132.0 14202.635247569184 14199.533333333318 14232.777777777797 
402.00549602261856 205.0 0.0 11.0 131.0 14201.701352441894 14193.296296296277 14232.777777777797 
403.00549602261856 206.0 0.0 12.0 129.0 14198.47418016067 14169.429629629629 14232.777777777797 
404.00549602261856 207.0 0.0 12.0 129.0 14195.25713251497 14166.303703703717 14232.777777777797 
405.00549602261856 209.0 0.0 10.0 129.0 14193.810678522741 14180.792592592627 14232.777777777797 
406.00549602261856 209.0 0.0 11.0 129.0 14194.5829440038 14201.533333333318 14232.777777777797 
407.00549602261856 209.0 0.0 13.0 128.0 14195.277982936766 14201.533333333318 14232.777777777797 
408.00549602261856 211.0 0.0 11.0 126.0 14192.067962420842 14163.17777777776 14232.777777777797 
409.00549602261856 213.0 0.0 9.0 126.0 14191.253018030602 14183.918518518494 14232.777777777797 
410.00549602261856 214.0 0.0 8.0 126.0 14192.592901412745 14204.651851851839 14232.777777777797 
411.00549602261856 214.0 0.0 9.0 127.0 14194.111389049242 14207.777777777797 14232.777777777797 
412.00549602261856 215.0 0.0 8.0 128.0 14195.165435329494 14204.651851851839 14232.777777777797 
413.00549602261856 217.0 0.0 7.0 128.0 14196.42666957433 14207.777777777797 14232.777777777797 
414.00549602261856 218.0 0.0 6.0 128.0 14196.425484098374 14196.414814814798 14232.777777777797 
415.00549602261856 219.0 0.0 5.0 128.0 14198.185898651504 14214.029629629666 14232.777777777797 
416.00549602261856 220.0 0.0 4.0 128.0 14200.082864341908 14217.155555555531 14232.777777777797 
417.00549602261856 221.0 0.0 3.0 127.0 14202.102726055868 14220.281481481483 14232.777777777797 
418.00549602261856 221.0 0.0 4.0 128.0 14204.232453450266 14223.400000000001 14232.777777777797 
419.00549602261856 221.0 0.0 4.0 130.0 14205.83661551268 14220.274074074052 14232.777777777797 
420.00549602261856 221.0 0.0 5.0 130.0 14207.280361368805 14220.274074074052 14232.777777777797 
421.00549602261856 223.0 0.0 5.0 130.0 14208.267140046748 14217.14814814815 14232.777777777797 
422.00549602261856 224.0 0.0 4.0 131.0 14207.706351967983 14202.659259259277 14232.777777777797 
423.00549602261856 225.0 0.0 3.0 131.0 14208.9631241786 14220.274074074052 14232.777777777797 
424.00549602261856 225.0 0.0 3.0 131.0 14210.406811760733 14223.400000000001 14232.777777777797 
425.00549602261856 225.0 0.0 3.0 131.0 14211.706130584651 14223.400000000001 14232.777777777797 
426.00549602261856 225.0 0.0 3.0 130.0 14212.875517526203 14223.400000000001 14232.777777777797 
427.00549602261856 225.0 0.0 3.0 129.0 14213.927965773579 14223.400000000001 14232.777777777797 
428.00549602261856 225.0 0.0 3.0 131.0 14214.875169196233 14223.400000000001 14232.777777777797 
429.00549602261856 225.0 0.0 4.0 131.0 14215.727652276586 14223.400000000001 14232.777777777797 
430.00549602261856 226.0 0.0 4.0 131.0 14214.733405567446 14205.785185185186 14232.777777777797 
431.00549602261856 226.0 0.0 4.0 131.0 14215.287472418118 14220.274074074052 14232.777777777797 
432.00549602261856 226.0 0.0 6.0 131.0 14215.786132583711 14220.274074074052 14232.777777777797 
433.00549602261856 226.0 0.0 6.0 132.0 14215.60974154755 14214.022222222226 14232.777777777797 
434.00549602261856 226.0 0.0 6.0 132.0 14215.450989615028 14214.022222222226 14232.777777777797 
435.00549602261856 226.0 0.0 7.0 131.0 14215.308112875737 14214.022222222226 14232.777777777797 
436.00549602261856 226.0 0.0 8.0 131.0 14213.418042328916 14196.407407407401 14232.777777777797 
437.00549602261856 229.0 0.0 5.0 131.0 14211.404386244169 14193.281481481483 14232.777777777797 
438.00549602261856 229.0 0.0 5.0 130.0 14211.978762434572 14217.14814814815 14232.777777777797 
439.00549602261856 229.0 0.0 5.0 130.0 14212.49570100593 14217.14814814815 14232.777777777797 
440.00549602261856 229.0 0.0 7.0 130.0 14212.96094572014 14217.14814814815 14232.777777777797 
441.00549602261856 231.0 0.0 6.0 130.0 14212.754480777761 14210.896296296318 14232.777777777797 
442.00549602261856 232.0 0.0 5.0 129.0 14211.432366033323 14199.533333333318 14232.777777777797 
443.00549602261856 232.0 0.0 6.0 129.0 14212.003944244805 14217.14814814815 14232.777777777797 
444.00549602261856 233.0 0.0 5.0 130.0 14212.205772042551 14214.022222222226 14232.777777777797 
445.00549602261856 234.0 0.0 6.0 130.0 14212.700009653097 14217.14814814815 14232.777777777797 
446.00549602261856 235.0 0.0 5.0 129.0 14211.38334202112 14199.533333333318 14232.777777777797 
447.00549602261856 235.0 0.0 5.0 129.0 14211.959822633837 14217.14814814815 14232.777777777797 
448.00549602261856 237.0 0.0 4.0 130.0 14212.478655185245 14217.14814814815 14232.777777777797 
449.00549602261856 237.0 0.0 5.0 130.0 14213.258197074138 14220.274074074052 14232.777777777797 
450.00549602261856 239.0 0.0 3.0 130.0 14212.198303292655 14202.659259259277 14232.777777777797 
451.00549602261856 239.0 0.0 3.0 131.0 14213.318472963392 14223.400000000001 14232.777777777797 
452.00549602261856 239.0 0.0 3.0 131.0 14214.326625667045 14223.400000000001 14232.777777777797 
453.00549602261856 239.0 0.0 3.0 131.0 14215.233963100347 14223.400000000001 14232.777777777797 
454.00549602261856 240.0 0.0 3.0 130.0 14216.050566790309 14223.400000000001 14232.777777777797 
455.00549602261856 240.0 0.0 3.0 130.0 14216.785510111275 14223.400000000001 14232.777777777797 
456.00549602261856 240.0 0.0 4.0 132.0 14217.446959100138 14223.400000000001 14232.777777777797 
457.00549602261856 240.0 0.0 5.0 132.0 14217.729670597537 14220.274074074052 14232.777777777797 
458.00549602261856 241.0 0.0 5.0 132.0 14216.222629463693 14202.659259259277 14232.777777777797 
459.00549602261856 241.0 0.0 5.0 133.0 14216.315181332151 14217.14814814815 14232.777777777797 
460.00549602261856 242.0 0.0 5.0 132.0 14216.398478013769 14217.14814814815 14232.777777777797 
461.00549602261856 242.0 0.0 7.0 132.0 14216.473445027204 14217.14814814815 14232.777777777797 
462.00549602261856 242.0 0.0 7.0 131.0 14214.466841265208 14196.407407407401 14232.777777777797 
463.00549602261856 243.0 0.0 6.0 131.0 14212.660897879447 14196.407407407401 14232.777777777797 
464.00549602261856 243.0 0.0 6.0 130.0 14212.797030313714 14214.022222222226 14232.777777777797 
465.00549602261856 243.0 0.0 6.0 130.0 14212.919549504577 14214.022222222226 14232.777777777797 
466.00549602261856 244.0 0.0 5.0 129.0 14213.029816776345 14214.022222222226 14232.777777777797 
467.00549602261856 244.0 0.0 5.0 129.0 14213.4416499135 14217.14814814815 14232.777777777797 
468.00549602261856 244.0 0.0 5.0 129.0 14213.812299736965 14217.14814814815 14232.777777777797 
469.00549602261856 244.0 0.0 6.0 129.0 14214.145884578082 14217.14814814815 14232.777777777797 
470.00549602261856 244.0 0.0 7.0 129.0 14214.133518342514 14214.022222222226 14232.777777777797 
471.00549602261856 247.0 0.0 4.0 129.0 14212.36090724899 14196.407407407401 14232.777777777797 
472.00549602261856 248.0 0.0 3.0 129.0 14213.15222393151 14220.274074074052 14232.777777777797 
473.00549602261856 248.0 0.0 4.0 130.0 14214.177001538344 14223.400000000001 14232.777777777797 
474.00549602261856 248.0 0.0 4.0 130.0 14214.786708791915 14220.274074074052 14232.777777777797 
475.00549602261856 248.0 0.0 5.0 129.0 14215.335445320135 14220.274074074052 14232.777777777797 
476.00549602261856 248.0 0.0 5.0 130.0 14215.516715602935 14217.14814814815 14232.777777777797 
477.00549602261856 249.0 0.0 4.0 130.0 14215.679858857464 14217.14814814815 14232.777777777797 
478.00549602261856 249.0 0.0 4.0 132.0 14216.139280379117 14220.274074074052 14232.777777777797 
479.00549602261856 249.0 0.0 4.0 131.0 14216.552759748607 14220.274074074052 14232.777777777797 
480.00549602261856 251.0 0.0 2.0 132.0 14216.924891181166 14220.274074074052 14232.777777777797 
481.00549602261856 251.0 0.0 2.0 132.0 14217.884994655647 14226.525925925918 14232.777777777797 
482.00549602261856 251.0 0.0 3.0 132.0 14218.749087782662 14226.525925925918 14232.777777777797 
483.00549602261856 252.0 0.0 2.0 132.0 14219.214179004397 14223.400000000001 14232.777777777797 
484.00549602261856 252.0 0.0 2.0 132.0 14219.945353696543 14226.525925925918 14232.777777777797 
485.00549602261856 253.0 0.0 1.0 132.0 14220.6034109195 14226.525925925918 14232.777777777797 
486.00549602261856 253.0 0.0 1.0 132.0 14221.50825501273 14229.651851851839 14232.777777777797 
487.00549602261856 253.0 0.0 1.0 134.0 14222.322614696634 14229.651851851839 14232.777777777797 
488.00549602261856 253.0 0.0 1.0 133.0 14223.055538412147 14229.651851851839 14232.777777777797 
489.00549602261856 253.0 0.0 1.0 133.0 14223.71516975613 14229.651851851839 14232.777777777797 
490.00549602261856 253.0 0.0 1.0 133.0 14224.308837965707 14229.651851851839 14232.777777777797 
491.00549602261856 254.0 0.0 0.0 133.0 14224.843139354298 14229.651851851839 14232.777777777797 
492.00549602261856 254.0 0.0 0.0 133.0 14225.636603196668 14232.777777777797 14232.777777777797 
493.00549602261856 254.0 0.0 0.0 134.0 14226.350720654771 14232.777777777797 14232.777777777797 
494.00549602261856 254.0 0.0 0.0 134.0 14226.993426367068 14232.777777777797 14232.777777777797 
495.00549602261856 254.0 0.0 0.0 135.0 14227.571861508137 14232.777777777797 14232.777777777797 
496.00549602261856 254.0 0.0 0.0 135.0 14228.09245313511 14232.777777777797 14232.777777777797 
497.00549602261856 254.0 0.0 0.0 135.0 14228.560985599357 14232.777777777797 14232.777777777797 
498.00549602261856 254.0 0.0 0.0 135.0 14228.982664817202 14232.777777777797 14232.777777777797 
499.00549602261856 254.0 0.0 0.0 135.0 14229.362176113254 14232.777777777797 14232.777777777797 
500.00549602261856 254.0 0.0 0.0 135.0 14229.703736279725 14232.777777777797 14232.777777777797 
501.00549602261856 254.0 0.0 0.0 135.0 14230.011140429531 14232.777777777797 14232.777777777797 
502.00549602261856 254.0 0.0 0.0 135.0 14230.287804164343 14232.777777777797 14232.777777777797 
503.00549602261856 254.0 0.0 0.0 135.0 14230.536801525694 14232.777777777797 14232.777777777797 
504.00549602261856 254.0 0.0 0.0 135.0 14230.7608991509 14232.777777777797 14232.777777777797 
505.00549602261856 254.0 0.0 0.0 135.0 14230.96258701358 14232.777777777797 14232.777777777797 
506.00549602261856 254.0 0.0 0.0 135.0 14231.144106090012 14232.777777777797 14232.777777777797 
507.00549602261856 254.0 0.0 0.0 135.0 14231.307473258774 14232.777777777797 14232.777777777797 
508.00549602261856 254.0 0.0 0.0 135.0 14231.45450371068 14232.777777777797 14232.777777777797 
509.00549602261856 254.0 0.0 0.0 135.0 14231.586831117398 14232.777777777797 14232.777777777797 
510.00549602261856 254.0 0.0 0.0 135.0 14231.705925783443 14232.777777777797 14232.777777777797 
511.00549602261856 254.0 0.0 2.0 135.0 14231.813110982868 14232.777777777797 14232.777777777797 
512.0054960226186 254.0 0.0 2.0 135.0 14231.285133217905 14226.533333333318 14232.777777777797 
513.0054960226186 254.0 0.0 2.0 135.0 14230.80995322944 14226.533333333318 14232.777777777797 
514.0054960226186 254.0 0.0 2.0 134.0 14230.38229123984 14226.533333333318 14232.777777777797 
515.0054960226186 254.0 0.0 2.0 134.0 14229.997395449198 14226.533333333318 14232.777777777797 
516.0054960226186 254.0 0.0 2.0 134.0 14229.650989237602 14226.533333333318 14232.777777777797 
517.0054960226186 254.0 0.0 2.0 134.0 14229.339223647175 14226.533333333318 14232.777777777797 
518.0054960226186 254.0 0.0 2.0 134.0 14229.05863461581 14226.533333333318 14232.777777777797 
519.0054960226186 254.0 0.0 2.0 134.0 14228.806104487558 14226.533333333318 14232.777777777797 
520.0054960226186 254.0 0.0 3.0 134.0 14228.578827372125 14226.533333333318 14232.777777777797 
521.0054960226186 255.0 0.0 3.0 134.0 14226.612796486766 14208.918518518494 14232.777777777797 
522.0054960226186 255.0 0.0 3.0 134.0 14226.292257578834 14223.407407407401 14232.777777777797 
523.0054960226186 255.0 0.0 3.0 134.0 14226.003772561693 14223.407407407401 14232.777777777797 
524.0054960226186 256.0 0.0 2.0 134.0 14225.744136046262 14223.407407407401 14232.777777777797 
525.0054960226186 256.0 0.0 2.0 134.0 14225.822315034226 14226.525925925918 14232.777777777797 
526.0054960226186 256.0 0.0 2.0 134.0 14225.892676123382 14226.525925925918 14232.777777777797 
527.0054960226186 257.0 0.0 1.0 133.0 14225.956001103657 14226.525925925918 14232.777777777797 
528.0054960226186 257.0 0.0 1.0 133.0 14226.32558617846 14229.651851851839 14232.777777777797 
529.0054960226186 257.0 0.0 1.0 133.0 14226.658212745811 14229.651851851839 14232.777777777797 
530.0054960226186 257.0 0.0 1.0 133.0 14226.95757665641 14229.651851851839 14232.777777777797 
531.0054960226186 257.0 0.0 3.0 133.0 14227.227004175935 14229.651851851839 14232.777777777797 
532.0054960226186 258.0 0.0 3.0 133.0 14226.844303758366 14223.400000000001 14232.777777777797 
533.0054960226186 258.0 0.0 3.0 133.0 14225.050984493617 14208.911111111145 14232.777777777797 
534.0054960226186 258.0 0.0 3.0 133.0 14223.436997155373 14208.911111111145 14232.777777777797 
535.0054960226186 259.0 0.0 2.0 133.0 14223.745890032438 14226.525925925918 14232.777777777797 
536.0054960226186 259.0 0.0 3.0 133.0 14224.023893621788 14226.525925925918 14232.777777777797 
537.0054960226186 259.0 0.0 3.0 132.0 14223.961504259601 14223.400000000001 14232.777777777797 
538.0054960226186 259.0 0.0 3.0 133.0 14223.905353833632 14223.400000000001 14232.777777777797 
539.0054960226186 260.0 0.0 2.0 133.0 14223.854818450276 14223.400000000001 14232.777777777797 
540.0054960226186 260.0 0.0 2.0 133.0 14224.121929197856 14226.525925925918 14232.777777777797 
541.0054960226186 260.0 0.0 2.0 133.0 14224.362328870639 14226.525925925918 14232.777777777797 
542.0054960226186 260.0 0.0 2.0 132.0 14224.578688576188 14226.525925925918 14232.777777777797 
543.0054960226186 260.0 0.0 2.0 132.0 14224.773412311153 14226.525925925918 14232.777777777797 
544.0054960226186 260.0 0.0 2.0 132.0 14224.948663672614 14226.525925925918 14232.777777777797 
545.0054960226186 261.0 0.0 1.0 132.0 14225.106389897965 14226.525925925918 14232.777777777797 
546.0054960226186 261.0 0.0 1.0 133.0 14225.560936093356 14229.651851851839 14232.777777777797 
547.0054960226186 261.0 0.0 1.0 133.0 14225.970027669198 14229.651851851839 14232.777777777797 
548.0054960226186 261.0 0.0 1.0 133.0 14226.338210087455 14229.651851851839 14232.777777777797 
549.0054960226186 261.0 0.0 1.0 134.0 14226.669574263908 14229.651851851839 14232.777777777797 
550.0054960226186 261.0 0.0 1.0 134.0 14226.967802022698 14229.651851851839 14232.777777777797 
551.0054960226186 261.0 0.0 2.0 134.0 14227.236207005628 14229.651851851839 14232.777777777797 
552.0054960226186 261.0 0.0 2.0 134.0 14227.165178897645 14226.525925925918 14232.777777777797 
553.0054960226186 261.0 0.0 2.0 134.0 14227.101253600475 14226.525925925918 14232.777777777797 
554.0054960226186 262.0 0.0 1.0 134.0 14227.043720833015 14226.525925925918 14232.777777777797 
555.0054960226186 262.0 0.0 1.0 134.0 14227.304533934896 14229.651851851839 14232.777777777797 
556.0054960226186 262.0 0.0 1.0 134.0 14227.53926572659 14229.651851851839 14232.777777777797 
557.0054960226186 263.0 0.0 0.0 134.0 14227.750524339113 14229.651851851839 14232.777777777797 
558.0054960226186 263.0 0.0 0.0 134.0 14228.253249682995 14232.777777777797 14232.777777777797 
559.0054960226186 263.0 0.0 0.0 134.0 14228.70570249245 14232.777777777797 14232.777777777797 
560.0054960226186 263.0 0.0 0.0 134.0 14229.112910020991 14232.777777777797 14232.777777777797 
561.0054960226186 263.0 0.0 1.0 134.0 14229.479396796669 14232.777777777797 14232.777777777797 
562.0054960226186 263.0 0.0 1.0 134.0 14229.49664230219 14229.651851851839 14232.777777777797 
563.0054960226186 263.0 0.0 1.0 134.0 14229.512163257155 14229.651851851839 14232.777777777797 
564.0054960226186 263.0 0.0 1.0 134.0 14229.526132116625 14229.651851851839 14232.777777777797 
565.0054960226186 263.0 0.0 2.0 135.0 14229.53870409015 14229.651851851839 14232.777777777797 
566.0054960226186 263.0 0.0 2.0 135.0 14229.237426273723 14226.525925925918 14232.777777777797 
567.0054960226186 263.0 0.0 2.0 134.0 14228.966276238962 14226.525925925918 14232.777777777797 
568.0054960226186 263.0 0.0 3.0 134.0 14228.72224120764 14226.525925925918 14232.777777777797 
569.0054960226186 263.0 0.0 3.0 134.0 14228.19001708687 14223.400000000001 14232.777777777797 
570.0054960226186 263.0 0.0 3.0 134.0 14227.711015378189 14223.400000000001 14232.777777777797 
571.0054960226186 263.0 0.0 3.0 133.0 14227.279913840383 14223.400000000001 14232.777777777797 
572.0054960226186 263.0 0.0 3.0 133.0 14226.891922456327 14223.400000000001 14232.777777777797 
573.0054960226186 264.0 0.0 2.0 133.0 14226.542730210695 14223.400000000001 14232.777777777797 
574.0054960226186 264.0 0.0 2.0 132.0 14226.541049782232 14226.525925925918 14232.777777777797 
575.0054960226186 264.0 0.0 2.0 132.0 14226.539537396593 14226.525925925918 14232.777777777797 
576.0054960226186 264.0 0.0 2.0 133.0 14226.538176249547 14226.525925925918 14232.777777777797 
577.0054960226186 265.0 0.0 1.0 133.0 14226.536951217164 14226.525925925918 14232.777777777797 
578.0054960226186 265.0 0.0 1.0 133.0 14226.848441280627 14229.651851851839 14232.777777777797 
579.0054960226186 265.0 0.0 1.0 133.0 14227.128782337752 14229.651851851839 14232.777777777797 
580.0054960226186 265.0 0.0 1.0 133.0 14227.381089289152 14229.651851851839 14232.777777777797 
581.0054960226186 265.0 0.0 1.0 133.0 14227.608165545444 14229.651851851839 14232.777777777797 
582.0054960226186 265.0 0.0 1.0 133.0 14227.812534176082 14229.651851851839 14232.777777777797 
583.0054960226186 265.0 0.0 1.0 134.0 14227.996465943643 14229.651851851839 14232.777777777797 
584.0054960226186 266.0 0.0 0.0 134.0 14228.162004534475 14229.651851851839 14232.777777777797 
585.0054960226186 266.0 0.0 0.0 134.0 14228.623581858801 14232.777777777797 14232.777777777797 
586.0054960226186 266.0 0.0 0.0 134.0 14229.039001450697 14232.777777777797 14232.777777777797 
587.0054960226186 266.0 0.0 0.0 134.0 14229.41287908341 14232.777777777797 14232.777777777797 
588.0054960226186 266.0 0.0 0.0 134.0 14229.749368952853 14232.777777777797 14232.777777777797 
589.0054960226186 266.0 0.0 0.0 134.0 14230.05220983534 14232.777777777797 14232.777777777797 
590.0054960226186 266.0 0.0 0.0 135.0 14230.324766629572 14232.777777777797 14232.777777777797 
591.0054960226186 266.0 0.0 0.0 135.0 14230.570067744402 14232.777777777797 14232.777777777797 
592.0054960226186 266.0 0.0 0.0 135.0 14230.790838747731 14232.777777777797 14232.777777777797 
593.0054960226186 266.0 0.0 0.0 135.0 14230.98953265074 14232.777777777797 14232.777777777797 
594.0054960226186 266.0 0.0 0.0 135.0 14231.168357163448 14232.777777777797 14232.777777777797 
595.0054960226186 266.0 0.0 0.0 135.0 14231.329299224884 14232.777777777797 14232.777777777797 
596.0054960226186 266.0 0.0 0.0 135.0 14231.474147080158 14232.777777777797 14232.777777777797 
597.0054960226186 266.0 0.0 0.0 135.0 14231.604510149933 14232.777777777797 14232.777777777797 
598.0054960226186 266.0 0.0 0.0 135.0 14231.721836912726 14232.777777777797 14232.777777777797 
599.0054960226186 266.0 0.0 0.0 135.0 14231.827430999216 14232.777777777797 14232.777777777797 
600.0054960226186 266.0 0.0 0.0 135.0 14231.922465677077 14232.777777777797 14232.777777777797 
#####################################################################
# End of data export. Simulation finished at: 2020-02-11T12:23+0000 #
#####################################################################
