#####################################################################
# Alchemist log file - simulation started at: 2020-02-21T09:23+0000 #
#####################################################################
# longseed = 95.0, meanTaskSize = 10000, peakFrequency = 0.3
#
# The columns have the following meaning: 
# time done[Sum] drop[Sum] waiting[Sum] isLeader[Sum] capacity[Mean] freeCapacity[Mean] maxCapacity[Mean] 
0.0 NaN 0.0 NaN NaN NaN NaN NaN 
1.0074976755192677 0.0 0.0 0.0 135.0 14232.777777777797 14232.777777777797 14232.777777777797 
2.007497675519268 0.0 0.0 0.0 135.0 14232.777777777797 14232.777777777797 14232.777777777797 
3.007497675519268 0.0 0.0 0.0 135.0 14232.777777777797 14232.777777777797 14232.777777777797 
4.007497675519268 0.0 0.0 0.0 135.0 14232.777777777797 14232.777777777797 14232.777777777797 
5.007497675519268 0.0 0.0 0.0 135.0 14232.777777777797 14232.777777777797 14232.777777777797 
6.007497675519268 0.0 0.0 0.0 135.0 14232.777777777797 14232.777777777797 14232.777777777797 
7.007497675519268 0.0 0.0 0.0 135.0 14232.777777777797 14232.777777777797 14232.777777777797 
8.007497675519268 0.0 0.0 0.0 135.0 14232.777777777797 14232.777777777797 14232.777777777797 
9.007497675519268 0.0 0.0 0.0 135.0 14232.777777777797 14232.777777777797 14232.777777777797 
10.007497675519268 0.0 0.0 0.0 135.0 14232.777777777797 14232.777777777797 14232.777777777797 
11.007497675519268 0.0 0.0 0.0 135.0 14232.777777777797 14232.777777777797 14232.777777777797 
12.007497675519268 0.0 0.0 0.0 135.0 14232.777777777797 14232.777777777797 14232.777777777797 
13.007497675519268 0.0 0.0 0.0 135.0 14232.777777777797 14232.777777777797 14232.777777777797 
14.007497675519268 0.0 0.0 0.0 135.0 14232.777777777797 14232.777777777797 14232.777777777797 
15.007497675519268 0.0 0.0 0.0 135.0 14232.777777777797 14232.777777777797 14232.777777777797 
16.007497675519268 0.0 0.0 0.0 135.0 14232.777777777797 14232.777777777797 14232.777777777797 
17.007497675519268 0.0 0.0 0.0 135.0 14232.777777777797 14232.777777777797 14232.777777777797 
18.007497675519268 0.0 0.0 0.0 135.0 14232.777777777797 14232.777777777797 14232.777777777797 
19.007497675519268 0.0 0.0 0.0 135.0 14232.777777777797 14232.777777777797 14232.777777777797 
20.007497675519268 0.0 0.0 0.0 135.0 14232.777777777797 14232.777777777797 14232.777777777797 
21.007497675519268 0.0 0.0 0.0 135.0 14232.777777777797 14232.777777777797 14232.777777777797 
22.007497675519268 0.0 0.0 0.0 135.0 14232.777777777797 14232.777777777797 14232.777777777797 
23.007497675519268 0.0 0.0 0.0 135.0 14232.777777777797 14232.777777777797 14232.777777777797 
24.007497675519268 0.0 0.0 0.0 135.0 14232.777777777797 14232.777777777797 14232.777777777797 
25.007497675519268 0.0 0.0 0.0 135.0 14232.777777777797 14232.777777777797 14232.777777777797 
26.007497675519268 0.0 0.0 0.0 135.0 14232.777777777797 14232.777777777797 14232.777777777797 
27.007497675519268 0.0 0.0 0.0 135.0 14232.777777777797 14232.777777777797 14232.777777777797 
28.007497675519268 0.0 0.0 0.0 135.0 14232.777777777797 14232.777777777797 14232.777777777797 
29.007497675519268 0.0 0.0 0.0 135.0 14232.777777777797 14232.777777777797 14232.777777777797 
30.007497675519268 0.0 0.0 0.0 135.0 14232.777777777797 14232.777777777797 14232.777777777797 
31.007497675519268 0.0 0.0 0.0 135.0 14232.777777777797 14232.777777777797 14232.777777777797 
32.00749767551927 0.0 0.0 0.0 135.0 14232.777777777797 14232.777777777797 14232.777777777797 
33.00749767551927 0.0 0.0 1.0 135.0 14232.777777777797 14232.777777777797 14232.777777777797 
34.00749767551927 0.0 0.0 2.0 135.0 14232.465185185178 14229.651851851839 14232.777777777797 
35.00749767551927 0.0 0.0 3.0 135.0 14231.871259259242 14226.525925925918 14232.777777777797 
36.00749767551927 0.0 0.0 3.0 135.0 14231.024133333338 14223.400000000001 14232.777777777797 
37.00749767551927 0.0 0.0 3.0 135.0 14230.261720000008 14223.400000000001 14232.777777777797 
38.00749767551927 0.0 0.0 3.0 135.0 14229.575547999993 14223.400000000001 14232.777777777797 
39.00749767551927 0.0 0.0 3.0 134.0 14228.957993199972 14223.400000000001 14232.777777777797 
40.00749767551927 0.0 0.0 4.0 133.0 14228.402193880034 14223.400000000001 14232.777777777797 
41.00749767551927 0.0 0.0 4.0 132.0 14227.589381899383 14220.274074074052 14232.777777777797 
42.00749767551927 0.0 0.0 4.0 132.0 14226.85785111685 14220.274074074052 14232.777777777797 
43.00749767551927 0.0 0.0 4.0 132.0 14226.199473412578 14220.274074074052 14232.777777777797 
44.00749767551927 0.0 0.0 4.0 132.0 14225.60693347875 14220.274074074052 14232.777777777797 
45.00749767551927 0.0 0.0 4.0 132.0 14225.073647538275 14220.274074074052 14232.777777777797 
46.00749767551927 0.0 0.0 4.0 131.0 14224.593690191849 14220.274074074052 14232.777777777797 
47.00749767551927 0.0 0.0 4.0 131.0 14224.161728580078 14220.274074074052 14232.777777777797 
48.00749767551927 0.0 0.0 5.0 131.0 14223.772963129497 14220.274074074052 14232.777777777797 
49.00749767551927 0.0 0.0 5.0 131.0 14223.11048163135 14217.14814814815 14232.777777777797 
50.00749767551927 0.0 0.0 5.0 131.0 14222.514248283027 14217.14814814815 14232.777777777797 
51.00749767551927 0.0 0.0 5.0 131.0 14221.977638269533 14217.14814814815 14232.777777777797 
52.00749767551927 0.0 0.0 5.0 131.0 14221.494689257424 14217.14814814815 14232.777777777797 
53.00749767551927 0.0 0.0 5.0 131.0 14221.060035146482 14217.14814814815 14232.777777777797 
54.00749767551927 0.0 0.0 5.0 130.0 14220.668846446646 14217.14814814815 14232.777777777797 
55.00749767551927 0.0 0.0 5.0 130.0 14220.316776616794 14217.14814814815 14232.777777777797 
56.00749767551927 0.0 0.0 5.0 130.0 14219.999913769927 14217.14814814815 14232.777777777797 
57.00749767551927 0.0 0.0 5.0 130.0 14219.714737207732 14217.14814814815 14232.777777777797 
58.00749767551927 0.0 0.0 5.0 130.0 14219.458078301814 14217.14814814815 14232.777777777797 
59.00749767551927 0.0 0.0 5.0 130.0 14219.227085286424 14217.14814814815 14232.777777777797 
60.00749767551927 0.0 0.0 6.0 130.0 14219.019191572597 14217.14814814815 14232.777777777797 
61.00749767551927 0.0 0.0 7.0 130.0 14218.83208723014 14217.14814814815 14232.777777777797 
62.00749767551927 0.0 0.0 7.0 130.0 14216.589619247887 14196.407407407401 14232.777777777797 
63.00749767551927 0.0 0.0 7.0 130.0 14214.57139806385 14196.407407407401 14232.777777777797 
64.00749767551926 0.0 0.0 7.0 130.0 14212.754998998198 14196.407407407401 14232.777777777797 
65.00749767551926 0.0 0.0 7.0 130.0 14211.120239839112 14196.407407407401 14232.777777777797 
66.00749767551926 0.0 0.0 7.0 130.0 14209.648956595953 14196.407407407401 14232.777777777797 
67.00749767551926 0.0 0.0 7.0 129.0 14208.324801677058 14196.407407407401 14232.777777777797 
68.00749767551926 0.0 0.0 7.0 129.0 14207.133062250117 14196.407407407401 14232.777777777797 
69.00749767551926 0.0 0.0 8.0 129.0 14206.06049676583 14196.407407407401 14232.777777777797 
70.00749767551926 0.0 0.0 9.0 129.0 14204.782595237415 14193.281481481483 14232.777777777797 
71.00749767551926 0.0 0.0 9.0 129.0 14203.319891269222 14190.155555555531 14232.777777777797 
72.00749767551926 0.0 0.0 9.0 129.0 14202.003457697887 14190.155555555531 14232.777777777797 
73.00749767551926 0.0 0.0 9.0 129.0 14200.818667483643 14190.155555555531 14232.777777777797 
74.00749767551926 0.0 0.0 9.0 129.0 14199.752356290819 14190.155555555531 14232.777777777797 
75.00749767551926 0.0 0.0 9.0 128.0 14198.792676217294 14190.155555555531 14232.777777777797 
76.00749767551926 0.0 0.0 10.0 127.0 14197.928964151148 14190.155555555531 14232.777777777797 
77.00749767551926 0.0 0.0 10.0 127.0 14196.839030698977 14187.029629629666 14232.777777777797 
78.00749767551926 0.0 0.0 10.0 127.0 14195.858090592017 14187.029629629666 14232.777777777797 
79.00749767551926 0.0 0.0 10.0 127.0 14194.975244495807 14187.029629629666 14232.777777777797 
80.00749767551926 0.0 0.0 10.0 127.0 14194.180683009183 14187.029629629666 14232.777777777797 
81.00749767551926 0.0 0.0 10.0 127.0 14193.465577671228 14187.029629629666 14232.777777777797 
82.00749767551926 0.0 0.0 10.0 126.0 14192.821982867054 14187.029629629666 14232.777777777797 
83.00749767551926 0.0 0.0 10.0 126.0 14192.24274754329 14187.029629629666 14232.777777777797 
84.00749767551926 0.0 0.0 10.0 126.0 14191.721435751931 14187.029629629666 14232.777777777797 
85.00749767551926 0.0 0.0 10.0 126.0 14191.25225513972 14187.029629629666 14232.777777777797 
86.00749767551926 0.0 0.0 10.0 126.0 14190.82999258872 14187.029629629666 14232.777777777797 
87.00749767551926 0.0 0.0 10.0 126.0 14190.449956292829 14187.029629629666 14232.777777777797 
88.00749767551926 0.0 0.0 11.0 126.0 14190.10792362651 14187.029629629666 14232.777777777797 
89.00749767551926 0.0 0.0 11.0 126.0 14189.487501634208 14183.903703703707 14232.777777777797 
90.00749767551926 0.0 0.0 11.0 126.0 14188.929121841133 14183.903703703707 14232.777777777797 
91.00749767551926 0.0 0.0 11.0 126.0 14188.426580027397 14183.903703703707 14232.777777777797 
92.00749767551926 0.0 0.0 11.0 126.0 14187.974292395049 14183.903703703707 14232.777777777797 
93.00749767551926 0.0 0.0 11.0 126.0 14187.567233525904 14183.903703703707 14232.777777777797 
94.00749767551926 0.0 0.0 11.0 125.0 14187.200880543676 14183.903703703707 14232.777777777797 
95.00749767551926 0.0 0.0 11.0 125.0 14186.871162859668 14183.903703703707 14232.777777777797 
96.00749767551926 0.0 0.0 11.0 125.0 14186.574416944106 14183.903703703707 14232.777777777797 
97.00749767551926 0.0 0.0 11.0 125.0 14186.307345620056 14183.903703703707 14232.777777777797 
98.00749767551926 0.0 0.0 11.0 125.0 14186.066981428425 14183.903703703707 14232.777777777797 
99.00749767551926 0.0 0.0 11.0 125.0 14185.85065365593 14183.903703703707 14232.777777777797 
100.00749767551926 0.0 0.0 11.0 125.0 14185.65595866072 14183.903703703707 14232.777777777797 
101.00749767551926 0.0 0.0 11.0 125.0 14185.480733165004 14183.903703703707 14232.777777777797 
102.00749767551926 0.0 0.0 11.0 125.0 14185.323030218888 14183.903703703707 14232.777777777797 
103.00749767551926 0.0 0.0 11.0 125.0 14185.1810975674 14183.903703703707 14232.777777777797 
104.00749767551926 0.0 0.0 11.0 125.0 14185.053358181001 14183.903703703707 14232.777777777797 
105.00749767551926 0.0 0.0 11.0 125.0 14184.9383927333 14183.903703703707 14232.777777777797 
106.00749767551926 0.0 0.0 11.0 125.0 14184.834923830298 14183.903703703707 14232.777777777797 
107.00749767551926 0.0 0.0 11.0 125.0 14184.741801817645 14183.903703703707 14232.777777777797 
108.00749767551926 0.0 0.0 11.0 125.0 14184.657992006247 14183.903703703707 14232.777777777797 
109.00749767551926 0.0 0.0 11.0 125.0 14184.582563175976 14183.903703703707 14232.777777777797 
110.00749767551926 0.0 0.0 11.0 125.0 14184.514677228772 14183.903703703707 14232.777777777797 
111.00749767551926 0.0 0.0 11.0 125.0 14184.453579876274 14183.903703703707 14232.777777777797 
112.00749767551926 0.0 0.0 11.0 125.0 14184.398592258996 14183.903703703707 14232.777777777797 
113.00749767551926 0.0 0.0 11.0 125.0 14184.349103403461 14183.903703703707 14232.777777777797 
114.00749767551926 0.0 0.0 11.0 125.0 14184.30456343351 14183.903703703707 14232.777777777797 
115.00749767551926 0.0 0.0 11.0 125.0 14184.264477460534 14183.903703703707 14232.777777777797 
116.00749767551926 0.0 0.0 11.0 125.0 14184.228400084812 14183.903703703707 14232.777777777797 
117.00749767551926 0.0 0.0 11.0 125.0 14184.195930446725 14183.903703703707 14232.777777777797 
118.00749767551926 0.0 0.0 11.0 125.0 14184.16670777242 14183.903703703707 14232.777777777797 
119.00749767551926 0.0 0.0 11.0 125.0 14184.14040736557 14183.903703703707 14232.777777777797 
120.00749767551926 0.0 0.0 11.0 125.0 14184.116736999355 14183.903703703707 14232.777777777797 
121.00749767551926 0.0 0.0 11.0 125.0 14184.09543366981 14183.903703703707 14232.777777777797 
122.00749767551926 0.0 0.0 11.0 125.0 14184.076260673191 14183.903703703707 14232.777777777797 
123.00749767551926 0.0 0.0 11.0 125.0 14184.059004976232 14183.903703703707 14232.777777777797 
124.00749767551926 1.0 0.0 10.0 125.0 14184.043474848986 14183.903703703707 14232.777777777797 
125.00749767551926 1.0 0.0 10.0 125.0 14185.790979215935 14201.518518518522 14232.777777777797 
126.00749767551926 1.0 0.0 10.0 125.0 14187.363733146198 14201.518518518522 14232.777777777797 
127.00749767551926 1.0 0.0 10.0 125.0 14188.779211683428 14201.518518518522 14232.777777777797 
128.00749767551926 1.0 0.0 10.0 125.0 14190.053142366945 14201.518518518522 14232.777777777797 
129.00749767551926 1.0 0.0 10.0 125.0 14191.19967998207 14201.518518518522 14232.777777777797 
130.00749767551926 1.0 0.0 10.0 125.0 14192.231563835745 14201.518518518522 14232.777777777797 
131.00749767551926 1.0 0.0 10.0 125.0 14193.160259304017 14201.518518518522 14232.777777777797 
132.00749767551926 1.0 0.0 10.0 125.0 14193.996085225472 14201.518518518522 14232.777777777797 
133.00749767551926 1.0 0.0 10.0 125.0 14194.748328554779 14201.518518518522 14232.777777777797 
134.00749767551926 1.0 0.0 10.0 125.0 14195.425347551147 14201.518518518522 14232.777777777797 
135.00749767551926 1.0 0.0 10.0 125.0 14196.034664647881 14201.518518518522 14232.777777777797 
136.00749767551926 1.0 0.0 10.0 125.0 14196.583050034955 14201.518518518522 14232.777777777797 
137.00749767551926 1.0 0.0 11.0 125.0 14197.076596883278 14201.518518518522 14232.777777777797 
138.00749767551926 1.0 0.0 11.0 125.0 14197.208196454247 14198.392592592572 14232.777777777797 
139.00749767551926 1.0 0.0 12.0 125.0 14197.32663606808 14198.392592592572 14232.777777777797 
140.00749767551926 1.0 0.0 13.0 125.0 14197.121379868666 14195.274074074052 14232.777777777797 
141.00749767551926 1.0 0.0 14.0 124.0 14196.624056696597 14192.14814814815 14232.777777777797 
142.00749767551926 1.0 0.0 14.0 124.0 14196.176465841769 14192.14814814815 14232.777777777797 
143.00749767551926 1.0 0.0 15.0 124.0 14194.012152590927 14174.533333333318 14232.777777777797 
144.00749767551926 1.0 0.0 16.0 124.0 14192.064270665165 14174.533333333318 14232.777777777797 
145.00749767551926 1.0 0.0 16.0 124.0 14188.550436191232 14156.92592592593 14232.777777777797 
146.00749767551926 1.0 0.0 16.0 124.0 14183.627244423964 14139.318518518547 14232.777777777797 
147.00749767551926 1.0 0.0 17.0 124.0 14179.19637183343 14139.318518518547 14232.777777777797 
148.00749767551926 1.0 0.0 18.0 124.0 14174.89599390935 14136.19259259259 14232.777777777797 
149.00749767551926 1.0 0.0 18.0 124.0 14170.71380192584 14133.074074074071 14232.777777777797 
150.00749767551926 1.0 0.0 18.0 123.0 14166.949829140623 14133.074074074071 14232.777777777797 
151.00749767551926 1.0 0.0 18.0 123.0 14163.562253633985 14133.074074074071 14232.777777777797 
152.00749767551926 1.0 0.0 18.0 120.0 14160.513435677993 14133.074074074071 14232.777777777797 
153.00749767551926 1.0 0.0 19.0 113.0 14157.769499517595 14133.074074074071 14232.777777777797 
154.00749767551926 1.0 0.0 19.0 120.0 14154.988105121398 14129.95555555556 14232.777777777797 
155.00749767551926 1.0 0.0 20.0 113.0 14150.723368683317 14112.340740740723 14232.777777777797 
156.00749767551926 1.0 0.0 21.0 120.0 14146.885105889083 14112.340740740723 14232.777777777797 
157.00749767551926 1.0 0.0 22.0 112.0 14141.66992863349 14094.733333333343 14232.777777777797 
158.00749767551926 1.0 0.0 22.0 120.0 14135.738491325692 14082.355555555561 14232.777777777797 
159.00749767551926 1.0 0.0 24.0 112.0 14126.877975526455 14047.13333333335 14232.777777777797 
160.00749767551926 1.0 0.0 26.0 120.0 14117.665733529366 14034.755555555561 14232.777777777797 
161.00749767551926 1.0 0.0 27.0 109.0 14105.539900917176 13996.407407407401 14232.777777777797 
162.00749767551926 1.0 0.0 27.0 113.0 14090.39109601064 13954.05185185184 14232.777777777797 
163.00749767551926 1.0 0.0 28.0 120.0 14067.951245668857 13865.992592592598 14232.777777777797 
164.00749767551926 1.0 0.0 29.0 112.0 14047.755380361223 13865.992592592598 14232.777777777797 
165.00749767551926 1.0 0.0 31.0 123.0 14026.05687936215 13830.770370370361 14232.777777777797 
166.0006167540193 1.0 0.0 33.0 122.0 14003.006746981451 13795.555555555584 14232.777777777797 
167.00749767551926 1.0 0.0 34.0 122.0 13982.261627838896 13795.555555555584 14232.777777777797 
168.00749767551926 2.0 0.0 34.0 122.0 13960.068057647588 13760.325925925896 14232.777777777797 
169.00749767551926 3.0 0.0 34.0 122.0 13938.64569632725 13745.844444444467 14232.777777777797 
170.00749767551926 3.0 0.0 36.0 119.0 13919.36557113898 13745.844444444467 14232.777777777797 
171.00749767551926 3.0 0.0 42.0 111.0 13899.940125136221 13725.111111111119 14232.777777777797 
172.00749767551926 3.0 0.0 46.0 119.0 13879.75944595593 13698.133333333348 14232.777777777797 
173.00749767551926 3.0 0.0 50.0 110.0 13857.450168026991 13656.66666666667 14232.777777777797 
174.00749767551926 3.0 0.0 50.0 117.0 13831.463669742798 13597.585185185197 14232.777777777797 
175.00749767551926 3.0 0.0 51.0 107.0 13806.31433980557 13579.970370370334 14232.777777777797 
176.00749767551926 3.0 0.0 54.0 117.0 13783.679942862047 13579.970370370334 14232.777777777797 
177.00749767551926 4.0 0.0 55.0 108.0 13759.786763390655 13544.748148148132 14232.777777777797 
178.00749767551926 5.0 0.0 56.0 117.0 13734.760679644183 13509.525925925918 14232.777777777797 
179.00749767551926 5.0 0.0 58.0 105.0 13710.476463531622 13491.918518518494 14232.777777777797 
180.00749767551926 5.0 0.0 60.0 108.0 13685.622150511783 13461.933333333322 14232.777777777797 
181.00749767551926 5.0 0.0 62.0 117.0 13661.491787312467 13444.318518518547 14232.777777777797 
182.00749767551926 5.0 0.0 64.0 105.0 13630.970756729357 13356.281481481476 14232.777777777797 
183.00749767551926 6.0 0.0 68.0 105.0 13603.50182920456 13356.281481481476 14232.777777777797 
184.00749767551926 6.0 0.0 70.0 90.0 13571.73460924708 13285.82962962964 14232.777777777797 
185.00749767551926 7.0 0.0 70.0 111.0 13538.90855572978 13243.474074074082 14232.777777777797 
186.00749767551926 7.0 0.0 70.0 96.0 13484.399181638286 12993.814814814805 14232.777777777797 
187.00749767551926 8.0 0.0 73.0 98.0 13431.506670881863 12955.474074074082 14232.777777777797 
188.00749767551926 8.0 0.0 74.0 96.0 13383.903411201081 12955.474074074082 14232.777777777797 
189.00749767551926 8.0 0.0 76.0 98.0 13331.54195896986 12860.288888888881 14232.777777777797 
190.00749767551926 10.0 0.0 77.0 106.0 13282.6551704803 12842.674074074104 14232.777777777797 
191.00749767551926 10.0 0.0 80.0 98.0 13238.657060839649 12842.674074074104 14232.777777777797 
192.00749767551926 11.0 0.0 80.0 95.0 13194.299502903856 12795.081481481504 14232.777777777797 
193.00749767551926 11.0 0.0 85.0 86.0 13150.855478539403 12759.859259259243 14232.777777777797 
194.00749767551926 11.0 0.0 88.0 89.0 13108.233634389153 12724.637037037028 14232.777777777797 
195.00749767551926 11.0 0.0 90.0 90.0 13042.744345024306 12453.340740740723 14232.777777777797 
196.00749767551926 11.0 0.0 93.0 99.0 12976.045466077441 12375.755555555546 14232.777777777797 
197.00749767551926 11.0 0.0 97.0 78.0 12907.736475025229 12292.955555555574 14232.777777777797 
198.00749767551926 11.0 0.0 99.0 86.0 12842.022827522724 12250.600000000015 14232.777777777797 
199.00749767551926 11.0 0.0 103.0 105.0 12779.87091514082 12220.50370370368 14232.777777777797 
200.00749767551926 11.0 0.0 104.0 96.0 12713.890490293414 12120.066666666677 14232.777777777797 
201.00749767551926 11.0 0.0 106.0 86.0 12646.226626449245 12037.251851851868 14232.777777777797 
202.00749767551926 11.0 0.0 107.0 105.0 12558.915815656177 11773.11851851852 14232.777777777797 
203.00749767551926 11.0 0.0 113.0 86.0 12479.099048905362 11760.748148148134 14232.777777777797 
204.00749767551926 11.0 0.0 116.0 84.0 12400.329144014826 11691.399999999983 14232.777777777797 
205.00749767551926 12.0 0.0 117.0 87.0 12327.674748131865 11673.785185185203 14232.777777777797 
206.00749767551926 12.0 0.0 123.0 96.0 12256.288754800149 11613.814814814803 14232.777777777797 
207.00749767551926 12.0 2.0 127.0 71.0 12183.236175616426 11525.76296296296 14232.777777777797 
208.00749767551926 12.0 2.0 130.0 83.0 12110.465150647377 11455.525925925918 14232.777777777797 
209.00749767551926 13.0 4.0 132.0 67.0 12040.946783730815 11415.281481481463 14232.777777777797 
210.00749767551926 15.0 5.0 134.0 102.0 11973.93358683919 11370.814814814803 14232.777777777797 
211.00749767551926 16.0 5.0 138.0 80.0 11907.102450377497 11305.622222222199 14232.777777777797 
212.00749767551926 16.0 5.0 139.0 73.0 11841.481094228631 11250.8888888889 14232.777777777797 
213.00749767551926 18.0 5.0 141.0 73.0 11779.42409591688 11220.91111111114 14232.777777777797 
214.00749767551926 18.0 5.0 143.0 73.0 11718.289093732616 11168.074074074086 14232.777777777797 
215.00749767551926 21.0 5.0 142.0 79.0 11661.506851026026 11150.46666666666 14232.777777777797 
216.00749767551926 21.0 5.0 143.0 62.0 11582.843573330834 10874.874074074063 14232.777777777797 
217.00749767551926 22.0 5.0 144.0 70.0 11512.046623405138 10874.874074074063 14232.777777777797 
218.00749767551926 22.0 5.0 148.0 61.0 11446.779738842419 10859.3777777778 14232.777777777797 
219.00749767551926 22.0 6.0 151.0 74.0 11383.803987180407 10817.02222222224 14232.777777777797 
220.00749767551926 23.0 7.0 154.0 80.0 11306.314699573475 10608.91111111114 14232.777777777797 
221.00749767551926 24.0 8.0 156.0 70.0 11234.813599986486 10591.303703703716 14232.777777777797 
222.00749767551926 24.0 10.0 158.0 61.0 11164.988536284125 10536.56296296294 14232.777777777797 
223.00749767551926 24.0 12.0 159.0 85.0 11099.14820117425 10506.58518518518 14232.777777777797 
224.00749767551926 24.0 12.0 161.0 70.0 11035.132640316087 10458.99259259258 14232.777777777797 
225.00749767551926 25.0 13.0 162.0 62.0 10976.28085776596 10446.614814814839 14232.777777777797 
226.00749767551926 28.0 16.0 161.0 70.0 10919.077957174552 10404.251851851865 14232.777777777797 
227.00749767551926 28.0 17.0 166.0 52.0 10869.880531827459 10427.103703703684 14232.777777777797 
228.00749767551926 28.0 19.0 170.0 59.0 10822.081367533583 10391.8888888889 14232.777777777797 
229.00749767551926 31.0 20.0 169.0 52.0 10745.41249003951 10055.39259259258 14232.777777777797 
230.00749767551926 31.0 20.0 172.0 79.0 10672.174944739267 10013.037037037022 14232.777777777797 
231.00749767551926 31.0 20.0 174.0 56.0 10597.455968783861 9924.985185185164 14232.777777777797 
232.00749767551926 33.0 22.0 175.0 61.0 10525.449631164707 9877.39259259258 14232.777777777797 
233.00749767551926 33.0 22.0 177.0 86.0 10454.87874212232 9819.740740740723 14232.777777777797 
234.00749767551926 35.0 22.0 179.0 67.0 10389.814571613797 9804.23703703704 14232.777777777797 
235.00749767551926 35.0 22.0 180.0 59.0 10324.858299637608 9740.251851851863 14232.777777777797 
236.00749767551926 36.0 23.0 182.0 38.0 10232.938395599782 9405.659259259275 14232.777777777797 
237.00749767551926 37.0 24.0 182.0 67.0 10149.496407891653 9398.518518518504 14232.777777777797 
238.00749767551926 38.0 25.0 184.0 57.0 10073.684544880249 9391.377777777796 14232.777777777797 
239.00749767551926 39.0 25.0 186.0 61.0 10002.456090392234 9361.399999999983 14232.777777777797 
240.00749767551926 41.0 26.0 185.0 35.0 9923.024555427071 9208.140740740755 14232.777777777797 
241.00749767551926 45.0 26.0 181.0 44.0 9850.822099884366 9201.0 14232.777777777797 
242.00749767551926 45.0 31.0 185.0 52.0 9770.97766767371 9052.377777777794 14232.777777777797 
243.00749767551926 45.0 32.0 188.0 39.0 9692.407308313745 8985.274074074063 14232.777777777797 
244.00749767551926 46.0 33.0 188.0 40.0 9596.851021926816 8736.844444444456 14232.777777777797 
245.00749767551926 48.0 33.0 189.0 62.0 9487.860734548942 8506.94814814816 14232.777777777797 
246.00749767551926 48.0 33.0 190.0 35.0 9389.57984627925 8505.05185185184 14232.777777777797 
247.00749767551926 49.0 33.0 193.0 37.0 9298.641120910585 8480.192592592599 14232.777777777797 
248.00749767551926 50.0 34.0 195.0 39.0 9189.165156967665 8203.88148148148 14232.777777777797 
249.00749767551926 50.0 34.0 200.0 59.0 9088.68567830794 8184.370370370373 14232.777777777797 
250.00749767551926 50.0 36.0 201.0 32.0 8989.558591958637 8097.41481481482 14232.777777777797 
251.00461554013722 51.0 40.0 204.0 33.0 8898.393103133127 8077.903703703711 14232.777777777797 
252.00749767551926 51.0 41.0 206.0 53.0 8797.246385412416 7886.925925925928 14232.777777777797 
253.00749767551926 51.0 41.0 207.0 36.0 8700.238043167465 7827.162962962947 14232.777777777797 
254.00749767551926 52.0 44.0 210.0 39.0 8606.74238699887 7765.281481481467 14232.777777777797 
255.00749767551926 53.0 46.0 210.0 31.0 8517.4229631138 7713.54814814815 14232.777777777797 
256.0074976755193 53.0 47.0 212.0 40.0 8435.08511124686 7694.044444444427 14232.777777777797 
257.0074976755193 56.0 48.0 211.0 38.0 8355.40548901106 7638.288888888882 14232.777777777797 
258.0074976755193 58.0 51.0 213.0 22.0 8282.544199369218 7626.792592592602 14232.777777777797 
259.0074976755193 59.0 55.0 216.0 19.0 8213.065334987858 7587.7555555555455 14232.777777777797 
260.0074976755193 59.0 56.0 216.0 30.0 8139.969171859437 7482.103703703688 14232.777777777797 
261.0074976755193 62.0 57.0 215.0 27.0 8074.8974398586815 7489.251851851848 14232.777777777797 
262.0074976755193 63.0 59.0 219.0 19.0 7989.932140317248 7225.2444444444545 14232.777777777797 
263.0074976755193 63.0 60.0 222.0 25.0 7912.726333692937 7217.874074074066 14232.777777777797 
264.0074976755193 64.0 63.0 224.0 13.0 7838.904070694016 7174.503703703704 14232.777777777797 
265.0074976755193 64.0 63.0 224.0 21.0 7769.887737698687 7148.740740740744 14232.777777777797 
266.0059707612763 65.0 66.0 224.0 36.0 7695.3871120769645 7024.88148148148 14232.777777777797 
267.0074976755193 66.0 67.0 228.0 17.0 7624.6121045729715 6987.637037037027 14232.777777777797 
268.0074976755193 68.0 70.0 227.0 13.0 7549.777560782342 6876.266666666666 14232.777777777797 
269.0074976755193 68.0 73.0 229.0 24.0 7483.664249148549 6888.6444444444405 14232.777777777797 
270.0074976755193 70.0 75.0 234.0 11.0 7414.834120529996 6795.362962962973 14232.777777777797 
271.0074976755193 72.0 76.0 234.0 22.0 7352.887004773289 6795.362962962973 14232.777777777797 
272.0074976755193 72.0 76.0 235.0 11.0 7290.94645244411 6733.481481481492 14232.777777777797 
273.0074976755193 72.0 79.0 237.0 12.0 7225.871807199696 6640.1999999999925 14232.777777777797 
274.0074976755193 72.0 81.0 238.0 27.0 7165.531293146403 6622.466666666662 14232.777777777797 
275.0074976755193 72.0 84.0 241.0 11.0 7106.767052720645 6577.888888888898 14232.777777777797 
276.0074976755193 73.0 85.0 246.0 5.0 7050.880717818947 6547.903703703697 14232.777777777797 
277.0074976755193 77.0 89.0 243.0 7.0 6993.15783122224 6473.651851851858 14232.777777777797 
278.0074976755193 78.0 90.0 245.0 16.0 6939.969455507429 6461.274074074083 14232.777777777797 
279.0074976755193 78.0 93.0 247.0 28.0 6860.448806252981 6144.762962962959 14232.777777777797 
280.0074976755193 78.0 93.0 250.0 10.0 6776.554295998049 6021.50370370371 14232.777777777797 
281.0074976755193 78.0 93.0 253.0 8.0 6702.28627380565 6033.874074074068 14232.777777777797 
282.0074976755193 79.0 94.0 254.0 18.0 6636.682831610278 6046.25185185184 14232.777777777797 
283.0074976755193 79.0 96.0 254.0 14.0 6577.639733634435 6046.25185185184 14232.777777777797 
284.0074976755193 81.0 97.0 258.0 15.0 6493.5631676783905 5736.8740740740695 14232.777777777797 
285.0074976755193 83.0 99.0 262.0 3.0 6414.705369429073 5704.985185185173 14232.777777777797 
286.0074976755193 84.0 103.0 264.0 11.0 6324.457054708391 5512.222222222214 14232.777777777797 
287.0074976755193 86.0 105.0 268.0 16.0 6229.620978867184 5376.096296296299 14232.777777777797 
288.0074976755193 87.0 105.0 270.0 10.0 6147.267029128608 5406.081481481472 14232.777777777797 
289.0074976755193 87.0 109.0 273.0 14.0 6068.1981039935245 5356.577777777772 14232.777777777797 
290.0003384119728 90.0 110.0 274.0 17.0 5977.66570100158 5162.874074074072 14232.777777777797 
291.0074976755193 91.0 112.0 275.0 6.0 5806.896908679202 4269.977777777785 14232.777777777797 
292.0074976755193 93.0 114.0 278.0 5.0 5655.680551144612 4294.733333333331 14232.777777777797 
293.0074976755193 94.0 114.0 277.0 10.0 5520.823607141264 4307.111111111105 14232.777777777797 
294.0074976755193 96.0 115.0 281.0 22.0 5401.213098278992 4324.718518518519 14232.777777777797 
295.0074976755193 97.0 116.0 283.0 4.0 5279.3266032659085 4182.348148148144 14232.777777777797 
296.0074976755193 100.0 118.0 281.0 0.0 5167.676905902278 4162.829629629635 14232.777777777797 
297.0074976755193 100.0 122.0 285.0 33.0 5070.714400497233 4198.051851851846 14232.777777777797 
298.0074976755193 102.0 125.0 288.0 4.0 4986.445923410477 4228.029629629629 14232.777777777797 
299.0074976755193 104.0 128.0 292.0 7.0 4888.853182921279 4010.51851851852 14232.777777777797 
300.0074976755193 107.0 131.0 296.0 11.0 4802.780457221744 4028.1259259259227 14232.777777777797 
301.0074976755193 108.0 132.0 297.0 6.0 4724.268337425498 4017.6592592592574 14232.777777777797 
302.0074976755193 111.0 132.0 297.0 5.0 4654.844466645908 4030.02962962963 14232.777777777797 
303.0074976755193 111.0 134.0 300.0 21.0 4575.561501462798 3862.0148148148146 14232.777777777797 
304.0074976755193 112.0 137.0 304.0 1.0 4450.128314279482 3321.229629629627 14232.777777777797 
305.0074976755193 113.0 140.0 304.0 6.0 4340.759927295978 3356.444444444448 14232.777777777797 
306.0074976755193 117.0 142.0 302.0 4.0 4235.999490121938 3293.1555555555524 14232.777777777797 
307.0074976755193 119.0 145.0 302.0 17.0 4144.713615183818 3323.1407407407373 14232.777777777797 
308.0074976755193 120.0 148.0 305.0 15.0 4067.316327739511 3370.740740740743 14232.777777777797 
309.0074976755193 121.0 149.0 307.0 26.0 3979.5254357062977 3189.407407407406 14232.777777777797 
310.0074976755193 122.0 149.0 309.0 3.0 3894.7084476912246 3131.3555555555586 14232.777777777797 
311.0074976755193 122.0 151.0 310.0 3.0 3769.066491810993 2638.2888888888883 14232.777777777797 
312.0074976755193 123.0 155.0 312.0 10.0 3637.8546574447096 2456.948148148147 14232.777777777797 
313.0074976755193 124.0 157.0 312.0 13.0 3521.5247472557935 2474.555555555553 14232.777777777797 
314.0074976755193 126.0 157.0 312.0 6.0 3407.8322725302132 2384.599999999998 14232.777777777797 
315.0074976755193 126.0 160.0 314.0 3.0 3299.845341573487 2327.9629629629626 14232.777777777797 
316.0074976755193 127.0 163.0 317.0 4.0 3197.7074740828057 2278.4666666666685 14232.777777777797 
317.0074976755193 128.0 169.0 318.0 1.0 3109.304874822674 2313.68148148148 14232.777777777797 
318.0074976755193 131.0 173.0 320.0 1.0 3009.326239192258 2109.5185185185173 14232.777777777797 
319.0074976755193 131.0 175.0 323.0 12.0 2922.3432449026623 2139.4962962962945 14232.777777777797 
320.0074976755193 133.0 175.0 323.0 7.0 2845.819290782767 2157.103703703705 14232.777777777797 
321.0074976755193 136.0 177.0 324.0 10.0 2778.185509852637 2169.481481481483 14232.777777777797 
322.0074976755193 136.0 183.0 325.0 36.0 2717.3151070155227 2169.481481481483 14232.777777777797 
323.0074976755193 137.0 187.0 328.0 3.0 2661.7947074250806 2162.1111111111127 14232.777777777797 
324.0074976755193 139.0 191.0 327.0 1.0 2594.216718164055 1986.014814814815 14232.777777777797 
325.0074976755193 142.0 195.0 325.0 4.0 2531.6365278291296 1968.414814814815 14232.777777777797 
326.0074976755193 144.0 201.0 324.0 13.0 2479.5499120832546 2010.7703703703683 14232.777777777797 
327.0074976755193 147.0 205.0 324.0 17.0 2427.9015875415967 1963.0666666666675 14232.777777777797 
328.0074976755193 148.0 206.0 324.0 10.0 2384.939576935584 1998.2814814814813 14232.777777777797 
329.0074976755193 152.0 207.0 321.0 2.0 2348.0345081309147 2015.8888888888875 14232.777777777797 
330.0074976755193 154.0 210.0 322.0 2.0 2321.341427688193 2081.103703703705 14232.777777777797 
331.0074976755193 155.0 213.0 325.0 1.0 2275.04284047493 1858.3555555555552 14232.777777777797 
332.0074976755193 156.0 215.0 325.0 12.0 2236.371889760771 1888.3333333333328 14232.777777777797 
333.0074976755193 157.0 216.0 326.0 7.0 2206.850256340249 1941.1555555555565 14232.777777777797 
334.0074976755193 157.0 218.0 331.0 15.0 2182.554119595113 1963.8888888888875 14232.777777777797 
335.0074976755193 161.0 220.0 329.0 6.0 2160.687596524491 1963.8888888888875 14232.777777777797 
336.0074976755193 161.0 224.0 331.0 10.0 2142.7684665016714 1981.496296296295 14232.777777777797 
337.0074976755193 162.0 231.0 332.0 3.0 2126.641249481133 1981.496296296295 14232.777777777797 
338.0074976755193 163.0 235.0 334.0 1.0 2099.275643051539 1852.985185185185 14232.777777777797 
339.0074976755193 165.0 240.0 337.0 2.0 2053.5154861537935 1641.6740740740747 14232.777777777797 
340.0074976755193 167.0 242.0 336.0 2.0 2015.854307908784 1676.9037037037028 14232.777777777797 
341.0074976755193 169.0 246.0 337.0 6.0 1984.4348030438314 1701.6592592592597 14232.777777777797 
342.0074976755193 173.0 248.0 335.0 13.0 1956.469841257967 1704.7851851851842 14232.777777777797 
343.0074976755193 175.0 254.0 337.0 1.0 1930.7769312062444 1699.5407407407413 14232.777777777797 
344.0074976755193 179.0 256.0 335.0 2.0 1897.088126974509 1593.888888888888 14232.777777777797 
345.0074976755193 181.0 259.0 334.0 9.0 1876.287462425206 1689.0814814814821 14232.777777777797 
346.0074976755193 183.0 261.0 333.0 13.0 1857.566864330834 1689.0814814814821 14232.777777777797 
347.0074976755193 183.0 265.0 339.0 10.0 1839.7820297496023 1679.7185185185192 14232.777777777797 
348.0074976755193 187.0 266.0 336.0 4.0 1823.7756786264936 1679.7185185185192 14232.777777777797 
349.0074976755193 191.0 271.0 333.0 1.0 1796.5936663194002 1551.955555555555 14232.777777777797 
350.0074976755193 191.0 273.0 339.0 1.0 1778.6498552430162 1617.1555555555558 14232.777777777797 
351.0074976755193 191.0 276.0 340.0 18.0 1764.26116601501 1634.762962962962 14232.777777777797 
352.0074976755193 191.0 278.0 343.0 12.0 1751.3113457098054 1634.762962962962 14232.777777777797 
353.0074976755193 194.0 286.0 344.0 4.0 1740.8942852128996 1647.140740740741 14232.777777777797 
354.0062401148567 194.0 292.0 351.0 1.0 1713.156708543461 1463.5185185185187 14232.777777777797 
355.0074976755193 196.0 294.0 353.0 3.0 1688.1928895409674 1463.5185185185187 14232.777777777797 
356.0074976755193 198.0 297.0 355.0 3.0 1669.246933920204 1498.7333333333333 14232.777777777797 
357.0074976755193 198.0 301.0 357.0 9.0 1655.7170553429985 1533.9481481481475 14232.777777777797 
358.0074976755193 199.0 301.0 359.0 2.0 1631.726090549439 1415.8074074074077 14232.777777777797 
359.0074976755193 201.0 303.0 358.0 1.0 1599.5690370500506 1310.1555555555558 14232.777777777797 
360.0074976755193 202.0 307.0 357.0 2.0 1556.5402814931938 1169.2814814814815 14232.777777777797 
361.0074976755193 204.0 313.0 357.0 9.0 1517.8144014920229 1169.2814814814815 14232.777777777797 
362.0074976755193 205.0 319.0 360.0 7.0 1486.4825909724505 1204.4962962962964 14232.777777777797 
363.0074976755193 209.0 323.0 356.0 8.0 1458.2839615048347 1204.4962962962964 14232.777777777797 
364.0074976755193 210.0 328.0 355.0 1.0 1424.1000097987956 1116.4444444444443 14232.777777777797 
365.0074976755193 213.0 331.0 352.0 15.0 1395.095934744842 1134.0592592592593 14232.777777777797 
366.0074976755193 214.0 332.0 359.0 7.0 1374.7863412703578 1192.0 14232.777777777797 
367.0074976755193 214.0 335.0 361.0 9.0 1352.9862256618408 1156.7851851851854 14232.777777777797 
368.0074976755193 216.0 340.0 362.0 1.0 1336.8876030956567 1192.0 14232.777777777797 
369.0074976755193 217.0 342.0 364.0 1.0 1313.5943983416466 1103.9555555555555 14232.777777777797 
370.0074976755193 218.0 345.0 365.0 1.0 1292.6305140630375 1103.9555555555555 14232.777777777797 
371.0074976755193 219.0 348.0 369.0 8.0 1277.2844996937708 1139.1703703703704 14232.777777777797 
372.0074976755193 223.0 351.0 367.0 15.0 1263.4730867614307 1139.1703703703704 14232.777777777797 
373.0074976755193 224.0 355.0 371.0 5.0 1244.5109632704728 1073.8518518518517 14232.777777777797 
374.0074976755193 225.0 358.0 374.0 5.0 1227.445052128611 1073.8518518518517 14232.777777777797 
375.0074976755193 225.0 358.0 375.0 1.0 1203.2812876564906 985.8074074074077 14232.777777777797 
376.0074976755193 227.0 362.0 378.0 1.0 1181.5338996315822 985.8074074074077 14232.777777777797 
377.0074976755193 229.0 364.0 380.0 2.0 1163.7227318906462 1003.4222222222224 14232.777777777797 
378.0074976755193 230.0 366.0 384.0 11.0 1147.692680923804 1003.4222222222224 14232.777777777797 
379.0074976755193 234.0 368.0 380.0 10.0 1127.358968386979 944.3555555555554 14232.777777777797 
380.0074976755193 235.0 373.0 383.0 2.0 1112.2675159927257 976.4444444444441 14232.777777777797 
381.0074976755193 236.0 376.0 384.0 1.0 1093.4022458749346 923.6148148148148 14232.777777777797 
382.0074976755193 239.0 379.0 384.0 7.0 1072.9020212874411 888.3999999999996 14232.777777777797 
383.0074976755193 240.0 381.0 383.0 11.0 1053.2029302698081 875.9111111111108 14232.777777777797 
384.0074976755193 243.0 383.0 383.0 12.0 1035.4737483539384 875.9111111111108 14232.777777777797 
385.0074976755193 244.0 385.0 387.0 1.0 1021.2782253703964 893.5185185185187 14232.777777777797 
386.0074976755193 245.0 389.0 389.0 20.0 1008.5022546852088 893.5185185185187 14232.777777777797 
387.0074976755193 246.0 392.0 392.0 2.0 992.2335106981694 845.8148148148153 14232.777777777797 
388.0074976755193 247.0 394.0 393.0 1.0 979.3523818505747 863.4222222222221 14232.777777777797 
389.0074976755193 249.0 396.0 393.0 1.0 967.7593658877394 863.4222222222221 14232.777777777797 
390.0074976755193 252.0 401.0 394.0 10.0 959.0863922619286 881.0296296296299 14232.777777777797 
391.0074976755193 253.0 404.0 397.0 19.0 950.6562715542541 874.7851851851855 14232.777777777797 
392.0074976755193 259.0 410.0 398.0 6.0 944.8299036580879 892.3925925925926 14232.777777777797 
393.0074976755193 259.0 414.0 400.0 1.0 941.3469132922792 910.0 14232.777777777797 
394.00308729241175 260.0 417.0 403.0 9.0 938.2122219630514 910.0 14232.777777777797 
395.0074976755193 260.0 421.0 408.0 3.0 937.151740507487 927.6074074074073 14232.777777777797 
396.0074976755193 262.0 425.0 409.0 1.0 936.197307197479 927.6074074074073 14232.777777777797 
397.0074976755193 262.0 428.0 411.0 4.0 931.8168357369904 892.3925925925927 14232.777777777797 
398.0074976755193 265.0 434.0 409.0 4.0 929.6351521632914 910.0 14232.777777777797 
399.0074976755193 268.0 438.0 410.0 10.0 922.3894147247399 857.1777777777778 14232.777777777797 
400.0074976755193 268.0 445.0 413.0 19.0 915.8682510300438 857.1777777777778 14232.777777777797 
401.0074976755193 270.0 449.0 413.0 1.0 909.9992037048172 857.1777777777778 14232.777777777797 
402.0074976755193 271.0 451.0 416.0 2.0 901.1955796306319 821.9629629629627 14232.777777777797 
403.0074976755193 273.0 454.0 415.0 2.0 893.2723179638649 821.9629629629627 14232.777777777797 
404.0074976755193 273.0 454.0 416.0 2.0 882.6199009822933 786.7481481481482 14232.777777777797 
405.0074976755193 276.0 455.0 416.0 5.0 873.032725698879 786.7481481481482 14232.777777777797 
406.0074976755193 280.0 456.0 412.0 17.0 864.4042679438056 786.7481481481482 14232.777777777797 
407.0074976755193 281.0 456.0 412.0 1.0 855.0771744827587 771.1333333333328 14232.777777777797 
408.0074976755193 285.0 457.0 408.0 1.0 846.6827903678159 771.1333333333328 14232.777777777797 
409.0074976755193 286.0 457.0 408.0 6.0 839.127844664368 771.1333333333328 14232.777777777797 
410.0074976755193 287.0 457.0 407.0 3.0 832.3283935312644 771.1333333333328 14232.777777777797 
411.0074976755193 289.0 458.0 406.0 18.0 825.584443067027 764.8888888888883 14232.777777777797 
412.0074976755193 293.0 458.0 402.0 2.0 819.5148876492132 764.8888888888883 14232.777777777797 
413.0074976755193 294.0 458.0 401.0 1.0 815.2893248102176 777.2592592592594 14232.777777777797 
414.0074976755193 295.0 458.0 400.0 1.0 810.2374293662331 764.7703703703705 14232.777777777797 
415.0074976755193 298.0 458.0 397.0 11.0 805.6907234666467 764.7703703703705 14232.777777777797 
416.0074976755193 303.0 458.0 392.0 10.0 801.5986881570191 764.7703703703705 14232.777777777797 
417.0074976755193 306.0 458.0 389.0 12.0 796.979560082058 755.4074074074072 14232.777777777797 
418.0074976755193 306.0 458.0 389.0 5.0 793.3341966664448 760.5259259259261 14232.777777777797 
419.0074976755193 309.0 458.0 386.0 1.0 790.053369592393 760.5259259259261 14232.777777777797 
420.0074976755193 312.0 458.0 383.0 1.0 785.8517363368576 748.0370370370373 14232.777777777797 
421.0074976755193 314.0 458.0 381.0 1.0 785.5917478883568 783.2518518518518 14232.777777777797 
422.0074976755193 316.0 458.0 380.0 2.0 785.3577582847062 783.2518518518518 14232.777777777797 
423.0074976755193 317.0 458.0 379.0 1.0 784.624204678458 778.0222222222225 14232.777777777797 
424.0074976755193 320.0 458.0 376.0 1.0 780.4425249513529 742.8074074074077 14232.777777777797 
425.0074976755193 321.0 458.0 375.0 1.0 776.6790131969584 742.8074074074077 14232.777777777797 
426.0074976755193 322.0 458.0 374.0 14.0 773.2918526180032 742.8074074074077 14232.777777777797 
427.0074976755193 322.0 458.0 374.0 11.0 771.4804451339808 755.1777777777779 14232.777777777797 
428.0074976755193 324.0 458.0 372.0 4.0 771.0879561761384 767.5555555555559 14232.777777777797 
429.0074976755193 330.0 458.0 366.0 1.0 765.7850864844504 718.0592592592598 14232.777777777797 
430.0074976755193 332.0 458.0 364.0 19.0 761.0125037619313 718.0592592592598 14232.777777777797 
431.0074976755193 334.0 458.0 362.0 6.0 756.717179311664 718.0592592592598 14232.777777777797 
432.0074976755193 335.0 458.0 362.0 2.0 752.8513873064238 718.0592592592598 14232.777777777797 
433.0074976755193 339.0 458.0 359.0 3.0 748.1232856128182 705.5703703703705 14232.777777777797 
434.0074976755193 340.0 458.0 359.0 1.0 743.8679940885735 705.5703703703705 14232.777777777797 
435.0074976755193 344.0 458.0 355.0 20.0 740.0382317167534 705.5703703703705 14232.777777777797 
436.0074976755193 348.0 458.0 351.0 6.0 736.591445582115 705.5703703703705 14232.777777777797 
437.0074976755193 348.0 458.0 351.0 1.0 733.4893380609404 705.5703703703705 14232.777777777797 
438.0074976755193 349.0 458.0 350.0 8.0 730.6974412918836 705.5703703703705 14232.777777777797 
439.0074976755193 350.0 458.0 349.0 2.0 728.1847341997324 705.5703703703705 14232.777777777797 
440.0074976755193 350.0 458.0 349.0 1.0 725.9232978167961 705.5703703703705 14232.777777777797 
441.0074976755193 353.0 458.0 346.0 4.0 722.6391161832645 693.0814814814817 14232.777777777797 
442.0074976755193 356.0 458.0 343.0 3.0 719.6833527130863 693.0814814814817 14232.777777777797 
443.0074976755193 357.0 458.0 342.0 27.0 717.0231655899258 693.0814814814817 14232.777777777797 
444.0074976755193 358.0 458.0 341.0 4.0 714.6289971790814 693.0814814814817 14232.777777777797 
445.0074976755193 358.0 458.0 341.0 2.0 711.2253567204325 680.5925925925926 14232.777777777797 
446.0074976755193 358.0 458.0 342.0 1.0 708.1620803076487 680.5925925925926 14232.777777777797 
447.0074976755193 359.0 458.0 341.0 24.0 705.4051315361429 680.5925925925926 14232.777777777797 
448.0074976755193 362.0 458.0 338.0 2.0 702.923877641788 680.5925925925926 14232.777777777797 
449.0074976755193 366.0 458.0 334.0 5.0 702.4514898776091 698.1999999999998 14232.777777777797 
450.0074976755193 368.0 458.0 333.0 10.0 702.0263408898483 698.1999999999998 14232.777777777797 
451.0074976755193 371.0 458.0 330.0 1.0 701.331114208271 695.074074074074 14232.777777777797 
452.0074976755193 372.0 458.0 329.0 1.0 699.769113898555 685.711111111111 14232.777777777797 
453.0074976755193 372.0 458.0 329.0 4.0 698.3633136198106 685.711111111111 14232.777777777797 
454.0074976755193 375.0 458.0 326.0 17.0 697.0980933689406 685.711111111111 14232.777777777797 
455.0074976755193 378.0 458.0 323.0 9.0 696.7838395876022 693.9555555555553 14232.777777777797 
456.0074976755193 378.0 458.0 323.0 9.0 696.5010111843975 693.9555555555553 14232.777777777797 
457.0074976755193 378.0 458.0 323.0 1.0 696.2464656215134 693.9555555555553 14232.777777777797 
458.0074976755193 379.0 458.0 322.0 1.0 692.4958931334361 658.7407407407406 14232.777777777797 
459.0074976755193 382.0 458.0 319.0 1.0 689.1203778941665 658.7407407407406 14232.777777777797 
460.0074976755193 384.0 458.0 317.0 1.0 686.082414178824 658.7407407407406 14232.777777777797 
461.0074976755193 384.0 458.0 317.0 22.0 683.3482468350156 658.7407407407406 14232.777777777797 
462.0074976755193 386.0 458.0 315.0 2.0 680.8874962255882 658.7407407407406 14232.777777777797 
463.0074976755193 386.0 458.0 315.0 14.0 678.6728206771035 658.7407407407406 14232.777777777797 
464.0074976755193 387.0 458.0 314.0 1.0 676.6796126834672 658.7407407407406 14232.777777777797 
465.0074976755193 390.0 458.0 311.0 1.0 673.6368366003056 646.2518518518518 14232.777777777797 
466.0074976755193 391.0 458.0 310.0 3.0 670.8983381254603 646.2518518518518 14232.777777777797 
467.0074976755193 392.0 458.0 309.0 8.0 668.4336894980997 646.2518518518518 14232.777777777797 
468.0074976755193 393.0 458.0 308.0 10.0 664.9666168445858 633.7629629629631 14232.777777777797 
469.0074976755193 394.0 458.0 307.0 4.0 661.8462514564236 633.7629629629631 14232.777777777797 
470.0074976755193 395.0 458.0 306.0 1.0 659.0260707552256 633.6444444444444 14232.777777777797 
471.0074976755193 396.0 458.0 305.0 1.0 656.4879081241475 633.6444444444444 14232.777777777797 
472.0074976755193 399.0 458.0 302.0 16.0 654.2035617561772 633.6444444444444 14232.777777777797 
473.0074976755193 402.0 458.0 299.0 10.0 650.8987611361151 621.1555555555557 14232.777777777797 
474.0074976755193 403.0 458.0 298.0 3.0 647.2999961336149 614.9111111111112 14232.777777777797 
475.0074976755193 404.0 458.0 297.0 1.0 644.0611076313643 614.9111111111112 14232.777777777797 
476.0074976755193 404.0 458.0 297.0 1.0 640.209070942302 605.540740740741 14232.777777777797 
477.0074976755193 408.0 458.0 293.0 5.0 636.7422379221459 605.540740740741 14232.777777777797 
478.0074976755193 408.0 458.0 293.0 16.0 633.3102363521537 602.4222222222223 14232.777777777797 
479.0074976755193 411.0 458.0 290.0 6.0 630.2214349391604 602.4222222222223 14232.777777777797 
480.0074976755193 412.0 458.0 289.0 1.0 631.1541062600593 639.5481481481484 14232.777777777797 
481.0074976755193 413.0 458.0 288.0 1.0 631.3690660044238 633.3037037037041 14232.777777777797 
482.0074976755193 415.0 458.0 286.0 8.0 630.9380853299073 627.0592592592596 14232.777777777797 
483.0074976755193 417.0 458.0 284.0 3.0 631.7872397598796 639.4296296296297 14232.777777777797 
484.0074976755193 419.0 458.0 282.0 1.0 630.0766639320398 614.6814814814817 14232.777777777797 
485.0074976755193 422.0 458.0 279.0 1.0 628.537145686984 614.6814814814817 14232.777777777797 
486.0074976755193 423.0 458.0 278.0 1.0 627.1515792664337 614.6814814814817 14232.777777777797 
487.0074976755193 425.0 458.0 276.0 1.0 622.1927176360866 577.5629629629634 14232.777777777797 
488.0074976755193 426.0 458.0 275.0 12.0 617.7297421687744 577.5629629629634 14232.777777777797 
489.0074976755193 430.0 458.0 271.0 8.0 613.7130642481933 577.5629629629634 14232.777777777797 
490.0074976755193 432.0 458.0 270.0 10.0 610.0980541196702 577.5629629629634 14232.777777777797 
491.0074976755193 432.0 458.0 270.0 1.0 606.8445450039993 577.5629629629634 14232.777777777797 
492.0074976755193 433.0 458.0 269.0 1.0 603.9163867998958 577.5629629629634 14232.777777777797 
493.0074976755193 434.0 458.0 268.0 4.0 600.656599971758 571.3185185185184 14232.777777777797 
494.0074976755193 435.0 458.0 268.0 14.0 597.0983473819897 565.074074074074 14232.777777777797 
495.0074976755193 436.0 458.0 267.0 1.0 592.9596237549019 555.7111111111108 14232.777777777797 
496.0074976755193 438.0 458.0 265.0 1.0 589.2347724905229 555.7111111111108 14232.777777777797 
497.0074976755193 438.0 458.0 265.0 7.0 587.1194433896188 568.0814814814812 14232.777777777797 
498.0074976755193 438.0 458.0 265.0 17.0 585.2156471988048 568.0814814814812 14232.777777777797 
499.0074976755193 439.0 458.0 264.0 6.0 583.5022306270725 568.0814814814812 14232.777777777797 
500.0074976755193 442.0 458.0 261.0 1.0 581.9601557125137 568.0814814814812 14232.777777777797 
501.0074976755193 442.0 458.0 261.0 1.0 580.5722882894105 568.0814814814812 14232.777777777797 
502.0074976755193 442.0 458.0 261.0 2.0 578.0743187197286 555.5925925925923 14232.777777777797 
503.0074976755193 442.0 458.0 261.0 12.0 577.0639238847929 567.9703703703701 14232.777777777797 
504.0074976755193 442.0 458.0 262.0 1.0 576.1545685333506 567.9703703703701 14232.777777777797 
505.0074976755193 443.0 458.0 261.0 1.0 575.3361487170527 567.9703703703701 14232.777777777797 
506.0074976755193 443.0 458.0 261.0 2.0 573.3506819934954 555.4814814814813 14232.777777777797 
507.0074976755193 444.0 458.0 260.0 1.0 571.563761942294 555.4814814814813 14232.777777777797 
508.0074976755193 446.0 458.0 258.0 1.0 569.9555338962128 555.4814814814813 14232.777777777797 
509.0074976755193 447.0 458.0 257.0 1.0 566.0333138399249 530.7333333333331 14232.777777777797 
510.0074976755193 451.0 458.0 253.0 2.0 562.5033157892658 530.7333333333331 14232.777777777797 
511.0074976755193 451.0 458.0 254.0 7.0 559.3263175436725 530.7333333333331 14232.777777777797 
512.0074976755193 451.0 458.0 254.0 8.0 556.1551672707868 527.6148148148147 14232.777777777797 
513.0074976755193 452.0 458.0 253.0 9.0 553.3011320251895 527.6148148148147 14232.777777777797 
514.0074976755193 452.0 458.0 253.0 1.0 550.7325003041522 527.6148148148147 14232.777777777797 
515.0074976755193 454.0 458.0 251.0 2.0 547.1718428663295 515.125925925926 14232.777777777797 
516.0074976755193 454.0 458.0 252.0 2.0 543.9672511722893 515.125925925926 14232.777777777797 
517.0074976755193 458.0 458.0 248.0 16.0 541.0831186476528 515.125925925926 14232.777777777797 
518.0074976755193 461.0 458.0 246.0 8.0 537.5503623384433 505.7555555555556 14232.777777777797 
519.0074976755193 461.0 458.0 246.0 3.0 534.0582890675619 502.6296296296296 14232.777777777797 
520.0074976755193 461.0 458.0 246.0 1.0 529.6665342348797 490.1407407407409 14232.777777777797 
521.0074976755193 463.0 458.0 244.0 2.0 525.7139548854657 490.1407407407409 14232.777777777797 
522.0074976755193 464.0 458.0 243.0 22.0 522.1566334709934 490.1407407407409 14232.777777777797 
523.0074976755193 464.0 458.0 243.0 10.0 518.955044197968 490.1407407407409 14232.777777777797 
524.0074976755193 464.0 458.0 243.0 2.0 516.0736138522453 490.1407407407409 14232.777777777797 
525.0074976755193 465.0 458.0 242.0 3.0 512.2314376522061 477.6518518518521 14232.777777777797 
526.0074976755193 467.0 458.0 240.0 16.0 508.7734790721706 477.6518518518521 14232.777777777797 
527.0074976755193 469.0 458.0 238.0 4.0 505.6613163501388 477.6518518518521 14232.777777777797 
528.0074976755193 472.0 458.0 235.0 15.0 502.86036990031 477.6518518518521 14232.777777777797 
529.0074976755193 475.0 458.0 232.0 1.0 500.33951809546426 477.6518518518521 14232.777777777797 
530.0074976755193 475.0 458.0 232.0 1.0 498.07075147110305 477.6518518518521 14232.777777777797 
531.0074976755193 475.0 458.0 232.0 1.0 494.77997262028913 465.1629629629632 14232.777777777797 
532.0074976755193 476.0 458.0 231.0 1.0 491.8182716545565 465.1629629629632 14232.777777777797 
533.0074976755193 477.0 458.0 230.0 4.0 489.1527407853971 465.1629629629632 14232.777777777797 
534.0074976755193 477.0 458.0 230.0 22.0 486.75376300315384 465.1629629629632 14232.777777777797 
535.0074976755193 479.0 458.0 228.0 3.0 484.5946829991347 465.1629629629632 14232.777777777797 
536.0074976755193 480.0 458.0 228.0 1.0 482.6515109955174 465.1629629629632 14232.777777777797 
537.0074976755193 481.0 458.0 227.0 1.0 479.65376730337323 452.6740740740743 14232.777777777797 
538.0074976755193 483.0 458.0 225.0 2.0 476.9557979804433 452.6740740740743 14232.777777777797 
539.0074976755193 484.0 458.0 224.0 6.0 475.76466262684346 465.0444444444446 14232.777777777797 
540.0074976755193 484.0 458.0 224.0 12.0 474.6926408086035 465.0444444444446 14232.777777777797 
541.0074976755193 486.0 458.0 222.0 1.0 473.72782117218765 465.0444444444446 14232.777777777797 
542.0074976755193 486.0 458.0 222.0 1.0 472.8594834994134 465.0444444444446 14232.777777777797 
543.0074976755193 486.0 458.0 222.0 1.0 470.8290907050277 452.55555555555577 14232.777777777797 
544.0074976755193 488.0 458.0 220.0 2.0 469.00173719008046 452.55555555555577 14232.777777777797 
545.0074976755193 489.0 458.0 219.0 11.0 468.59415606366497 464.92592592592615 14232.777777777797 
546.0074976755193 490.0 458.0 218.0 4.0 469.4651108276689 477.3037037037039 14232.777777777797 
547.0074976755193 493.0 458.0 215.0 1.0 471.48600715230947 489.6740740740742 14232.777777777797 
548.0074976755193 493.0 458.0 215.0 1.0 473.29370273337474 489.5629629629632 14232.777777777797 
549.0074976755193 495.0 458.0 214.0 2.0 474.9206287563336 489.5629629629632 14232.777777777797 
550.0074976755193 495.0 458.0 214.0 1.0 476.38486217699653 489.5629629629632 14232.777777777797 
551.0074976755193 495.0 458.0 214.0 1.0 476.98859818151914 482.42222222222233 14232.777777777797 
552.0074976755193 496.0 458.0 213.0 1.0 476.29418280781175 470.0444444444446 14232.777777777797 
553.0074976755193 496.0 458.0 213.0 1.0 474.43217193443803 457.67407407407427 14232.777777777797 
554.0074976755193 498.0 458.0 211.0 10.0 473.9941399261794 470.05185185185206 14232.777777777797 
555.0074976755193 498.0 458.0 211.0 6.0 473.5999111187466 470.05185185185206 14232.777777777797 
556.0074976755193 500.0 458.0 209.0 5.0 473.2451051920571 470.05185185185206 14232.777777777797 
557.0074976755193 501.0 458.0 209.0 1.0 474.16281689507366 482.42222222222233 14232.777777777797 
558.0074976755193 502.0 458.0 208.0 2.0 477.9872759463071 512.4074074074075 14232.777777777797 
559.0074976755193 504.0 458.0 206.0 1.0 481.42928909241715 512.4074074074075 14232.777777777797 
560.0074976755193 506.0 458.0 204.0 1.0 479.57747129428657 462.91111111111127 14232.777777777797 
561.0074976755193 509.0 458.0 201.0 3.0 477.9108352759691 462.91111111111127 14232.777777777797 
562.0074976755193 511.0 458.0 199.0 15.0 476.41086285948325 462.91111111111127 14232.777777777797 
563.0014387856022 511.0 458.0 200.0 2.0 475.0608890908556 462.91111111111127 14232.777777777797 
564.0074976755193 513.0 458.0 200.0 2.0 473.84591002729263 462.91111111111127 14232.777777777797 
565.0074976755193 514.0 458.0 199.0 1.0 469.230948654193 427.69629629629605 14232.777777777797 
566.0074976755193 514.0 458.0 199.0 1.0 466.83822415914403 445.30370370370395 14232.777777777797 
567.0074976755193 517.0 458.0 196.0 1.0 464.68477211360005 445.30370370370395 14232.777777777797 
568.0074976755193 518.0 458.0 195.0 12.0 460.98592453186967 427.69629629629605 14232.777777777797 
569.0074976755193 521.0 458.0 192.0 2.0 457.34436911571976 424.5703703703702 14232.777777777797 
570.0074976755193 521.0 458.0 192.0 1.0 454.06696924118484 424.5703703703702 14232.777777777797 
571.0074976755193 521.0 458.0 192.0 1.0 451.1173093541034 424.5703703703702 14232.777777777797 
572.0074976755193 522.0 458.0 191.0 1.0 448.46261545573014 424.5703703703702 14232.777777777797 
573.0074976755193 524.0 458.0 189.0 13.0 446.0733909471942 424.5703703703702 14232.777777777797 
574.0074976755193 524.0 458.0 189.0 5.0 443.92308888951186 424.5703703703702 14232.777777777797 
575.0074976755193 525.0 458.0 188.0 1.0 441.98781703759767 424.5703703703702 14232.777777777797 
576.0074976755193 525.0 458.0 188.0 1.0 440.24607237087497 424.5703703703702 14232.777777777797 
577.0074976755193 526.0 458.0 187.0 1.0 437.42961328193564 412.0814814814814 14232.777777777797 
578.0074976755193 527.0 458.0 186.0 11.0 434.89480010189027 412.0814814814814 14232.777777777797 
579.0074976755193 529.0 458.0 184.0 9.0 432.6134682398493 412.0814814814814 14232.777777777797 
580.0074976755193 530.0 458.0 184.0 1.0 433.0350843788274 436.8296296296295 14232.777777777797 
581.0074976755193 531.0 458.0 183.0 1.0 432.1656500150188 424.3407407407406 14232.777777777797 
582.0074976755193 532.0 458.0 182.0 3.0 432.620196124628 436.711111111111 14232.777777777797 
583.0074976755193 532.0 458.0 182.0 18.0 434.26706540105414 449.0888888888888 14232.777777777797 
584.0074976755193 533.0 458.0 182.0 2.0 435.7492477498376 449.0888888888888 14232.777777777797 
585.0074976755193 533.0 458.0 182.0 1.0 438.3209896415206 461.4666666666666 14232.777777777797 
586.0074976755193 535.0 458.0 180.0 1.0 438.16000178847963 436.711111111111 14232.777777777797 
587.0074976755193 536.0 458.0 179.0 1.0 439.25289049852046 449.0888888888888 14232.777777777797 
588.0074976755193 536.0 458.0 179.0 10.0 440.2364903375574 449.0888888888888 14232.777777777797 
589.0074976755193 537.0 458.0 178.0 9.0 441.9461746371351 457.33333333333326 14232.777777777797 
590.0074976755193 537.0 458.0 179.0 1.0 445.2456312474956 474.9407407407405 14232.777777777797 
591.0074976755193 537.0 458.0 179.0 1.0 448.2151421968202 474.9407407407405 14232.777777777797 
592.0074976755193 537.0 458.0 179.0 1.0 449.6499242734345 462.56296296296324 14232.777777777797 
593.0074976755193 538.0 458.0 178.0 1.0 454.65307999423914 499.68148148148146 14232.777777777797 
594.0074976755193 539.0 458.0 177.0 1.0 459.15592014296345 499.68148148148146 14232.777777777797 
595.0074976755193 539.0 458.0 177.0 2.0 464.446254054593 512.0592592592595 14232.777777777797 
596.0074976755193 539.0 458.0 177.0 1.0 470.4453323528374 524.4370370370367 14232.777777777797 
597.0074976755193 539.0 458.0 177.0 2.0 475.8445028212574 524.4370370370367 14232.777777777797 
598.0074976755193 540.0 458.0 176.0 13.0 482.46449698357617 542.0444444444446 14232.777777777797 
599.0074976755193 542.0 458.0 175.0 4.0 488.4224917296629 542.0444444444446 14232.777777777797 
600.0074976755193 544.0 458.0 173.0 4.0 495.02246477891896 554.4222222222222 14232.777777777797 
#####################################################################
# End of data export. Simulation finished at: 2020-02-21T12:45+0000 #
#####################################################################
