#####################################################################
# Alchemist log file - simulation started at: 2020-02-16T22:59+0000 #
#####################################################################
# longseed = 59.0, meanTaskSize = 10, peakFrequency = 1
#
# The columns have the following meaning: 
# time done[Sum] drop[Sum] waiting[Sum] isLeader[Sum] capacity[Mean] freeCapacity[Mean] maxCapacity[Mean] 
0.0 NaN 0.0 NaN NaN NaN NaN NaN 
1.0673379084035965 0.0 0.0 0.0 135.0 14232.777777777797 14232.777777777797 14232.777777777797 
2.0673379084035965 0.0 0.0 0.0 135.0 14232.777777777797 14232.777777777797 14232.777777777797 
3.0673379084035965 0.0 0.0 0.0 135.0 14232.777777777797 14232.777777777797 14232.777777777797 
4.067337908403596 0.0 0.0 0.0 135.0 14232.777777777797 14232.777777777797 14232.777777777797 
5.067337908403596 0.0 0.0 0.0 135.0 14232.777777777797 14232.777777777797 14232.777777777797 
6.067337908403596 0.0 0.0 0.0 135.0 14232.777777777797 14232.777777777797 14232.777777777797 
7.067337908403596 0.0 0.0 0.0 135.0 14232.777777777797 14232.777777777797 14232.777777777797 
8.067337908403596 0.0 0.0 0.0 135.0 14232.777777777797 14232.777777777797 14232.777777777797 
9.067337908403596 0.0 0.0 0.0 135.0 14232.777777777797 14232.777777777797 14232.777777777797 
10.067337908403596 0.0 0.0 0.0 135.0 14232.777777777797 14232.777777777797 14232.777777777797 
11.067337908403596 0.0 0.0 0.0 135.0 14232.777777777797 14232.777777777797 14232.777777777797 
12.067337908403596 0.0 0.0 0.0 135.0 14232.777777777797 14232.777777777797 14232.777777777797 
13.067337908403596 0.0 0.0 0.0 135.0 14232.777777777797 14232.777777777797 14232.777777777797 
14.067337908403596 0.0 0.0 0.0 135.0 14232.777777777797 14232.777777777797 14232.777777777797 
15.067337908403596 0.0 0.0 0.0 135.0 14232.777777777797 14232.777777777797 14232.777777777797 
16.067337908403594 0.0 0.0 0.0 135.0 14232.777777777797 14232.777777777797 14232.777777777797 
17.067337908403594 0.0 0.0 0.0 135.0 14232.777777777797 14232.777777777797 14232.777777777797 
18.067337908403594 0.0 0.0 1.0 135.0 14232.777777777797 14232.777777777797 14232.777777777797 
19.067337908403594 1.0 0.0 0.0 135.0 14232.465185185178 14229.651851851839 14232.777777777797 
20.067337908403594 1.0 0.0 0.0 135.0 14232.496444444467 14232.777777777797 14232.777777777797 
21.067337908403594 1.0 0.0 0.0 135.0 14232.524577777745 14232.777777777797 14232.777777777797 
22.067337908403594 1.0 0.0 0.0 135.0 14232.549897777782 14232.777777777797 14232.777777777797 
23.067337908403594 1.0 0.0 0.0 135.0 14232.572685777786 14232.777777777797 14232.777777777797 
24.067337908403594 1.0 0.0 0.0 135.0 14232.593194977784 14232.777777777797 14232.777777777797 
25.067337908403594 1.0 0.0 0.0 135.0 14232.611653257776 14232.777777777797 14232.777777777797 
26.067337908403594 1.0 0.0 0.0 135.0 14232.628265709784 14232.777777777797 14232.777777777797 
27.067337908403594 1.0 0.0 0.0 135.0 14232.643216916567 14232.777777777797 14232.777777777797 
28.05827493933565 1.0 0.0 0.0 135.0 14232.656673002664 14232.777777777797 14232.777777777797 
29.067337908403594 1.0 0.0 1.0 135.0 14232.668783480201 14232.777777777797 14232.777777777797 
30.067337908403594 1.0 0.0 1.0 135.0 14232.367090317342 14229.651851851839 14232.777777777797 
31.067337908403594 2.0 0.0 0.0 135.0 14232.095566470785 14229.651851851839 14232.777777777797 
32.067337908403594 2.0 0.0 0.0 135.0 14232.163787601514 14232.777777777797 14232.777777777797 
33.067337908403594 2.0 0.0 0.0 135.0 14232.225186619147 14232.777777777797 14232.777777777797 
34.067337908403594 2.0 0.0 0.0 135.0 14232.280445735023 14232.777777777797 14232.777777777797 
35.067337908403594 2.0 0.0 0.0 135.0 14232.33017893929 14232.777777777797 14232.777777777797 
36.067337908403594 2.0 0.0 0.0 135.0 14232.374938823132 14232.777777777797 14232.777777777797 
37.067337908403594 2.0 0.0 0.0 135.0 14232.415222718584 14232.777777777797 14232.777777777797 
38.067337908403594 2.0 0.0 0.0 135.0 14232.451478224533 14232.777777777797 14232.777777777797 
39.067337908403594 2.0 0.0 0.0 135.0 14232.484108179859 14232.777777777797 14232.777777777797 
40.067337908403594 2.0 0.0 0.0 135.0 14232.51347513964 14232.777777777797 14232.777777777797 
41.067337908403594 2.0 0.0 1.0 135.0 14232.539905403413 14232.777777777797 14232.777777777797 
42.067337908403594 3.0 0.0 0.0 135.0 14232.251100048297 14229.651851851839 14232.777777777797 
43.067337908403594 3.0 0.0 0.0 135.0 14232.30376782121 14232.777777777797 14232.777777777797 
44.067337908403594 3.0 0.0 0.0 135.0 14232.35116881688 14232.777777777797 14232.777777777797 
45.067337908403594 3.0 0.0 0.0 135.0 14232.39382971299 14232.777777777797 14232.777777777797 
46.067337908403594 3.0 0.0 0.0 135.0 14232.43222451946 14232.777777777797 14232.777777777797 
47.067337908403594 3.0 0.0 0.0 135.0 14232.466779845285 14232.777777777797 14232.777777777797 
48.067337908403594 3.0 0.0 0.0 135.0 14232.497879638518 14232.777777777797 14232.777777777797 
49.067337908403594 3.0 0.0 0.0 135.0 14232.52586945246 14232.777777777797 14232.777777777797 
50.067337908403594 3.0 0.0 0.0 135.0 14232.551060285019 14232.777777777797 14232.777777777797 
51.067337908403594 3.0 0.0 0.0 135.0 14232.57373203425 14232.777777777797 14232.777777777797 
52.067337908403594 3.0 0.0 0.0 135.0 14232.594136608626 14232.777777777797 14232.777777777797 
53.067337908403594 3.0 0.0 0.0 135.0 14232.612500725532 14232.777777777797 14232.777777777797 
54.067337908403594 3.0 0.0 0.0 135.0 14232.629028430763 14232.777777777797 14232.777777777797 
55.067337908403594 3.0 0.0 0.0 135.0 14232.643903365479 14232.777777777797 14232.777777777797 
56.067337908403594 3.0 0.0 0.0 135.0 14232.657290806703 14232.777777777797 14232.777777777797 
57.067337908403594 3.0 0.0 0.0 135.0 14232.66933950377 14232.777777777797 14232.777777777797 
58.067337908403594 3.0 0.0 0.0 135.0 14232.680183331175 14232.777777777797 14232.777777777797 
59.067337908403594 3.0 0.0 0.0 135.0 14232.689942775865 14232.777777777797 14232.777777777797 
60.067337908403594 3.0 0.0 0.0 135.0 14232.698726276072 14232.777777777797 14232.777777777797 
61.067337908403594 3.0 0.0 0.0 135.0 14232.706631426217 14232.777777777797 14232.777777777797 
62.067337908403594 3.0 0.0 0.0 135.0 14232.713746061372 14232.777777777797 14232.777777777797 
63.067337908403594 3.0 0.0 0.0 135.0 14232.72014923303 14232.777777777797 14232.777777777797 
64.0673379084036 3.0 0.0 0.0 135.0 14232.725912087486 14232.777777777797 14232.777777777797 
65.0673379084036 3.0 0.0 0.0 135.0 14232.73109865651 14232.777777777797 14232.777777777797 
66.0673379084036 3.0 0.0 1.0 135.0 14232.735766568629 14232.777777777797 14232.777777777797 
67.0673379084036 3.0 0.0 1.0 135.0 14232.427375096968 14229.651851851839 14232.777777777797 
68.0673379084036 4.0 0.0 1.0 135.0 14232.149822772439 14229.651851851839 14232.777777777797 
69.0673379084036 5.0 0.0 0.0 135.0 14231.900025680383 14229.651851851839 14232.777777777797 
70.0673379084036 5.0 0.0 0.0 135.0 14231.987800890149 14232.777777777797 14232.777777777797 
71.0673379084036 5.0 0.0 0.0 135.0 14232.066798578871 14232.777777777797 14232.777777777797 
72.0673379084036 5.0 0.0 1.0 135.0 14232.137896498769 14232.777777777797 14232.777777777797 
73.0673379084036 5.0 0.0 1.0 135.0 14231.889292034097 14229.651851851839 14232.777777777797 
74.0673379084036 5.0 0.0 1.0 135.0 14231.665548015882 14229.651851851839 14232.777777777797 
75.0673379084036 6.0 0.0 0.0 135.0 14231.464178399496 14229.651851851839 14232.777777777797 
76.0673379084036 6.0 0.0 0.0 135.0 14231.595538337326 14232.777777777797 14232.777777777797 
77.0673379084036 6.0 0.0 0.0 135.0 14231.71376228133 14232.777777777797 14232.777777777797 
78.0673379084036 6.0 0.0 0.0 135.0 14231.820163831004 14232.777777777797 14232.777777777797 
79.0673379084036 6.0 0.0 0.0 135.0 14231.915925225647 14232.777777777797 14232.777777777797 
80.0673379084036 6.0 0.0 0.0 135.0 14232.002110480882 14232.777777777797 14232.777777777797 
81.0673379084036 6.0 0.0 0.0 135.0 14232.079677210573 14232.777777777797 14232.777777777797 
82.0673379084036 6.0 0.0 1.0 135.0 14232.149487267312 14232.777777777797 14232.777777777797 
83.0673379084036 7.0 0.0 0.0 135.0 14231.899723725728 14229.651851851839 14232.777777777797 
84.0673379084036 7.0 0.0 0.0 135.0 14231.987529130942 14232.777777777797 14232.777777777797 
85.0673379084036 7.0 0.0 0.0 135.0 14232.06655399563 14232.777777777797 14232.777777777797 
86.0673379084036 7.0 0.0 0.0 135.0 14232.137676373864 14232.777777777797 14232.777777777797 
87.0673379084036 7.0 0.0 0.0 135.0 14232.201686514247 14232.777777777797 14232.777777777797 
88.0673379084036 7.0 0.0 0.0 135.0 14232.259295640592 14232.777777777797 14232.777777777797 
89.0673379084036 7.0 0.0 0.0 135.0 14232.311143854315 14232.777777777797 14232.777777777797 
90.0673379084036 7.0 0.0 1.0 135.0 14232.357807246663 14232.777777777797 14232.777777777797 
91.0673379084036 8.0 0.0 0.0 135.0 14232.087211707196 14229.651851851839 14232.777777777797 
92.0673379084036 8.0 0.0 0.0 135.0 14232.15626831425 14232.777777777797 14232.777777777797 
93.0673379084036 8.0 0.0 0.0 135.0 14232.218419260602 14232.777777777797 14232.777777777797 
94.0673379084036 8.0 0.0 0.0 135.0 14232.274355112297 14232.777777777797 14232.777777777797 
95.0673379084036 8.0 0.0 0.0 135.0 14232.324697378848 14232.777777777797 14232.777777777797 
96.0673379084036 8.0 0.0 0.0 135.0 14232.370005418734 14232.777777777797 14232.777777777797 
97.0673379084036 8.0 0.0 0.0 135.0 14232.410782654633 14232.777777777797 14232.777777777797 
98.0673379084036 8.0 0.0 0.0 135.0 14232.447482166966 14232.777777777797 14232.777777777797 
99.0673379084036 8.0 0.0 1.0 135.0 14232.480511728041 14232.777777777797 14232.777777777797 
100.0673379084036 9.0 0.0 0.0 135.0 14232.197645740423 14229.651851851839 14232.777777777797 
101.0673379084036 9.0 0.0 0.0 135.0 14232.25565894418 14232.777777777797 14232.777777777797 
102.0673379084036 9.0 0.0 0.0 135.0 14232.30787082752 14232.777777777797 14232.777777777797 
103.0673379084036 9.0 0.0 1.0 135.0 14232.35486152254 14232.777777777797 14232.777777777797 
104.0673379084036 10.0 0.0 1.0 135.0 14232.084560555477 14229.651851851839 14232.777777777797 
105.0673379084036 11.0 0.0 2.0 135.0 14231.841289685122 14229.651851851839 14232.777777777797 
106.02124020014351 11.0 0.0 2.0 135.0 14231.310494049952 14226.533333333318 14232.777777777797 
107.0174275434335 13.0 0.0 3.0 134.0 14230.832777978265 14226.533333333318 14232.777777777797 
108.0673379084036 13.0 0.0 6.0 134.0 14225.744314995258 14179.94814814816 14232.777777777797 
109.0673379084036 16.0 0.0 6.0 135.0 14221.164698310538 14179.94814814816 14232.777777777797 
110.0673379084036 21.0 0.0 2.0 134.0 14221.07711736841 14220.288888888881 14232.777777777797 
111.0673379084036 22.0 0.0 3.0 134.0 14221.31014637228 14223.407407407401 14232.777777777797 
112.0673379084036 24.0 0.0 3.0 134.0 14220.070983586915 14208.918518518494 14232.777777777797 
113.04477108265219 26.0 0.0 2.0 134.0 14219.267588931923 14212.037037037013 14232.777777777797 
114.0673379084036 27.0 0.0 3.0 134.0 14220.306015223892 14229.651851851839 14232.777777777797 
115.02541797309692 29.0 0.0 2.0 133.0 14219.167265553357 14208.918518518494 14232.777777777797 
116.0673379084036 30.0 0.0 2.0 133.0 14218.766835294331 14215.162962962962 14232.777777777797 
117.0673379084036 31.0 0.0 4.0 133.0 14220.167929542664 14232.777777777797 14232.777777777797 
118.0673379084036 32.0 0.0 7.0 135.0 14217.905951403229 14197.54814814815 14232.777777777797 
119.0673379084036 39.0 0.0 1.0 133.0 14213.997578485105 14178.82222222224 14232.777777777797 
120.0673379084036 39.0 0.0 8.0 133.0 14215.875598414423 14232.777777777797 14232.777777777797 
121.0673379084036 40.0 0.0 9.0 133.0 14212.282112646999 14179.940740740722 14232.777777777797 
122.0673379084036 47.0 0.0 5.0 134.0 14203.765012493437 14127.11111111112 14232.777777777797 
123.0673379084036 50.0 0.0 3.0 133.0 14203.967770503341 14205.792592592627 14232.777777777797 
124.0673379084036 53.0 0.0 0.0 133.0 14204.150252712278 14205.792592592627 14232.777777777797 
125.0673379084036 53.0 0.0 1.0 134.0 14207.013005218814 14232.777777777797 14232.777777777797 
126.0673379084036 54.0 0.0 3.0 134.0 14207.828000993242 14215.162962962962 14232.777777777797 
127.05981288946005 56.0 0.0 2.0 134.0 14206.488163856877 14194.429629629629 14232.777777777797 
128.06357303988102 58.0 0.0 5.0 134.0 14207.043051174922 14212.037037037013 14232.777777777797 
129.0673379084036 59.0 0.0 9.0 133.0 14205.157264575926 14188.185185185197 14232.777777777797 
130.0673379084036 63.0 0.0 8.0 134.0 14203.771908488718 14191.303703703717 14232.777777777797 
131.0673379084036 68.0 0.0 5.0 133.0 14200.140643565754 14167.459259259243 14232.777777777797 
132.0673379084036 72.0 0.0 4.0 134.0 14199.256949579536 14191.303703703717 14232.777777777797 
133.0243825784693 75.0 0.0 5.0 133.0 14196.700884251217 14173.696296296283 14232.777777777797 
134.0673379084036 76.0 0.0 11.0 133.0 14196.78635138166 14197.555555555586 14232.777777777797 
135.0673379084036 81.0 0.0 10.0 133.0 14189.506234762 14123.985185185162 14232.777777777797 
136.02876597040193 90.0 0.0 5.0 133.0 14184.403759433957 14138.481481481478 14232.777777777797 
137.0673379084036 93.0 0.0 7.0 133.0 14182.196716823924 14162.333333333332 14232.777777777797 
138.0673379084036 98.0 0.0 6.0 133.0 14179.897785882256 14159.207407407375 14232.777777777797 
139.0673379084036 101.0 0.0 7.0 134.0 14181.350970256986 14194.429629629629 14232.777777777797 
140.0673379084036 107.0 0.0 5.0 132.0 14179.647725083125 14164.318518518547 14232.777777777797 
141.0673379084036 108.0 0.0 9.0 132.0 14179.677767389618 14179.94814814816 14232.777777777797 
142.0335814288006 112.0 0.0 8.0 133.0 14174.421101761809 14127.11111111112 14232.777777777797 
143.0673379084036 117.0 0.0 7.0 134.0 14175.485658252264 14185.066666666678 14232.777777777797 
144.0673379084036 121.0 0.0 7.0 132.0 14175.818573908546 14178.814814814803 14232.777777777797 
145.06563994761 124.0 0.0 8.0 132.0 14177.05449429543 14188.17777777776 14232.777777777797 
146.0673379084036 130.0 0.0 4.0 132.0 14173.82089671778 14144.718518518519 14232.777777777797 
147.0673379084036 132.0 0.0 7.0 133.0 14176.193621860786 14197.54814814815 14232.777777777797 
148.0216347420587 136.0 0.0 6.0 132.0 14172.733518933986 14141.592592592599 14232.777777777797 
149.0673379084036 139.0 0.0 11.0 133.0 14173.454241114647 14179.940740740722 14232.777777777797 
150.03191871364257 144.0 0.0 10.0 133.0 14166.746594780967 14106.377777777787 14232.777777777797 
151.0673379084036 152.0 0.0 11.0 132.0 14171.163046413954 14210.911111111145 14232.777777777797 
152.0673379084036 157.0 0.0 16.0 133.0 14167.58081584666 14135.340740740723 14232.777777777797 
153.0673379084036 166.0 0.0 12.0 133.0 14159.899771299055 14090.77037037036 14232.777777777797 
154.0673379084036 177.0 0.0 12.0 131.0 14160.542386761721 14166.325925925894 14232.777777777797 
155.0673379084036 183.0 0.0 16.0 129.0 14156.462222159631 14119.740740740734 14232.777777777797 
156.0673379084036 190.0 0.0 11.0 131.0 14151.141185128854 14103.251851851868 14232.777777777797 
157.0673379084036 200.0 0.0 6.0 129.0 14147.175955504832 14111.488888888909 14232.777777777797 
158.0393229255715 201.0 0.0 13.0 130.0 14149.203545139546 14167.45185185185 14232.777777777797 
159.0673379084036 207.0 0.0 21.0 129.0 14148.129857292264 14138.46666666668 14232.777777777797 
160.0402242977742 219.0 0.0 16.0 130.0 14139.495390081558 14061.785185185188 14232.777777777797 
161.0673379084036 230.0 0.0 13.0 130.0 14132.861406628943 14073.155555555531 14232.777777777797 
162.0673379084036 235.0 0.0 10.0 130.0 14132.797488188275 14132.222222222203 14232.777777777797 
163.0673379084036 243.0 0.0 14.0 130.0 14133.87625788797 14143.585185185202 14232.777777777797 
164.0673379084036 247.0 0.0 14.0 128.0 14131.950854321394 14114.622222222213 14232.777777777797 
165.0673379084036 258.0 0.0 10.0 131.0 14129.392805926309 14106.370370370389 14232.777777777797 
166.05150849402438 263.0 0.0 11.0 130.0 14134.646858666982 14181.933333333322 14232.777777777797 
167.0673379084036 269.0 0.0 24.0 130.0 14131.19328391141 14100.11111111112 14232.777777777797 
168.0673379084036 276.0 0.0 25.0 129.0 14116.896177742494 13988.222222222203 14232.777777777797 
169.0673379084036 294.0 0.0 14.0 129.0 14109.311004412686 14041.04444444444 14232.777777777797 
170.0673379084036 302.0 0.0 13.0 129.0 14112.738422489922 14143.585185185202 14232.777777777797 
171.0079311798802 310.0 0.0 13.0 129.0 14106.19420987057 14047.296296296281 14232.777777777797 
172.02179290027016 316.0 0.0 19.0 130.0 14112.943677772411 14173.688888888892 14232.777777777797 
173.0673379084036 325.0 0.0 23.0 129.0 14105.130050735892 14034.807407407408 14232.777777777797 
174.01391637889944 339.0 0.0 23.0 128.0 14104.204453069722 14095.874074074081 14232.777777777797 
175.0673379084036 354.0 0.0 16.0 127.0 14097.776600355366 14039.925925925929 14232.777777777797 
176.05128967273296 365.0 0.0 12.0 128.0 14098.323384764248 14103.244444444439 14232.777777777797 
177.0673379084036 372.0 0.0 8.0 128.0 14100.265120361883 14117.740740740734 14232.777777777797 
178.0145022649581 377.0 0.0 7.0 127.0 14107.294163881266 14170.555555555586 14232.777777777797 
179.03262333512754 380.0 0.0 14.0 129.0 14117.768451196851 14212.037037037013 14232.777777777797 
180.0673379084036 386.0 0.0 23.0 128.0 14115.691606077178 14097.0 14232.777777777797 
181.0564472603232 396.0 0.0 20.0 130.0 14104.391334358314 14002.688888888892 14232.777777777797 
182.000925451234 411.0 0.0 21.0 126.0 14103.851460181777 14098.9925925926 14232.777777777797 
183.0118999084041 419.0 0.0 24.0 131.0 14092.912980830224 13994.466666666678 14232.777777777797 
184.0673379084036 438.0 0.0 15.0 127.0 14095.169090154652 14115.474074074082 14232.777777777797 
185.0673379084036 446.0 0.0 17.0 127.0 14100.012181139173 14143.599999999999 14232.777777777797 
186.00482499783894 453.0 0.0 22.0 126.0 14091.529481543768 14015.185185185197 14232.777777777797 
187.0673379084036 464.0 0.0 28.0 129.0 14088.04245931532 14056.659259259277 14232.777777777797 
188.00392280119908 483.0 0.0 17.0 127.0 14077.321917087469 13980.83703703704 14232.777777777797 
189.01572449359566 493.0 0.0 15.0 127.0 14082.074169823176 14124.844444444469 14232.777777777797 
190.0673379084036 503.0 0.0 21.0 127.0 14087.28897506309 14134.222222222203 14232.777777777797 
191.0209340552565 511.0 0.0 28.0 127.0 14082.977114593801 14044.17037037036 14232.777777777797 
192.00189049303395 527.0 0.0 22.0 125.0 14068.529773504815 13938.503703703695 14232.777777777797 
193.0259456888102 541.0 0.0 19.0 126.0 14073.762722080246 14120.859259259254 14232.777777777797 
194.0673379084036 550.0 0.0 26.0 129.0 14071.427190612952 14050.407407407401 14232.777777777797 
195.0673379084036 565.0 0.0 21.0 127.0 14071.997804884986 14077.13333333335 14232.777777777797 
196.01879776057737 577.0 0.0 19.0 125.0 14072.000246618727 14072.022222222226 14232.777777777797 
197.0673379084036 588.0 0.0 23.0 128.0 14069.217258993875 14044.17037037036 14232.777777777797 
198.04569267171075 601.0 0.0 22.0 125.0 14073.020718279688 14107.251851851868 14232.777777777797 
199.0673379084036 612.0 0.0 26.0 126.0 14068.88605385913 14031.674074074104 14232.777777777797 
200.03840731084665 627.0 0.0 20.0 123.0 14068.061892917678 14060.644444444439 14232.777777777797 
201.0673379084036 637.0 0.0 24.0 125.0 14060.70088881108 13994.451851851849 14232.777777777797 
202.01101031042052 651.0 0.0 22.0 124.0 14054.90042955958 14002.696296296284 14232.777777777797 
203.0523820893745 661.0 0.0 27.0 127.0 14050.305942159215 14008.95555555556 14232.777777777797 
204.0673379084036 677.0 0.0 27.0 126.0 14041.398310906234 13961.229629629639 14232.777777777797 
205.04445871025445 693.0 0.0 13.0 125.0 14046.021442778581 14087.629629629611 14232.777777777797 
206.0673379084036 705.0 0.0 13.0 126.0 14048.22226146368 14068.029629629666 14232.777777777797 
207.06105766196436 707.0 0.0 17.0 125.0 14053.100035317315 14097.0 14232.777777777797 
208.0673379084036 719.0 0.0 15.0 125.0 14062.460402155937 14146.703703703723 14232.777777777797 
209.0673379084036 726.0 0.0 19.0 128.0 14070.260287866307 14140.459259259243 14232.777777777797 
210.0069086906176 741.0 0.0 16.0 124.0 14070.435740561135 14072.014814814838 14232.777777777797 
211.00454677763352 748.0 0.0 22.0 127.0 14072.26698131984 14088.748148148132 14232.777777777797 
212.0673379084036 761.0 0.0 17.0 127.0 14069.967690595256 14049.274074074052 14232.777777777797 
213.05485422830995 770.0 0.0 26.0 126.0 14070.170921535751 14072.0 14232.777777777797 
214.0673379084036 782.0 0.0 31.0 124.0 14063.93382938217 14007.799999999974 14232.777777777797 
215.0673379084036 797.0 0.0 25.0 125.0 14063.716742740238 14061.76296296296 14232.777777777797 
216.0673379084036 817.0 0.0 16.0 126.0 14047.673957355115 13903.288888888881 14232.777777777797 
217.0673379084036 825.0 0.0 19.0 127.0 14052.916931989957 14100.103703703682 14232.777777777797 
218.04942650743914 836.0 0.0 24.0 126.0 14052.24079434653 14046.155555555531 14232.777777777797 
219.0322683869127 846.0 0.0 26.0 125.0 14052.255974171127 14052.392592592572 14232.777777777797 
220.0097116035678 862.0 0.0 26.0 127.0 14050.821487865107 14037.911111111145 14232.777777777797 
221.02508420917195 875.0 0.0 29.0 125.0 14049.417857597145 14036.785185185188 14232.777777777797 
222.01719417964713 889.0 0.0 30.0 125.0 14041.11088665223 13966.348148148161 14232.777777777797 
223.0673379084036 905.0 0.0 30.0 127.0 14036.642760949973 13996.429629629629 14232.777777777797 
224.0673379084036 921.0 0.0 21.0 124.0 14040.179966336473 14072.014814814838 14232.777777777797 
225.0673379084036 936.0 0.0 20.0 124.0 14038.704932665778 14025.429629629629 14232.777777777797 
226.0673379084036 944.0 0.0 21.0 122.0 14044.22036532512 14093.859259259254 14232.777777777797 
227.0673379084036 956.0 0.0 24.0 125.0 14040.37981027408 14005.814814814803 14232.777777777797 
228.05872961479147 968.0 0.0 26.0 123.0 14049.451458876334 14131.096296296293 14232.777777777797 
229.0160464935025 980.0 0.0 25.0 125.0 14046.848535210907 14023.422222222236 14232.777777777797 
230.0445777014995 995.0 0.0 25.0 122.0 14040.046644652799 13978.82962962964 14232.777777777797 
231.02118960710885 1010.0 0.0 25.0 125.0 14036.51235055788 14004.703703703719 14232.777777777797 
232.0673379084036 1021.0 0.0 23.0 124.0 14039.34852290951 14064.874074074081 14232.777777777797 
233.03285035647934 1038.0 0.0 18.0 126.0 14032.160337285202 13967.466666666678 14232.777777777797 
234.0673379084036 1048.0 0.0 21.0 122.0 14041.228007260384 14122.83703703704 14232.777777777797 
235.0673379084036 1059.0 0.0 22.0 125.0 14044.731873201032 14076.266666666657 14232.777777777797 
236.00517878006724 1070.0 0.0 30.0 127.0 14037.206834029053 13969.48148148148 14232.777777777797 
237.04401846384513 1082.0 0.0 35.0 124.0 14041.200224700235 14077.140740740746 14232.777777777797 
238.0166626790845 1105.0 0.0 19.0 123.0 14027.18316519318 13901.029629629666 14232.777777777797 
239.04475229877414 1119.0 0.0 17.0 123.0 14034.050774599771 14095.859259259254 14232.777777777797 
240.04907102299236 1125.0 0.0 23.0 121.0 14044.067919362025 14134.222222222203 14232.777777777797 
241.01543049255062 1139.0 0.0 27.0 122.0 14041.067053351731 14014.059259259278 14232.777777777797 
242.0673379084036 1150.0 0.0 30.0 121.0 14036.60553320178 13996.45185185185 14232.777777777797 
243.0673379084036 1167.0 0.0 26.0 122.0 14028.755350251966 13958.103703703682 14232.777777777797 
244.0166371570737 1184.0 0.0 28.0 121.0 14022.514630041582 13966.34814814816 14232.777777777797 
245.0673379084036 1194.0 0.0 45.0 123.0 14024.054278148507 14037.911111111145 14232.777777777797 
246.0294891778579 1219.0 0.0 40.0 120.0 13998.599220704033 13769.503703703695 14232.777777777797 
247.01591709686664 1239.0 0.0 39.0 122.0 13994.038557892898 13952.992592592598 14232.777777777797 
248.05232905913863 1264.0 0.0 27.0 123.0 13980.390998399906 13857.562962962935 14232.777777777797 
249.0673379084036 1281.0 0.0 31.0 122.0 13985.717824485831 14033.659259259277 14232.777777777797 
250.02386299248198 1292.0 0.0 38.0 122.0 13981.70530129652 13945.592592592599 14232.777777777797 
251.00362531415672 1315.0 0.0 37.0 123.0 13974.884400796489 13913.496296296305 14232.777777777797 
252.0673379084036 1335.0 0.0 36.0 120.0 13976.927071827971 13995.311111111108 14232.777777777797 
253.0673379084036 1354.0 0.0 34.0 121.0 13975.043994274796 13958.096296296291 14232.777777777797 
254.05611535448432 1374.0 0.0 27.0 119.0 13963.921076328785 13863.814814814803 14232.777777777797 
255.0673379084036 1389.0 0.0 29.0 119.0 13958.168968695909 13906.400000000001 14232.777777777797 
256.00166693192045 1401.0 0.0 31.0 121.0 13957.962442196702 13956.103703703682 14232.777777777797 
257.0673379084036 1418.0 0.0 29.0 124.0 13967.406197977025 14052.400000000001 14232.777777777797 
258.0673379084036 1434.0 0.0 30.0 124.0 13970.821133734868 14001.555555555586 14232.777777777797 
259.03849595556835 1452.0 0.0 26.0 122.0 13978.240501842849 14045.014814814838 14232.777777777797 
260.0319390014128 1465.0 0.0 30.0 120.0 13974.46534054746 13940.488888888909 14232.777777777797 
261.0673379084036 1478.0 0.0 39.0 121.0 13986.918065751986 14098.9925925926 14232.777777777797 
262.0649406136391 1498.0 0.0 40.0 118.0 13973.157370287881 13849.31111111111 14232.777777777797 
263.0673379084036 1519.0 0.0 44.0 123.0 13965.033485110973 13891.918518518494 14232.777777777797 
264.03459065629227 1543.0 0.0 40.0 123.0 13947.24198845173 13787.11851851852 14232.777777777797 
265.049843123243 1566.0 0.0 37.0 121.0 13940.74445627319 13882.266666666654 14232.777777777797 
266.00041250718687 1585.0 0.0 32.0 120.0 13950.859640275523 14041.896296296318 14232.777777777797 
267.0164979712878 1604.0 0.0 29.0 119.0 13953.343305877579 13975.696296296284 14232.777777777797 
268.0049586115836 1618.0 0.0 41.0 121.0 13954.243790104647 13962.34814814816 14232.777777777797 
269.03029234598904 1637.0 0.0 41.0 121.0 13940.540151834914 13817.207407407375 14232.777777777797 
270.0342570381394 1662.0 0.0 37.0 120.0 13944.993544058834 13985.074074074071 14232.777777777797 
271.02915117289524 1684.0 0.0 43.0 121.0 13934.60307854186 13841.088888888855 14232.777777777797 
272.01715718950345 1706.0 0.0 32.0 123.0 13935.390178095065 13942.474074074082 14232.777777777797 
273.00738936219045 1729.0 0.0 25.0 123.0 13935.787456581877 13939.36296296296 14232.777777777797 
274.0588210398822 1741.0 0.0 32.0 119.0 13953.243525738479 14110.348148148161 14232.777777777797 
275.0220182805844 1759.0 0.0 38.0 121.0 13955.80065464613 13978.814814814803 14232.777777777797 
276.03414715330877 1776.0 0.0 39.0 124.0 13955.719107700017 13954.985185185162 14232.777777777797 
277.0547599249725 1799.0 0.0 36.0 121.0 13949.113122855952 13889.659259259277 14232.777777777797 
278.05393031236144 1819.0 0.0 42.0 119.0 13942.343292051837 13881.414814814802 14232.777777777797 
279.00130621174105 1838.0 0.0 47.0 122.0 13941.531925809632 13934.229629629639 14232.777777777797 
280.0134407526829 1868.0 0.0 29.0 122.0 13932.51132582123 13851.325925925896 14232.777777777797 
281.01251578975797 1884.0 0.0 48.0 120.0 13940.552785831704 14012.925925925929 14232.777777777797 
282.01355739391533 1901.0 0.0 45.0 117.0 13945.406396137423 13989.088888888855 14232.777777777797 
283.02034540342646 1930.0 0.0 35.0 121.0 13931.76427504221 13808.985185185162 14232.777777777797 
284.0339476560974 1951.0 0.0 32.0 120.0 13927.353032723178 13887.65185185184 14232.777777777797 
285.0137675709005 1967.0 0.0 37.0 119.0 13937.16069241383 14025.429629629629 14232.777777777797 
286.0673379084036 1989.0 0.0 38.0 121.0 13928.4591361317 13841.059259259277 14232.777777777797 
287.0673379084036 2009.0 0.0 42.0 122.0 13937.529518814816 14019.16296296296 14232.777777777797 
288.04118965950016 2035.0 0.0 33.0 120.0 13922.064315140056 13790.23703703704 14232.777777777797 
289.02982313596755 2053.0 0.0 34.0 122.0 13926.804550292716 13969.46666666668 14232.777777777797 
290.01518527283736 2071.0 0.0 36.0 119.0 13928.684095263416 13945.599999999999 14232.777777777797 
291.0019560337048 2091.0 0.0 37.0 119.0 13927.166796848216 13913.511111111091 14232.777777777797 
292.0673379084036 2109.0 0.0 45.0 118.0 13921.001866453847 13860.68888888889 14232.777777777797 
293.0673379084036 2130.0 0.0 53.0 120.0 13922.837235364019 13939.355555555561 14232.777777777797 
294.06179432251827 2166.0 0.0 40.0 119.0 13904.61460230975 13714.407407407401 14232.777777777797 
295.0673379084036 2189.0 0.0 42.0 117.0 13898.647049533743 13836.82222222224 14232.777777777797 
296.0586539609938 2210.0 0.0 50.0 117.0 13895.528494537552 13843.066666666678 14232.777777777797 
297.0008757045874 2235.0 0.0 38.0 117.0 13899.71194138012 13937.36296296296 14232.777777777797 
298.03713613419893 2262.0 0.0 34.0 115.0 13887.62741390877 13778.866666666652 14232.777777777797 
299.0096494608727 2277.0 0.0 41.0 115.0 13904.105413258623 14052.407407407401 14232.777777777797 
300.0123448756727 2301.0 0.0 37.0 118.0 13898.114871932767 13844.200000000026 14232.777777777797 
301.05999612568786 2323.0 0.0 43.0 119.0 13898.40486622096 13901.014814814838 14232.777777777797 
302.0270833831177 2344.0 0.0 51.0 117.0 13899.37474996925 13908.103703703682 14232.777777777797 
303.01857449430514 2368.0 0.0 52.0 117.0 13889.284682379724 13798.474074074082 14232.777777777797 
304.0673379084036 2400.0 0.0 44.0 115.0 13882.712642967064 13901.007407407402 14232.777777777797 
305.01933588647347 2422.0 0.0 42.0 116.0 13882.2271112461 13903.251851851868 14232.777777777797 
306.0673379084036 2447.0 0.0 41.0 121.0 13876.715463025545 13835.955555555563 14232.777777777797 
307.0092938389373 2470.0 0.0 38.0 119.0 13871.759960109324 13819.200000000026 14232.777777777797 
308.0673379084036 2492.0 0.0 41.0 116.0 13876.530265791413 13942.474074074082 14232.777777777797 
309.0011138251811 2513.0 0.0 36.0 121.0 13881.826308429316 13940.474074074082 14232.777777777797 
310.00300365630744 2538.0 0.0 44.0 118.0 13883.120714623416 13894.770370370361 14232.777777777797 
311.00532788788206 2554.0 0.0 49.0 118.0 13876.219013531429 13814.103703703682 14232.777777777797 
312.0158446797758 2586.0 0.0 37.0 116.0 13874.04007514127 13854.42962962963 14232.777777777797 
313.0215382379316 2608.0 0.0 33.0 116.0 13870.62940096046 13839.933333333322 14232.777777777797 
314.0025794095728 2626.0 0.0 44.0 119.0 13883.210905308879 13996.444444444414 14232.777777777797 
315.0673379084036 2646.0 0.0 47.0 119.0 13880.289593143478 13860.659259259277 14232.777777777797 
316.0157265327227 2673.0 0.0 51.0 119.0 13872.682907374257 13814.074074074071 14232.777777777797 
317.0017363961721 2703.0 0.0 50.0 118.0 13867.535357377566 13821.207407407375 14232.777777777797 
318.0673379084036 2732.0 0.0 32.0 117.0 13859.819024512703 13783.977777777773 14232.777777777797 
319.0400319940105 2753.0 0.0 31.0 118.0 13875.626306142494 14007.799999999974 14232.777777777797 
320.0061549702214 2768.0 0.0 41.0 118.0 13892.878490343059 14048.14814814815 14232.777777777797 
321.01683953304894 2787.0 0.0 51.0 117.0 13894.828419086542 13912.377777777787 14232.777777777797 
322.0520841120015 2816.0 0.0 59.0 118.0 13882.18261421491 13768.370370370389 14232.777777777797 
323.0519279213364 2842.0 0.0 61.0 116.0 13865.004352793429 13710.4 14232.777777777797 
324.0673379084036 2884.0 0.0 43.0 115.0 13869.327531317165 13885.377777777787 14232.777777777797 
325.0521910762784 2908.0 0.0 45.0 116.0 13859.787155392294 13794.496296296305 14232.777777777797 
326.0241595327148 2933.0 0.0 50.0 116.0 13856.97658800122 13831.681481481453 14232.777777777797 
327.0225754586703 2957.0 0.0 56.0 115.0 13859.30633660852 13880.274074074052 14232.777777777797 
328.00591215122165 2987.0 0.0 56.0 120.0 13859.329036280995 13859.533333333322 14232.777777777797 
329.00588016590217 3024.0 0.0 39.0 113.0 13847.421317838081 13740.251851851868 14232.777777777797 
330.0385129328938 3048.0 0.0 40.0 111.0 13855.16659346168 13924.874074074081 14232.777777777797 
331.0500963474124 3066.0 0.0 47.0 116.0 13854.38104522662 13847.31111111111 14232.777777777797 
332.0391966761304 3091.0 0.0 53.0 113.0 13853.247385148392 13843.04444444444 14232.777777777797 
333.03039632062126 3118.0 0.0 64.0 114.0 13839.79005404097 13718.674074074104 14232.777777777797 
334.0159681362812 3153.0 0.0 55.0 114.0 13827.676974562803 13718.659259259277 14232.777777777797 
335.0017050713449 3190.0 0.0 51.0 116.0 13819.672240069493 13747.629629629611 14232.777777777797 
336.04546605327323 3217.0 0.0 58.0 112.0 13826.870201247706 13891.65185185184 14232.777777777797 
337.01783672516325 3247.0 0.0 62.0 113.0 13820.50910704888 13763.259259259268 14232.777777777797 
338.0452823973766 3279.0 0.0 55.0 108.0 13816.118937084739 13776.607407407428 14232.777777777797 
339.0106583383025 3310.0 0.0 57.0 111.0 13799.755191524395 13652.481481481482 14232.777777777797 
340.0107451575354 3343.0 0.0 56.0 118.0 13788.03745014974 13682.577777777764 14232.777777777797 
341.02921764131196 3377.0 0.0 57.0 114.0 13789.590742171797 13803.57037037037 14232.777777777797 
342.0673379084036 3407.0 0.0 51.0 114.0 13786.593199778225 13818.04444444444 14232.777777777797 
343.01131675510265 3436.0 0.0 46.0 110.0 13785.27339004805 13768.355555555561 14232.777777777797 
344.00256098377747 3460.0 0.0 53.0 114.0 13784.007532524729 13772.614814814826 14232.777777777797 
345.0673379084036 3487.0 0.0 58.0 114.0 13784.17820560129 13758.096296296291 14232.777777777797 
346.0159399692752 3516.0 0.0 54.0 113.0 13785.843064308008 13809.82962962964 14232.777777777797 
347.0668424590056 3550.0 0.0 46.0 115.0 13784.406906025339 13771.48148148148 14232.777777777797 
348.0630370218286 3575.0 0.0 47.0 113.0 13781.66621542281 13757.0 14232.777777777797 
349.04802277478996 3598.0 0.0 57.0 117.0 13793.601816102757 13901.022222222227 14232.777777777797 
350.00463463041217 3629.0 0.0 54.0 113.0 13787.555708566551 13733.140740740748 14232.777777777797 
351.02174058274477 3657.0 0.0 54.0 116.0 13788.960137709893 13801.6 14232.777777777797 
352.0149885618242 3693.0 0.0 50.0 112.0 13789.795975790756 13797.318518518547 14232.777777777797 
353.0122480097225 3716.0 0.0 49.0 112.0 13785.492674507976 13746.76296296296 14232.777777777797 
354.0673379084036 3747.0 0.0 50.0 115.0 13787.36119997831 13785.111111111119 14232.777777777797 
355.06658220829104 3771.0 0.0 53.0 112.0 13797.008325610723 13900.992592592598 14232.777777777797 
356.0673379084036 3798.0 0.0 69.0 114.0 13783.960646056497 13666.940740740725 14232.777777777797 
357.00872679697846 3833.0 0.0 58.0 115.0 13777.017558559486 13730.014814814838 14232.777777777797 
358.04605611758217 3873.0 0.0 52.0 116.0 13753.684691592436 13543.688888888886 14232.777777777797 
359.0026265930052 3903.0 0.0 56.0 117.0 13756.711777988756 13783.955555555562 14232.777777777797 
360.0673379084036 3937.0 0.0 53.0 116.0 13748.81754284063 13708.162962962959 14232.777777777797 
361.0093414764546 3974.0 0.0 46.0 112.0 13763.160243874592 13849.037037037015 14232.777777777797 
362.004060809428 4000.0 0.0 65.0 110.0 13773.933849116753 13870.896296296318 14232.777777777797 
363.00431454064943 4029.0 0.0 69.0 110.0 13762.611575316203 13660.711111111119 14232.777777777797 
364.00578269647724 4070.0 0.0 57.0 111.0 13736.883751117923 13505.333333333328 14232.777777777797 
365.0093756251833 4102.0 0.0 56.0 112.0 13745.938338969065 13827.42962962963 14232.777777777797 
366.0026014663176 4131.0 0.0 76.0 114.0 13737.102282849946 13657.577777777764 14232.777777777797 
367.0301272827645 4176.0 0.0 71.0 109.0 13715.660943453837 13522.688888888888 14232.777777777797 
368.0385609382947 4215.0 0.0 76.0 108.0 13710.675589849187 13665.807407407408 14232.777777777797 
369.05173472301453 4256.0 0.0 64.0 111.0 13700.284327160587 13606.76296296296 14232.777777777797 
370.0039001749734 4296.0 0.0 59.0 108.0 13696.725524074147 13664.696296296284 14232.777777777797 
371.0286403094183 4324.0 0.0 69.0 111.0 13697.469267963032 13704.162962962957 14232.777777777797 
372.0184694495219 4368.0 0.0 62.0 109.0 13682.912711537092 13551.903703703712 14232.777777777797 
373.0104614176161 4398.0 0.0 75.0 113.0 13688.360699642639 13737.392592592572 14232.777777777797 
374.01633977883057 4436.0 0.0 71.0 109.0 13679.889074122824 13603.644444444439 14232.777777777797 
375.0433315046515 4481.0 0.0 60.0 112.0 13682.517203747591 13706.17037037036 14232.777777777797 
376.02691875801054 4521.0 0.0 50.0 108.0 13672.86770559504 13586.022222222231 14232.777777777797 
377.0044315083621 4549.0 0.0 67.0 109.0 13683.97723133183 13783.962962962985 14232.777777777797 
378.0368388821879 4580.0 0.0 80.0 108.0 13687.755804494951 13721.76296296296 14232.777777777797 
379.0126409733318 4623.0 0.0 70.0 110.0 13669.512816638044 13505.325925925896 14232.777777777797 
380.00495338988674 4667.0 0.0 70.0 111.0 13667.695609048315 13651.340740740723 14232.777777777797 
381.01094473054195 4704.0 0.0 79.0 108.0 13677.960122217555 13770.340740740723 14232.777777777797 
382.00365245865123 4744.0 0.0 75.0 108.0 13643.798184069878 13336.340740740723 14232.777777777797 
383.0131666919574 4791.0 0.0 71.0 112.0 13652.730958255486 13733.12592592592 14232.777777777797 
384.0116801098947 4830.0 0.0 61.0 105.0 13644.499343911417 13570.414814814803 14232.777777777797 
385.0056394413976 4864.0 0.0 61.0 110.0 13651.601261372125 13715.51851851852 14232.777777777797 
386.00518584988293 4898.0 0.0 67.0 106.0 13656.545579679372 13701.044444444437 14232.777777777797 
387.0066678176164 4930.0 0.0 73.0 112.0 13654.377688378083 13634.866666666652 14232.777777777797 
388.0253519003977 4975.0 0.0 62.0 108.0 13652.823623243989 13638.837037037041 14232.777777777797 
389.0090975239798 5009.0 0.0 70.0 111.0 13647.078297956623 13595.370370370389 14232.777777777797 
390.03928116653236 5047.0 0.0 55.0 109.0 13639.834171864659 13574.637037037037 14232.777777777797 
391.06284462226387 5083.0 0.0 67.0 111.0 13640.783347270795 13649.325925925896 14232.777777777797 
392.0440639235473 5115.0 0.0 81.0 111.0 13635.932419951127 13592.274074074054 14232.777777777797 
393.0127084770372 5155.0 0.0 88.0 105.0 13639.943622400455 13676.044444444438 14232.777777777797 
394.00687647153444 5197.0 0.0 82.0 110.0 13626.995926827067 13510.466666666674 14232.777777777797 
395.03303217739705 5250.0 0.0 67.0 107.0 13605.600037848058 13413.037037037015 14232.777777777797 
396.0172382312579 5284.0 0.0 73.0 111.0 13598.157811841049 13531.177777777762 14232.777777777797 
397.0134607571876 5324.0 0.0 73.0 105.0 13603.873882508778 13655.318518518547 14232.777777777797 
398.03661074132947 5365.0 0.0 61.0 111.0 13600.013901665308 13565.274074074052 14232.777777777797 
399.02265273898934 5406.0 0.0 66.0 107.0 13605.542881869156 13655.303703703716 14232.777777777797 
400.01284312333917 5438.0 0.0 78.0 107.0 13614.781186274837 13697.925925925929 14232.777777777797 
401.01633347040206 5476.0 0.0 67.0 106.0 13605.997882462176 13526.94814814816 14232.777777777797 
402.0673379084036 5523.0 0.0 39.0 104.0 13620.423770861576 13808.711111111119 14232.777777777797 
403.0673379084036 5548.0 0.0 17.0 105.0 13635.128060442077 13767.466666666676 14232.777777777797 
404.0673379084036 5562.0 0.0 5.0 108.0 13677.476735879354 14058.614814814824 14232.777777777797 
405.0673379084036 5565.0 0.0 2.0 119.0 13730.932765995114 14212.037037037013 14232.777777777797 
406.0673379084036 5567.0 0.0 1.0 122.0 13778.730600506711 14208.911111111145 14232.777777777797 
407.0673379084036 5568.0 0.0 0.0 128.0 13823.510133048649 14226.525925925918 14232.777777777797 
408.0673379084036 5568.0 0.0 0.0 131.0 13864.43689752154 14232.777777777797 14232.777777777797 
409.0673379084036 5568.0 0.0 1.0 134.0 13901.27098554717 14232.777777777797 14232.777777777797 
410.0673379084036 5569.0 0.0 1.0 135.0 13934.109072177638 14229.651851851839 14232.777777777797 
411.0673379084036 5570.0 0.0 0.0 135.0 13963.663350145058 14229.651851851839 14232.777777777797 
412.0673379084036 5570.0 0.0 0.0 135.0 13990.574792908334 14232.777777777797 14232.777777777797 
413.0673379084036 5570.0 0.0 0.0 135.0 14014.795091395286 14232.777777777797 14232.777777777797 
414.0673379084036 5570.0 0.0 0.0 135.0 14036.59336003353 14232.777777777797 14232.777777777797 
415.0673379084036 5570.0 0.0 0.0 135.0 14056.211801807955 14232.777777777797 14232.777777777797 
416.0673379084036 5570.0 0.0 0.0 135.0 14073.86839940494 14232.777777777797 14232.777777777797 
417.0673379084036 5570.0 0.0 0.0 135.0 14089.759337242218 14232.777777777797 14232.777777777797 
418.0673379084036 5570.0 0.0 1.0 135.0 14104.061181295783 14232.777777777797 14232.777777777797 
419.0673379084036 5571.0 0.0 0.0 135.0 14116.620248351379 14229.651851851839 14232.777777777797 
420.0673379084036 5571.0 0.0 0.0 135.0 14128.23600129402 14232.777777777797 14232.777777777797 
421.0673379084036 5571.0 0.0 0.0 135.0 14138.690178942397 14232.777777777797 14232.777777777797 
422.0673379084036 5571.0 0.0 1.0 135.0 14148.098938825935 14232.777777777797 14232.777777777797 
423.0673379084036 5571.0 0.0 1.0 135.0 14156.254230128523 14229.651851851839 14232.777777777797 
424.0673379084036 5572.0 0.0 0.0 135.0 14163.593992300872 14229.651851851839 14232.777777777797 
425.0000130511088 5572.0 0.0 0.0 135.0 14169.881991241195 14232.777777777797 14232.777777777797 
426.0673379084036 5572.0 0.0 1.0 135.0 14176.738911541486 14232.777777777797 14232.777777777797 
427.0673379084036 5573.0 0.0 0.0 135.0 14182.030205572513 14229.651851851839 14232.777777777797 
428.0673379084036 5573.0 0.0 0.0 135.0 14187.104962793039 14232.777777777797 14232.777777777797 
429.0673379084036 5573.0 0.0 0.0 135.0 14191.672244291509 14232.777777777797 14232.777777777797 
430.0673379084036 5573.0 0.0 0.0 135.0 14195.78279764012 14232.777777777797 14232.777777777797 
431.0673379084036 5573.0 0.0 0.0 135.0 14199.48229565391 14232.777777777797 14232.777777777797 
432.0673379084036 5573.0 0.0 0.0 135.0 14202.811843866299 14232.777777777797 14232.777777777797 
433.0673379084036 5573.0 0.0 0.0 135.0 14205.808437257429 14232.777777777797 14232.777777777797 
434.0673379084036 5573.0 0.0 0.0 135.0 14208.505371309479 14232.777777777797 14232.777777777797 
435.0673379084036 5573.0 0.0 0.0 135.0 14210.93261195631 14232.777777777797 14232.777777777797 
436.0673379084036 5573.0 0.0 0.0 135.0 14213.117128538453 14232.777777777797 14232.777777777797 
437.0673379084036 5573.0 0.0 0.0 135.0 14215.083193462391 14232.777777777797 14232.777777777797 
438.0673379084036 5573.0 0.0 0.0 135.0 14216.85265189392 14232.777777777797 14232.777777777797 
439.0673379084036 5573.0 0.0 0.0 135.0 14218.4451644823 14232.777777777797 14232.777777777797 
440.0673379084036 5573.0 0.0 0.0 135.0 14219.878425811845 14232.777777777797 14232.777777777797 
441.0673379084036 5573.0 0.0 0.0 135.0 14221.168361008458 14232.777777777797 14232.777777777797 
442.0673379084036 5573.0 0.0 1.0 135.0 14222.329302685388 14232.777777777797 14232.777777777797 
443.0673379084036 5574.0 0.0 0.0 135.0 14223.061557602015 14229.651851851839 14232.777777777797 
444.0673379084036 5574.0 0.0 0.0 135.0 14224.033179619604 14232.777777777797 14232.777777777797 
445.0673379084036 5574.0 0.0 0.0 135.0 14224.907639435414 14232.777777777797 14232.777777777797 
446.0673379084036 5574.0 0.0 0.0 135.0 14225.694653269664 14232.777777777797 14232.777777777797 
447.0673379084036 5574.0 0.0 0.0 135.0 14226.402965720457 14232.777777777797 14232.777777777797 
448.0673379084036 5574.0 0.0 0.0 135.0 14227.04044692621 14232.777777777797 14232.777777777797 
449.0673379084036 5574.0 0.0 1.0 135.0 14227.614180011353 14232.777777777797 14232.777777777797 
450.0673379084036 5575.0 0.0 0.0 135.0 14227.817947195414 14229.651851851839 14232.777777777797 
451.0673379084036 5575.0 0.0 0.0 135.0 14228.313930253638 14232.777777777797 14232.777777777797 
452.0673379084036 5575.0 0.0 0.0 135.0 14228.760315006053 14232.777777777797 14232.777777777797 
453.0673379084036 5575.0 0.0 0.0 135.0 14229.162061283232 14232.777777777797 14232.777777777797 
454.0673379084036 5575.0 0.0 0.0 135.0 14229.52363293268 14232.777777777797 14232.777777777797 
455.0673379084036 5575.0 0.0 0.0 135.0 14229.849047417185 14232.777777777797 14232.777777777797 
456.0673379084036 5575.0 0.0 0.0 135.0 14230.141920453249 14232.777777777797 14232.777777777797 
457.0673379084036 5575.0 0.0 0.0 135.0 14230.4055061857 14232.777777777797 14232.777777777797 
458.0673379084036 5575.0 0.0 1.0 135.0 14230.642733344916 14232.777777777797 14232.777777777797 
459.0673379084036 5575.0 0.0 1.0 135.0 14230.543645195588 14229.651851851839 14232.777777777797 
460.0673379084036 5576.0 0.0 0.0 135.0 14230.454465861238 14229.651851851839 14232.777777777797 
461.0673379084036 5576.0 0.0 0.0 135.0 14230.686797052893 14232.777777777797 14232.777777777797 
462.0673379084036 5576.0 0.0 0.0 135.0 14230.895895125383 14232.777777777797 14232.777777777797 
463.0673379084036 5576.0 0.0 0.0 135.0 14231.084083390591 14232.777777777797 14232.777777777797 
464.0673379084036 5576.0 0.0 0.0 135.0 14231.253452829334 14232.777777777797 14232.777777777797 
465.0673379084036 5576.0 0.0 0.0 135.0 14231.40588532418 14232.777777777797 14232.777777777797 
466.0673379084036 5576.0 0.0 0.0 135.0 14231.54307456954 14232.777777777797 14232.777777777797 
467.0673379084036 5576.0 0.0 0.0 135.0 14231.66654489036 14232.777777777797 14232.777777777797 
468.0673379084036 5576.0 0.0 0.0 135.0 14231.7776681791 14232.777777777797 14232.777777777797 
469.0673379084036 5576.0 0.0 0.0 135.0 14231.877679138965 14232.777777777797 14232.777777777797 
470.0673379084036 5576.0 0.0 0.0 135.0 14231.967689002839 14232.777777777797 14232.777777777797 
471.0673379084036 5576.0 0.0 0.0 135.0 14232.048697880351 14232.777777777797 14232.777777777797 
472.0673379084036 5576.0 0.0 1.0 135.0 14232.121605870085 14232.777777777797 14232.777777777797 
473.0673379084036 5576.0 0.0 1.0 135.0 14231.874630468257 14229.651851851839 14232.777777777797 
474.0673379084036 5576.0 0.0 1.0 135.0 14231.652352606605 14229.651851851839 14232.777777777797 
475.0673379084036 5577.0 0.0 0.0 135.0 14231.452302531146 14229.651851851839 14232.777777777797 
476.0673379084036 5577.0 0.0 0.0 135.0 14231.584850055791 14232.777777777797 14232.777777777797 
477.0673379084036 5577.0 0.0 0.0 135.0 14231.704142827997 14232.777777777797 14232.777777777797 
478.0673379084036 5577.0 0.0 0.0 135.0 14231.811506322976 14232.777777777797 14232.777777777797 
479.0673379084036 5577.0 0.0 0.0 135.0 14231.908133468465 14232.777777777797 14232.777777777797 
480.0673379084036 5577.0 0.0 0.0 135.0 14231.995097899402 14232.777777777797 14232.777777777797 
481.0673379084036 5577.0 0.0 0.0 135.0 14232.07336588723 14232.777777777797 14232.777777777797 
482.0673379084036 5577.0 0.0 1.0 135.0 14232.143807076276 14232.777777777797 14232.777777777797 
483.0673379084036 5578.0 0.0 0.0 135.0 14231.894611553842 14229.651851851839 14232.777777777797 
484.0673379084036 5578.0 0.0 0.0 135.0 14231.982928176249 14232.777777777797 14232.777777777797 
485.0673379084036 5578.0 0.0 0.0 135.0 14232.062413136386 14232.777777777797 14232.777777777797 
486.0673379084036 5578.0 0.0 0.0 135.0 14232.133949600526 14232.777777777797 14232.777777777797 
487.0673379084036 5578.0 0.0 0.0 135.0 14232.198332418262 14232.777777777797 14232.777777777797 
488.0673379084036 5578.0 0.0 0.0 135.0 14232.256276954204 14232.777777777797 14232.777777777797 
489.0673379084036 5578.0 0.0 0.0 135.0 14232.308427036574 14232.777777777797 14232.777777777797 
490.0673379084036 5578.0 0.0 0.0 135.0 14232.355362110682 14232.777777777797 14232.777777777797 
491.0673379084036 5578.0 0.0 0.0 135.0 14232.3976036774 14232.777777777797 14232.777777777797 
492.0673379084036 5578.0 0.0 1.0 135.0 14232.435621087427 14232.777777777797 14232.777777777797 
493.0673379084036 5578.0 0.0 1.0 135.0 14232.157244163873 14229.651851851839 14232.777777777797 
494.0673379084036 5579.0 0.0 1.0 135.0 14231.906704932666 14229.651851851839 14232.777777777797 
495.0673379084036 5580.0 0.0 1.0 135.0 14231.681219624588 14229.651851851839 14232.777777777797 
496.0673379084036 5581.0 0.0 0.0 135.0 14231.478282847318 14229.651851851839 14232.777777777797 
497.0673379084036 5581.0 0.0 0.0 135.0 14231.608232340372 14232.777777777797 14232.777777777797 
498.0048252097295 5581.0 0.0 1.0 135.0 14231.72489894188 14232.777777777797 14232.777777777797 
499.0673379084036 5581.0 0.0 2.0 135.0 14231.517853380874 14229.651851851839 14232.777777777797 
500.0673379084036 5583.0 0.0 0.0 135.0 14231.018660635378 14226.525925925918 14232.777777777797 
501.0673379084036 5583.0 0.0 0.0 135.0 14231.194572349626 14232.777777777797 14232.777777777797 
502.0673379084036 5583.0 0.0 0.0 135.0 14231.35289289243 14232.777777777797 14232.777777777797 
503.0673379084036 5583.0 0.0 0.0 135.0 14231.495381380972 14232.777777777797 14232.777777777797 
504.0673379084036 5583.0 0.0 0.0 135.0 14231.623621020639 14232.777777777797 14232.777777777797 
505.0673379084036 5583.0 0.0 0.0 135.0 14231.73903669637 14232.777777777797 14232.777777777797 
506.0673379084036 5583.0 0.0 0.0 135.0 14231.84291080449 14232.777777777797 14232.777777777797 
507.0673379084036 5583.0 0.0 0.0 135.0 14231.936397501833 14232.777777777797 14232.777777777797 
508.0673379084036 5583.0 0.0 0.0 135.0 14232.02053552943 14232.777777777797 14232.777777777797 
509.0673379084036 5583.0 0.0 1.0 135.0 14232.096259754266 14232.777777777797 14232.777777777797 
510.0673379084036 5583.0 0.0 1.0 135.0 14231.851818964013 14229.651851851839 14232.777777777797 
511.0673379084036 5583.0 0.0 1.0 135.0 14231.6318222528 14229.651851851839 14232.777777777797 
512.0673379084036 5584.0 0.0 0.0 135.0 14231.433825212707 14229.651851851839 14232.777777777797 
513.0673379084036 5584.0 0.0 0.0 135.0 14231.56822046923 14232.777777777797 14232.777777777797 
514.0673379084036 5584.0 0.0 0.0 135.0 14231.689176200076 14232.777777777797 14232.777777777797 
515.0673379084036 5584.0 0.0 0.0 135.0 14231.798036357832 14232.777777777797 14232.777777777797 
516.0673379084036 5584.0 0.0 0.0 135.0 14231.896010499835 14232.777777777797 14232.777777777797 
517.0673379084036 5584.0 0.0 0.0 135.0 14231.984187227616 14232.777777777797 14232.777777777797 
518.0673379084036 5584.0 0.0 0.0 135.0 14232.063546282634 14232.777777777797 14232.777777777797 
519.0673379084036 5584.0 0.0 0.0 135.0 14232.134969432162 14232.777777777797 14232.777777777797 
520.0673379084036 5584.0 0.0 0.0 135.0 14232.199250266727 14232.777777777797 14232.777777777797 
521.0673379084036 5584.0 0.0 0.0 135.0 14232.257103017828 14232.777777777797 14232.777777777797 
522.0673379084036 5584.0 0.0 0.0 135.0 14232.309170493816 14232.777777777797 14232.777777777797 
523.0673379084036 5584.0 0.0 1.0 135.0 14232.3560312222 14232.777777777797 14232.777777777797 
524.0673379084036 5585.0 0.0 0.0 135.0 14232.085613285166 14229.651851851839 14232.777777777797 
525.0673379084036 5585.0 0.0 0.0 135.0 14232.154829734429 14232.777777777797 14232.777777777797 
526.0673379084036 5585.0 0.0 0.0 135.0 14232.217124538784 14232.777777777797 14232.777777777797 
527.0673379084036 5585.0 0.0 0.0 135.0 14232.27318986266 14232.777777777797 14232.777777777797 
528.0673379084036 5585.0 0.0 0.0 135.0 14232.32364865419 14232.777777777797 14232.777777777797 
529.0673379084036 5585.0 0.0 0.0 135.0 14232.369061566545 14232.777777777797 14232.777777777797 
530.0673379084036 5585.0 0.0 0.0 135.0 14232.40993318766 14232.777777777797 14232.777777777797 
531.0673379084036 5585.0 0.0 0.0 135.0 14232.446717646679 14232.777777777797 14232.777777777797 
532.0673379084036 5585.0 0.0 0.0 135.0 14232.479823659782 14232.777777777797 14232.777777777797 
533.0673379084036 5585.0 0.0 0.0 135.0 14232.509619071572 14232.777777777797 14232.777777777797 
534.0673379084036 5585.0 0.0 0.0 135.0 14232.536434942214 14232.777777777797 14232.777777777797 
535.0673379084036 5585.0 0.0 0.0 135.0 14232.56056922575 14232.777777777797 14232.777777777797 
536.0673379084036 5585.0 0.0 0.0 135.0 14232.582290080949 14232.777777777797 14232.777777777797 
537.0673379084036 5585.0 0.0 0.0 135.0 14232.601838850642 14232.777777777797 14232.777777777797 
538.0673379084036 5585.0 0.0 0.0 135.0 14232.619432743344 14232.777777777797 14232.777777777797 
539.0673379084036 5585.0 0.0 0.0 135.0 14232.635267246807 14232.777777777797 14232.777777777797 
540.0673379084036 5585.0 0.0 0.0 135.0 14232.649518299912 14232.777777777797 14232.777777777797 
541.0673379084036 5585.0 0.0 0.0 135.0 14232.66234424769 14232.777777777797 14232.777777777797 
542.0673379084036 5585.0 0.0 0.0 135.0 14232.6738876007 14232.777777777797 14232.777777777797 
543.0673379084036 5585.0 0.0 0.0 135.0 14232.684276618409 14232.777777777797 14232.777777777797 
544.0673379084036 5585.0 0.0 0.0 135.0 14232.693626734334 14232.777777777797 14232.777777777797 
545.0673379084036 5585.0 0.0 0.0 135.0 14232.702041838676 14232.777777777797 14232.777777777797 
546.0673379084036 5585.0 0.0 0.0 135.0 14232.709615432594 14232.777777777797 14232.777777777797 
547.0673379084036 5585.0 0.0 0.0 135.0 14232.716431667115 14232.777777777797 14232.777777777797 
548.0673379084036 5585.0 0.0 0.0 135.0 14232.722566278175 14232.777777777797 14232.777777777797 
549.0673379084036 5585.0 0.0 0.0 135.0 14232.728087428139 14232.777777777797 14232.777777777797 
550.0673379084036 5585.0 0.0 0.0 135.0 14232.733056463114 14232.777777777797 14232.777777777797 
551.0673379084036 5585.0 0.0 0.0 135.0 14232.73752859456 14232.777777777797 14232.777777777797 
552.0673379084036 5585.0 0.0 0.0 135.0 14232.741553512893 14232.777777777797 14232.777777777797 
553.0673379084036 5585.0 0.0 0.0 135.0 14232.745175939383 14232.777777777797 14232.777777777797 
554.0673379084036 5585.0 0.0 1.0 135.0 14232.748436123224 14232.777777777797 14232.777777777797 
555.0673379084036 5585.0 0.0 1.0 135.0 14232.438777696072 14229.651851851839 14232.777777777797 
556.0673379084036 5585.0 0.0 1.0 135.0 14232.160085111664 14229.651851851839 14232.777777777797 
557.0673379084036 5586.0 0.0 0.0 135.0 14231.909261785675 14229.651851851839 14232.777777777797 
558.0673379084036 5586.0 0.0 0.0 135.0 14231.996113384901 14232.777777777797 14232.777777777797 
559.0673379084036 5586.0 0.0 0.0 135.0 14232.07427982417 14232.777777777797 14232.777777777797 
560.0673379084036 5586.0 0.0 0.0 135.0 14232.144629619532 14232.777777777797 14232.777777777797 
561.0673379084036 5586.0 0.0 1.0 135.0 14232.20794443536 14232.777777777797 14232.777777777797 
562.0673379084036 5586.0 0.0 2.0 135.0 14231.952335177013 14229.651851851839 14232.777777777797 
563.0673379084036 5588.0 0.0 0.0 135.0 14231.4096942519 14226.525925925918 14232.777777777797 
564.0673379084036 5588.0 0.0 0.0 135.0 14231.546502604495 14232.777777777797 14232.777777777797 
565.0673379084036 5588.0 0.0 0.0 135.0 14231.669630121813 14232.777777777797 14232.777777777797 
566.0673379084036 5588.0 0.0 0.0 135.0 14231.780444887398 14232.777777777797 14232.777777777797 
567.0673379084036 5588.0 0.0 0.0 135.0 14231.880178176458 14232.777777777797 14232.777777777797 
568.0673379084036 5588.0 0.0 0.0 135.0 14231.969938136568 14232.777777777797 14232.777777777797 
569.0673379084036 5588.0 0.0 1.0 135.0 14232.050722100705 14232.777777777797 14232.777777777797 
570.0673379084036 5588.0 0.0 1.0 135.0 14231.81083507582 14229.651851851839 14232.777777777797 
571.0673379084036 5589.0 0.0 0.0 135.0 14231.594936753429 14229.651851851839 14232.777777777797 
572.0673379084036 5589.0 0.0 0.0 135.0 14231.71322085585 14232.777777777797 14232.777777777797 
573.0673379084036 5589.0 0.0 0.0 135.0 14231.819676548053 14232.777777777797 14232.777777777797 
574.0673379084036 5589.0 0.0 0.0 135.0 14231.915486671012 14232.777777777797 14232.777777777797 
575.0673379084036 5589.0 0.0 0.0 135.0 14232.001715781702 14232.777777777797 14232.777777777797 
576.0673379084036 5589.0 0.0 0.0 135.0 14232.079321981295 14232.777777777797 14232.777777777797 
577.0673379084036 5589.0 0.0 0.0 135.0 14232.149167560947 14232.777777777797 14232.777777777797 
578.0673379084036 5589.0 0.0 0.0 135.0 14232.212028582642 14232.777777777797 14232.777777777797 
579.0673379084036 5589.0 0.0 0.0 135.0 14232.268603502149 14232.777777777797 14232.777777777797 
580.0673379084036 5589.0 0.0 0.0 135.0 14232.319520929708 14232.777777777797 14232.777777777797 
581.0673379084036 5589.0 0.0 0.0 135.0 14232.36534661452 14232.777777777797 14232.777777777797 
582.0673379084036 5589.0 0.0 0.0 135.0 14232.406589730837 14232.777777777797 14232.777777777797 
583.0673379084036 5589.0 0.0 0.0 135.0 14232.44370853554 14232.777777777797 14232.777777777797 
584.0673379084036 5589.0 0.0 0.0 135.0 14232.477115459764 14232.777777777797 14232.777777777797 
585.0673379084036 5589.0 0.0 0.0 135.0 14232.50718169156 14232.777777777797 14232.777777777797 
586.0673379084036 5589.0 0.0 0.0 135.0 14232.534241300189 14232.777777777797 14232.777777777797 
587.0673379084036 5589.0 0.0 0.0 135.0 14232.558594947955 14232.777777777797 14232.777777777797 
588.0673379084036 5589.0 0.0 0.0 135.0 14232.580513230921 14232.777777777797 14232.777777777797 
589.0673379084036 5589.0 0.0 1.0 135.0 14232.60023968562 14232.777777777797 14232.777777777797 
590.0673379084036 5589.0 0.0 2.0 135.0 14232.305400902233 14229.651851851839 14232.777777777797 
591.0673379084036 5591.0 0.0 0.0 135.0 14231.727453404617 14226.525925925918 14232.777777777797 
592.0673379084036 5591.0 0.0 0.0 135.0 14231.832485841926 14232.777777777797 14232.777777777797 
593.0673379084036 5591.0 0.0 0.0 135.0 14231.92701503551 14232.777777777797 14232.777777777797 
594.0673379084036 5591.0 0.0 0.0 135.0 14232.012091309725 14232.777777777797 14232.777777777797 
595.0673379084036 5591.0 0.0 0.0 135.0 14232.088659956527 14232.777777777797 14232.777777777797 
596.0673379084036 5591.0 0.0 0.0 135.0 14232.15757173866 14232.777777777797 14232.777777777797 
597.0673379084036 5591.0 0.0 0.0 135.0 14232.219592342564 14232.777777777797 14232.777777777797 
598.0673379084036 5591.0 0.0 0.0 135.0 14232.275410886094 14232.777777777797 14232.777777777797 
599.0673379084036 5591.0 0.0 0.0 135.0 14232.325647575251 14232.777777777797 14232.777777777797 
600.0673379084036 5591.0 0.0 0.0 135.0 14232.370860595523 14232.777777777797 14232.777777777797 
#####################################################################
# End of data export. Simulation finished at: 2020-02-17T20:38+0000 #
#####################################################################
