#####################################################################
# Alchemist log file - simulation started at: 2020-02-16T02:05+0000 #
#####################################################################
# longseed = 52.0, meanTaskSize = 1, peakFrequency = 0.3
#
# The columns have the following meaning: 
# time done[Sum] drop[Sum] waiting[Sum] isLeader[Sum] capacity[Mean] freeCapacity[Mean] maxCapacity[Mean] 
0.0 NaN 0.0 NaN NaN NaN NaN NaN 
1.0039832394593913 0.0 0.0 0.0 135.0 14232.777777777797 14232.777777777797 14232.777777777797 
2.0039832394593913 0.0 0.0 0.0 135.0 14232.777777777797 14232.777777777797 14232.777777777797 
3.0039832394593913 0.0 0.0 0.0 135.0 14232.777777777797 14232.777777777797 14232.777777777797 
4.003983239459391 0.0 0.0 0.0 135.0 14232.777777777797 14232.777777777797 14232.777777777797 
5.003983239459391 0.0 0.0 0.0 135.0 14232.777777777797 14232.777777777797 14232.777777777797 
6.003983239459391 0.0 0.0 0.0 135.0 14232.777777777797 14232.777777777797 14232.777777777797 
7.003983239459391 0.0 0.0 0.0 135.0 14232.777777777797 14232.777777777797 14232.777777777797 
8.00398323945939 0.0 0.0 0.0 135.0 14232.777777777797 14232.777777777797 14232.777777777797 
9.00398323945939 0.0 0.0 0.0 135.0 14232.777777777797 14232.777777777797 14232.777777777797 
10.00398323945939 0.0 0.0 0.0 135.0 14232.777777777797 14232.777777777797 14232.777777777797 
11.00398323945939 0.0 0.0 0.0 135.0 14232.777777777797 14232.777777777797 14232.777777777797 
12.00398323945939 0.0 0.0 0.0 135.0 14232.777777777797 14232.777777777797 14232.777777777797 
13.00398323945939 0.0 0.0 0.0 135.0 14232.777777777797 14232.777777777797 14232.777777777797 
14.00398323945939 0.0 0.0 0.0 135.0 14232.777777777797 14232.777777777797 14232.777777777797 
15.00398323945939 0.0 0.0 0.0 135.0 14232.777777777797 14232.777777777797 14232.777777777797 
16.00398323945939 0.0 0.0 0.0 135.0 14232.777777777797 14232.777777777797 14232.777777777797 
17.00398323945939 0.0 0.0 0.0 135.0 14232.777777777797 14232.777777777797 14232.777777777797 
18.00398323945939 0.0 0.0 0.0 135.0 14232.777777777797 14232.777777777797 14232.777777777797 
19.00398323945939 0.0 0.0 0.0 135.0 14232.777777777797 14232.777777777797 14232.777777777797 
20.00398323945939 0.0 0.0 0.0 135.0 14232.777777777797 14232.777777777797 14232.777777777797 
21.00398323945939 0.0 0.0 0.0 135.0 14232.777777777797 14232.777777777797 14232.777777777797 
22.00398323945939 0.0 0.0 0.0 135.0 14232.777777777797 14232.777777777797 14232.777777777797 
23.00398323945939 0.0 0.0 1.0 135.0 14232.777777777797 14232.777777777797 14232.777777777797 
24.00398323945939 1.0 0.0 0.0 135.0 14231.016296296295 14215.162962962962 14232.777777777797 
25.00398323945939 1.0 0.0 0.0 135.0 14231.192444444468 14232.777777777797 14232.777777777797 
26.00398323945939 1.0 0.0 0.0 135.0 14231.350977777802 14232.777777777797 14232.777777777797 
27.00398323945939 1.0 0.0 0.0 135.0 14231.49365777777 14232.777777777797 14232.777777777797 
28.00398323945939 1.0 0.0 0.0 135.0 14231.622069777777 14232.777777777797 14232.777777777797 
29.00398323945939 1.0 0.0 0.0 135.0 14231.737640577743 14232.777777777797 14232.777777777797 
30.00398323945939 1.0 0.0 0.0 135.0 14231.84165429776 14232.777777777797 14232.777777777797 
31.00398323945939 1.0 0.0 0.0 135.0 14231.935266645778 14232.777777777797 14232.777777777797 
32.00398323945939 1.0 0.0 0.0 135.0 14232.019517758994 14232.777777777797 14232.777777777797 
33.00398323945939 1.0 0.0 0.0 135.0 14232.095343760824 14232.777777777797 14232.777777777797 
34.00398323945939 1.0 0.0 0.0 135.0 14232.163587162575 14232.777777777797 14232.777777777797 
35.00398323945939 1.0 0.0 0.0 135.0 14232.225006224046 14232.777777777797 14232.777777777797 
36.00398323945939 1.0 0.0 0.0 135.0 14232.28028337944 14232.777777777797 14232.777777777797 
37.00398323945939 1.0 0.0 0.0 135.0 14232.330032819276 14232.777777777797 14232.777777777797 
38.00398323945939 1.0 0.0 0.0 135.0 14232.374807315095 14232.777777777797 14232.777777777797 
39.00398323945939 1.0 0.0 0.0 135.0 14232.415104361391 14232.777777777797 14232.777777777797 
40.00398323945939 1.0 0.0 0.0 135.0 14232.451371703013 14232.777777777797 14232.777777777797 
41.00398323945939 1.0 0.0 0.0 135.0 14232.484012310522 14232.777777777797 14232.777777777797 
42.00398323945939 1.0 0.0 0.0 135.0 14232.51338885722 14232.777777777797 14232.777777777797 
43.00398323945939 1.0 0.0 0.0 135.0 14232.539827749288 14232.777777777797 14232.777777777797 
44.00398323945939 1.0 0.0 0.0 135.0 14232.563622752143 14232.777777777797 14232.777777777797 
45.00398323945939 1.0 0.0 1.0 135.0 14232.58503825468 14232.777777777797 14232.777777777797 
46.00398323945939 2.0 0.0 0.0 135.0 14232.291719614397 14229.651851851839 14232.777777777797 
47.00398323945939 2.0 0.0 0.0 135.0 14232.340325430761 14232.777777777797 14232.777777777797 
48.00398323945939 2.0 0.0 0.0 135.0 14232.38407066547 14232.777777777797 14232.777777777797 
49.00398323945939 2.0 0.0 0.0 135.0 14232.423441376686 14232.777777777797 14232.777777777797 
50.00398323945939 2.0 0.0 0.0 135.0 14232.45887501681 14232.777777777797 14232.777777777797 
51.00398323945939 2.0 0.0 1.0 135.0 14232.49076529289 14232.777777777797 14232.777777777797 
52.00398323945939 3.0 0.0 0.0 135.0 14232.206873948799 14229.651851851839 14232.777777777797 
53.00398323945939 3.0 0.0 1.0 135.0 14232.263964331676 14232.777777777797 14232.777777777797 
54.00398323945939 4.0 0.0 0.0 135.0 14232.00275308372 14229.651851851839 14232.777777777797 
55.00398323945939 4.0 0.0 0.0 135.0 14232.0802555531 14232.777777777797 14232.777777777797 
56.00398323945939 4.0 0.0 0.0 135.0 14232.150007775614 14232.777777777797 14232.777777777797 
57.00398323945939 4.0 0.0 0.0 135.0 14232.212784775813 14232.777777777797 14232.777777777797 
58.00398323945939 4.0 0.0 0.0 135.0 14232.269284076005 14232.777777777797 14232.777777777797 
59.00398323945939 4.0 0.0 1.0 135.0 14232.320133446177 14232.777777777797 14232.777777777797 
60.00398323945939 5.0 0.0 0.0 135.0 14232.053305286745 14229.651851851839 14232.777777777797 
61.00398323945939 5.0 0.0 0.0 135.0 14232.125752535827 14232.777777777797 14232.777777777797 
62.00398323945939 5.0 0.0 0.0 135.0 14232.190955060018 14232.777777777797 14232.777777777797 
63.00398323945939 5.0 0.0 0.0 135.0 14232.24963733181 14232.777777777797 14232.777777777797 
64.00398323945939 5.0 0.0 0.0 135.0 14232.302451376405 14232.777777777797 14232.777777777797 
65.00398323945939 5.0 0.0 0.0 135.0 14232.34998401657 14232.777777777797 14232.777777777797 
66.00398323945939 5.0 0.0 0.0 135.0 14232.392763392661 14232.777777777797 14232.777777777797 
67.00398323945939 5.0 0.0 0.0 135.0 14232.431264831159 14232.777777777797 14232.777777777797 
68.00398323945939 5.0 0.0 0.0 135.0 14232.46591612586 14232.777777777797 14232.777777777797 
69.00398323945939 5.0 0.0 0.0 135.0 14232.497102291 14232.777777777797 14232.777777777797 
70.00398323945939 5.0 0.0 0.0 135.0 14232.525169839708 14232.777777777797 14232.777777777797 
71.00398323945939 5.0 0.0 0.0 135.0 14232.550430633517 14232.777777777797 14232.777777777797 
72.00398323945939 5.0 0.0 1.0 135.0 14232.573165347943 14232.777777777797 14232.777777777797 
73.00398323945939 6.0 0.0 0.0 135.0 14232.281033998317 14229.651851851839 14232.777777777797 
74.00398323945939 6.0 0.0 0.0 135.0 14232.33070837628 14232.777777777797 14232.777777777797 
75.00398323945939 6.0 0.0 0.0 135.0 14232.375415316441 14232.777777777797 14232.777777777797 
76.00398323945939 6.0 0.0 0.0 135.0 14232.415651562571 14232.777777777797 14232.777777777797 
77.00398323945939 6.0 0.0 0.0 135.0 14232.451864184068 14232.777777777797 14232.777777777797 
78.00398323945939 6.0 0.0 0.0 135.0 14232.484455543436 14232.777777777797 14232.777777777797 
79.00398323945939 6.0 0.0 1.0 135.0 14232.513787766868 14232.777777777797 14232.777777777797 
80.00398323945939 7.0 0.0 0.0 135.0 14232.227594175389 14229.651851851839 14232.777777777797 
81.00398323945939 7.0 0.0 0.0 135.0 14232.282612535611 14232.777777777797 14232.777777777797 
82.00398323945939 7.0 0.0 0.0 135.0 14232.332129059849 14232.777777777797 14232.777777777797 
83.00398323945939 7.0 0.0 0.0 135.0 14232.376693931625 14232.777777777797 14232.777777777797 
84.00398323945939 7.0 0.0 0.0 135.0 14232.416802316266 14232.777777777797 14232.777777777797 
85.00398323945939 7.0 0.0 0.0 135.0 14232.452899862403 14232.777777777797 14232.777777777797 
86.00398323945939 7.0 0.0 0.0 135.0 14232.485387653924 14232.777777777797 14232.777777777797 
87.00398323945939 7.0 0.0 0.0 135.0 14232.514626666301 14232.777777777797 14232.777777777797 
88.00398323945939 7.0 0.0 0.0 135.0 14232.540941777468 14232.777777777797 14232.777777777797 
89.00398323945939 7.0 0.0 1.0 135.0 14232.564625377478 14232.777777777797 14232.777777777797 
90.00398323945939 8.0 0.0 0.0 135.0 14232.273348024917 14229.651851851839 14232.777777777797 
91.00398323945939 8.0 0.0 0.0 135.0 14232.323791000219 14232.777777777797 14232.777777777797 
92.00398323945939 8.0 0.0 0.0 135.0 14232.36918967796 14232.777777777797 14232.777777777797 
93.00398323945939 8.0 0.0 1.0 135.0 14232.41004848794 14232.777777777797 14232.777777777797 
94.00398323945939 9.0 0.0 0.0 135.0 14232.134228824341 14229.651851851839 14232.777777777797 
95.00398323945939 9.0 0.0 0.0 135.0 14232.198583719679 14232.777777777797 14232.777777777797 
96.00398323945939 9.0 0.0 0.0 135.0 14232.256503125493 14232.777777777797 14232.777777777797 
97.00398323945939 9.0 0.0 0.0 135.0 14232.308630590729 14232.777777777797 14232.777777777797 
98.00398323945939 9.0 0.0 0.0 135.0 14232.355545309461 14232.777777777797 14232.777777777797 
99.00398323945939 9.0 0.0 0.0 135.0 14232.397768556251 14232.777777777797 14232.777777777797 
100.00398323945939 9.0 0.0 0.0 135.0 14232.435769478416 14232.777777777797 14232.777777777797 
101.00398323945939 9.0 0.0 0.0 135.0 14232.469970308366 14232.777777777797 14232.777777777797 
102.00398323945939 9.0 0.0 0.0 135.0 14232.500751055284 14232.777777777797 14232.777777777797 
103.00398323945939 9.0 0.0 0.0 135.0 14232.528453727577 14232.777777777797 14232.777777777797 
104.00398323945939 9.0 0.0 0.0 135.0 14232.553386132573 14232.777777777797 14232.777777777797 
105.00398323945939 9.0 0.0 0.0 135.0 14232.575825297114 14232.777777777797 14232.777777777797 
106.00398323945939 9.0 0.0 0.0 135.0 14232.596020545181 14232.777777777797 14232.777777777797 
107.00398323945939 9.0 0.0 0.0 135.0 14232.61419626844 14232.777777777797 14232.777777777797 
108.00398323945939 9.0 0.0 0.0 135.0 14232.630554419364 14232.777777777797 14232.777777777797 
109.00398323945939 9.0 0.0 0.0 135.0 14232.645276755205 14232.777777777797 14232.777777777797 
110.00398323945939 9.0 0.0 0.0 135.0 14232.65852685745 14232.777777777797 14232.777777777797 
111.00398323945939 9.0 0.0 0.0 135.0 14232.67045194948 14232.777777777797 14232.777777777797 
112.00398323945939 9.0 0.0 0.0 135.0 14232.681184532297 14232.777777777797 14232.777777777797 
113.00398323945939 9.0 0.0 0.0 135.0 14232.690843856843 14232.777777777797 14232.777777777797 
114.00398323945939 9.0 0.0 0.0 135.0 14232.69953724895 14232.777777777797 14232.777777777797 
115.00398323945939 9.0 0.0 0.0 135.0 14232.707361301816 14232.777777777797 14232.777777777797 
116.00398323945939 9.0 0.0 0.0 135.0 14232.714402949425 14232.777777777797 14232.777777777797 
117.00398323945939 9.0 0.0 0.0 135.0 14232.720740432273 14232.777777777797 14232.777777777797 
118.00398323945939 9.0 0.0 0.0 135.0 14232.7264441668 14232.777777777797 14232.777777777797 
119.00398323945939 9.0 0.0 0.0 135.0 14232.731577527893 14232.777777777797 14232.777777777797 
120.00398323945939 9.0 0.0 0.0 135.0 14232.736197552917 14232.777777777797 14232.777777777797 
121.00398323945939 9.0 0.0 0.0 135.0 14232.740355575392 14232.777777777797 14232.777777777797 
122.00398323945939 9.0 0.0 0.0 135.0 14232.744097795658 14232.777777777797 14232.777777777797 
123.00398323945939 9.0 0.0 0.0 135.0 14232.74746579385 14232.777777777797 14232.777777777797 
124.00398323945939 9.0 0.0 0.0 135.0 14232.750496992236 14232.777777777797 14232.777777777797 
125.00398323945939 9.0 0.0 0.0 135.0 14232.75322507078 14232.777777777797 14232.777777777797 
126.00398323945939 9.0 0.0 0.0 135.0 14232.755680341477 14232.777777777797 14232.777777777797 
127.00398323945939 9.0 0.0 0.0 135.0 14232.757890085102 14232.777777777797 14232.777777777797 
128.0039832394594 9.0 0.0 0.0 135.0 14232.7598788544 14232.777777777797 14232.777777777797 
129.0039832394594 9.0 0.0 0.0 135.0 14232.761668746714 14232.777777777797 14232.777777777797 
130.0039832394594 9.0 0.0 0.0 135.0 14232.763279649835 14232.777777777797 14232.777777777797 
131.0039832394594 9.0 0.0 0.0 135.0 14232.764729462659 14232.777777777797 14232.777777777797 
132.0039832394594 9.0 0.0 0.0 135.0 14232.766034294127 14232.777777777797 14232.777777777797 
133.0039832394594 9.0 0.0 0.0 135.0 14232.767208642468 14232.777777777797 14232.777777777797 
134.0039832394594 9.0 0.0 0.0 135.0 14232.768265556004 14232.777777777797 14232.777777777797 
135.0039832394594 9.0 0.0 0.0 135.0 14232.769216778193 14232.777777777797 14232.777777777797 
136.0039832394594 9.0 0.0 0.0 135.0 14232.770072878195 14232.777777777797 14232.777777777797 
137.0039832394594 9.0 0.0 0.0 135.0 14232.770843368133 14232.777777777797 14232.777777777797 
138.0039832394594 9.0 0.0 3.0 135.0 14232.771536809094 14232.777777777797 14232.777777777797 
139.0039832394594 12.0 0.0 0.0 135.0 14227.489197943005 14179.94814814816 14232.777777777797 
140.0039832394594 12.0 0.0 1.0 135.0 14228.018055926479 14232.777777777797 14232.777777777797 
141.0039832394594 13.0 0.0 0.0 135.0 14226.73254663014 14215.162962962962 14232.777777777797 
142.0039832394594 13.0 0.0 0.0 135.0 14227.33706974486 14232.777777777797 14232.777777777797 
143.0039832394594 13.0 0.0 0.0 135.0 14227.881140548172 14232.777777777797 14232.777777777797 
144.0039832394594 13.0 0.0 0.0 135.0 14228.370804271102 14232.777777777797 14232.777777777797 
145.0039832394594 13.0 0.0 0.0 135.0 14228.811501621793 14232.777777777797 14232.777777777797 
146.0039832394594 13.0 0.0 0.0 135.0 14229.208129237393 14232.777777777797 14232.777777777797 
147.0039832394594 13.0 0.0 0.0 135.0 14229.565094091417 14232.777777777797 14232.777777777797 
148.0039832394594 13.0 0.0 1.0 135.0 14229.886362460076 14232.777777777797 14232.777777777797 
149.0039832394594 14.0 0.0 1.0 135.0 14228.414022510333 14215.162962962962 14232.777777777797 
150.0039832394594 15.0 0.0 0.0 135.0 14227.088916555635 14215.162962962962 14232.777777777797 
151.0039832394594 15.0 0.0 0.0 135.0 14227.65780267782 14232.777777777797 14232.777777777797 
152.0039832394594 15.0 0.0 1.0 135.0 14228.169800187823 14232.777777777797 14232.777777777797 
153.0039832394594 16.0 0.0 1.0 135.0 14226.869116465356 14215.162962962962 14232.777777777797 
154.0039832394594 17.0 0.0 2.0 135.0 14225.698501115105 14215.162962962962 14232.777777777797 
155.0039832394594 19.0 0.0 3.0 135.0 14222.883465818435 14197.54814814815 14232.777777777797 
156.0039832394594 22.0 0.0 1.0 135.0 14218.589193310676 14179.940740740722 14232.777777777797 
157.0039832394594 23.0 0.0 0.0 135.0 14219.695459164768 14229.651851851839 14232.777777777797 
158.0039832394594 23.0 0.0 2.0 135.0 14221.003691026095 14232.777777777797 14232.777777777797 
159.0039832394594 25.0 0.0 1.0 135.0 14218.658136738297 14197.54814814815 14232.777777777797 
160.0039832394594 26.0 0.0 3.0 135.0 14218.30861936074 14215.162962962962 14232.777777777797 
161.0039832394594 29.0 0.0 3.0 135.0 14217.368868535781 14208.911111111145 14232.777777777797 
162.0039832394594 32.0 0.0 1.0 135.0 14216.52309279332 14208.911111111145 14232.777777777797 
163.0039832394594 33.0 0.0 1.0 135.0 14216.387079810287 14215.162962962962 14232.777777777797 
164.0039832394594 34.0 0.0 4.0 135.0 14216.264668125528 14215.162962962962 14232.777777777797 
165.0039832394594 38.0 0.0 2.0 135.0 14212.319682794474 14176.814814814803 14232.777777777797 
166.0039832394594 40.0 0.0 1.0 135.0 14210.842529329835 14197.54814814815 14232.777777777797 
167.0039832394594 41.0 0.0 2.0 135.0 14211.274572693168 14215.162962962962 14232.777777777797 
168.0039832394594 43.0 0.0 3.0 135.0 14211.350819127541 14212.037037037013 14232.777777777797 
169.0039832394594 46.0 0.0 0.0 135.0 14208.209070548126 14179.933333333322 14232.777777777797 
170.0039832394594 46.0 0.0 4.0 135.0 14210.665941271085 14232.777777777797 14232.777777777797 
171.0039832394594 50.0 0.0 3.0 135.0 14210.17860640321 14205.792592592627 14232.777777777797 
172.0039832394594 53.0 0.0 1.0 135.0 14210.051856874026 14208.911111111145 14232.777777777797 
173.0039832394594 54.0 0.0 1.0 135.0 14212.011856371826 14229.651851851839 14232.777777777797 
174.0039832394594 55.0 0.0 2.0 135.0 14213.775855919812 14229.651851851839 14232.777777777797 
175.0039832394594 57.0 0.0 1.0 135.0 14213.601974031551 14212.037037037013 14232.777777777797 
176.0039832394594 58.0 0.0 0.0 135.0 14215.20696181354 14229.651851851839 14232.777777777797 
177.0039832394594 58.0 0.0 1.0 135.0 14216.964043409964 14232.777777777797 14232.777777777797 
178.0039832394594 59.0 0.0 0.0 135.0 14216.783935365296 14215.162962962962 14232.777777777797 
179.0039832394594 59.0 0.0 0.0 135.0 14218.383319606532 14232.777777777797 14232.777777777797 
180.0039832394594 59.0 0.0 2.0 135.0 14219.822765423643 14232.777777777797 14232.777777777797 
181.0039832394594 61.0 0.0 3.0 135.0 14220.493081473878 14226.525925925918 14232.777777777797 
182.0039832394594 64.0 0.0 4.0 135.0 14220.784514067243 14223.407407407401 14232.777777777797 
183.0039832394594 68.0 0.0 2.0 134.0 14216.387544141997 14176.814814814803 14232.777777777797 
184.0039832394594 69.0 0.0 6.0 135.0 14216.265086024108 14215.162962962962 14232.777777777797 
185.0039832394594 75.0 0.0 3.0 134.0 14211.38228112539 14167.437037037065 14232.777777777797 
186.0039832394594 78.0 0.0 1.0 134.0 14212.584053012846 14223.400000000001 14232.777777777797 
187.0039832394594 79.0 0.0 5.0 135.0 14212.84194400784 14215.162962962962 14232.777777777797 
188.0039832394594 84.0 0.0 1.0 135.0 14206.02960145892 14144.718518518519 14232.777777777797 
189.0039832394594 85.0 0.0 1.0 135.0 14208.39182649821 14229.651851851839 14232.777777777797 
190.0039832394594 86.0 0.0 3.0 135.0 14210.5178290336 14229.651851851839 14232.777777777797 
191.0039832394594 89.0 0.0 4.0 135.0 14210.357157241344 14208.911111111145 14232.777777777797 
192.0039832394594 93.0 0.0 4.0 135.0 14209.90070077646 14205.792592592627 14232.777777777797 
193.0039832394594 97.0 0.0 5.0 134.0 14209.489149217328 14205.785185185186 14232.777777777797 
194.0039832394594 101.0 0.0 2.0 135.0 14205.909123184492 14173.688888888892 14232.777777777797 
195.0039832394594 103.0 0.0 2.0 134.0 14206.521914569747 14212.037037037013 14232.777777777797 
196.0039832394594 105.0 0.0 6.0 135.0 14207.073426816472 14212.037037037013 14232.777777777797 
197.0039832394594 111.0 0.0 5.0 135.0 14201.973491542214 14156.074074074071 14232.777777777797 
198.0039832394594 116.0 0.0 1.0 135.0 14202.042809054656 14202.666666666668 14232.777777777797 
199.0039832394594 117.0 0.0 7.0 135.0 14204.803713334386 14229.651851851839 14232.777777777797 
200.0039832394594 124.0 0.0 5.0 134.0 14203.964823482449 14196.414814814798 14232.777777777797 
201.0039832394594 129.0 0.0 6.0 133.0 14202.385378171231 14188.17037037036 14232.777777777797 
202.0039832394594 134.0 0.0 4.0 133.0 14199.204618131882 14170.577777777764 14232.777777777797 
203.0039832394594 138.0 0.0 2.0 133.0 14201.624156318698 14223.400000000001 14232.777777777797 
204.0039832394594 140.0 0.0 1.0 135.0 14204.11433327941 14226.525925925918 14232.777777777797 
205.0039832394594 141.0 0.0 3.0 134.0 14206.668085136651 14229.651851851839 14232.777777777797 
206.0039832394594 144.0 0.0 0.0 135.0 14206.892387734106 14208.911111111145 14232.777777777797 
207.0039832394594 144.0 0.0 5.0 135.0 14209.480926738457 14232.777777777797 14232.777777777797 
208.0039832394594 149.0 0.0 6.0 135.0 14210.248389620181 14217.155555555531 14232.777777777797 
209.0039832394594 155.0 0.0 5.0 134.0 14207.728735843346 14185.05185185184 14232.777777777797 
210.0039832394594 160.0 0.0 2.0 133.0 14208.67141781456 14217.155555555531 14232.777777777797 
211.0039832394594 162.0 0.0 2.0 134.0 14209.007979736814 14212.037037037013 14232.777777777797 
212.0039832394594 164.0 0.0 2.0 135.0 14209.310885466819 14212.037037037013 14232.777777777797 
213.0039832394594 166.0 0.0 6.0 134.0 14211.033130253516 14226.533333333318 14232.777777777797 
214.0039832394594 172.0 0.0 1.0 134.0 14208.43426167258 14185.044444444442 14232.777777777797 
215.0039832394594 173.0 0.0 4.0 135.0 14209.107131801617 14215.162962962962 14232.777777777797 
216.0039832394594 177.0 0.0 4.0 134.0 14208.775677880709 14205.792592592627 14232.777777777797 
217.0039832394594 180.0 0.0 10.0 135.0 14207.02773972227 14191.296296296277 14232.777777777797 
218.0039832394594 190.0 0.0 6.0 133.0 14202.131632416695 14158.066666666678 14232.777777777797 
219.0039832394594 196.0 0.0 2.0 133.0 14200.422913619492 14185.044444444442 14232.777777777797 
220.0039832394594 198.0 0.0 2.0 134.0 14203.033214850142 14226.525925925918 14232.777777777797 
221.0039832394594 200.0 0.0 2.0 134.0 14205.382485957702 14226.525925925918 14232.777777777797 
222.0039832394594 202.0 0.0 3.0 135.0 14206.047941065654 14212.037037037013 14232.777777777797 
223.0039832394594 205.0 0.0 7.0 135.0 14204.885369181295 14194.422222222236 14232.777777777797 
224.0039832394594 212.0 0.0 2.0 134.0 14202.589424855756 14181.92592592593 14232.777777777797 
225.0039832394594 214.0 0.0 4.0 134.0 14204.98307496278 14226.525925925918 14232.777777777797 
226.0039832394594 217.0 0.0 8.0 134.0 14202.166248947979 14176.814814814803 14232.777777777797 
227.0039832394594 225.0 0.0 4.0 134.0 14198.693327756917 14167.437037037065 14232.777777777797 
228.0039832394594 229.0 0.0 7.0 135.0 14200.852143129358 14220.281481481483 14232.777777777797 
229.0039832394594 236.0 0.0 5.0 135.0 14197.510632520136 14167.437037037065 14232.777777777797 
230.0039832394594 241.0 0.0 4.0 134.0 14198.026235934753 14202.666666666668 14232.777777777797 
231.0039832394594 245.0 0.0 3.0 134.0 14195.905093822776 14176.814814814803 14232.777777777797 
232.0039832394594 248.0 0.0 9.0 134.0 14198.654584440501 14223.400000000001 14232.777777777797 
233.0039832394594 257.0 0.0 4.0 135.0 14193.77134821868 14149.82222222224 14232.777777777797 
234.0039832394594 261.0 0.0 1.0 135.0 14194.972731915333 14205.785185185186 14232.777777777797 
235.0039832394594 262.0 0.0 3.0 134.0 14198.440643909 14229.651851851839 14232.777777777797 
236.0039832394594 265.0 0.0 1.0 135.0 14199.487690629177 14208.911111111145 14232.777777777797 
237.0039832394594 266.0 0.0 3.0 135.0 14202.504106751478 14229.651851851839 14232.777777777797 
238.0039832394594 269.0 0.0 5.0 135.0 14204.593696076296 14223.400000000001 14232.777777777797 
239.0039832394594 274.0 0.0 5.0 135.0 14202.952104246444 14188.17777777776 14232.777777777797 
240.0039832394594 279.0 0.0 0.0 135.0 14200.025782710727 14173.688888888892 14232.777777777797 
241.0039832394594 279.0 0.0 3.0 135.0 14203.300982217414 14232.777777777797 14232.777777777797 
242.0039832394594 282.0 0.0 6.0 135.0 14202.413106217884 14194.422222222236 14232.777777777797 
243.0039832394594 288.0 0.0 1.0 134.0 14199.228091892395 14170.562962962935 14232.777777777797 
244.0039832394594 289.0 0.0 5.0 135.0 14200.82157899946 14215.162962962962 14232.777777777797 
245.0039832394594 294.0 0.0 4.0 135.0 14201.005347025439 14202.659259259277 14232.777777777797 
246.0039832394594 298.0 0.0 3.0 134.0 14202.932960471027 14220.281481481483 14232.777777777797 
247.0039832394594 301.0 0.0 12.0 134.0 14204.979664423916 14223.400000000001 14232.777777777797 
248.0039832394594 313.0 0.0 3.0 135.0 14197.077253537094 14125.95555555556 14232.777777777797 
249.0039832394594 316.0 0.0 1.0 135.0 14198.260639294489 14208.911111111145 14232.777777777797 
250.0039832394594 317.0 0.0 6.0 135.0 14201.399760550246 14229.651851851839 14232.777777777797 
251.0039832394594 323.0 0.0 6.0 135.0 14201.213117828518 14199.533333333318 14232.777777777797 
252.0039832394594 329.0 0.0 11.0 135.0 14199.908843082712 14188.17037037036 14232.777777777797 
253.0039832394594 340.0 0.0 5.0 135.0 14191.0661069226 14111.481481481478 14232.777777777797 
254.0039832394594 345.0 0.0 9.0 135.0 14190.776533267375 14188.17037037036 14232.777777777797 
255.0039832394594 354.0 0.0 4.0 135.0 14186.369250310994 14146.703703703723 14232.777777777797 
256.0039832394594 358.0 0.0 5.0 134.0 14188.311584539171 14205.792592592627 14232.777777777797 
257.0039832394594 362.0 0.0 6.0 135.0 14191.508574233412 14220.281481481483 14232.777777777797 
258.0039832394594 368.0 0.0 7.0 133.0 14190.549568661889 14181.918518518494 14232.777777777797 
259.0039832394594 375.0 0.0 6.0 135.0 14186.788685869786 14152.940740740722 14232.777777777797 
260.0039832394594 381.0 0.0 4.0 134.0 14188.06389135689 14199.540740740757 14232.777777777797 
261.0039832394594 385.0 0.0 6.0 135.0 14188.38713185082 14191.296296296277 14232.777777777797 
262.0039832394594 391.0 0.0 7.0 135.0 14183.706937184268 14141.5851851852 14232.777777777797 
263.0039832394594 398.0 0.0 1.0 134.0 14184.978465688073 14196.422222222236 14232.777777777797 
264.0039832394594 399.0 0.0 6.0 135.0 14189.445804304438 14229.651851851839 14232.777777777797 
265.0039832394594 405.0 0.0 6.0 134.0 14189.005668318436 14185.044444444442 14232.777777777797 
266.0039832394594 410.0 0.0 8.0 135.0 14191.820657042146 14217.155555555531 14232.777777777797 
267.0039832394594 418.0 0.0 12.0 134.0 14185.858591337945 14132.200000000026 14232.777777777797 
268.0039832394594 430.0 0.0 3.0 135.0 14180.180880352284 14129.081481481506 14232.777777777797 
269.0039832394594 433.0 0.0 4.0 135.0 14183.053903428186 14208.911111111145 14232.777777777797 
270.0039832394594 437.0 0.0 3.0 135.0 14182.429994566843 14176.814814814803 14232.777777777797 
271.0039832394594 440.0 0.0 6.0 135.0 14185.07884696203 14208.918518518494 14232.777777777797 
272.0039832394594 446.0 0.0 6.0 135.0 14182.178369673218 14156.074074074071 14232.777777777797 
273.0039832394594 452.0 0.0 4.0 135.0 14183.913866039224 14199.533333333318 14232.777777777797 
274.0039832394594 456.0 0.0 12.0 134.0 14187.550627583465 14220.281481481483 14232.777777777797 
275.0039832394594 468.0 0.0 6.0 134.0 14185.42667593622 14166.311111111108 14232.777777777797 
276.0039832394594 474.0 0.0 5.0 134.0 14186.83808241666 14199.540740740757 14232.777777777797 
277.0039832394594 479.0 0.0 5.0 135.0 14185.522422323147 14173.681481481453 14232.777777777797 
278.0039832394594 484.0 0.0 2.0 134.0 14187.236106016762 14202.659259259277 14232.777777777797 
279.0039832394594 486.0 0.0 8.0 135.0 14191.165088007669 14226.525925925918 14232.777777777797 
280.0039832394594 494.0 0.0 9.0 134.0 14189.92857920691 14178.799999999974 14232.777777777797 
281.0039832394594 503.0 0.0 11.0 135.0 14188.503128693603 14175.674074074106 14232.777777777797 
282.0039832394594 514.0 0.0 5.0 133.0 14186.90837137981 14172.555555555586 14232.777777777797 
283.0039832394594 519.0 0.0 4.0 134.0 14187.03457127889 14188.17037037036 14232.777777777797 
284.0039832394594 523.0 0.0 6.0 134.0 14190.359262299147 14220.281481481483 14232.777777777797 
285.0039832394594 529.0 0.0 7.0 134.0 14191.277410143299 14199.540740740757 14232.777777777797 
286.0039832394594 535.0 0.0 9.0 134.0 14190.3415209808 14181.918518518494 14232.777777777797 
287.0039832394594 543.0 0.0 8.0 134.0 14186.289591104958 14149.82222222224 14232.777777777797 
288.0039832394594 551.0 0.0 4.0 133.0 14185.853965327773 14181.933333333322 14232.777777777797 
289.0039832394594 554.0 0.0 4.0 134.0 14189.608568795009 14223.400000000001 14232.777777777797 
290.0039832394594 558.0 0.0 3.0 134.0 14188.328452656238 14176.80740740741 14232.777777777797 
291.0039832394594 561.0 0.0 9.0 135.0 14190.387459242476 14208.918518518494 14232.777777777797 
292.0039832394594 570.0 0.0 4.0 134.0 14190.365009614545 14190.162962962962 14232.777777777797 
293.0039832394594 573.0 0.0 7.0 135.0 14190.4581382827 14191.296296296277 14232.777777777797 
294.0039832394594 580.0 0.0 9.0 134.0 14188.156768898885 14167.444444444414 14232.777777777797 
295.0039832394594 588.0 0.0 6.0 134.0 14188.358129046037 14190.17037037036 14232.777777777797 
296.0039832394594 593.0 0.0 7.0 134.0 14188.33935317846 14188.17037037036 14232.777777777797 
297.0039832394594 600.0 0.0 5.0 134.0 14185.936528971723 14164.311111111108 14232.777777777797 
298.0039832394594 604.0 0.0 6.0 134.0 14189.370283481958 14220.274074074052 14232.777777777797 
299.0039832394594 609.0 0.0 11.0 132.0 14190.699921800435 14202.666666666668 14232.777777777797 
300.0039832394594 617.0 0.0 10.0 135.0 14189.509929620373 14178.799999999974 14232.777777777797 
301.0039832394594 627.0 0.0 4.0 133.0 14181.081899621326 14105.22962962964 14232.777777777797 
302.0039832394594 631.0 0.0 4.0 132.0 14183.552968918448 14205.792592592627 14232.777777777797 
303.0017584269454 635.0 0.0 3.0 132.0 14184.273632063252 14191.296296296277 14232.777777777797 
304.0039832394594 637.0 0.0 9.0 133.0 14185.649386305415 14197.54814814815 14232.777777777797 
305.0039832394594 644.0 0.0 6.0 135.0 14183.514818045254 14164.303703703717 14232.777777777797 
306.0039832394594 650.0 0.0 6.0 133.0 14183.355928833293 14181.92592592593 14232.777777777797 
307.0039832394594 655.0 0.0 8.0 133.0 14182.07589150554 14170.555555555586 14232.777777777797 
308.0039832394594 663.0 0.0 10.0 134.0 14182.060154206845 14181.918518518494 14232.777777777797 
309.0039832394594 673.0 0.0 8.0 133.0 14178.211175823186 14143.570370370371 14232.777777777797 
310.0039832394594 680.0 0.0 13.0 134.0 14178.58191009273 14181.918518518494 14232.777777777797 
311.0039832394594 693.0 0.0 7.0 134.0 14175.280756120485 14145.570370370371 14232.777777777797 
312.0039832394594 700.0 0.0 8.0 133.0 14178.842310138078 14210.896296296318 14232.777777777797 
313.0039832394594 707.0 0.0 10.0 133.0 14180.286968013164 14193.288888888881 14232.777777777797 
314.0039832394594 716.0 0.0 4.0 132.0 14178.377530471089 14161.19259259259 14232.777777777797 
315.0039832394594 719.0 0.0 9.0 133.0 14178.220518164728 14176.80740740741 14232.777777777797 
316.0039832394594 726.0 0.0 9.0 134.0 14176.829577459375 14164.311111111108 14232.777777777797 
317.0039832394594 733.0 0.0 6.0 135.0 14175.89032341714 14167.437037037065 14232.777777777797 
318.0039832394594 739.0 0.0 4.0 134.0 14178.255365149489 14199.540740740757 14232.777777777797 
319.0039832394594 742.0 0.0 3.0 134.0 14179.559458264186 14191.296296296277 14232.777777777797 
320.0039832394594 745.0 0.0 9.0 134.0 14184.256105030345 14226.525925925918 14232.777777777797 
321.0039832394594 753.0 0.0 7.0 135.0 14181.949753786565 14161.19259259259 14232.777777777797 
322.0039832394594 760.0 0.0 7.0 134.0 14181.947371000511 14181.92592592593 14232.777777777797 
323.0039832394594 767.0 0.0 13.0 135.0 14183.394115381932 14196.414814814798 14232.777777777797 
324.0039832394594 780.0 0.0 9.0 133.0 14184.271740880768 14192.17037037036 14232.777777777797 
325.0039832394594 788.0 0.0 9.0 134.0 14183.412714940841 14175.681481481453 14232.777777777797 
326.0039832394594 797.0 0.0 4.0 133.0 14184.087739743069 14190.162962962962 14232.777777777797 
327.0039832394594 801.0 0.0 6.0 134.0 14187.706373176161 14220.274074074052 14232.777777777797 
328.0039832394594 807.0 0.0 12.0 134.0 14190.338698821506 14214.029629629666 14232.777777777797 
329.0039832394594 818.0 0.0 14.0 131.0 14187.935940050447 14166.311111111108 14232.777777777797 
330.0026410406639 827.0 0.0 11.0 132.0 14186.602927442626 14169.429629629629 14232.777777777797 
331.0039832394594 837.0 0.0 9.0 129.0 14179.761222551972 14122.844444444469 14232.777777777797 
332.0039832394594 844.0 0.0 12.0 132.0 14176.767322519012 14149.82222222224 14232.777777777797 
333.0039832394594 854.0 0.0 11.0 129.0 14174.271331007867 14151.80740740741 14232.777777777797 
334.0039832394594 863.0 0.0 13.0 133.0 14171.201234944085 14143.570370370371 14232.777777777797 
335.0039832394594 875.0 0.0 14.0 131.0 14166.052222560784 14119.711111111119 14232.777777777797 
336.0039832394594 887.0 0.0 6.0 130.0 14162.55366697139 14131.066666666678 14232.777777777797 
337.0039832394594 893.0 0.0 11.0 131.0 14168.013855829797 14217.155555555531 14232.777777777797 
338.0039832394594 901.0 0.0 10.0 132.0 14163.80728506164 14125.94814814816 14232.777777777797 
339.0039832394594 910.0 0.0 9.0 133.0 14162.408778777686 14149.82222222224 14232.777777777797 
340.0039832394594 918.0 0.0 13.0 133.0 14164.047900899928 14178.799999999974 14232.777777777797 
341.0039832394594 930.0 0.0 8.0 133.0 14164.272740439592 14166.296296296277 14232.777777777797 
342.0039832394594 938.0 0.0 4.0 131.0 14165.725466395592 14178.799999999974 14232.777777777797 
343.0039832394594 941.0 0.0 7.0 132.0 14169.731438274564 14205.785185185186 14232.777777777797 
344.0039832394594 948.0 0.0 7.0 134.0 14171.263479632278 14185.05185185184 14232.777777777797 
345.0039832394594 954.0 0.0 7.0 134.0 14171.194168706103 14170.570370370371 14232.777777777797 
346.0039832394594 960.0 0.0 4.0 133.0 14173.71549257624 14196.407407407401 14232.777777777797 
347.0039832394594 963.0 0.0 12.0 134.0 14175.473572948229 14191.296296296277 14232.777777777797 
348.0039832394594 975.0 0.0 6.0 134.0 14174.55584528305 14166.296296296277 14232.777777777797 
349.0039832394594 981.0 0.0 8.0 133.0 14177.053594088062 14199.533333333318 14232.777777777797 
350.0039832394594 989.0 0.0 10.0 135.0 14180.126012457034 14207.777777777797 14232.777777777797 
351.0039832394594 999.0 0.0 10.0 132.0 14177.92007787799 14158.066666666678 14232.777777777797 
352.0039832394594 1009.0 0.0 6.0 132.0 14178.832514534632 14187.044444444442 14232.777777777797 
353.0039832394594 1013.0 0.0 5.0 135.0 14178.31815197007 14173.688888888892 14232.777777777797 
354.0039832394594 1018.0 0.0 7.0 133.0 14178.990781217512 14185.044444444442 14232.777777777797 
355.0039832394594 1023.0 0.0 8.0 134.0 14179.59688828095 14185.05185185184 14232.777777777797 
356.0039832394594 1030.0 0.0 7.0 132.0 14177.754977230608 14161.17777777776 14232.777777777797 
357.0039832394594 1037.0 0.0 5.0 134.0 14177.035775803854 14170.562962962935 14232.777777777797 
358.0039832394594 1042.0 0.0 6.0 135.0 14179.598124149401 14202.659259259277 14232.777777777797 
359.0039832394594 1048.0 0.0 16.0 135.0 14183.04053395668 14214.022222222226 14232.777777777797 
360.0039832394594 1064.0 0.0 8.0 134.0 14177.218702783224 14124.82222222224 14232.777777777797 
361.0027492874084 1072.0 0.0 2.0 133.0 14178.707752346561 14190.155555555531 14232.777777777797 
362.0039832394594 1075.0 0.0 12.0 135.0 14181.833593698844 14208.911111111145 14232.777777777797 
363.0039832394594 1087.0 0.0 6.0 135.0 14178.83245655118 14151.82222222224 14232.777777777797 
364.0039832394594 1093.0 0.0 7.0 135.0 14182.351433118289 14214.022222222226 14232.777777777797 
365.0039832394594 1100.0 0.0 9.0 133.0 14183.757771287954 14196.414814814798 14232.777777777797 
366.0039832394594 1108.0 0.0 8.0 135.0 14181.500512677663 14161.185185185197 14232.777777777797 
367.0039832394594 1116.0 0.0 7.0 133.0 14182.680091039554 14193.296296296277 14232.777777777797 
368.0039832394594 1123.0 0.0 11.0 135.0 14185.501711565215 14210.896296296318 14232.777777777797 
369.0039832394594 1134.0 0.0 9.0 133.0 14186.792281149445 14198.407407407401 14232.777777777797 
370.0039832394594 1142.0 0.0 14.0 134.0 14184.230830812267 14161.17777777776 14232.777777777797 
371.0039832394594 1156.0 0.0 12.0 133.0 14181.813673656963 14160.059259259278 14232.777777777797 
372.0039832394594 1168.0 0.0 5.0 134.0 14174.467121106074 14108.348148148161 14232.777777777797 
373.0039832394594 1173.0 0.0 6.0 133.0 14177.286334921413 14202.659259259277 14232.777777777797 
374.0039832394594 1179.0 0.0 13.0 135.0 14179.511034762605 14199.533333333318 14232.777777777797 
375.0039832394594 1192.0 0.0 11.0 133.0 14174.979931286347 14134.200000000026 14232.777777777797 
376.0039832394594 1203.0 0.0 9.0 135.0 14174.424901120665 14169.429629629629 14232.777777777797 
377.0039832394594 1212.0 0.0 8.0 135.0 14171.652040638219 14146.696296296284 14232.777777777797 
378.0039832394594 1220.0 0.0 10.0 134.0 14172.36683657441 14178.799999999974 14232.777777777797 
379.0039832394594 1230.0 0.0 8.0 134.0 14172.384967731778 14172.54814814815 14232.777777777797 
380.0039832394594 1238.0 0.0 8.0 133.0 14171.578322810457 14164.318518518547 14232.777777777797 
381.0039832394594 1244.0 0.0 12.0 135.0 14169.403453492389 14149.82962962964 14232.777777777797 
382.0039832394594 1256.0 0.0 11.0 133.0 14170.541626661661 14180.785185185186 14232.777777777797 
383.0039832394594 1266.0 0.0 10.0 134.0 14170.42894547697 14169.414814814798 14232.777777777797 
384.0039832394594 1276.0 0.0 9.0 133.0 14167.74308796631 14143.570370370371 14232.777777777797 
385.0039832394594 1284.0 0.0 8.0 133.0 14167.08877916968 14161.200000000026 14232.777777777797 
386.0039832394594 1291.0 0.0 8.0 133.0 14168.571753104572 14181.918518518494 14232.777777777797 
387.0039832394594 1299.0 0.0 8.0 133.0 14169.595318534833 14178.80740740741 14232.777777777797 
388.0039832394594 1307.0 0.0 15.0 133.0 14170.51578668138 14178.799999999974 14232.777777777797 
389.0039832394594 1322.0 0.0 14.0 134.0 14166.261245050273 14127.970370370334 14232.777777777797 
390.0039832394594 1335.0 0.0 13.0 134.0 14161.292898323018 14116.577777777764 14232.777777777797 
391.0039832394594 1348.0 0.0 3.0 131.0 14160.032497379598 14148.688888888892 14232.777777777797 
392.0039832394594 1351.0 0.0 7.0 134.0 14163.471469863864 14194.422222222236 14232.777777777797 
393.0039832394594 1357.0 0.0 10.0 135.0 14163.868767321934 14167.444444444414 14232.777777777797 
394.0039832394594 1367.0 0.0 9.0 134.0 14164.737446145275 14172.555555555586 14232.777777777797 
395.0039832394594 1376.0 0.0 8.0 134.0 14167.279997827063 14190.162962962962 14232.777777777797 
396.0039832394594 1384.0 0.0 16.0 133.0 14168.431257303615 14178.792592592627 14232.777777777797 
397.0039832394594 1398.0 0.0 10.0 135.0 14161.485168610305 14098.970370370334 14232.777777777797 
398.0039832394594 1408.0 0.0 7.0 133.0 14159.380355452953 14140.437037037065 14232.777777777797 
399.0039832394594 1414.0 0.0 10.0 134.0 14163.395653240996 14199.533333333318 14232.777777777797 
400.0039832394594 1424.0 0.0 10.0 133.0 14161.100532361352 14140.444444444414 14232.777777777797 
401.0039832394594 1433.0 0.0 6.0 133.0 14162.55788653262 14175.674074074106 14232.777777777797 
402.0039832394594 1439.0 0.0 6.0 135.0 14163.357653434925 14170.555555555586 14232.777777777797 
403.0039832394594 1445.0 0.0 7.0 135.0 14165.526332535857 14185.044444444442 14232.777777777797 
404.0039832394594 1452.0 0.0 6.0 135.0 14168.61444002303 14196.407407407401 14232.777777777797 
405.0039832394594 1458.0 0.0 3.0 135.0 14173.155218242946 14214.022222222226 14232.777777777797 
406.0039832394594 1461.0 0.0 4.0 135.0 14176.73080752975 14208.911111111145 14232.777777777797 
407.0039832394594 1465.0 0.0 1.0 135.0 14181.085134184172 14220.274074074052 14232.777777777797 
408.0039832394594 1466.0 0.0 0.0 135.0 14185.941805950939 14229.651851851839 14232.777777777797 
409.0039832394594 1466.0 0.0 1.0 135.0 14190.625403133618 14232.777777777797 14232.777777777797 
410.0039832394594 1467.0 0.0 0.0 135.0 14194.528048005468 14229.651851851839 14232.777777777797 
411.0039832394594 1467.0 0.0 1.0 135.0 14198.353020982691 14232.777777777797 14232.777777777797 
412.0039832394594 1468.0 0.0 1.0 135.0 14200.034015180694 14215.162962962962 14232.777777777797 
413.0039832394594 1469.0 0.0 2.0 135.0 14201.546909958945 14215.162962962962 14232.777777777797 
414.0039832394594 1471.0 0.0 0.0 135.0 14202.595922666744 14212.037037037013 14232.777777777797 
415.0039832394594 1471.0 0.0 0.0 135.0 14205.61410817786 14232.777777777797 14232.777777777797 
416.0039832394594 1471.0 0.0 0.0 135.0 14208.330475137862 14232.777777777797 14232.777777777797 
417.0039832394594 1471.0 0.0 0.0 135.0 14210.77520540183 14232.777777777797 14232.777777777797 
418.0039832394594 1471.0 0.0 1.0 135.0 14212.975462639419 14232.777777777797 14232.777777777797 
419.0039832394594 1472.0 0.0 0.0 135.0 14214.643101560685 14229.651851851839 14232.777777777797 
420.0039832394594 1472.0 0.0 0.0 135.0 14216.456569182386 14232.777777777797 14232.777777777797 
421.0039832394594 1472.0 0.0 0.0 135.0 14218.088690041912 14232.777777777797 14232.777777777797 
422.0039832394594 1472.0 0.0 0.0 135.0 14219.557598815494 14232.777777777797 14232.777777777797 
423.0039832394594 1472.0 0.0 0.0 135.0 14220.879616711725 14232.777777777797 14232.777777777797 
424.0039832394594 1472.0 0.0 0.0 135.0 14222.069432818342 14232.777777777797 14232.777777777797 
425.0039832394594 1472.0 0.0 0.0 135.0 14223.140267314273 14232.777777777797 14232.777777777797 
426.0039832394594 1472.0 0.0 0.0 135.0 14224.104018360646 14232.777777777797 14232.777777777797 
427.0039832394594 1472.0 0.0 0.0 135.0 14224.971394302354 14232.777777777797 14232.777777777797 
428.0039832394594 1472.0 0.0 0.0 135.0 14225.752032649874 14232.777777777797 14232.777777777797 
429.0039832394594 1472.0 0.0 1.0 135.0 14226.454607162696 14232.777777777797 14232.777777777797 
430.0039832394594 1473.0 0.0 0.0 135.0 14226.77433163159 14229.651851851839 14232.777777777797 
431.0039832394594 1473.0 0.0 0.0 135.0 14227.37467624622 14232.777777777797 14232.777777777797 
432.0039832394594 1473.0 0.0 0.0 135.0 14227.914986399366 14232.777777777797 14232.777777777797 
433.0039832394594 1473.0 0.0 0.0 135.0 14228.40126553721 14232.777777777797 14232.777777777797 
434.0039832394594 1473.0 0.0 0.0 135.0 14228.838916761268 14232.777777777797 14232.777777777797 
435.0039832394594 1473.0 0.0 0.0 135.0 14229.232802862913 14232.777777777797 14232.777777777797 
436.0039832394594 1473.0 0.0 0.0 135.0 14229.587300354415 14232.777777777797 14232.777777777797 
437.0039832394594 1473.0 0.0 0.0 135.0 14229.906348096743 14232.777777777797 14232.777777777797 
438.0039832394594 1473.0 0.0 0.0 135.0 14230.193491064838 14232.777777777797 14232.777777777797 
439.0039832394594 1473.0 0.0 0.0 135.0 14230.451919736146 14232.777777777797 14232.777777777797 
440.0039832394594 1473.0 0.0 0.0 135.0 14230.684505540294 14232.777777777797 14232.777777777797 
441.0039832394594 1473.0 0.0 0.0 135.0 14230.89383276405 14232.777777777797 14232.777777777797 
442.0039832394594 1473.0 0.0 0.0 135.0 14231.082227265408 14232.777777777797 14232.777777777797 
443.0039832394594 1473.0 0.0 0.0 135.0 14231.251782316638 14232.777777777797 14232.777777777797 
444.0039832394594 1473.0 0.0 0.0 135.0 14231.404381862767 14232.777777777797 14232.777777777797 
445.0039832394594 1473.0 0.0 0.0 135.0 14231.541721454265 14232.777777777797 14232.777777777797 
446.0039832394594 1473.0 0.0 0.0 135.0 14231.665327086632 14232.777777777797 14232.777777777797 
447.0039832394594 1473.0 0.0 0.0 135.0 14231.776572155724 14232.777777777797 14232.777777777797 
448.0039832394594 1473.0 0.0 0.0 135.0 14231.876692717955 14232.777777777797 14232.777777777797 
449.0039832394594 1473.0 0.0 0.0 135.0 14231.966801223933 14232.777777777797 14232.777777777797 
450.0039832394594 1473.0 0.0 0.0 135.0 14232.047898879322 14232.777777777797 14232.777777777797 
451.0039832394594 1473.0 0.0 0.0 135.0 14232.120886769162 14232.777777777797 14232.777777777797 
452.0039832394594 1473.0 0.0 0.0 135.0 14232.18657587001 14232.777777777797 14232.777777777797 
453.0039832394594 1473.0 0.0 0.0 135.0 14232.245696060776 14232.777777777797 14232.777777777797 
454.0039832394594 1473.0 0.0 0.0 135.0 14232.298904232506 14232.777777777797 14232.777777777797 
455.0039832394594 1473.0 0.0 0.0 135.0 14232.346791586999 14232.777777777797 14232.777777777797 
456.0039832394594 1473.0 0.0 0.0 135.0 14232.389890206114 14232.777777777797 14232.777777777797 
457.0039832394594 1473.0 0.0 0.0 135.0 14232.428678963266 14232.777777777797 14232.777777777797 
458.0039832394594 1473.0 0.0 0.0 135.0 14232.463588844703 14232.777777777797 14232.777777777797 
459.0039832394594 1473.0 0.0 0.0 135.0 14232.495007738029 14232.777777777797 14232.777777777797 
460.0039832394594 1473.0 0.0 1.0 135.0 14232.523284742 14232.777777777797 14232.777777777797 
461.0039832394594 1474.0 0.0 0.0 135.0 14232.236141452966 14229.651851851839 14232.777777777797 
462.0039832394594 1474.0 0.0 0.0 135.0 14232.290305085451 14232.777777777797 14232.777777777797 
463.0039832394594 1474.0 0.0 0.0 135.0 14232.339052354697 14232.777777777797 14232.777777777797 
464.0039832394594 1474.0 0.0 0.0 135.0 14232.382924897007 14232.777777777797 14232.777777777797 
465.0039832394594 1474.0 0.0 1.0 135.0 14232.422410185085 14232.777777777797 14232.777777777797 
466.0039832394594 1475.0 0.0 0.0 135.0 14230.696465462852 14215.162962962962 14232.777777777797 
467.0039832394594 1475.0 0.0 0.0 135.0 14230.904596694358 14232.777777777797 14232.777777777797 
468.0039832394594 1475.0 0.0 0.0 135.0 14231.0919148027 14232.777777777797 14232.777777777797 
469.0039832394594 1475.0 0.0 0.0 135.0 14231.260501100205 14232.777777777797 14232.777777777797 
470.0039832394594 1475.0 0.0 0.0 135.0 14231.412228767951 14232.777777777797 14232.777777777797 
471.0039832394594 1475.0 0.0 0.0 135.0 14231.548783668944 14232.777777777797 14232.777777777797 
472.0039832394594 1475.0 0.0 0.0 135.0 14231.671683079843 14232.777777777797 14232.777777777797 
473.0039832394594 1475.0 0.0 0.0 135.0 14231.782292549613 14232.777777777797 14232.777777777797 
474.0039832394594 1475.0 0.0 0.0 135.0 14231.881841072442 14232.777777777797 14232.777777777797 
475.0039832394594 1475.0 0.0 0.0 135.0 14231.971434742969 14232.777777777797 14232.777777777797 
476.0039832394594 1475.0 0.0 0.0 135.0 14232.05206904645 14232.777777777797 14232.777777777797 
477.0039832394594 1475.0 0.0 0.0 135.0 14232.124639919582 14232.777777777797 14232.777777777797 
478.0039832394594 1475.0 0.0 0.0 135.0 14232.18995370541 14232.777777777797 14232.777777777797 
479.0039832394594 1475.0 0.0 0.0 135.0 14232.248736112651 14232.777777777797 14232.777777777797 
480.0039832394594 1475.0 0.0 0.0 135.0 14232.301640279167 14232.777777777797 14232.777777777797 
481.0039832394594 1475.0 0.0 0.0 135.0 14232.349254029008 14232.777777777797 14232.777777777797 
482.0039832394594 1475.0 0.0 0.0 135.0 14232.39210640389 14232.777777777797 14232.777777777797 
483.0039832394594 1475.0 0.0 0.0 135.0 14232.430673541287 14232.777777777797 14232.777777777797 
484.0039832394594 1475.0 0.0 0.0 135.0 14232.465383964935 14232.777777777797 14232.777777777797 
485.0039832394594 1475.0 0.0 1.0 135.0 14232.49662334622 14232.777777777797 14232.777777777797 
486.0039832394594 1476.0 0.0 0.0 135.0 14230.763257307877 14215.162962962962 14232.777777777797 
487.0039832394594 1476.0 0.0 0.0 135.0 14230.96470935488 14232.777777777797 14232.777777777797 
488.0039832394594 1476.0 0.0 0.0 135.0 14231.146016197155 14232.777777777797 14232.777777777797 
489.0039832394594 1476.0 0.0 0.0 135.0 14231.309192355215 14232.777777777797 14232.777777777797 
490.0039832394594 1476.0 0.0 0.0 135.0 14231.456050897483 14232.777777777797 14232.777777777797 
491.0039832394594 1476.0 0.0 0.0 135.0 14231.588223585522 14232.777777777797 14232.777777777797 
492.0039832394594 1476.0 0.0 0.0 135.0 14231.707179004723 14232.777777777797 14232.777777777797 
493.0039832394594 1476.0 0.0 0.0 135.0 14231.814238882045 14232.777777777797 14232.777777777797 
494.0039832394594 1476.0 0.0 0.0 135.0 14231.910592771625 14232.777777777797 14232.777777777797 
495.0039832394594 1476.0 0.0 0.0 135.0 14231.997311272242 14232.777777777797 14232.777777777797 
496.0039832394594 1476.0 0.0 0.0 135.0 14232.075357922773 14232.777777777797 14232.777777777797 
497.0039832394594 1476.0 0.0 0.0 135.0 14232.145599908285 14232.777777777797 14232.777777777797 
498.0039832394594 1476.0 0.0 0.0 135.0 14232.20881769522 14232.777777777797 14232.777777777797 
499.0039832394594 1476.0 0.0 0.0 135.0 14232.265713703482 14232.777777777797 14232.777777777797 
500.0039832394594 1476.0 0.0 0.0 135.0 14232.316920110905 14232.777777777797 14232.777777777797 
501.0039832394594 1476.0 0.0 0.0 135.0 14232.363005877589 14232.777777777797 14232.777777777797 
502.0039832394594 1476.0 0.0 0.0 135.0 14232.404483067634 14232.777777777797 14232.777777777797 
503.0039832394594 1476.0 0.0 1.0 135.0 14232.441812538635 14232.777777777797 14232.777777777797 
504.0039832394594 1477.0 0.0 0.0 135.0 14232.16281646996 14229.651851851839 14232.777777777797 
505.0039832394594 1477.0 0.0 0.0 135.0 14232.22431260076 14232.777777777797 14232.777777777797 
506.0039832394594 1477.0 0.0 0.0 135.0 14232.279659118445 14232.777777777797 14232.777777777797 
507.0039832394594 1477.0 0.0 0.0 135.0 14232.329470984367 14232.777777777797 14232.777777777797 
508.0039832394594 1477.0 0.0 0.0 135.0 14232.374301663727 14232.777777777797 14232.777777777797 
509.0039832394594 1477.0 0.0 0.0 135.0 14232.414649275115 14232.777777777797 14232.777777777797 
510.0039832394594 1477.0 0.0 0.0 135.0 14232.450962125386 14232.777777777797 14232.777777777797 
511.0039832394594 1477.0 0.0 0.0 135.0 14232.483643690637 14232.777777777797 14232.777777777797 
512.0039832394593 1477.0 0.0 1.0 135.0 14232.513057099342 14232.777777777797 14232.777777777797 
513.0039832394593 1478.0 0.0 1.0 135.0 14232.2269365746 14229.651851851839 14232.777777777797 
514.0039832394593 1479.0 0.0 0.0 135.0 14231.969428102315 14229.651851851839 14232.777777777797 
515.0039832394593 1479.0 0.0 0.0 135.0 14232.050263069861 14232.777777777797 14232.777777777797 
516.0039832394593 1479.0 0.0 0.0 135.0 14232.123014540659 14232.777777777797 14232.777777777797 
517.0039832394593 1479.0 0.0 0.0 135.0 14232.188490864371 14232.777777777797 14232.777777777797 
518.0039832394593 1479.0 0.0 0.0 135.0 14232.24741955572 14232.777777777797 14232.777777777797 
519.0039832394593 1479.0 0.0 0.0 135.0 14232.300455377923 14232.777777777797 14232.777777777797 
520.0039832394593 1479.0 0.0 1.0 135.0 14232.348187617881 14232.777777777797 14232.777777777797 
521.0039832394593 1480.0 0.0 0.0 135.0 14230.629665152404 14215.162962962962 14232.777777777797 
522.0039832394593 1480.0 0.0 0.0 135.0 14230.844476414946 14232.777777777797 14232.777777777797 
523.0039832394593 1480.0 0.0 0.0 135.0 14231.037806551238 14232.777777777797 14232.777777777797 
524.0039832394593 1480.0 0.0 0.0 135.0 14231.211803673867 14232.777777777797 14232.777777777797 
525.0039832394593 1480.0 0.0 0.0 135.0 14231.368401084272 14232.777777777797 14232.777777777797 
526.0039832394593 1480.0 0.0 0.0 135.0 14231.509338753622 14232.777777777797 14232.777777777797 
527.0039832394593 1480.0 0.0 0.0 135.0 14231.636182656033 14232.777777777797 14232.777777777797 
528.0039832394593 1480.0 0.0 1.0 135.0 14231.750342168207 14232.777777777797 14232.777777777797 
529.0039832394593 1481.0 0.0 0.0 135.0 14231.540493136572 14229.651851851839 14232.777777777797 
530.0039832394593 1481.0 0.0 0.0 135.0 14231.664221600695 14232.777777777797 14232.777777777797 
531.0039832394593 1481.0 0.0 0.0 135.0 14231.775577218395 14232.777777777797 14232.777777777797 
532.0039832394593 1481.0 0.0 0.0 135.0 14231.875797274357 14232.777777777797 14232.777777777797 
533.0039832394593 1481.0 0.0 0.0 135.0 14231.965995324677 14232.777777777797 14232.777777777797 
534.0039832394593 1481.0 0.0 0.0 135.0 14232.047173569996 14232.777777777797 14232.777777777797 
535.0039832394593 1481.0 0.0 0.0 135.0 14232.120233990772 14232.777777777797 14232.777777777797 
536.0039832394593 1481.0 0.0 1.0 135.0 14232.185988369472 14232.777777777797 14232.777777777797 
537.0039832394593 1482.0 0.0 0.0 135.0 14231.932574717706 14229.651851851839 14232.777777777797 
538.0039832394593 1482.0 0.0 0.0 135.0 14232.017095023699 14232.777777777797 14232.777777777797 
539.0039832394593 1482.0 0.0 0.0 135.0 14232.093163299118 14232.777777777797 14232.777777777797 
540.0039832394593 1482.0 0.0 0.0 135.0 14232.16162474698 14232.777777777797 14232.777777777797 
541.0039832394593 1482.0 0.0 0.0 135.0 14232.223240050076 14232.777777777797 14232.777777777797 
542.0039832394593 1482.0 0.0 0.0 135.0 14232.278693822833 14232.777777777797 14232.777777777797 
543.0039832394593 1482.0 0.0 0.0 135.0 14232.328602218342 14232.777777777797 14232.777777777797 
544.0039832394593 1482.0 0.0 0.0 135.0 14232.373519774266 14232.777777777797 14232.777777777797 
545.0039832394593 1482.0 0.0 0.0 135.0 14232.413945574628 14232.777777777797 14232.777777777797 
546.0039832394593 1482.0 0.0 0.0 135.0 14232.450328794941 14232.777777777797 14232.777777777797 
547.0039832394593 1482.0 0.0 0.0 135.0 14232.48307369322 14232.777777777797 14232.777777777797 
548.0039832394593 1482.0 0.0 0.0 135.0 14232.512544101686 14232.777777777797 14232.777777777797 
549.0039832394593 1482.0 0.0 0.0 135.0 14232.539067469283 14232.777777777797 14232.777777777797 
550.0039832394593 1482.0 0.0 0.0 135.0 14232.562938500141 14232.777777777797 14232.777777777797 
551.0039832394593 1482.0 0.0 0.0 135.0 14232.584422427888 14232.777777777797 14232.777777777797 
552.0039832394593 1482.0 0.0 0.0 135.0 14232.60375796289 14232.777777777797 14232.777777777797 
553.0039832394593 1482.0 0.0 0.0 135.0 14232.621159944376 14232.777777777797 14232.777777777797 
554.0039832394593 1482.0 0.0 0.0 135.0 14232.636821727707 14232.777777777797 14232.777777777797 
555.0039832394593 1482.0 0.0 0.0 135.0 14232.650917332729 14232.777777777797 14232.777777777797 
556.0039832394593 1482.0 0.0 0.0 135.0 14232.663603377228 14232.777777777797 14232.777777777797 
557.0039832394593 1482.0 0.0 0.0 135.0 14232.675020817289 14232.777777777797 14232.777777777797 
558.0039832394593 1482.0 0.0 0.0 135.0 14232.68529651332 14232.777777777797 14232.777777777797 
559.0039832394593 1482.0 0.0 0.0 135.0 14232.694544639786 14232.777777777797 14232.777777777797 
560.0039832394593 1482.0 0.0 0.0 135.0 14232.702867953578 14232.777777777797 14232.777777777797 
561.0039832394593 1482.0 0.0 0.0 135.0 14232.710358935983 14232.777777777797 14232.777777777797 
562.0039832394593 1482.0 0.0 0.0 135.0 14232.717100820168 14232.777777777797 14232.777777777797 
563.0039832394593 1482.0 0.0 1.0 135.0 14232.723168515939 14232.777777777797 14232.777777777797 
564.0039832394593 1483.0 0.0 0.0 135.0 14232.416036849521 14229.651851851839 14232.777777777797 
565.0039832394593 1483.0 0.0 0.0 135.0 14232.45221094235 14232.777777777797 14232.777777777797 
566.0039832394593 1483.0 0.0 0.0 135.0 14232.484767625892 14232.777777777797 14232.777777777797 
567.0039832394593 1483.0 0.0 0.0 135.0 14232.514068641085 14232.777777777797 14232.777777777797 
568.0039832394593 1483.0 0.0 1.0 135.0 14232.540439554765 14232.777777777797 14232.777777777797 
569.0039832394593 1484.0 0.0 0.0 135.0 14232.251580784454 14229.651851851839 14232.777777777797 
570.0039832394593 1484.0 0.0 0.0 135.0 14232.30420048379 14232.777777777797 14232.777777777797 
571.0039832394593 1484.0 0.0 0.0 135.0 14232.35155821319 14232.777777777797 14232.777777777797 
572.0039832394593 1484.0 0.0 0.0 135.0 14232.394180169651 14232.777777777797 14232.777777777797 
573.0039832394593 1484.0 0.0 0.0 135.0 14232.432539930454 14232.777777777797 14232.777777777797 
574.0039832394593 1484.0 0.0 1.0 135.0 14232.467063715183 14232.777777777797 14232.777777777797 
575.0039832394593 1485.0 0.0 1.0 135.0 14232.185542528861 14229.651851851839 14232.777777777797 
576.0039832394593 1486.0 0.0 0.0 135.0 14231.932173461151 14229.651851851839 14232.777777777797 
577.0039832394593 1486.0 0.0 0.0 135.0 14232.01673389282 14232.777777777797 14232.777777777797 
578.0039832394593 1486.0 0.0 0.0 135.0 14232.092838281325 14232.777777777797 14232.777777777797 
579.0039832394593 1486.0 0.0 1.0 135.0 14232.161332230942 14232.777777777797 14232.777777777797 
580.0039832394593 1487.0 0.0 0.0 135.0 14231.910384193045 14229.651851851839 14232.777777777797 
581.0039832394593 1487.0 0.0 0.0 135.0 14231.997123551513 14232.777777777797 14232.777777777797 
582.0039832394593 1487.0 0.0 0.0 135.0 14232.075188974151 14232.777777777797 14232.777777777797 
583.0039832394593 1487.0 0.0 0.0 135.0 14232.145447854517 14232.777777777797 14232.777777777797 
584.0039832394593 1487.0 0.0 0.0 135.0 14232.208680846847 14232.777777777797 14232.777777777797 
585.0039832394593 1487.0 0.0 0.0 135.0 14232.265590539942 14232.777777777797 14232.777777777797 
586.0039832394593 1487.0 0.0 0.0 135.0 14232.316809263717 14232.777777777797 14232.777777777797 
587.0039832394593 1487.0 0.0 0.0 135.0 14232.362906115111 14232.777777777797 14232.777777777797 
588.0039832394593 1487.0 0.0 0.0 135.0 14232.404393281387 14232.777777777797 14232.777777777797 
589.0039832394593 1487.0 0.0 0.0 135.0 14232.44173173103 14232.777777777797 14232.777777777797 
590.0039832394593 1487.0 0.0 0.0 135.0 14232.47533633571 14232.777777777797 14232.777777777797 
591.0039832394593 1487.0 0.0 0.0 135.0 14232.505580479909 14232.777777777797 14232.777777777797 
592.0039832394593 1487.0 0.0 0.0 135.0 14232.53280020969 14232.777777777797 14232.777777777797 
593.0039832394593 1487.0 0.0 0.0 135.0 14232.557297966521 14232.777777777797 14232.777777777797 
594.0039832394593 1487.0 0.0 1.0 135.0 14232.579345947639 14232.777777777797 14232.777777777797 
595.0039832394593 1488.0 0.0 0.0 135.0 14230.837707649149 14215.162962962962 14232.777777777797 
596.0039832394593 1488.0 0.0 0.0 135.0 14231.03171466204 14232.777777777797 14232.777777777797 
597.0039832394593 1488.0 0.0 1.0 135.0 14231.206320973613 14232.777777777797 14232.777777777797 
598.0039832394593 1489.0 0.0 0.0 135.0 14231.050874061433 14229.651851851839 14232.777777777797 
599.0039832394593 1489.0 0.0 1.0 135.0 14231.22356443305 14232.777777777797 14232.777777777797 
600.0039832394593 1490.0 0.0 0.0 135.0 14231.066393174948 14229.651851851839 14232.777777777797 
#####################################################################
# End of data export. Simulation finished at: 2020-02-16T07:57+0000 #
#####################################################################
