#####################################################################
# Alchemist log file - simulation started at: 2020-01-23T18:47+0000 #
#####################################################################
# seed = 0.0, meanTaskSize = 1000, smoothing = 0.01, grain = 1300.0, peakFrequency = 0.1
#
# The columns have the following meaning: 
# time done[Sum] drop[Sum] waiting[Sum] isLeader[Sum] capacity[Mean] freeCapacity[Mean] maxCapacity[Mean] 
0.0 NaN 0.0 NaN NaN NaN NaN NaN 
1.0017826406940806 0.0 0.0 0.0 135.0 14232.777777777797 14232.777777777797 14232.777777777797 
2.0017826406940804 0.0 0.0 0.0 135.0 14232.777777777797 14232.777777777797 14232.777777777797 
3.0017826406940804 0.0 0.0 0.0 135.0 14232.777777777797 14232.777777777797 14232.777777777797 
4.00178264069408 0.0 0.0 0.0 135.0 14232.777777777797 14232.777777777797 14232.777777777797 
5.00178264069408 0.0 0.0 0.0 135.0 14232.777777777797 14232.777777777797 14232.777777777797 
6.00178264069408 0.0 0.0 0.0 135.0 14232.777777777797 14232.777777777797 14232.777777777797 
7.00178264069408 0.0 0.0 0.0 135.0 14232.777777777797 14232.777777777797 14232.777777777797 
8.001782640694081 0.0 0.0 0.0 135.0 14232.777777777797 14232.777777777797 14232.777777777797 
9.001782640694081 0.0 0.0 0.0 135.0 14232.777777777797 14232.777777777797 14232.777777777797 
10.001782640694081 0.0 0.0 0.0 135.0 14232.777777777797 14232.777777777797 14232.777777777797 
11.001782640694081 0.0 0.0 0.0 135.0 14232.777777777797 14232.777777777797 14232.777777777797 
12.001782640694081 0.0 0.0 0.0 135.0 14232.777777777797 14232.777777777797 14232.777777777797 
13.001782640694081 0.0 0.0 1.0 135.0 14232.777777777797 14232.777777777797 14232.777777777797 
14.001782640694081 0.0 0.0 1.0 135.0 14232.746518518501 14229.651851851839 14232.777777777797 
15.001782640694081 0.0 0.0 1.0 135.0 14232.71557185185 14229.651851851839 14232.777777777797 
16.00178264069408 0.0 0.0 1.0 135.0 14232.684934651852 14229.651851851839 14232.777777777797 
17.00178264069408 0.0 0.0 2.0 135.0 14232.654603823847 14229.651851851839 14232.777777777797 
18.00178264069408 1.0 0.0 1.0 135.0 14232.448428155974 14212.037037037013 14232.777777777797 
19.00178264069408 1.0 0.0 1.0 135.0 14232.420462392922 14229.651851851839 14232.777777777797 
20.00178264069408 1.0 0.0 1.0 135.0 14232.392776287528 14229.651851851839 14232.777777777797 
21.00178264069408 1.0 0.0 1.0 135.0 14232.36536704319 14229.651851851839 14232.777777777797 
22.00178264069408 1.0 0.0 2.0 135.0 14232.338231891268 14229.651851851839 14232.777777777797 
23.00178264069408 1.0 0.0 3.0 135.0 14232.280108831621 14226.525925925918 14232.777777777797 
24.00178264069408 1.0 0.0 3.0 135.0 14232.191307743276 14223.400000000001 14232.777777777797 
25.00178264069408 1.0 0.0 3.0 135.0 14232.103394665872 14223.400000000001 14232.777777777797 
26.00178264069408 1.0 0.0 3.0 135.0 14232.016360719188 14223.400000000001 14232.777777777797 
27.00178264069408 1.0 0.0 3.0 135.0 14231.930197111995 14223.400000000001 14232.777777777797 
28.00178264069408 1.0 0.0 4.0 135.0 14231.844895140888 14223.400000000001 14232.777777777797 
29.00178264069408 1.0 0.0 4.0 135.0 14231.729186930213 14220.274074074052 14232.777777777797 
30.00178264069408 2.0 0.0 3.0 135.0 14231.614635801672 14220.274074074052 14232.777777777797 
31.00178264069408 2.0 0.0 3.0 135.0 14231.532489443629 14223.400000000001 14232.777777777797 
32.00178264069408 2.0 0.0 3.0 135.0 14231.451164549198 14223.400000000001 14232.777777777797 
33.00178264069408 2.0 0.0 3.0 135.0 14231.370652903715 14223.400000000001 14232.777777777797 
34.00178264069408 2.0 0.0 3.0 135.0 14231.290946374698 14223.400000000001 14232.777777777797 
35.00178264069408 2.0 0.0 3.0 135.0 14231.212036910929 14223.400000000001 14232.777777777797 
36.00178264069408 2.0 0.0 4.0 135.0 14231.133916541805 14223.400000000001 14232.777777777797 
37.00178264069408 2.0 0.0 4.0 135.0 14231.025318117157 14220.274074074052 14232.777777777797 
38.00178264069408 2.0 0.0 4.0 135.0 14230.917805676705 14220.274074074052 14232.777777777797 
39.00178264069408 2.0 0.0 4.0 135.0 14230.811368360706 14220.274074074052 14232.777777777797 
40.00178264069408 2.0 0.0 4.0 135.0 14230.705995417818 14220.274074074052 14232.777777777797 
41.00178264069408 2.0 0.0 4.0 135.0 14230.601676204382 14220.274074074052 14232.777777777797 
42.00178264069408 2.0 0.0 4.0 135.0 14230.498400183076 14220.274074074052 14232.777777777797 
43.00178264069408 2.0 0.0 4.0 135.0 14230.396156921997 14220.274074074052 14232.777777777797 
44.00178264069408 2.0 0.0 4.0 135.0 14230.294936093518 14220.274074074052 14232.777777777797 
45.00178264069408 2.0 0.0 4.0 135.0 14230.194727473301 14220.274074074052 14232.777777777797 
46.00178264069408 2.0 0.0 4.0 135.0 14230.09552093934 14220.274074074052 14232.777777777797 
47.00178264069408 2.0 0.0 4.0 135.0 14229.997306470674 14220.274074074052 14232.777777777797 
48.00178264069408 2.0 0.0 5.0 135.0 14229.900074146715 14220.274074074052 14232.777777777797 
49.00178264069408 2.0 0.0 5.0 135.0 14229.7725548867 14217.14814814815 14232.777777777797 
50.00178264069408 2.0 0.0 6.0 135.0 14229.646310819346 14217.14814814815 14232.777777777797 
51.00178264069408 2.0 0.0 6.0 135.0 14229.49006993335 14214.022222222226 14232.777777777797 
52.00178264069408 2.0 0.0 6.0 135.0 14229.335391456245 14214.022222222226 14232.777777777797 
53.00178264069408 2.0 0.0 6.0 135.0 14229.18225976391 14214.022222222226 14232.777777777797 
54.00178264069408 2.0 0.0 6.0 135.0 14229.03065938848 14214.022222222226 14232.777777777797 
55.00178264069408 2.0 0.0 6.0 135.0 14228.880575016829 14214.022222222226 14232.777777777797 
56.00178264069408 2.0 0.0 6.0 135.0 14228.731991488892 14214.022222222226 14232.777777777797 
57.00178264069408 2.0 0.0 7.0 135.0 14228.584893796222 14214.022222222226 14232.777777777797 
58.00178264069408 2.0 0.0 7.0 135.0 14228.408007821217 14210.896296296318 14232.777777777797 
59.00178264069408 2.0 0.0 7.0 135.0 14228.232890705975 14210.896296296318 14232.777777777797 
60.00178264069408 2.0 0.0 8.0 135.0 14228.059524761864 14210.896296296318 14232.777777777797 
61.00178264069408 2.0 0.0 8.0 135.0 14227.856633217933 14207.77037037036 14232.777777777797 
62.00178264069408 2.0 0.0 8.0 135.0 14227.655770589467 14207.77037037036 14232.777777777797 
63.00178264069408 2.0 0.0 8.0 135.0 14227.456916587298 14207.77037037036 14232.777777777797 
64.00178264069407 2.0 0.0 8.0 135.0 14227.260051125126 14207.77037037036 14232.777777777797 
65.00178264069407 2.0 0.0 8.0 135.0 14227.065154317597 14207.77037037036 14232.777777777797 
66.00178264069407 2.0 0.0 8.0 135.0 14226.87220647808 14207.77037037036 14232.777777777797 
67.00178264069407 2.0 0.0 8.0 135.0 14226.681188117034 14207.77037037036 14232.777777777797 
68.00178264069407 2.0 0.0 8.0 135.0 14226.492079939566 14207.77037037036 14232.777777777797 
69.00178264069407 2.0 0.0 8.0 135.0 14226.30486284389 14207.77037037036 14232.777777777797 
70.00178264069407 2.0 0.0 8.0 135.0 14226.119517919127 14207.77037037036 14232.777777777797 
71.00178264069407 3.0 0.0 7.0 135.0 14225.936026443644 14207.77037037036 14232.777777777797 
72.00178264069407 3.0 0.0 7.0 135.0 14225.785629142174 14210.896296296318 14232.777777777797 
73.00178264069407 3.0 0.0 7.0 135.0 14225.636735813723 14210.896296296318 14232.777777777797 
74.00178264069407 3.0 0.0 7.0 135.0 14225.489331418525 14210.896296296318 14232.777777777797 
75.00178264069407 3.0 0.0 7.0 135.0 14225.3434010673 14210.896296296318 14232.777777777797 
76.00178264069407 3.0 0.0 8.0 135.0 14225.198930019607 14210.896296296318 14232.777777777797 
77.00178264069407 3.0 0.0 8.0 135.0 14224.879755534217 14193.281481481483 14232.777777777797 
78.00178264069407 4.0 0.0 8.0 135.0 14224.563772793696 14193.281481481483 14232.777777777797 
79.00178264069407 4.0 0.0 8.0 135.0 14224.395838769464 14207.77037037036 14232.777777777797 
80.00178264069407 4.0 0.0 8.0 135.0 14224.229584085448 14207.77037037036 14232.777777777797 
81.00178264069407 4.0 0.0 8.0 135.0 14224.064991948313 14207.77037037036 14232.777777777797 
82.00178264069407 4.0 0.0 8.0 135.0 14223.902045732513 14207.77037037036 14232.777777777797 
83.00178264069407 4.0 0.0 8.0 135.0 14223.740728978923 14207.77037037036 14232.777777777797 
84.00178264069407 4.0 0.0 8.0 135.0 14223.581025392834 14207.77037037036 14232.777777777797 
85.00178264069407 4.0 0.0 8.0 135.0 14223.422918842596 14207.77037037036 14232.777777777797 
86.00178264069407 4.0 0.0 8.0 135.0 14223.266393357888 14207.77037037036 14232.777777777797 
87.00178264069407 4.0 0.0 8.0 135.0 14223.11143312801 14207.77037037036 14232.777777777797 
88.00178264069407 4.0 0.0 8.0 135.0 14222.958022500463 14207.77037037036 14232.777777777797 
89.00178264069407 4.0 0.0 8.0 135.0 14222.80614597916 14207.77037037036 14232.777777777797 
90.00178264069407 4.0 0.0 9.0 135.0 14222.655788223066 14207.77037037036 14232.777777777797 
91.00178264069407 4.0 0.0 9.0 135.0 14222.33078589636 14190.155555555531 14232.777777777797 
92.00178264069407 5.0 0.0 8.0 135.0 14222.009033592969 14190.155555555531 14232.777777777797 
93.00178264069407 5.0 0.0 8.0 135.0 14221.866646960732 14207.77037037036 14232.777777777797 
94.00178264069407 5.0 0.0 8.0 135.0 14221.725684194846 14207.77037037036 14232.777777777797 
95.00178264069407 5.0 0.0 8.0 135.0 14221.58613105662 14207.77037037036 14232.777777777797 
96.00178264069407 5.0 0.0 8.0 135.0 14221.44797344974 14207.77037037036 14232.777777777797 
97.00178264069407 5.0 0.0 8.0 135.0 14221.311197418925 14207.77037037036 14232.777777777797 
98.00178264069407 5.0 0.0 8.0 135.0 14221.175789148445 14207.77037037036 14232.777777777797 
99.00178264069407 5.0 0.0 10.0 135.0 14221.04173496069 14207.77037037036 14232.777777777797 
100.00178264069407 5.0 0.0 10.0 135.0 14220.846502796234 14201.518518518522 14232.777777777797 
101.00178264069407 5.0 0.0 10.0 135.0 14220.653222953486 14201.518518518522 14232.777777777797 
102.00178264069407 5.0 0.0 10.0 135.0 14220.461875909143 14201.518518518522 14232.777777777797 
103.00178264069407 5.0 0.0 10.0 135.0 14220.27244233519 14201.518518518522 14232.777777777797 
104.00178264069407 5.0 0.0 10.0 135.0 14220.084903097068 14201.518518518522 14232.777777777797 
105.00178264069407 5.0 0.0 10.0 135.0 14219.899239251274 14201.518518518522 14232.777777777797 
106.00178264069407 5.0 0.0 10.0 135.0 14219.71543204396 14201.518518518522 14232.777777777797 
107.00178264069407 5.0 0.0 10.0 135.0 14219.533462908692 14201.518518518522 14232.777777777797 
108.00178264069407 5.0 0.0 10.0 135.0 14219.353313464797 14201.518518518522 14232.777777777797 
109.00178264069407 5.0 0.0 10.0 135.0 14219.174965515345 14201.518518518522 14232.777777777797 
110.00178264069407 5.0 0.0 10.0 135.0 14218.99840104536 14201.518518518522 14232.777777777797 
111.00178264069407 5.0 0.0 10.0 135.0 14218.8236022201 14201.518518518522 14232.777777777797 
112.00178264069407 5.0 0.0 10.0 135.0 14218.650551383065 14201.518518518522 14232.777777777797 
113.00178264069407 5.0 0.0 10.0 135.0 14218.479231054416 14201.518518518522 14232.777777777797 
114.00178264069407 5.0 0.0 10.0 135.0 14218.309623929063 14201.518518518522 14232.777777777797 
115.00178264069407 5.0 0.0 10.0 135.0 14218.14171287496 14201.518518518522 14232.777777777797 
116.00178264069407 5.0 0.0 11.0 135.0 14217.975480931416 14201.518518518522 14232.777777777797 
117.00178264069407 5.0 0.0 11.0 135.0 14217.779652048013 14198.392592592572 14232.777777777797 
118.00178264069407 5.0 0.0 11.0 135.0 14217.585781453472 14198.392592592572 14232.777777777797 
119.00178264069407 5.0 0.0 11.0 135.0 14217.393849564827 14198.392592592572 14232.777777777797 
120.00178264069407 5.0 0.0 11.0 135.0 14217.20383699509 14198.392592592572 14232.777777777797 
121.00178264069407 7.0 0.0 9.0 135.0 14217.0157245511 14198.392592592572 14232.777777777797 
122.00178264069407 7.0 0.0 9.0 135.0 14216.892011750031 14204.644444444439 14232.777777777797 
123.00178264069407 7.0 0.0 9.0 135.0 14216.769536076976 14204.644444444439 14232.777777777797 
124.00178264069407 7.0 0.0 9.0 135.0 14216.64828516066 14204.644444444439 14232.777777777797 
125.00178264069407 7.0 0.0 9.0 135.0 14216.52824675349 14204.644444444439 14232.777777777797 
126.00178264069407 7.0 0.0 10.0 135.0 14216.409408730402 14204.644444444439 14232.777777777797 
127.00178264069407 7.0 0.0 11.0 135.0 14216.260499828282 14201.518518518522 14232.777777777797 
128.00178264069407 7.0 0.0 11.0 135.0 14216.081894829978 14198.400000000001 14232.777777777797 
129.00178264069407 7.0 0.0 12.0 135.0 14215.905075881685 14198.400000000001 14232.777777777797 
130.00178264069407 7.0 0.0 12.0 135.0 14215.55387697474 14180.785185185186 14232.777777777797 
131.00178264069407 8.0 0.0 11.0 135.0 14215.206190056815 14180.785185185186 14232.777777777797 
132.00178264069407 8.0 0.0 12.0 135.0 14214.89323926736 14183.911111111145 14232.777777777797 
133.00178264069407 8.0 0.0 12.0 135.0 14214.552232800637 14180.792592592627 14232.777777777797 
134.00178264069407 8.0 0.0 12.0 135.0 14214.214636398541 14180.792592592627 14232.777777777797 
135.00178264069407 8.0 0.0 12.0 135.0 14213.880415960508 14180.792592592627 14232.777777777797 
136.00178264069407 8.0 0.0 12.0 135.0 14213.5495377268 14180.792592592627 14232.777777777797 
137.00178264069407 10.0 0.0 11.0 135.0 14213.221968275448 14180.792592592627 14232.777777777797 
138.00178264069407 10.0 0.0 11.0 135.0 14213.073822666775 14198.407407407401 14232.777777777797 
139.00178264069407 10.0 0.0 11.0 135.0 14212.927158514192 14198.407407407401 14232.777777777797 
140.00178264069407 10.0 0.0 12.0 135.0 14212.781961003144 14198.407407407401 14232.777777777797 
141.00178264069407 11.0 0.0 11.0 135.0 14212.606956207921 14195.281481481483 14232.777777777797 
142.00178264069407 11.0 0.0 11.0 135.0 14212.464960719892 14198.407407407401 14232.777777777797 
143.00178264069407 11.0 0.0 11.0 135.0 14212.324385186763 14198.407407407401 14232.777777777797 
144.00178264069407 11.0 0.0 11.0 135.0 14212.185215408981 14198.407407407401 14232.777777777797 
145.00178264069407 11.0 0.0 13.0 135.0 14212.047437328956 14198.407407407401 14232.777777777797 
146.00178264069407 11.0 0.0 14.0 135.0 14211.848592585297 14192.162962962962 14232.777777777797 
147.00178264069407 11.0 0.0 14.0 135.0 14211.651736289112 14192.162962962962 14232.777777777797 
148.00178264069407 11.0 0.0 14.0 135.0 14211.456848555841 14192.162962962962 14232.777777777797 
149.00178264069407 11.0 0.0 14.0 135.0 14211.263909699914 14192.162962962962 14232.777777777797 
150.00178264069407 12.0 0.0 13.0 135.0 14211.07290023252 14192.162962962962 14232.777777777797 
151.00178264069407 12.0 0.0 16.0 135.0 14210.915060119096 14195.288888888881 14232.777777777797 
152.00178264069407 12.0 0.0 17.0 135.0 14210.696279888269 14189.037037037013 14232.777777777797 
153.00178264069407 13.0 0.0 19.0 135.0 14210.448502274587 14185.918518518494 14232.777777777797 
154.00178264069407 14.0 0.0 18.0 135.0 14210.140683918493 14179.666666666668 14232.777777777797 
155.00178264069407 14.0 0.0 18.0 135.0 14209.835943745977 14179.666666666668 14232.777777777797 
156.00178264069407 14.0 0.0 18.0 135.0 14209.534250975172 14179.666666666668 14232.777777777797 
157.00178264069407 14.0 0.0 20.0 135.0 14209.235575132114 14179.666666666668 14232.777777777797 
158.00178264069407 14.0 0.0 22.0 134.0 14208.877515677046 14173.429629629629 14232.777777777797 
159.00178264069407 14.0 0.0 22.0 134.0 14208.346888668451 14155.814814814803 14232.777777777797 
160.00178264069407 14.0 0.0 22.0 134.0 14207.821567929923 14155.814814814803 14232.777777777797 
161.00178264069407 14.0 0.0 22.0 134.0 14207.30150039877 14155.814814814803 14232.777777777797 
162.00178264069407 15.0 0.0 22.0 134.0 14206.786633542897 14155.814814814803 14232.777777777797 
163.00178264069407 15.0 0.0 23.0 134.0 14206.27698942971 14155.82222222224 14232.777777777797 
164.00178264069407 15.0 0.0 25.0 134.0 14205.596367683564 14138.214814814814 14232.777777777797 
165.00178264069407 16.0 0.0 24.0 134.0 14204.715218821546 14117.481481481478 14232.777777777797 
166.00178264069407 17.0 0.0 24.0 134.0 14203.874140707409 14120.607407407428 14232.777777777797 
167.00178264069407 17.0 0.0 24.0 134.0 14203.217547448468 14138.214814814814 14232.777777777797 
168.00178264069407 17.0 0.0 25.0 134.0 14202.391371973976 14120.599999999999 14232.777777777797 
169.00178264069407 17.0 0.0 27.0 134.0 14201.573458254255 14120.599999999999 14232.777777777797 
170.00178264069407 17.0 0.0 28.0 133.0 14200.58764959764 14102.9925925926 14232.777777777797 
171.00178264069407 18.0 0.0 29.0 133.0 14199.58043976832 14099.86666666665 14232.777777777797 
172.00178264069407 18.0 0.0 30.0 133.0 14198.75937611136 14117.474074074082 14232.777777777797 
173.00178264069407 18.0 0.0 30.0 133.0 14197.739189757656 14096.740740740734 14232.777777777797 
174.00178264069407 18.0 0.0 31.0 133.0 14196.729205267515 14096.740740740734 14232.777777777797 
175.00178264069407 18.0 0.0 33.0 133.0 14195.69813543706 14093.622222222213 14232.777777777797 
176.00178264069407 20.0 0.0 31.0 133.0 14194.501302230816 14076.014814814838 14232.777777777797 
177.00178264069407 20.0 0.0 33.0 133.0 14193.523770690028 14096.74814814813 14232.777777777797 
178.00178264069407 21.0 0.0 33.0 133.0 14192.556014464577 14096.74814814813 14232.777777777797 
179.00178264069407 22.0 0.0 33.0 133.0 14191.390602468116 14076.014814814838 14232.777777777797 
180.00178264069407 23.0 0.0 32.0 132.0 14190.236918665641 14076.022222222227 14232.777777777797 
181.00178264069407 24.0 0.0 33.0 132.0 14189.270919849318 14093.637037037042 14232.777777777797 
182.00178264069407 25.0 0.0 35.0 132.0 14188.428210650878 14105.0 14232.777777777797 
183.00178264069407 25.0 0.0 37.0 132.0 14187.531335951748 14098.740740740734 14232.777777777797 
184.00178264069407 25.0 0.0 37.0 132.0 14186.436096666313 14078.0074074074 14232.777777777797 
185.00178264069407 25.0 0.0 38.0 132.0 14185.35180977371 14078.0074074074 14232.777777777797 
186.00178264069407 26.0 0.0 37.0 132.0 14184.247180564871 14074.88888888888 14232.777777777797 
187.00178264069407 26.0 0.0 39.0 132.0 14183.329745796249 14092.503703703698 14232.777777777797 
188.00178264069407 27.0 0.0 39.0 132.0 14182.390300190149 14089.385185185178 14232.777777777797 
189.00178264069407 28.0 0.0 40.0 132.0 14181.284174966033 14071.777777777797 14232.777777777797 
190.00178264069407 28.0 0.0 42.0 132.0 14180.18911099416 14071.777777777797 14232.777777777797 
191.00178264069407 28.0 0.0 44.0 132.0 14178.721590254587 14033.437037037065 14232.777777777797 
192.00178264069407 28.0 0.0 47.0 132.0 14177.06141138906 14012.70370370372 14232.777777777797 
193.00178264069407 28.0 0.0 50.0 131.0 14175.417834312224 14012.70370370372 14232.777777777797 
194.00178264069407 28.0 0.0 52.0 131.0 14173.5521744876 13988.851851851852 14232.777777777797 
195.00178264069407 30.0 0.0 50.0 131.0 14171.352874964961 13953.622222222213 14232.777777777797 
196.00178264069407 30.0 0.0 51.0 131.0 14169.351716585663 13971.23703703704 14232.777777777797 
197.00178264069407 30.0 0.0 53.0 131.0 14167.370569790184 13971.23703703704 14232.777777777797 
198.00178264069407 30.0 0.0 56.0 131.0 14165.40923446264 13971.23703703704 14232.777777777797 
199.00178264069407 31.0 0.0 56.0 131.0 14162.93914211805 13918.400000000001 14232.777777777797 
200.00178264069407 31.0 0.0 58.0 130.0 14160.31767662276 13900.792592592625 14232.777777777797 
201.00178264069407 32.0 0.0 58.0 130.0 14157.5463517084 13883.185185185197 14232.777777777797 
202.00178264069407 33.0 0.0 57.0 130.0 14154.802740043162 13883.185185185197 14232.777777777797 
203.00178264069407 37.0 0.0 55.0 130.0 14152.26263856867 13900.792592592625 14232.777777777797 
204.00178264069407 37.0 0.0 55.0 130.0 14150.10016033111 13936.014814814838 14232.777777777797 
205.00178264069407 37.0 0.0 56.0 129.0 14147.783232801912 13918.407407407401 14232.777777777797 
206.00178264069407 37.0 0.0 57.0 129.0 14145.313400473846 13900.799999999974 14232.777777777797 
207.00178264069407 38.0 0.0 57.0 128.0 14142.837007209853 13897.674074074104 14232.777777777797 
208.00178264069407 40.0 0.0 55.0 128.0 14140.56145195258 13915.281481481481 14232.777777777797 
209.00178264069407 41.0 0.0 55.0 128.0 14138.484726321942 13932.88888888888 14232.777777777797 
210.00178264069407 43.0 0.0 53.0 128.0 14136.428767947611 13932.88888888888 14232.777777777797 
211.00178264069407 44.0 0.0 52.0 128.0 14134.393369157038 13932.88888888888 14232.777777777797 
212.00178264069407 46.0 0.0 50.0 128.0 14132.554398428425 13950.496296296304 14232.777777777797 
213.00178264069407 46.0 0.0 50.0 128.0 14131.086113703383 13985.725925925948 14232.777777777797 
214.00178264069407 47.0 0.0 50.0 128.0 14129.632511825623 13985.725925925948 14232.777777777797 
215.00178264069407 47.0 0.0 52.0 128.0 14128.162260781444 13982.607407407428 14232.777777777797 
216.00178264069407 48.0 0.0 51.0 128.0 14126.530564099554 13964.9925925926 14232.777777777797 
217.00178264069407 48.0 0.0 53.0 128.0 14124.915184384501 13964.9925925926 14232.777777777797 
218.00178264069407 49.0 0.0 53.0 128.0 14123.139810318442 13947.377777777787 14232.777777777797 
219.00178264069407 50.0 0.0 57.0 128.0 14121.351004807828 13944.259259259266 14232.777777777797 
220.00178264069407 50.0 0.0 58.0 128.0 14119.40401327826 13926.651851851839 14232.777777777797 
221.00178264069407 50.0 0.0 60.0 128.0 14116.772047219549 13856.207407407375 14232.777777777797 
222.00178264069407 52.0 0.0 58.0 128.0 14113.959141562154 13835.481481481478 14232.777777777797 
223.00178264069407 53.0 0.0 59.0 128.0 14111.526587183595 13870.703703703719 14232.777777777797 
224.00178264069407 54.0 0.0 60.0 128.0 14109.11835834879 13870.703703703719 14232.777777777797 
225.00178264069407 55.0 0.0 60.0 128.0 14106.381989580123 13835.481481481478 14232.777777777797 
226.00178264069407 55.0 0.0 61.0 128.0 14103.672910425057 13835.474074074082 14232.777777777797 
227.00178264069407 56.0 0.0 62.0 123.0 14100.783588728236 13814.740740740732 14232.777777777797 
228.00178264069407 58.0 0.0 61.0 119.0 14098.24412321131 13846.83703703704 14232.777777777797 
229.00178264069407 59.0 0.0 62.0 122.0 14094.1973856829 13693.57037037037 14232.777777777797 
230.00178264069407 60.0 0.0 61.0 118.0 14090.191115529786 13693.57037037037 14232.777777777797 
231.00178264069407 60.0 0.0 63.0 122.0 14086.10120437446 13681.200000000026 14232.777777777797 
232.00178264069407 62.0 0.0 61.0 118.0 14081.844858997381 13660.466666666676 14232.777777777797 
233.00178264069407 63.0 0.0 62.0 122.0 14077.807225222236 13678.081481481506 14232.777777777797 
234.00178264069407 65.0 0.0 64.0 118.0 14073.809893710742 13678.074074074073 14232.777777777797 
235.00178264069407 65.0 0.0 64.0 122.0 14069.324165144028 13625.23703703704 14232.777777777797 
236.00178264069407 66.0 0.0 64.0 118.0 14064.883293862964 13625.23703703704 14232.777777777797 
237.00178264069407 68.0 0.0 63.0 122.0 14060.384312776177 13614.985185185162 14232.777777777797 
238.00178264069407 70.0 0.0 63.0 118.0 14055.78550668542 13600.503703703695 14232.777777777797 
239.00178264069407 71.0 0.0 62.0 122.0 14051.408762729683 13618.111111111119 14232.777777777797 
240.00178264069407 72.0 0.0 61.0 116.0 14047.25186028759 13635.71851851852 14232.777777777797 
241.00178264069407 75.0 0.0 60.0 112.0 14043.31260094398 13653.325925925896 14232.777777777797 
242.00178264069407 77.0 0.0 61.0 116.0 14039.443919378953 13656.444444444414 14232.777777777797 
243.00178264069407 78.0 0.0 61.0 112.0 14034.911628333317 13586.214814814812 14232.777777777797 
244.00178264069407 78.0 0.0 62.0 116.0 14030.403549087048 13584.103703703682 14232.777777777797 
245.00178264069407 79.0 0.0 63.0 112.0 14025.940624707275 13584.111111111119 14232.777777777797 
246.00178264069407 80.0 0.0 66.0 116.0 14021.501144386128 13581.992592592598 14232.777777777797 
247.00178264069407 83.0 0.0 65.0 112.0 14016.577688497833 13529.155555555533 14232.777777777797 
248.00178264069407 83.0 0.0 68.0 116.0 14011.910800501752 13549.888888888883 14232.777777777797 
249.00178264069407 85.0 0.0 66.0 111.0 14007.342951755987 13555.12592592592 14232.777777777797 
250.00178264069407 89.0 0.0 67.0 114.0 14002.996855571762 13572.733333333346 14232.777777777797 
251.00178264069407 91.0 0.0 66.0 110.0 13998.373257386405 13540.637037037039 14232.777777777797 
252.00178264069407 93.0 0.0 64.0 114.0 13993.827228516247 13543.770370370363 14232.777777777797 
253.00178264069407 95.0 0.0 64.0 110.0 13989.710067342197 13582.111111111119 14232.777777777797 
254.00178264069407 97.0 0.0 65.0 114.0 13985.63400370581 13582.103703703682 14232.777777777797 
255.00178264069407 98.0 0.0 64.0 110.0 13981.29884885395 13552.11851851852 14232.777777777797 
256.00178264069405 100.0 0.0 63.0 114.0 13977.130749254302 13564.488888888909 14232.777777777797 
257.00178264069405 103.0 0.0 61.0 110.0 13973.10907139136 13574.962962962985 14232.777777777797 
258.00178264069405 104.0 0.0 60.0 114.0 13969.158795492282 13578.081481481506 14232.777777777797 
259.00178264069405 106.0 0.0 59.0 110.0 13965.424170500295 13595.696296296284 14232.777777777797 
260.00178264069405 108.0 0.0 59.0 114.0 13961.934225091596 13616.42962962963 14232.777777777797 
261.00178264069405 110.0 0.0 57.0 110.0 13958.303105062923 13598.822222222238 14232.777777777797 
262.00178264069405 111.0 0.0 58.0 114.0 13955.06059253082 13634.05185185184 14232.777777777797 
263.00178264069405 117.0 0.0 54.0 110.0 13952.25494956846 13674.496296296305 14232.777777777797 
264.00178264069405 118.0 0.0 57.0 114.0 13949.715881554252 13698.34814814816 14232.777777777797 
265.00178264069405 119.0 0.0 58.0 110.0 13946.673833849814 13645.511111111091 14232.777777777797 
266.00178264069405 121.0 0.0 59.0 113.0 13943.838280696507 13663.11851851852 14232.777777777797 
267.00178264069405 121.0 0.0 61.0 109.0 13940.37908307473 13597.918518518494 14232.777777777797 
268.00178264069405 121.0 0.0 63.0 112.0 13936.9021070588 13592.681481481453 14232.777777777797 
269.00178264069405 122.0 0.0 65.0 109.0 13933.160123025225 13562.703703703717 14232.777777777797 
270.00178264069405 126.0 0.0 62.0 112.0 13929.10326253572 13527.474074074082 14232.777777777797 
271.00178264069405 127.0 0.0 63.0 110.0 13925.263044725196 13545.081481481506 14232.777777777797 
272.00178264069405 128.0 0.0 63.0 111.0 13920.725525389053 13471.511111111091 14232.777777777797 
273.00178264069405 134.0 0.0 57.0 109.0 13916.585603468495 13506.733333333348 14232.777777777797 
274.00178264069405 136.0 0.0 56.0 112.0 13913.19159928565 13577.185185185197 14232.777777777797 
275.00178264069405 137.0 0.0 56.0 109.0 13909.510572181698 13545.088888888855 14232.777777777797 
276.00178264069405 137.0 0.0 56.0 101.0 13905.84517016359 13542.970370370334 14232.777777777797 
277.00178264069405 139.0 0.0 55.0 103.0 13902.51627401749 13572.955555555562 14232.777777777797 
278.00178264069405 140.0 0.0 54.0 101.0 13899.42800016621 13593.688888888888 14232.777777777797 
279.00178264069405 140.0 0.0 57.0 103.0 13896.37060905345 13593.688888888888 14232.777777777797 
280.00178264069405 143.0 0.0 54.0 101.0 13893.260088148101 13585.318518518547 14232.777777777797 
281.00178264069405 145.0 0.0 55.0 103.0 13890.885116896245 13655.76296296296 14232.777777777797 
282.00178264069405 146.0 0.0 60.0 101.0 13888.471524986535 13649.525925925918 14232.777777777797 
283.00178264069405 146.0 0.0 60.0 103.0 13885.646068995937 13605.925925925929 14232.777777777797 
284.00178264069405 146.0 0.0 64.0 101.0 13882.848867565224 13605.925925925929 14232.777777777797 
285.00178264069405 147.0 0.0 65.0 103.0 13879.479934445142 13545.955555555562 14232.777777777797 
286.00178264069405 149.0 0.0 66.0 103.0 13875.968542508099 13528.340740740723 14232.777777777797 
287.00178264069405 150.0 0.0 66.0 113.0 13872.047597823748 13483.87407407408 14232.777777777797 
288.00178264069405 153.0 0.0 64.0 103.0 13868.258381104753 13493.12592592592 14232.777777777797 
289.00178264069405 156.0 0.0 62.0 113.0 13864.571649145575 13499.585185185197 14232.777777777797 
290.00178264069405 157.0 0.0 63.0 103.0 13860.921932654115 13499.6 14232.777777777797 
291.00178264069405 158.0 0.0 63.0 113.0 13857.308787401644 13499.607407407428 14232.777777777797 
292.00178264069405 160.0 0.0 65.0 103.0 13854.331403231334 13559.57037037037 14232.777777777797 
293.00178264069405 163.0 0.0 66.0 113.0 13850.626904013856 13483.88148148148 14232.777777777797 
294.00178264069405 166.0 0.0 64.0 103.0 13847.011746084823 13489.111111111117 14232.777777777797 
295.00178264069405 167.0 0.0 64.0 113.0 13843.040369364715 13449.874074074078 14232.777777777797 
296.00178264069405 169.0 0.0 65.0 103.0 13839.10870641179 13449.874074074078 14232.777777777797 
297.00178264069405 170.0 0.0 65.0 113.0 13834.833026755068 13411.540740740757 14232.777777777797 
298.00178264069405 173.0 0.0 68.0 103.0 13830.921066857913 13443.637037037039 14232.777777777797 
299.00178264069405 175.0 0.0 67.0 113.0 13826.541115448588 13392.925925925927 14232.777777777797 
300.00178264069405 176.0 0.0 69.0 98.0 13822.557185775575 13428.148148148148 14232.777777777797 
301.00178264069405 177.0 0.0 70.0 109.0 13818.137169473393 13380.555555555584 14232.777777777797 
302.00178264069405 183.0 0.0 66.0 108.0 13814.258242223095 13430.24444444444 14232.777777777797 
303.00178264069405 184.0 0.0 68.0 103.0 13810.594104245301 13447.844444444467 14232.777777777797 
304.00178264069405 186.0 0.0 69.0 104.0 13806.335792832459 13384.76296296296 14232.777777777797 
305.00178264069405 189.0 0.0 71.0 113.0 13802.243842311558 13397.14074074075 14232.777777777797 
306.00178264069405 189.0 0.0 72.0 98.0 13798.409107592139 13418.770370370363 14232.777777777797 
307.00178264069405 189.0 0.0 75.0 109.0 13794.013016516226 13358.799999999974 14232.777777777797 
308.00178264069405 194.0 0.0 70.0 108.0 13789.484664128837 13341.177777777764 14232.777777777797 
309.00178264069405 197.0 0.0 70.0 108.0 13785.882187857937 13429.23703703704 14232.777777777797 
310.00178264069405 201.0 0.0 69.0 113.0 13782.636773386763 13461.340740740723 14232.777777777797 
311.00178264069405 204.0 0.0 69.0 101.0 13779.899813060301 13508.940740740725 14232.777777777797 
312.00178264069405 206.0 0.0 69.0 110.0 13775.957481596348 13385.666666666672 14232.777777777797 
313.00178264069405 208.0 0.0 71.0 108.0 13771.754721595216 13355.681481481453 14232.777777777797 
314.00178264069405 213.0 0.0 67.0 108.0 13767.677544749647 13364.037037037015 14232.777777777797 
315.00178264069405 217.0 0.0 66.0 113.0 13764.169435968779 13416.866666666652 14232.777777777797 
316.00178264069405 218.0 0.0 68.0 101.0 13760.862334201696 13433.459259259243 14232.777777777797 
317.00178264069405 220.0 0.0 69.0 107.0 13757.028821970793 13377.511111111091 14232.777777777797 
318.00178264069405 221.0 0.0 73.0 107.0 13753.150089306635 13369.155555555533 14232.777777777797 
319.00178264069405 223.0 0.0 72.0 92.0 13749.112958783937 13349.437037037065 14232.777777777797 
320.00178264069405 226.0 0.0 74.0 90.0 13744.868792159095 13324.696296296284 14232.777777777797 
321.00178264069405 228.0 0.0 77.0 87.0 13739.631437570826 13221.133333333348 14232.777777777797 
322.00178264069405 230.0 0.0 78.0 99.0 13733.76312319509 13152.799999999974 14232.777777777797 
323.00178264069405 236.0 0.0 77.0 92.0 13728.305788259444 13188.029629629666 14232.777777777797 
324.00178264069405 238.0 0.0 77.0 98.0 13722.841841487992 13181.911111111145 14232.777777777797 
325.00178264069405 239.0 0.0 77.0 93.0 13716.604311961974 13099.088888888855 14232.777777777797 
326.00178264069405 244.0 0.0 72.0 98.0 13710.12937995346 13069.111111111113 14232.777777777797 
327.00178264069405 249.0 0.0 71.0 90.0 13704.318900968752 13129.081481481506 14232.777777777797 
328.00178264069405 249.0 0.0 79.0 96.0 13699.270823070174 13199.511111111093 14232.777777777797 
329.00178264069405 252.0 0.0 79.0 103.0 13692.709448172807 13043.133333333348 14232.777777777797 
330.00178264069405 253.0 0.0 81.0 91.0 13686.440057394773 13065.770370370366 14232.777777777797 
331.00178264069405 255.0 0.0 81.0 91.0 13678.929212376393 12935.355555555561 14232.777777777797 
332.00178264069405 257.0 0.0 82.0 91.0 13670.96517951188 12882.525925925918 14232.777777777797 
333.00178264069405 260.0 0.0 80.0 97.0 13662.573601790838 12831.807407407401 14232.777777777797 
334.00178264069405 260.0 0.0 83.0 99.0 13654.917939847004 12897.00740740741 14232.777777777797 
335.00178264069405 264.0 0.0 79.0 89.0 13646.986686374465 12861.792592592625 14232.777777777797 
336.00178264069405 266.0 0.0 78.0 103.0 13639.011041732929 12849.422222222236 14232.777777777797 
337.00178264069405 268.0 0.0 78.0 105.0 13631.819523908203 12919.859259259247 14232.777777777797 
338.00178264069405 270.0 0.0 80.0 103.0 13624.523773113555 12902.244444444446 14232.777777777797 
339.00178264069405 273.0 0.0 80.0 104.0 13617.47697982689 12919.844444444467 14232.777777777797 
340.00178264069405 277.0 0.0 81.0 102.0 13610.541024843407 12923.88148148148 14232.777777777797 
341.00178264069405 277.0 0.0 85.0 104.0 13603.343244224612 12890.76296296296 14232.777777777797 
342.00178264069405 279.0 0.0 87.0 102.0 13595.389293263834 12807.94814814816 14232.777777777797 
343.00178264069405 283.0 0.0 87.0 104.0 13588.144733664532 12870.933333333322 14232.777777777797 
344.00178264069405 286.0 0.0 87.0 103.0 13581.324915957524 12906.162962962953 14232.777777777797 
345.00178264069405 288.0 0.0 85.0 105.0 13574.718037168343 12920.637037037033 14232.777777777797 
346.00178264069405 290.0 0.0 83.0 112.0 13568.353301241095 12938.244444444446 14232.777777777797 
347.00178264069405 294.0 0.0 82.0 109.0 13562.528286747205 12985.851851851858 14232.777777777797 
348.00178264069405 298.0 0.0 80.0 101.0 13556.854040916742 12995.103703703682 14232.777777777797 
349.00178264069405 300.0 0.0 82.0 108.0 13551.060463470556 12977.49629629631 14232.777777777797 
350.00178264069405 300.0 0.0 87.0 99.0 13545.293562539558 12974.370370370389 14232.777777777797 
351.00178264069405 301.0 0.0 88.0 109.0 13539.200775062307 12936.014814814836 14232.777777777797 
352.00178264069405 303.0 0.0 90.0 101.0 13533.789804348718 12998.103703703682 14232.777777777797 
353.00178264069405 303.0 0.0 94.0 106.0 13527.749758157079 12929.785185185194 14232.777777777797 
354.00178264069405 306.0 0.0 93.0 98.0 13521.56270501996 12909.044444444433 14232.777777777797 
355.00178264069405 309.0 0.0 91.0 101.0 13515.863374266042 12951.629629629611 14232.777777777797 
356.00178264069405 311.0 0.0 91.0 111.0 13510.375925708582 12967.11851851852 14232.777777777797 
357.00178264069405 314.0 0.0 90.0 111.0 13504.767203488533 12949.50370370369 14232.777777777797 
358.00178264069405 317.0 0.0 93.0 111.0 13499.038420342536 12931.888888888887 14232.777777777797 
359.00178264069405 318.0 0.0 95.0 111.0 13492.869887990957 12882.185185185197 14232.777777777797 
360.00178264069405 320.0 0.0 95.0 110.0 13487.134300222162 12919.311111111116 14232.777777777797 
361.00178264069405 323.0 0.0 94.0 111.0 13481.248734997718 12898.577777777764 14232.777777777797 
362.00178264069405 327.0 0.0 94.0 110.0 13476.07402542552 12963.777777777797 14232.777777777797 
363.00178264069405 333.0 0.0 89.0 112.0 13472.028618504592 13071.533333333327 14232.777777777797 
364.00178264069405 335.0 0.0 89.0 110.0 13468.675739726945 13136.740740740728 14232.777777777797 
365.00178264069405 338.0 0.0 91.0 98.0 13465.708686033384 13171.970370370334 14232.777777777797 
366.00096057647977 339.0 0.0 96.0 105.0 13461.549599173071 13049.799999999974 14232.777777777797 
367.00178264069405 340.0 0.0 98.0 100.0 13456.72765873688 12979.355555555561 14232.777777777797 
368.00178264069405 343.0 0.0 100.0 106.0 13451.042159927278 12888.17777777777 14232.777777777797 
369.00178264069405 348.0 0.0 98.0 91.0 13446.034404994685 12950.266666666648 14232.777777777797 
370.00178264069405 351.0 0.0 98.0 100.0 13440.776949833635 12920.288888888881 14232.777777777797 
371.00178264069405 356.0 0.0 97.0 90.0 13436.347772927886 12997.859259259247 14232.777777777797 
372.00178264069405 357.0 0.0 99.0 99.0 13432.046517420837 13006.222222222203 14232.777777777797 
373.00178264069405 359.0 0.0 101.0 90.0 13427.664422616992 12993.837037037045 14232.777777777797 
374.00178264069405 362.0 0.0 101.0 103.0 13422.642963576005 12925.518518518515 14232.777777777797 
375.00178264069405 365.0 0.0 101.0 83.0 13417.951200606914 12953.466666666673 14232.777777777797 
376.00178264069405 367.0 0.0 101.0 93.0 13413.503614526757 12973.192592592597 14232.777777777797 
377.00178264069405 370.0 0.0 98.0 86.0 13408.977022825933 12960.844444444467 14232.777777777797 
378.00178264069405 372.0 0.0 98.0 102.0 13403.96725259769 12908.0 14232.777777777797 
379.00178264069405 377.0 0.0 98.0 86.0 13399.307431923558 12937.985185185164 14232.777777777797 
380.00178264069405 378.0 0.0 103.0 102.0 13394.558283530245 12924.392592592574 14232.777777777797 
381.00178264069405 384.0 0.0 99.0 85.0 13390.353663657914 12974.096296296286 14232.777777777797 
382.00178264069405 387.0 0.0 99.0 101.0 13386.388423317641 12993.82962962964 14232.777777777797 
383.00178264069405 387.0 0.0 99.0 84.0 13382.318020565941 12979.348148148154 14232.777777777797 
384.00178264069405 392.0 0.0 96.0 98.0 13378.640469989903 13014.562962962937 14232.777777777797 
385.00178264069405 395.0 0.0 96.0 89.0 13375.228213438148 13037.414814814805 14232.777777777797 
386.00178264069405 399.0 0.0 96.0 101.0 13371.466746118573 12999.081481481506 14232.777777777797 
387.00178264069405 403.0 0.0 95.0 99.0 13367.835263842582 13008.318518518547 14232.777777777797 
388.00178264069405 406.0 0.0 96.0 91.0 13362.944911204158 12878.799999999976 14232.777777777797 
389.00178264069405 410.0 0.0 96.0 95.0 13358.455832462472 12914.037037037015 14232.777777777797 
390.00178264069405 413.0 0.0 95.0 83.0 13353.316163026757 12844.488888888907 14232.777777777797 
391.00178264069405 417.0 0.0 96.0 92.0 13347.431075470568 12764.807407407403 14232.777777777797 
392.00178264069405 419.0 0.0 95.0 99.0 13341.625875826976 12766.911111111145 14232.777777777797 
393.00178264069405 424.0 0.0 91.0 89.0 13336.199765216857 12799.014814814836 14232.777777777797 
394.00178264069405 424.0 0.0 95.0 91.0 13331.427619416534 12858.985185185164 14232.777777777797 
395.00178264069405 427.0 0.0 96.0 95.0 13326.319639518662 12820.629629629611 14232.777777777797 
396.00178264069405 428.0 0.0 96.0 83.0 13321.138961641991 12808.251851851868 14232.777777777797 
397.00178264069405 430.0 0.0 96.0 70.0 13316.309868321867 12838.229629629634 14232.777777777797 
398.00178264069405 432.0 0.0 100.0 88.0 13311.00076963863 12785.399999999994 14232.777777777797 
399.00178264069405 436.0 0.0 98.0 90.0 13305.537354534847 12764.659259259277 14232.777777777797 
400.00178264069405 441.0 0.0 97.0 75.0 13299.816647656166 12733.46666666667 14232.777777777797 
401.00178264069405 442.0 0.0 100.0 91.0 13294.298036735165 12747.955555555567 14232.777777777797 
402.00178264069405 443.0 0.0 106.0 77.0 13287.882908219652 12652.785185185196 14232.777777777797 
403.00178264069405 445.0 0.0 107.0 66.0 13281.500523581917 12649.644444444439 14232.777777777797 
404.00178264069405 446.0 0.0 107.0 82.0 13274.634555383134 12594.903703703716 14232.777777777797 
405.00178264069405 453.0 0.0 105.0 63.0 13267.45376538485 12556.555555555584 14232.777777777797 
406.00178264069405 455.0 0.0 105.0 81.0 13260.686857360624 12590.76296296296 14232.777777777797 
407.00178264069405 458.0 0.0 103.0 85.0 13253.968433231465 12588.844444444467 14232.777777777797 
408.00178264069405 458.0 0.0 106.0 81.0 13247.493341491734 12606.459259259243 14232.777777777797 
409.00178264069405 463.0 0.0 101.0 75.0 13240.999371039794 12598.096296296284 14232.777777777797 
410.00178264069405 467.0 0.0 97.0 75.0 13235.626858810867 12703.748148148132 14232.777777777797 
411.00178264069405 472.0 0.0 93.0 64.0 13230.960071704247 12768.94814814816 14232.777777777797 
412.00178264069405 475.0 0.0 92.0 68.0 13226.858248764984 12820.777777777797 14232.777777777797 
413.00178264069405 478.0 0.0 89.0 65.0 13222.62136998103 12803.17037037036 14232.777777777797 
414.00178264069405 480.0 0.0 87.0 94.0 13218.074711836782 12767.955555555567 14232.777777777797 
415.00178264069405 484.0 0.0 83.0 70.0 13214.361520273964 12846.755555555555 14232.777777777797 
416.00178264069405 489.0 0.0 81.0 83.0 13210.56168284902 12834.37777777779 14232.777777777797 
417.00178264069405 489.0 0.0 81.0 75.0 13206.945769724227 12848.970370370336 14232.777777777797 
418.00178264069405 490.0 0.0 80.0 77.0 13203.137645360304 12826.133333333348 14232.777777777797 
419.00178264069405 491.0 0.0 79.0 72.0 13199.543676314122 12843.740740740728 14232.777777777797 
420.00178264069405 493.0 0.0 78.0 83.0 13196.037943254669 12848.970370370336 14232.777777777797 
421.00178264069405 498.0 0.0 73.0 74.0 13193.219489748062 12914.192592592597 14232.777777777797 
422.00178264069405 500.0 0.0 71.0 69.0 13190.936331887617 12964.903703703712 14232.777777777797 
423.00178264069405 500.0 0.0 71.0 66.0 13189.152005605773 13012.503703703691 14232.777777777797 
424.00178264069405 500.0 0.0 71.0 82.0 13187.98530036453 13072.481481481482 14232.777777777797 
425.00178264069405 502.0 0.0 70.0 75.0 13187.130114027555 13102.466666666674 14232.777777777797 
426.00178264069405 503.0 0.0 69.0 81.0 13186.314590665062 13105.577777777764 14232.777777777797 
427.00178264069405 504.0 0.0 68.0 82.0 13186.066778091747 13161.533333333326 14232.777777777797 
428.00178264069405 506.0 0.0 66.0 93.0 13186.245073273789 13203.896296296318 14232.777777777797 
429.00178264069405 506.0 0.0 68.0 82.0 13186.773807726226 13239.11851851852 14232.777777777797 
430.00178264069405 507.0 0.0 67.0 82.0 13187.213699278602 13230.76296296296 14232.777777777797 
431.00178264069405 508.0 0.0 66.0 87.0 13188.32237710063 13298.081481481506 14232.777777777797 
432.00178264069405 510.0 0.0 64.0 82.0 13189.803449625912 13336.42962962963 14232.777777777797 
433.00178264069405 512.0 0.0 62.0 89.0 13191.869415129653 13396.4 14232.777777777797 
434.00178264069405 513.0 0.0 62.0 85.0 13194.24568394133 13429.496296296305 14232.777777777797 
435.00178264069405 514.0 0.0 61.0 73.0 13196.990634509304 13468.740740740734 14232.777777777797 
436.00178264069405 518.0 0.0 57.0 80.0 13200.09154297905 13507.081481481506 14232.777777777797 
437.00178264069405 518.0 0.0 58.0 72.0 13203.607294215913 13551.666666666666 14232.777777777797 
438.00178264069405 518.0 0.0 58.0 79.0 13206.911739792266 13534.05185185184 14232.777777777797 
439.00178264069405 521.0 0.0 56.0 77.0 13210.535363135097 13569.274074074052 14232.777777777797 
440.00178264069405 521.0 0.0 56.0 75.0 13214.15400950373 13572.400000000001 14232.777777777797 
441.00178264069405 523.0 0.0 54.0 78.0 13217.736469408695 13572.400000000001 14232.777777777797 
442.00178264069405 523.0 0.0 54.0 71.0 13221.490512122025 13593.140740740746 14232.777777777797 
443.00178264069405 525.0 0.0 52.0 71.0 13225.207014408214 13593.140740740746 14232.777777777797 
444.00178264069405 528.0 0.0 49.0 78.0 13229.414796115982 13645.985185185162 14232.777777777797 
445.00178264069405 528.0 0.0 49.0 75.0 13233.756574080733 13663.592592592599 14232.777777777797 
446.00178264069405 528.0 0.0 49.0 87.0 13238.354712043638 13693.570370370371 14232.777777777797 
447.00178264069405 529.0 0.0 49.0 74.0 13242.90686862691 13693.570370370371 14232.777777777797 
448.00178264069405 530.0 0.0 48.0 86.0 13247.56846660732 13709.066666666678 14232.777777777797 
449.00178264069405 531.0 0.0 47.0 78.0 13252.275893052352 13718.311111111108 14232.777777777797 
450.00178264069405 532.0 0.0 46.0 91.0 13257.412245232932 13765.911111111145 14232.777777777797 
451.00178264069405 533.0 0.0 45.0 79.0 13262.849456113936 13801.13333333335 14232.777777777797 
452.00178264069405 534.0 0.0 44.0 81.0 13268.615776367613 13839.481481481478 14232.777777777797 
453.00178264069405 534.0 0.0 44.0 79.0 13274.324433418748 13839.481481481478 14232.777777777797 
454.00178264069405 534.0 0.0 44.0 81.0 13279.97600389938 13839.481481481478 14232.777777777797 
455.00178264069405 534.0 0.0 44.0 79.0 13285.571058675207 13839.481481481478 14232.777777777797 
456.00178264069405 534.0 0.0 44.0 80.0 13291.233940681037 13851.859259259256 14232.777777777797 
457.00178264069405 534.0 0.0 44.0 79.0 13296.840193866818 13851.859259259256 14232.777777777797 
458.00178264069405 534.0 0.0 45.0 69.0 13302.390384520751 13851.859259259256 14232.777777777797 
459.00178264069405 535.0 0.0 44.0 75.0 13307.761295490356 13839.481481481478 14232.777777777797 
460.00178264069405 535.0 0.0 44.0 66.0 13313.078497350281 13839.481481481478 14232.777777777797 
461.00178264069405 535.0 0.0 44.0 81.0 13318.342527191571 13839.481481481478 14232.777777777797 
462.00178264069405 535.0 0.0 44.0 65.0 13323.553916734472 13839.481481481478 14232.777777777797 
463.00178264069405 535.0 0.0 44.0 72.0 13328.744377567136 13842.599999999999 14232.777777777797 
464.00178264069405 538.0 0.0 41.0 68.0 13334.059081939611 13860.214814814815 14232.777777777797 
465.00178264069405 539.0 0.0 40.0 63.0 13339.383009638736 13866.451851851853 14232.777777777797 
466.00178264069405 541.0 0.0 38.0 68.0 13345.0059202831 13901.674074074106 14232.777777777797 
467.00178264069405 542.0 0.0 38.0 66.0 13350.758824043223 13920.296296296277 14232.777777777797 
468.00178264069405 542.0 0.0 38.0 72.0 13356.877828395374 13962.659259259277 14232.777777777797 
469.00178264069405 542.0 0.0 38.0 70.0 13362.93564270401 13962.659259259277 14232.777777777797 
470.00178264069405 542.0 0.0 39.0 63.0 13368.932878869566 13962.659259259277 14232.777777777797 
471.00178264069405 542.0 0.0 40.0 69.0 13374.838883414208 13959.533333333318 14232.777777777797 
472.00178264069405 543.0 0.0 39.0 69.0 13380.685827913403 13959.533333333318 14232.777777777797 
473.00178264069405 544.0 0.0 38.0 77.0 13386.474302967614 13959.533333333318 14232.777777777797 
474.00178264069405 544.0 0.0 39.0 77.0 13392.359856234229 13975.029629629666 14232.777777777797 
475.00178264069405 545.0 0.0 38.0 81.0 13398.279072486683 13984.281481481483 14232.777777777797 
476.00178264069405 546.0 0.0 37.0 79.0 13404.107837317382 13981.155555555531 14232.777777777797 
477.00178264069405 546.0 0.0 37.0 70.0 13409.909573759014 13984.281481481483 14232.777777777797 
478.00178264069405 546.0 0.0 37.0 70.0 13415.653292836245 13984.281481481483 14232.777777777797 
479.00178264069405 546.0 0.0 37.0 71.0 13421.33957472269 13984.281481481483 14232.777777777797 
480.00178264069405 547.0 0.0 36.0 78.0 13426.968993790282 13984.281481481483 14232.777777777797 
481.00178264069405 547.0 0.0 36.0 71.0 13432.573377926457 13987.407407407401 14232.777777777797 
482.00178264069405 547.0 0.0 36.0 77.0 13438.121718221262 13987.407407407401 14232.777777777797 
483.00178264069405 547.0 0.0 36.0 77.0 13443.614575113113 13987.407407407401 14232.777777777797 
484.00178264069405 547.0 0.0 36.0 69.0 13449.176281213848 13999.785185185186 14232.777777777797 
485.00178264069405 548.0 0.0 35.0 64.0 13454.68237025355 13999.785185185186 14232.777777777797 
486.00178264069405 548.0 0.0 35.0 71.0 13460.16465766213 14002.911111111145 14232.777777777797 
487.00178264069405 549.0 0.0 34.0 79.0 13465.59212219663 14002.911111111145 14232.777777777797 
488.00178264069405 549.0 0.0 34.0 69.0 13471.027830604278 14009.162962962962 14232.777777777797 
489.00178264069405 551.0 0.0 32.0 63.0 13476.409181927875 14009.162962962962 14232.777777777797 
490.00178264069405 551.0 0.0 32.0 71.0 13481.799164182657 14015.407407407401 14232.777777777797 
491.00178264069405 551.0 0.0 32.0 78.0 13487.135246614907 14015.407407407401 14232.777777777797 
492.00178264069405 553.0 0.0 30.0 69.0 13492.417968222837 14015.407407407401 14232.777777777797 
493.00178264069405 553.0 0.0 30.0 67.0 13497.710381133202 14021.659259259277 14232.777777777797 
494.00178264069405 553.0 0.0 30.0 68.0 13502.949869914477 14021.659259259277 14232.777777777797 
495.00178264069405 553.0 0.0 30.0 77.0 13508.136963807921 14021.659259259277 14232.777777777797 
496.00178264069405 556.0 0.0 27.0 68.0 13513.272186762431 14021.659259259277 14232.777777777797 
497.00178264069405 556.0 0.0 27.0 68.0 13518.449687117029 14031.022222222226 14232.777777777797 
498.00178264069405 556.0 0.0 27.0 67.0 13523.575412468084 14031.022222222226 14232.777777777797 
499.00178264069405 556.0 0.0 27.0 77.0 13528.773658343405 14043.400000000001 14232.777777777797 
500.00178264069405 556.0 0.0 27.0 75.0 13533.919921759958 14043.400000000001 14232.777777777797 
501.00178264069405 556.0 0.0 27.0 78.0 13539.045981801635 14046.525925925918 14232.777777777797 
502.00178264069405 557.0 0.0 27.0 61.0 13544.120781242873 14046.525925925918 14232.777777777797 
503.00178264069405 558.0 0.0 26.0 81.0 13548.999869726737 14032.029629629666 14232.777777777797 
504.00178264069405 558.0 0.0 26.0 77.0 13553.830093251692 14032.022222222226 14232.777777777797 
505.00178264069405 560.0 0.0 24.0 80.0 13558.788162689534 14049.637037037042 14232.777777777797 
506.00178264069405 560.0 0.0 24.0 63.0 13563.72791069228 14052.76296296296 14232.777777777797 
507.00178264069405 560.0 0.0 24.0 82.0 13568.61826121499 14052.76296296296 14232.777777777797 
508.00178264069405 560.0 0.0 24.0 74.0 13573.459708232469 14052.76296296296 14232.777777777797 
509.00178264069405 560.0 0.0 24.0 86.0 13578.252740779768 14052.76296296296 14232.777777777797 
510.00178264069405 560.0 0.0 24.0 74.0 13582.997843001602 14052.76296296296 14232.777777777797 
511.00178264069405 560.0 0.0 24.0 86.0 13587.695494201198 14052.76296296296 14232.777777777797 
512.001782640694 561.0 0.0 23.0 72.0 13592.408687407338 14059.014814814838 14232.777777777797 
513.001782640694 561.0 0.0 23.0 70.0 13597.106007940689 14062.140740740746 14232.777777777797 
514.001782640694 561.0 0.0 23.0 74.0 13601.75635526869 14062.140740740746 14232.777777777797 
515.001782640694 561.0 0.0 24.0 88.0 13606.360199123414 14062.140740740746 14232.777777777797 
516.001782640694 562.0 0.0 23.0 72.0 13610.918004539586 14062.140740740746 14232.777777777797 
517.001782640694 562.0 0.0 24.0 64.0 13615.254083753447 14044.525925925918 14232.777777777797 
518.001782640694 562.0 0.0 24.0 80.0 13619.54680217517 14044.525925925918 14232.777777777797 
519.001782640694 562.0 0.0 25.0 68.0 13623.589186005254 14023.785185185186 14232.777777777797 
520.001782640694 562.0 0.0 25.0 69.0 13627.591145997065 14023.785185185186 14232.777777777797 
521.001782640694 562.0 0.0 25.0 75.0 13631.345678981543 14003.044444444442 14232.777777777797 
522.001782640694 562.0 0.0 25.0 63.0 13635.062666636162 14003.044444444442 14232.777777777797 
523.001782640694 562.0 0.0 26.0 81.0 13638.74248441425 14003.044444444442 14232.777777777797 
524.001782640694 562.0 0.0 26.0 72.0 13642.354244755285 13999.918518518494 14232.777777777797 
525.001782640694 563.0 0.0 25.0 72.0 13645.929887492934 13999.918518518494 14232.777777777797 
526.001782640694 563.0 0.0 25.0 65.0 13649.469773803194 13999.918518518494 14232.777777777797 
527.001782640694 564.0 0.0 24.0 74.0 13652.97426125033 13999.918518518494 14232.777777777797 
528.001782640694 564.0 0.0 24.0 81.0 13656.443703823015 13999.918518518494 14232.777777777797 
529.001782640694 564.0 0.0 24.0 71.0 13659.878451969977 13999.918518518494 14232.777777777797 
530.001782640694 565.0 0.0 24.0 59.0 13663.278852635463 13999.918518518494 14232.777777777797 
531.001782640694 567.0 0.0 22.0 74.0 13666.645175220214 13999.911111111145 14232.777777777797 
532.001782640694 567.0 0.0 22.0 75.0 13670.185241986528 14020.651851851839 14232.777777777797 
533.001782640694 568.0 0.0 21.0 68.0 13673.68990808519 14020.651851851839 14232.777777777797 
534.001782640694 568.0 0.0 21.0 78.0 13677.190712708029 14023.77037037036 14232.777777777797 
535.001782640694 569.0 0.0 21.0 75.0 13680.656509284665 14023.77037037036 14232.777777777797 
536.001782640694 569.0 0.0 21.0 66.0 13684.232536784411 14038.259259259266 14232.777777777797 
537.001782640694 569.0 0.0 21.0 72.0 13687.772804009142 14038.259259259266 14232.777777777797 
538.001782640694 569.0 0.0 22.0 59.0 13691.277668561657 14038.259259259266 14232.777777777797 
539.001782640694 569.0 0.0 22.0 79.0 13694.747484468635 14038.259259259266 14232.777777777797 
540.001782640694 569.0 0.0 22.0 71.0 13697.97519480913 14017.518518518522 14232.777777777797 
541.001782640694 569.0 0.0 22.0 80.0 13701.170628046219 14017.518518518522 14232.777777777797 
542.001782640694 570.0 0.0 21.0 63.0 13704.5102550991 14035.13333333335 14232.777777777797 
543.001782640694 570.0 0.0 21.0 89.0 13707.992634029584 14052.74814814813 14232.777777777797 
544.001782640694 570.0 0.0 21.0 83.0 13711.440189170773 14052.74814814813 14232.777777777797 
545.001782640694 570.0 0.0 21.0 73.0 13714.853268760555 14052.74814814813 14232.777777777797 
546.001782640694 570.0 0.0 21.0 73.0 13718.232217554407 14052.74814814813 14232.777777777797 
547.001782640694 571.0 0.0 20.0 84.0 13721.577376860365 14052.74814814813 14232.777777777797 
548.001782640694 571.0 0.0 20.0 105.0 13724.889084573231 14052.74814814813 14232.777777777797 
549.001782640694 572.0 0.0 20.0 88.0 13728.167675208977 14052.74814814813 14232.777777777797 
550.001782640694 573.0 0.0 19.0 67.0 13731.26859104948 14038.259259259266 14232.777777777797 
551.001782640694 573.0 0.0 20.0 69.0 13734.36975699085 14041.385185185178 14232.777777777797 
552.001782640694 573.0 0.0 21.0 81.0 13737.08761497649 14006.155555555531 14232.777777777797 
553.001782640694 573.0 0.0 21.0 76.0 13739.747035123024 14003.029629629666 14232.777777777797 
554.001782640694 573.0 0.0 21.0 94.0 13742.379861068091 14003.029629629666 14232.777777777797 
555.001782640694 573.0 0.0 21.0 81.0 13744.602803198146 13964.674074074106 14232.777777777797 
556.001782640694 573.0 0.0 21.0 63.0 13746.80351590691 13964.674074074106 14232.777777777797 
557.001782640694 573.0 0.0 22.0 74.0 13749.01340667376 13967.792592592627 14232.777777777797 
558.001782640694 573.0 0.0 22.0 88.0 13751.169939273681 13964.666666666668 14232.777777777797 
559.001782640694 573.0 0.0 22.0 74.0 13753.30490654762 13964.666666666668 14232.777777777797 
560.001782640694 573.0 0.0 22.0 62.0 13755.418524148818 13964.666666666668 14232.777777777797 
561.001782640694 573.0 0.0 23.0 66.0 13757.511005573986 13964.666666666668 14232.777777777797 
562.001782640694 574.0 0.0 22.0 69.0 13759.582562184927 13964.666666666668 14232.777777777797 
563.001782640694 574.0 0.0 22.0 83.0 13761.664662488998 13967.792592592627 14232.777777777797 
564.001782640694 574.0 0.0 22.0 81.0 13763.725941790024 13967.792592592627 14232.777777777797 
565.001782640694 574.0 0.0 22.0 63.0 13765.766608298058 13967.792592592627 14232.777777777797 
566.001782640694 574.0 0.0 22.0 74.0 13767.786868140985 13967.792592592627 14232.777777777797 
567.001782640694 574.0 0.0 22.0 82.0 13769.786925385524 13967.792592592627 14232.777777777797 
568.001782640694 575.0 0.0 21.0 84.0 13771.766982057577 13967.792592592627 14232.777777777797 
569.001782640694 575.0 0.0 21.0 71.0 13773.903386311093 13985.407407407401 14232.777777777797 
570.001782640694 575.0 0.0 21.0 61.0 13776.018426522049 13985.407407407401 14232.777777777797 
571.001782640694 575.0 0.0 21.0 67.0 13778.112316330904 13985.407407407401 14232.777777777797 
572.001782640694 576.0 0.0 20.0 85.0 13780.185267241664 13985.407407407401 14232.777777777797 
573.001782640694 576.0 0.0 20.0 86.0 13782.268673828512 13988.525925925918 14232.777777777797 
574.001782640694 576.0 0.0 20.0 68.0 13784.331246349479 13988.525925925918 14232.777777777797 
575.001782640694 576.0 0.0 20.0 80.0 13786.373193145237 13988.525925925918 14232.777777777797 
576.001782640694 576.0 0.0 20.0 66.0 13788.425979732316 13991.651851851839 14232.777777777797 
577.001782640694 576.0 0.0 20.0 68.0 13790.489423638697 13994.77037037036 14232.777777777797 
578.001782640694 576.0 0.0 20.0 83.0 13792.532233106012 13994.77037037036 14232.777777777797 
579.001782640694 577.0 0.0 19.0 89.0 13794.554614478651 13994.77037037036 14232.777777777797 
580.001782640694 577.0 0.0 20.0 80.0 13796.61921648201 14001.014814814838 14232.777777777797 
581.001782640694 577.0 0.0 20.0 68.0 13798.663172465345 14001.014814814838 14232.777777777797 
582.001782640694 577.0 0.0 20.0 79.0 13800.59417037031 13991.76296296296 14232.777777777797 
583.001782640694 577.0 0.0 20.0 73.0 13802.537117555496 13994.88888888888 14232.777777777797 
584.001782640694 577.0 0.0 21.0 60.0 13804.460635268842 13994.88888888888 14232.777777777797 
585.001782640694 577.0 0.0 21.0 68.0 13806.333658545791 13991.76296296296 14232.777777777797 
586.001782640694 578.0 0.0 20.0 85.0 13808.187951589955 13991.76296296296 14232.777777777797 
587.001782640694 578.0 0.0 20.0 63.0 13810.023701703687 13991.76296296296 14232.777777777797 
588.001782640694 578.0 0.0 20.0 62.0 13811.841094316276 13991.76296296296 14232.777777777797 
589.001782640694 578.0 0.0 20.0 82.0 13813.64031300274 13991.76296296296 14232.777777777797 
590.001782640694 578.0 0.0 20.0 79.0 13815.421539502337 13991.76296296296 14232.777777777797 
591.001782640694 579.0 0.0 19.0 80.0 13817.184953736953 13991.76296296296 14232.777777777797 
592.001782640694 580.0 0.0 18.0 78.0 13819.13814123661 14012.503703703698 14232.777777777797 
593.001782640694 580.0 0.0 18.0 61.0 13820.895648713135 13994.88888888888 14232.777777777797 
594.001782640694 580.0 0.0 18.0 72.0 13822.811729263045 14012.503703703698 14232.777777777797 
595.001782640694 580.0 0.0 20.0 81.0 13824.708649007447 14012.503703703698 14232.777777777797 
596.001782640694 580.0 0.0 20.0 81.0 13826.379192147002 13991.76296296296 14232.777777777797 
597.001782640694 580.0 0.0 20.0 78.0 13828.177918744057 14006.25185185187 14232.777777777797 
598.001782640694 580.0 0.0 20.0 64.0 13829.958658075126 14006.25185185187 14232.777777777797 
599.001782640694 580.0 0.0 20.0 73.0 13831.72159001289 14006.25185185187 14232.777777777797 
600.001782640694 580.0 0.0 21.0 80.0 13833.498077816477 14009.370370370389 14232.777777777797 
#####################################################################
# End of data export. Simulation finished at: 2020-01-23T19:10+0000 #
#####################################################################
