#####################################################################
# Alchemist log file - simulation started at: 2020-02-17T00:07+0000 #
#####################################################################
# longseed = 59.0, meanTaskSize = 10000, peakFrequency = 0.003
#
# The columns have the following meaning: 
# time done[Sum] drop[Sum] waiting[Sum] isLeader[Sum] capacity[Mean] freeCapacity[Mean] maxCapacity[Mean] 
0.0 NaN 0.0 NaN NaN NaN NaN NaN 
1.0673379084035965 0.0 0.0 0.0 135.0 14232.777777777797 14232.777777777797 14232.777777777797 
2.0673379084035965 0.0 0.0 0.0 135.0 14232.777777777797 14232.777777777797 14232.777777777797 
3.0673379084035965 0.0 0.0 0.0 135.0 14232.777777777797 14232.777777777797 14232.777777777797 
4.067337908403596 0.0 0.0 0.0 135.0 14232.777777777797 14232.777777777797 14232.777777777797 
5.067337908403596 0.0 0.0 0.0 135.0 14232.777777777797 14232.777777777797 14232.777777777797 
6.067337908403596 0.0 0.0 0.0 135.0 14232.777777777797 14232.777777777797 14232.777777777797 
7.067337908403596 0.0 0.0 0.0 135.0 14232.777777777797 14232.777777777797 14232.777777777797 
8.067337908403596 0.0 0.0 0.0 135.0 14232.777777777797 14232.777777777797 14232.777777777797 
9.067337908403596 0.0 0.0 0.0 135.0 14232.777777777797 14232.777777777797 14232.777777777797 
10.067337908403596 0.0 0.0 0.0 135.0 14232.777777777797 14232.777777777797 14232.777777777797 
11.067337908403596 0.0 0.0 0.0 135.0 14232.777777777797 14232.777777777797 14232.777777777797 
12.067337908403596 0.0 0.0 0.0 135.0 14232.777777777797 14232.777777777797 14232.777777777797 
13.067337908403596 0.0 0.0 0.0 135.0 14232.777777777797 14232.777777777797 14232.777777777797 
14.067337908403596 0.0 0.0 0.0 135.0 14232.777777777797 14232.777777777797 14232.777777777797 
15.067337908403596 0.0 0.0 0.0 135.0 14232.777777777797 14232.777777777797 14232.777777777797 
16.067337908403594 0.0 0.0 0.0 135.0 14232.777777777797 14232.777777777797 14232.777777777797 
17.067337908403594 0.0 0.0 0.0 135.0 14232.777777777797 14232.777777777797 14232.777777777797 
18.067337908403594 0.0 0.0 1.0 135.0 14232.777777777797 14232.777777777797 14232.777777777797 
19.067337908403594 0.0 0.0 1.0 135.0 14232.465185185178 14229.651851851839 14232.777777777797 
20.067337908403594 0.0 0.0 1.0 135.0 14232.183851851854 14229.651851851839 14232.777777777797 
21.067337908403594 0.0 0.0 1.0 135.0 14231.930651851852 14229.651851851839 14232.777777777797 
22.067337908403594 0.0 0.0 1.0 135.0 14231.702771851888 14229.651851851839 14232.777777777797 
23.067337908403594 0.0 0.0 1.0 135.0 14231.497679851847 14229.651851851839 14232.777777777797 
24.067337908403594 0.0 0.0 1.0 134.0 14231.313097051876 14229.651851851839 14232.777777777797 
25.067337908403594 0.0 0.0 1.0 134.0 14231.14697253186 14229.651851851839 14232.777777777797 
26.067337908403594 0.0 0.0 1.0 134.0 14230.997460463846 14229.651851851839 14232.777777777797 
27.067337908403594 0.0 0.0 1.0 134.0 14230.862899602673 14229.651851851839 14232.777777777797 
28.05827493933565 0.0 0.0 1.0 134.0 14230.741794827538 14229.651851851839 14232.777777777797 
29.067337908403594 0.0 0.0 2.0 134.0 14230.632800530035 14229.651851851839 14232.777777777797 
30.067337908403594 0.0 0.0 2.0 134.0 14230.22211306958 14226.525925925918 14232.777777777797 
31.067337908403594 0.0 0.0 2.0 134.0 14229.852494355231 14226.525925925918 14232.777777777797 
32.067337908403594 0.0 0.0 2.0 134.0 14229.519837512284 14226.525925925918 14232.777777777797 
33.067337908403594 0.0 0.0 2.0 134.0 14229.220446353665 14226.525925925918 14232.777777777797 
34.067337908403594 0.0 0.0 2.0 134.0 14228.950994310875 14226.525925925918 14232.777777777797 
35.067337908403594 0.0 0.0 2.0 133.0 14228.708487472375 14226.525925925918 14232.777777777797 
36.067337908403594 0.0 0.0 2.0 133.0 14228.490231317766 14226.525925925918 14232.777777777797 
37.067337908403594 0.0 0.0 2.0 133.0 14228.293800778574 14226.525925925918 14232.777777777797 
38.067337908403594 0.0 0.0 2.0 133.0 14228.117013293284 14226.525925925918 14232.777777777797 
39.067337908403594 0.0 0.0 2.0 133.0 14227.957904556582 14226.525925925918 14232.777777777797 
40.067337908403594 0.0 0.0 2.0 133.0 14227.814706693502 14226.525925925918 14232.777777777797 
41.067337908403594 0.0 0.0 3.0 133.0 14227.685828616732 14226.525925925918 14232.777777777797 
42.067337908403594 0.0 0.0 3.0 133.0 14225.808356866184 14208.911111111145 14232.777777777797 
43.067337908403594 0.0 0.0 3.0 133.0 14224.118632290672 14208.911111111145 14232.777777777797 
44.067337908403594 0.0 0.0 3.0 133.0 14222.597880172723 14208.911111111145 14232.777777777797 
45.067337908403594 0.0 0.0 3.0 133.0 14221.229203266554 14208.911111111145 14232.777777777797 
46.067337908403594 0.0 0.0 3.0 133.0 14219.997394051008 14208.911111111145 14232.777777777797 
47.067337908403594 0.0 0.0 3.0 133.0 14218.888765757049 14208.911111111145 14232.777777777797 
48.067337908403594 0.0 0.0 3.0 133.0 14217.891000292437 14208.911111111145 14232.777777777797 
49.067337908403594 0.0 0.0 3.0 133.0 14216.993011374318 14208.911111111145 14232.777777777797 
50.067337908403594 0.0 0.0 3.0 133.0 14216.184821348003 14208.911111111145 14232.777777777797 
51.067337908403594 0.0 0.0 3.0 133.0 14215.457450324291 14208.911111111145 14232.777777777797 
52.067337908403594 0.0 0.0 3.0 133.0 14214.80281640299 14208.911111111145 14232.777777777797 
53.067337908403594 0.0 0.0 3.0 133.0 14214.213645873768 14208.911111111145 14232.777777777797 
54.067337908403594 0.0 0.0 3.0 133.0 14213.683392397523 14208.911111111145 14232.777777777797 
55.067337908403594 0.0 0.0 3.0 133.0 14213.206164268888 14208.911111111145 14232.777777777797 
56.067337908403594 0.0 0.0 3.0 133.0 14212.776658953111 14208.911111111145 14232.777777777797 
57.067337908403594 0.0 0.0 3.0 133.0 14212.39010416892 14208.911111111145 14232.777777777797 
58.067337908403594 0.0 0.0 3.0 133.0 14212.042204863106 14208.911111111145 14232.777777777797 
59.067337908403594 0.0 0.0 3.0 133.0 14211.729095487915 14208.911111111145 14232.777777777797 
60.067337908403594 0.0 0.0 3.0 133.0 14211.447297050241 14208.911111111145 14232.777777777797 
61.067337908403594 0.0 0.0 3.0 133.0 14211.193678456306 14208.911111111145 14232.777777777797 
62.067337908403594 0.0 0.0 3.0 133.0 14210.965421721809 14208.911111111145 14232.777777777797 
63.067337908403594 0.0 0.0 3.0 133.0 14210.759990660754 14208.911111111145 14232.777777777797 
64.0673379084036 0.0 0.0 3.0 133.0 14210.575102705794 14208.911111111145 14232.777777777797 
65.0673379084036 0.0 0.0 3.0 133.0 14210.408703546329 14208.911111111145 14232.777777777797 
66.0673379084036 0.0 0.0 4.0 133.0 14210.258944302781 14208.911111111145 14232.777777777797 
67.0673379084036 0.0 0.0 4.0 133.0 14209.811568391018 14205.785185185186 14232.777777777797 
68.0673379084036 0.0 0.0 5.0 133.0 14209.408930070429 14205.785185185186 14232.777777777797 
69.0673379084036 0.0 0.0 5.0 133.0 14208.73396298932 14202.659259259277 14232.777777777797 
70.0673379084036 0.0 0.0 5.0 133.0 14208.126492616311 14202.659259259277 14232.777777777797 
71.0673379084036 0.0 0.0 5.0 133.0 14207.579769280625 14202.659259259277 14232.777777777797 
72.0673379084036 0.0 0.0 6.0 132.0 14207.087718278477 14202.659259259277 14232.777777777797 
73.0673379084036 0.0 0.0 6.0 132.0 14206.332279783996 14199.533333333318 14232.777777777797 
74.0673379084036 0.0 0.0 6.0 131.0 14205.652385138896 14199.533333333318 14232.777777777797 
75.0673379084036 0.0 0.0 6.0 131.0 14205.040479958372 14199.533333333318 14232.777777777797 
76.0673379084036 0.0 0.0 6.0 131.0 14204.489765295846 14199.533333333318 14232.777777777797 
77.0673379084036 0.0 0.0 6.0 131.0 14203.994122099586 14199.533333333318 14232.777777777797 
78.0673379084036 0.0 0.0 6.0 130.0 14203.548043222974 14199.533333333318 14232.777777777797 
79.0673379084036 0.0 0.0 6.0 130.0 14203.146572233989 14199.533333333318 14232.777777777797 
80.0673379084036 0.0 0.0 6.0 130.0 14202.785248343946 14199.533333333318 14232.777777777797 
81.0673379084036 0.0 0.0 6.0 130.0 14202.460056842887 14199.533333333318 14232.777777777797 
82.0673379084036 0.0 0.0 7.0 130.0 14202.16738449192 14199.533333333318 14232.777777777797 
83.0673379084036 0.0 0.0 7.0 130.0 14201.591386783462 14196.407407407401 14232.777777777797 
84.0673379084036 0.0 0.0 7.0 130.0 14201.072988845855 14196.407407407401 14232.777777777797 
85.0673379084036 0.0 0.0 7.0 130.0 14200.60643070203 14196.407407407401 14232.777777777797 
86.0673379084036 0.0 0.0 7.0 130.0 14200.18652837254 14196.407407407401 14232.777777777797 
87.0673379084036 0.0 0.0 7.0 130.0 14199.808616276046 14196.407407407401 14232.777777777797 
88.0673379084036 0.0 0.0 7.0 129.0 14199.46849538916 14196.407407407401 14232.777777777797 
89.0673379084036 0.0 0.0 7.0 129.0 14199.162386591002 14196.407407407401 14232.777777777797 
90.0673379084036 0.0 0.0 8.0 129.0 14198.886888672669 14196.407407407401 14232.777777777797 
91.0673379084036 0.0 0.0 8.0 129.0 14198.326347953509 14193.281481481483 14232.777777777797 
92.0673379084036 0.0 0.0 8.0 129.0 14197.821861306342 14193.281481481483 14232.777777777797 
93.0673379084036 0.0 0.0 8.0 129.0 14197.367823323833 14193.281481481483 14232.777777777797 
94.0673379084036 0.0 0.0 8.0 129.0 14196.959189139594 14193.281481481483 14232.777777777797 
95.0673379084036 0.0 0.0 8.0 129.0 14196.591418373793 14193.281481481483 14232.777777777797 
96.0673379084036 0.0 0.0 8.0 128.0 14196.260424684593 14193.281481481483 14232.777777777797 
97.0673379084036 0.0 0.0 8.0 128.0 14195.962530364235 14193.281481481483 14232.777777777797 
98.0673379084036 0.0 0.0 8.0 128.0 14195.694425475951 14193.281481481483 14232.777777777797 
99.0673379084036 0.0 0.0 9.0 128.0 14195.453131076541 14193.281481481483 14232.777777777797 
100.0673379084036 0.0 0.0 9.0 128.0 14194.923373524432 14190.155555555531 14232.777777777797 
101.0673379084036 0.0 0.0 9.0 128.0 14194.446591727554 14190.155555555531 14232.777777777797 
102.0673379084036 0.0 0.0 9.0 128.0 14194.017488110341 14190.155555555531 14232.777777777797 
103.0673379084036 0.0 0.0 10.0 128.0 14193.631294854833 14190.155555555531 14232.777777777797 
104.0673379084036 0.0 0.0 10.0 128.0 14192.971128332334 14187.029629629666 14232.777777777797 
105.0673379084036 0.0 0.0 10.0 127.0 14192.376978462049 14187.029629629666 14232.777777777797 
106.0673379084036 0.0 0.0 10.0 127.0 14191.842243578825 14187.029629629666 14232.777777777797 
107.0673379084036 0.0 0.0 10.0 127.0 14191.360982183904 14187.029629629666 14232.777777777797 
108.0673379084036 0.0 0.0 10.0 127.0 14190.927846928462 14187.029629629666 14232.777777777797 
109.0673379084036 0.0 0.0 10.0 126.0 14190.538025198592 14187.029629629666 14232.777777777797 
110.0673379084036 0.0 0.0 11.0 126.0 14190.187185641693 14187.029629629666 14232.777777777797 
111.0673379084036 0.0 0.0 11.0 126.0 14189.87143004049 14187.029629629666 14232.777777777797 
112.0673379084036 0.0 0.0 11.0 126.0 14187.82576851791 14169.414814814798 14232.777777777797 
113.0673379084036 0.0 0.0 11.0 126.0 14185.984673147643 14169.414814814798 14232.777777777797 
114.0673379084036 0.0 0.0 11.0 126.0 14184.327687314333 14169.414814814798 14232.777777777797 
115.0673379084036 0.0 0.0 11.0 126.0 14182.836400064363 14169.414814814798 14232.777777777797 
116.0673379084036 0.0 0.0 11.0 126.0 14181.494241539442 14169.414814814798 14232.777777777797 
117.0673379084036 0.0 0.0 11.0 126.0 14180.28629886698 14169.414814814798 14232.777777777797 
118.0673379084036 0.0 0.0 11.0 126.0 14179.199150461773 14169.414814814798 14232.777777777797 
119.0673379084036 0.0 0.0 11.0 126.0 14178.22071689704 14169.414814814798 14232.777777777797 
120.0673379084036 0.0 0.0 11.0 126.0 14177.340126688834 14169.414814814798 14232.777777777797 
121.0673379084036 0.0 0.0 11.0 126.0 14176.547595501443 14169.414814814798 14232.777777777797 
122.0673379084036 0.0 0.0 11.0 126.0 14175.834317432795 14169.414814814798 14232.777777777797 
123.0673379084036 0.0 0.0 12.0 126.0 14175.192367170988 14169.414814814798 14232.777777777797 
124.0673379084036 0.0 0.0 12.0 126.0 14174.302019342755 14166.288888888881 14232.777777777797 
125.0673379084036 0.0 0.0 13.0 126.0 14173.500706297391 14166.288888888881 14232.777777777797 
126.0673379084036 0.0 0.0 13.0 126.0 14171.018043075077 14148.674074074106 14232.777777777797 
127.0673379084036 0.0 0.0 13.0 126.0 14168.783646174956 14148.674074074106 14232.777777777797 
128.0673379084036 0.0 0.0 13.0 126.0 14166.772688964873 14148.674074074106 14232.777777777797 
129.0673379084036 0.0 0.0 13.0 125.0 14164.962827475803 14148.674074074106 14232.777777777797 
130.0673379084036 0.0 0.0 13.0 125.0 14163.33395213559 14148.674074074106 14232.777777777797 
131.0673379084036 0.0 0.0 13.0 125.0 14161.86796432948 14148.674074074106 14232.777777777797 
132.0673379084036 0.0 0.0 13.0 125.0 14160.54857530392 14148.674074074106 14232.777777777797 
133.0673379084036 0.0 0.0 13.0 125.0 14159.361125180918 14148.674074074106 14232.777777777797 
134.0673379084036 0.0 0.0 13.0 125.0 14158.292420070256 14148.674074074106 14232.777777777797 
135.0673379084036 1.0 0.0 12.0 125.0 14157.33058547062 14148.674074074106 14232.777777777797 
136.0673379084036 1.0 0.0 12.0 125.0 14158.22641581243 14166.288888888881 14232.777777777797 
137.0673379084036 1.0 0.0 12.0 125.0 14159.0326631201 14166.288888888881 14232.777777777797 
138.0673379084036 1.0 0.0 12.0 125.0 14159.75828569697 14166.288888888881 14232.777777777797 
139.0673379084036 1.0 0.0 12.0 125.0 14160.411346016144 14166.288888888881 14232.777777777797 
140.0673379084036 1.0 0.0 12.0 125.0 14160.999100303447 14166.288888888881 14232.777777777797 
141.0673379084036 1.0 0.0 12.0 125.0 14161.528079161995 14166.288888888881 14232.777777777797 
142.0673379084036 1.0 0.0 12.0 125.0 14162.004160134677 14166.288888888881 14232.777777777797 
143.0673379084036 1.0 0.0 12.0 125.0 14162.432633010087 14166.288888888881 14232.777777777797 
144.0673379084036 1.0 0.0 12.0 125.0 14162.818258597972 14166.288888888881 14232.777777777797 
145.0673379084036 1.0 0.0 12.0 125.0 14163.16532162706 14166.288888888881 14232.777777777797 
146.0673379084036 1.0 0.0 12.0 125.0 14163.477678353278 14166.288888888881 14232.777777777797 
147.0673379084036 1.0 0.0 12.0 125.0 14163.758799406829 14166.288888888881 14232.777777777797 
148.0673379084036 1.0 0.0 12.0 125.0 14164.011808355017 14166.288888888881 14232.777777777797 
149.0673379084036 1.0 0.0 12.0 125.0 14164.239516408403 14166.288888888881 14232.777777777797 
150.0673379084036 1.0 0.0 14.0 125.0 14164.444453656468 14166.288888888881 14232.777777777797 
151.0673379084036 1.0 0.0 14.0 125.0 14164.003711994521 14160.037037037013 14232.777777777797 
152.0673379084036 2.0 0.0 13.0 125.0 14163.607044498778 14160.037037037013 14232.777777777797 
153.0673379084036 2.0 0.0 14.0 125.0 14165.011525234086 14177.651851851839 14232.777777777797 
154.0673379084036 2.0 0.0 14.0 125.0 14165.962965303263 14174.525925925918 14232.777777777797 
155.0673379084036 2.0 0.0 15.0 125.0 14166.819261365506 14174.525925925918 14232.777777777797 
156.0673379084036 3.0 0.0 14.0 123.0 14165.828446340103 14156.911111111145 14232.777777777797 
157.0673379084036 3.0 0.0 14.0 123.0 14165.249305409785 14160.037037037013 14232.777777777797 
158.0673379084036 3.0 0.0 14.0 123.0 14164.728078572489 14160.037037037013 14232.777777777797 
159.0673379084036 3.0 0.0 15.0 122.0 14164.258974418948 14160.037037037013 14232.777777777797 
160.0673379084036 3.0 0.0 15.0 122.0 14163.524188088171 14156.911111111145 14232.777777777797 
161.0673379084036 3.0 0.0 15.0 122.0 14162.862880390478 14156.911111111145 14232.777777777797 
162.0673379084036 3.0 0.0 15.0 122.0 14162.26770346253 14156.911111111145 14232.777777777797 
163.0673379084036 3.0 0.0 15.0 122.0 14161.732044227376 14156.911111111145 14232.777777777797 
164.0673379084036 3.0 0.0 15.0 123.0 14161.24995091574 14156.911111111145 14232.777777777797 
165.0673379084036 3.0 0.0 15.0 122.0 14160.816066935311 14156.911111111145 14232.777777777797 
166.0673379084036 3.0 0.0 15.0 122.0 14160.425571352884 14156.911111111145 14232.777777777797 
167.0673379084036 3.0 0.0 15.0 122.0 14160.074125328698 14156.911111111145 14232.777777777797 
168.0673379084036 3.0 0.0 15.0 122.0 14159.757823906953 14156.911111111145 14232.777777777797 
169.0673379084036 3.0 0.0 16.0 122.0 14159.473152627344 14156.911111111145 14232.777777777797 
170.0673379084036 3.0 0.0 16.0 122.0 14158.904355883149 14153.785185185186 14232.777777777797 
171.0673379084036 3.0 0.0 16.0 122.0 14158.392438813347 14153.785185185186 14232.777777777797 
172.0673379084036 4.0 0.0 15.0 122.0 14157.931713450524 14153.785185185186 14232.777777777797 
173.0673379084036 4.0 0.0 16.0 122.0 14159.278542105472 14171.400000000001 14232.777777777797 
174.0673379084036 4.0 0.0 16.0 122.0 14160.178095302359 14168.274074074052 14232.777777777797 
175.0673379084036 4.0 0.0 16.0 121.0 14160.987693179524 14168.274074074052 14232.777777777797 
176.0673379084036 4.0 0.0 16.0 121.0 14161.716331268964 14168.274074074052 14232.777777777797 
177.0673379084036 4.0 0.0 16.0 121.0 14162.372105549473 14168.274074074052 14232.777777777797 
178.0673379084036 4.0 0.0 16.0 121.0 14162.962302401958 14168.274074074052 14232.777777777797 
179.0673379084036 4.0 0.0 16.0 120.0 14163.493479569126 14168.274074074052 14232.777777777797 
180.0673379084036 4.0 0.0 16.0 120.0 14163.971539019662 14168.274074074052 14232.777777777797 
181.0673379084036 4.0 0.0 16.0 120.0 14164.401792525092 14168.274074074052 14232.777777777797 
182.0673379084036 4.0 0.0 17.0 120.0 14164.789020679988 14168.274074074052 14232.777777777797 
183.0673379084036 4.0 0.0 17.0 120.0 14164.824933426784 14165.14814814815 14232.777777777797 
184.0673379084036 4.0 0.0 17.0 120.0 14164.85725489893 14165.14814814815 14232.777777777797 
185.0673379084036 4.0 0.0 17.0 120.0 14164.88634422387 14165.14814814815 14232.777777777797 
186.0673379084036 4.0 0.0 17.0 120.0 14164.912524616286 14165.14814814815 14232.777777777797 
187.0673379084036 4.0 0.0 18.0 120.0 14164.936086969486 14165.14814814815 14232.777777777797 
188.0673379084036 4.0 0.0 19.0 119.0 14164.644700494748 14162.022222222226 14232.777777777797 
189.0673379084036 4.0 0.0 19.0 119.0 14162.620971186017 14144.407407407401 14232.777777777797 
190.0673379084036 4.0 0.0 19.0 119.0 14160.799614808157 14144.407407407401 14232.777777777797 
191.0673379084036 4.0 0.0 19.0 119.0 14159.160394068063 14144.407407407401 14232.777777777797 
192.0673379084036 4.0 0.0 19.0 119.0 14157.68509540201 14144.407407407401 14232.777777777797 
193.0673379084036 4.0 0.0 20.0 118.0 14156.357326602545 14144.407407407401 14232.777777777797 
194.0673379084036 4.0 0.0 20.0 118.0 14154.849742090462 14141.281481481483 14232.777777777797 
195.0673379084036 4.0 0.0 20.0 118.0 14153.492916029538 14141.281481481483 14232.777777777797 
196.0673379084036 4.0 0.0 20.0 118.0 14152.271772574755 14141.281481481483 14232.777777777797 
197.0673379084036 4.0 0.0 20.0 118.0 14151.172743465406 14141.281481481483 14232.777777777797 
198.0673379084036 4.0 0.0 20.0 118.0 14150.183617267012 14141.281481481483 14232.777777777797 
199.0673379084036 4.0 0.0 20.0 117.0 14149.293403688487 14141.281481481483 14232.777777777797 
200.0673379084036 4.0 0.0 20.0 117.0 14148.492211467743 14141.281481481483 14232.777777777797 
201.0673379084036 4.0 0.0 20.0 117.0 14147.771138469137 14141.281481481483 14232.777777777797 
202.0673379084036 4.0 0.0 20.0 117.0 14147.1221727704 14141.281481481483 14232.777777777797 
203.0673379084036 4.0 0.0 20.0 117.0 14146.538103641495 14141.281481481483 14232.777777777797 
204.0673379084036 4.0 0.0 20.0 117.0 14146.012441425479 14141.281481481483 14232.777777777797 
205.0673379084036 4.0 0.0 20.0 117.0 14145.539345431058 14141.281481481483 14232.777777777797 
206.0673379084036 4.0 0.0 20.0 117.0 14145.113559036125 14141.281481481483 14232.777777777797 
207.0673379084036 4.0 0.0 20.0 117.0 14144.730351280663 14141.281481481483 14232.777777777797 
208.0673379084036 4.0 0.0 20.0 117.0 14144.385464300754 14141.281481481483 14232.777777777797 
209.0673379084036 4.0 0.0 20.0 117.0 14144.075066018799 14141.281481481483 14232.777777777797 
210.0673379084036 5.0 0.0 19.0 117.0 14145.557189046567 14158.896296296318 14232.777777777797 
211.0673379084036 5.0 0.0 19.0 117.0 14146.891099771561 14158.896296296318 14232.777777777797 
212.0673379084036 5.0 0.0 19.0 117.0 14148.091619423994 14158.896296296318 14232.777777777797 
213.0673379084036 5.0 0.0 19.0 117.0 14149.172087111223 14158.896296296318 14232.777777777797 
214.0673379084036 5.0 0.0 19.0 117.0 14150.144508029722 14158.896296296318 14232.777777777797 
215.0673379084036 5.0 0.0 19.0 117.0 14151.019686856409 14158.896296296318 14232.777777777797 
216.0673379084036 5.0 0.0 19.0 117.0 14151.807347800413 14158.896296296318 14232.777777777797 
217.0673379084036 5.0 0.0 19.0 117.0 14152.51624265 14158.896296296318 14232.777777777797 
218.0673379084036 5.0 0.0 20.0 117.0 14153.154248014642 14158.896296296318 14232.777777777797 
219.0673379084036 5.0 0.0 20.0 117.0 14151.967712102063 14141.288888888881 14232.777777777797 
220.0673379084036 5.0 0.0 20.0 117.0 14150.899829780748 14141.288888888881 14232.777777777797 
221.0673379084036 5.0 0.0 21.0 117.0 14149.938735691514 14141.288888888881 14232.777777777797 
222.0673379084036 5.0 0.0 21.0 117.0 14148.761158418687 14138.162962962962 14232.777777777797 
223.0673379084036 5.0 0.0 21.0 117.0 14147.701338873121 14138.162962962962 14232.777777777797 
224.0673379084036 5.0 0.0 21.0 117.0 14146.747501282096 14138.162962962962 14232.777777777797 
225.0673379084036 5.0 0.0 22.0 117.0 14145.889047450202 14138.162962962962 14232.777777777797 
226.0673379084036 6.0 0.0 21.0 117.0 14144.803846408884 14135.037037037013 14232.777777777797 
227.0673379084036 6.0 0.0 21.0 116.0 14144.139758064284 14138.162962962962 14232.777777777797 
228.0673379084036 6.0 0.0 22.0 116.0 14143.542078554137 14138.162962962962 14232.777777777797 
229.0673379084036 6.0 0.0 22.0 116.0 14143.004166995031 14138.162962962962 14232.777777777797 
230.0673379084036 6.0 0.0 22.0 116.0 14140.758565110316 14120.54814814815 14232.777777777797 
231.0673379084036 6.0 0.0 22.0 115.0 14138.737523414122 14120.54814814815 14232.777777777797 
232.0673379084036 6.0 0.0 22.0 115.0 14136.918585887504 14120.54814814815 14232.777777777797 
233.0673379084036 6.0 0.0 23.0 115.0 14135.281542113582 14120.54814814815 14232.777777777797 
234.0673379084036 6.0 0.0 23.0 116.0 14133.49561012446 14117.422222222236 14232.777777777797 
235.0673379084036 6.0 0.0 23.0 115.0 14131.575678741638 14114.296296296277 14232.777777777797 
236.0673379084036 6.0 0.0 23.0 115.0 14129.847740497093 14114.296296296277 14232.777777777797 
237.0673379084036 7.0 0.0 23.0 115.0 14128.292596077024 14114.296296296277 14232.777777777797 
238.0673379084036 7.0 0.0 23.0 115.0 14128.341114247114 14128.777777777797 14232.777777777797 
239.0673379084036 7.0 0.0 23.0 114.0 14128.384780600147 14128.777777777797 14232.777777777797 
240.0673379084036 7.0 0.0 23.0 114.0 14128.42408031793 14128.777777777797 14232.777777777797 
241.0673379084036 8.0 0.0 22.0 114.0 14130.220931545407 14146.392592592572 14232.777777777797 
242.0673379084036 8.0 0.0 22.0 114.0 14131.838097650123 14146.392592592572 14232.777777777797 
243.0673379084036 8.0 0.0 22.0 113.0 14133.293547144345 14146.392592592572 14232.777777777797 
244.0673379084036 8.0 0.0 22.0 113.0 14134.603451689158 14146.392592592572 14232.777777777797 
245.0673379084036 8.0 0.0 23.0 113.0 14135.782365779516 14146.392592592572 14232.777777777797 
246.0673379084036 8.0 0.0 23.0 113.0 14136.53079586823 14143.266666666657 14232.777777777797 
247.0673379084036 8.0 0.0 23.0 113.0 14137.204382948068 14143.266666666657 14232.777777777797 
248.0673379084036 8.0 0.0 23.0 113.0 14137.810611319932 14143.266666666657 14232.777777777797 
249.0673379084036 8.0 0.0 23.0 113.0 14138.3562168546 14143.266666666657 14232.777777777797 
250.0673379084036 8.0 0.0 23.0 113.0 14138.847261835816 14143.266666666657 14232.777777777797 
251.0673379084036 8.0 0.0 23.0 112.0 14139.2892023189 14143.266666666657 14232.777777777797 
252.0673379084036 8.0 0.0 23.0 112.0 14139.68694875369 14143.266666666657 14232.777777777797 
253.0673379084036 8.0 0.0 23.0 112.0 14140.044920544979 14143.266666666657 14232.777777777797 
254.0673379084036 8.0 0.0 24.0 112.0 14140.367095157162 14143.266666666657 14232.777777777797 
255.0673379084036 8.0 0.0 24.0 112.0 14138.895570826608 14125.651851851839 14232.777777777797 
256.0673379084036 8.0 0.0 24.0 112.0 14137.571198929156 14125.651851851839 14232.777777777797 
257.0673379084036 8.0 0.0 24.0 112.0 14136.379264221398 14125.651851851839 14232.777777777797 
258.0673379084036 8.0 0.0 24.0 112.0 14135.30652298446 14125.651851851839 14232.777777777797 
259.0673379084036 8.0 0.0 24.0 112.0 14134.341055871182 14125.651851851839 14232.777777777797 
260.0673379084036 8.0 0.0 24.0 112.0 14133.472135469236 14125.651851851839 14232.777777777797 
261.0673379084036 8.0 0.0 24.0 112.0 14132.690107107504 14125.651851851839 14232.777777777797 
262.0673379084036 8.0 0.0 24.0 112.0 14131.986281581972 14125.651851851839 14232.777777777797 
263.0673379084036 8.0 0.0 25.0 112.0 14131.352838608962 14125.651851851839 14232.777777777797 
264.0673379084036 8.0 0.0 25.0 112.0 14129.021258451756 14108.037037037013 14232.777777777797 
265.0673379084036 8.0 0.0 25.0 112.0 14126.922836310303 14108.037037037013 14232.777777777797 
266.0673379084036 8.0 0.0 25.0 112.0 14125.034256382969 14108.037037037013 14232.777777777797 
267.0673379084036 8.0 0.0 25.0 112.0 14123.33453444838 14108.037037037013 14232.777777777797 
268.0673379084036 8.0 0.0 26.0 112.0 14121.804784707216 14108.037037037013 14232.777777777797 
269.0673379084036 8.0 0.0 26.0 112.0 14120.11541734763 14104.911111111145 14232.777777777797 
270.0673379084036 8.0 0.0 27.0 112.0 14118.594986723972 14104.911111111145 14232.777777777797 
271.0673379084036 8.0 0.0 27.0 112.0 14117.226599162686 14104.911111111145 14232.777777777797 
272.0673379084036 8.0 0.0 27.0 112.0 14114.23356887604 14087.296296296277 14232.777777777797 
273.0673379084036 8.0 0.0 27.0 112.0 14111.539841618069 14087.296296296277 14232.777777777797 
274.0673379084036 9.0 0.0 26.0 111.0 14109.11548708589 14087.296296296277 14232.777777777797 
275.0673379084036 9.0 0.0 26.0 111.0 14108.695049488399 14104.911111111145 14232.777777777797 
276.0673379084036 9.0 0.0 26.0 111.0 14108.316655650664 14104.911111111145 14232.777777777797 
277.0673379084036 9.0 0.0 26.0 111.0 14107.976101196715 14104.911111111145 14232.777777777797 
278.0673379084036 9.0 0.0 26.0 111.0 14107.669602188149 14104.911111111145 14232.777777777797 
279.0673379084036 9.0 0.0 27.0 111.0 14107.393753080456 14104.911111111145 14232.777777777797 
280.0673379084036 9.0 0.0 27.0 111.0 14107.145488883523 14104.911111111145 14232.777777777797 
281.0673379084036 9.0 0.0 27.0 111.0 14105.160569624797 14087.296296296277 14232.777777777797 
282.0673379084036 9.0 0.0 27.0 111.0 14103.374142291947 14087.296296296277 14232.777777777797 
283.0673379084036 9.0 0.0 28.0 111.0 14101.76635769237 14087.296296296277 14232.777777777797 
284.0673379084036 9.0 0.0 28.0 111.0 14098.557870071298 14069.681481481453 14232.777777777797 
285.0673379084036 10.0 0.0 28.0 111.0 14095.670231212314 14069.681481481453 14232.777777777797 
286.0673379084036 10.0 0.0 28.0 111.0 14094.520245128138 14084.17037037036 14232.777777777797 
287.0673379084036 10.0 0.0 28.0 111.0 14093.48525765234 14084.17037037036 14232.777777777797 
288.0673379084036 10.0 0.0 28.0 111.0 14092.553768924126 14084.17037037036 14232.777777777797 
289.0673379084036 10.0 0.0 28.0 111.0 14091.715429068767 14084.17037037036 14232.777777777797 
290.0673379084036 10.0 0.0 28.0 111.0 14090.960923198927 14084.17037037036 14232.777777777797 
291.0673379084036 10.0 0.0 28.0 110.0 14090.281867916075 14084.17037037036 14232.777777777797 
292.0673379084036 10.0 0.0 28.0 110.0 14089.670718161513 14084.17037037036 14232.777777777797 
293.0673379084036 11.0 0.0 28.0 110.0 14089.120683382376 14084.17037037036 14232.777777777797 
294.0673379084036 12.0 0.0 29.0 110.0 14090.07454097008 14098.659259259277 14232.777777777797 
295.0673379084036 12.0 0.0 30.0 110.0 14090.933012799002 14098.659259259277 14232.777777777797 
296.0673379084036 12.0 0.0 30.0 110.0 14089.631563370942 14077.918518518494 14232.777777777797 
297.0673379084036 12.0 0.0 30.0 110.0 14088.460258885685 14077.918518518494 14232.777777777797 
298.0673379084036 12.0 0.0 30.0 110.0 14087.40608484897 14077.918518518494 14232.777777777797 
299.0673379084036 12.0 0.0 30.0 109.0 14086.457328215936 14077.918518518494 14232.777777777797 
300.0673379084036 12.0 0.0 30.0 108.0 14085.603447246192 14077.918518518494 14232.777777777797 
301.0673379084036 12.0 0.0 30.0 107.0 14084.83495437342 14077.918518518494 14232.777777777797 
302.0673379084036 12.0 0.0 30.0 108.0 14084.143310787944 14077.918518518494 14232.777777777797 
303.0673379084036 12.0 0.0 30.0 108.0 14083.52083156102 14077.918518518494 14232.777777777797 
304.0673379084036 12.0 0.0 30.0 108.0 14082.960600256743 14077.918518518494 14232.777777777797 
305.0673379084036 12.0 0.0 30.0 108.0 14082.456392082919 14077.918518518494 14232.777777777797 
306.0673379084036 12.0 0.0 30.0 108.0 14082.002604726491 14077.918518518494 14232.777777777797 
307.0673379084036 12.0 0.0 30.0 108.0 14081.594196105689 14077.918518518494 14232.777777777797 
308.0673379084036 12.0 0.0 30.0 108.0 14081.226628346967 14077.918518518494 14232.777777777797 
309.0673379084036 12.0 0.0 30.0 108.0 14080.895817364137 14077.918518518494 14232.777777777797 
310.0673379084036 14.0 0.0 28.0 108.0 14080.598087479551 14077.918518518494 14232.777777777797 
311.0673379084036 14.0 0.0 28.0 108.0 14080.955315768646 14084.17037037036 14232.777777777797 
312.0673379084036 14.0 0.0 28.0 108.0 14081.276821228817 14084.17037037036 14232.777777777797 
313.0673379084036 14.0 0.0 28.0 108.0 14081.56617614296 14084.17037037036 14232.777777777797 
314.0673379084036 14.0 0.0 28.0 108.0 14081.826595565692 14084.17037037036 14232.777777777797 
315.0673379084036 14.0 0.0 28.0 108.0 14082.060973046173 14084.17037037036 14232.777777777797 
316.0673379084036 14.0 0.0 28.0 109.0 14082.271912778608 14084.17037037036 14232.777777777797 
317.0673379084036 14.0 0.0 28.0 109.0 14082.461758537776 14084.17037037036 14232.777777777797 
318.0673379084036 14.0 0.0 30.0 110.0 14082.632619721035 14084.17037037036 14232.777777777797 
319.0673379084036 14.0 0.0 30.0 109.0 14082.161209600796 14077.918518518494 14232.777777777797 
320.0673379084036 14.0 0.0 30.0 109.0 14081.736940492548 14077.918518518494 14232.777777777797 
321.0673379084036 14.0 0.0 30.0 109.0 14081.355098295144 14077.918518518494 14232.777777777797 
322.0673379084036 14.0 0.0 30.0 109.0 14081.0114403175 14077.918518518494 14232.777777777797 
323.0673379084036 14.0 0.0 30.0 109.0 14080.702148137583 14077.918518518494 14232.777777777797 
324.0673379084036 14.0 0.0 30.0 108.0 14080.423785175695 14077.918518518494 14232.777777777797 
325.0673379084036 14.0 0.0 32.0 108.0 14080.173258509982 14077.918518518494 14232.777777777797 
326.0673379084036 14.0 0.0 32.0 108.0 14079.322599325633 14071.666666666668 14232.777777777797 
327.0673379084036 14.0 0.0 33.0 108.0 14078.557006059738 14071.666666666668 14232.777777777797 
328.0673379084036 14.0 0.0 33.0 108.0 14076.106490638947 14054.05185185184 14232.777777777797 
329.00588016590217 14.0 0.0 33.0 108.0 14073.90102676025 14054.05185185184 14232.777777777797 
330.0673379084036 14.0 0.0 34.0 108.0 14071.916109269403 14054.05185185184 14232.777777777797 
331.0673379084036 14.0 0.0 34.0 106.0 14069.817090935045 14050.92592592593 14232.777777777797 
332.0673379084036 14.0 0.0 34.0 106.0 14067.927974434157 14050.92592592593 14232.777777777797 
333.0673379084036 14.0 0.0 35.0 106.0 14066.227769583322 14050.92592592593 14232.777777777797 
334.0673379084036 14.0 0.0 35.0 106.0 14064.384992624979 14047.799999999974 14232.777777777797 
335.0673379084036 14.0 0.0 35.0 106.0 14062.726493362488 14047.799999999974 14232.777777777797 
336.0673379084036 14.0 0.0 36.0 105.0 14061.233844026252 14047.799999999974 14232.777777777797 
337.0673379084036 14.0 0.0 36.0 104.0 14059.578607771758 14044.681481481453 14232.777777777797 
338.0673379084036 14.0 0.0 37.0 104.0 14058.088895142724 14044.681481481453 14232.777777777797 
339.0673379084036 14.0 0.0 37.0 104.0 14054.986672295137 14027.066666666678 14232.777777777797 
340.0673379084036 14.0 0.0 37.0 104.0 14052.194671732283 14027.066666666678 14232.777777777797 
341.0673379084036 14.0 0.0 37.0 104.0 14049.681871225717 14027.066666666678 14232.777777777797 
342.0673379084036 14.0 0.0 37.0 104.0 14047.420350769835 14027.066666666678 14232.777777777797 
343.0673379084036 14.0 0.0 37.0 104.0 14045.384982359496 14027.066666666678 14232.777777777797 
344.0673379084036 14.0 0.0 38.0 104.0 14043.553150790221 14027.066666666678 14232.777777777797 
345.0673379084036 14.0 0.0 38.0 104.0 14041.591909785262 14023.940740740722 14232.777777777797 
346.0673379084036 14.0 0.0 38.0 104.0 14039.82679288082 14023.940740740722 14232.777777777797 
347.0673379084036 14.0 0.0 38.0 104.0 14038.2381876668 14023.940740740722 14232.777777777797 
348.0673379084036 14.0 0.0 38.0 104.0 14036.808442974188 14023.940740740722 14232.777777777797 
349.0673379084036 14.0 0.0 38.0 104.0 14035.521672750865 14023.940740740722 14232.777777777797 
350.0673379084036 14.0 0.0 39.0 103.0 14034.363579549852 14023.940740740722 14232.777777777797 
351.0673379084036 15.0 0.0 38.0 103.0 14033.321295668935 14023.940740740722 14232.777777777797 
352.0673379084036 15.0 0.0 38.0 103.0 14032.383980916866 14023.94814814816 14232.777777777797 
353.0673379084036 15.0 0.0 38.0 103.0 14031.54039763998 14023.94814814816 14232.777777777797 
354.0673379084036 15.0 0.0 38.0 103.0 14030.78117269079 14023.94814814816 14232.777777777797 
355.0673379084036 15.0 0.0 38.0 103.0 14030.097870236546 14023.94814814816 14232.777777777797 
356.0673379084036 15.0 0.0 39.0 103.0 14029.482898027714 14023.94814814816 14232.777777777797 
357.0673379084036 15.0 0.0 39.0 103.0 14027.167941558266 14006.333333333332 14232.777777777797 
358.0673379084036 15.0 0.0 39.0 103.0 14025.084480735763 14006.333333333332 14232.777777777797 
359.0673379084036 15.0 0.0 40.0 103.0 14023.209365995524 14006.333333333332 14232.777777777797 
360.0673379084036 15.0 0.0 42.0 103.0 14021.20917013672 14003.207407407375 14232.777777777797 
361.0673379084036 15.0 0.0 42.0 103.0 14018.783808678587 13996.95555555556 14232.777777777797 
362.0673379084036 15.0 0.0 42.0 103.0 14016.600983366292 13996.95555555556 14232.777777777797 
363.0673379084036 15.0 0.0 42.0 103.0 14014.636440585224 13996.95555555556 14232.777777777797 
364.0673379084036 15.0 0.0 42.0 103.0 14012.868352082252 13996.95555555556 14232.777777777797 
365.0673379084036 16.0 0.0 41.0 102.0 14011.27707242958 13996.95555555556 14232.777777777797 
366.0673379084036 16.0 0.0 41.0 100.0 14011.605661482918 14014.562962962935 14232.777777777797 
367.0673379084036 16.0 0.0 41.0 100.0 14011.901391630927 14014.562962962935 14232.777777777797 
368.0673379084036 16.0 0.0 41.0 100.0 14012.167548764139 14014.562962962935 14232.777777777797 
369.0673379084036 16.0 0.0 41.0 100.0 14012.407090184006 14014.562962962935 14232.777777777797 
370.0673379084036 16.0 0.0 41.0 100.0 14012.6226774619 14014.562962962935 14232.777777777797 
371.0673379084036 16.0 0.0 41.0 100.0 14012.81670601202 14014.562962962935 14232.777777777797 
372.05464716048385 16.0 0.0 41.0 100.0 14013.354005123487 14014.562962962935 14232.777777777797 
373.0673379084036 16.0 0.0 42.0 100.0 14013.1484948327 14014.562962962935 14232.777777777797 
374.0673379084036 16.0 0.0 43.0 100.0 14011.528460164236 13996.94814814816 14232.777777777797 
375.0673379084036 16.0 0.0 43.0 100.0 14009.75783637004 13993.82222222224 14232.777777777797 
376.0673379084036 16.0 0.0 43.0 100.0 14008.164274955257 13993.82222222224 14232.777777777797 
377.0673379084036 16.0 0.0 43.0 100.0 14006.730069681933 13993.82222222224 14232.777777777797 
378.0673379084036 16.0 0.0 43.0 100.0 14005.43928493598 13993.82222222224 14232.777777777797 
379.0673379084036 16.0 0.0 43.0 100.0 14004.277578664594 13993.82222222224 14232.777777777797 
380.0673379084036 16.0 0.0 43.0 99.0 14003.232043020367 13993.82222222224 14232.777777777797 
381.0673379084036 16.0 0.0 43.0 99.0 14002.291060940537 13993.82222222224 14232.777777777797 
382.0673379084036 16.0 0.0 43.0 99.0 14001.444177068703 13993.82222222224 14232.777777777797 
383.0673379084036 17.0 0.0 42.0 99.0 14000.681981584075 13993.82222222224 14232.777777777797 
384.0673379084036 17.0 0.0 42.0 99.0 14001.757487129347 14011.437037037065 14232.777777777797 
385.0673379084036 17.0 0.0 42.0 99.0 14002.72544212014 14011.437037037065 14232.777777777797 
386.0673379084036 17.0 0.0 42.0 99.0 14003.596601611813 14011.437037037065 14232.777777777797 
387.0673379084036 17.0 0.0 42.0 99.0 14004.380645154344 14011.437037037065 14232.777777777797 
388.0673379084036 17.0 0.0 42.0 99.0 14005.086284342617 14011.437037037065 14232.777777777797 
389.0673379084036 17.0 0.0 42.0 99.0 14005.721359612064 14011.437037037065 14232.777777777797 
390.0673379084036 18.0 0.0 41.0 99.0 14006.292927354541 14011.437037037065 14232.777777777797 
391.0673379084036 18.0 0.0 41.0 99.0 14007.119930915396 14014.562962962935 14232.777777777797 
392.0673379084036 18.0 0.0 41.0 99.0 14007.864234120165 14014.562962962935 14232.777777777797 
393.0673379084036 18.0 0.0 41.0 99.0 14008.53410700443 14014.562962962935 14232.777777777797 
394.0673379084036 18.0 0.0 41.0 99.0 14009.136992600288 14014.562962962935 14232.777777777797 
395.0673379084036 18.0 0.0 42.0 99.0 14009.679589636555 14014.562962962935 14232.777777777797 
396.0673379084036 18.0 0.0 42.0 99.0 14009.855334376598 14011.437037037065 14232.777777777797 
397.0673379084036 18.0 0.0 42.0 99.0 14010.01350464264 14011.437037037065 14232.777777777797 
398.0673379084036 18.0 0.0 42.0 100.0 14010.155857882088 14011.437037037065 14232.777777777797 
399.0673379084036 18.0 0.0 43.0 100.0 14010.283975797587 14011.437037037065 14232.777777777797 
400.0673379084036 19.0 0.0 42.0 100.0 14011.848170810426 14025.92592592593 14232.777777777797 
401.0673379084036 19.0 0.0 42.0 99.0 14013.255946321968 14025.92592592593 14232.777777777797 
402.0673379084036 19.0 0.0 42.0 99.0 14014.522944282366 14025.92592592593 14232.777777777797 
403.0673379084036 19.0 0.0 42.0 99.0 14015.663242446715 14025.92592592593 14232.777777777797 
404.0673379084036 19.0 0.0 42.0 99.0 14016.689510794651 14025.92592592593 14232.777777777797 
405.0673379084036 19.0 0.0 42.0 98.0 14017.61315230776 14025.92592592593 14232.777777777797 
406.0673379084036 19.0 0.0 43.0 98.0 14018.4444296696 14025.92592592593 14232.777777777797 
407.0673379084036 19.0 0.0 43.0 98.0 14017.431838554478 14008.318518518547 14232.777777777797 
408.0673379084036 19.0 0.0 43.0 98.0 14016.52050655088 14008.318518518547 14232.777777777797 
409.0673379084036 19.0 0.0 43.0 98.0 14015.700307747644 14008.318518518547 14232.777777777797 
410.0673379084036 19.0 0.0 44.0 98.0 14014.962128824714 14008.318518518547 14232.777777777797 
411.0673379084036 19.0 0.0 44.0 98.0 14013.985175201515 14005.19259259259 14232.777777777797 
412.0673379084036 19.0 0.0 44.0 98.0 14013.105916940634 14005.19259259259 14232.777777777797 
413.0673379084036 19.0 0.0 44.0 98.0 14012.314584505826 14005.19259259259 14232.777777777797 
414.0673379084036 19.0 0.0 44.0 98.0 14011.6023853145 14005.19259259259 14232.777777777797 
415.0673379084036 19.0 0.0 45.0 98.0 14010.961406042297 14005.19259259259 14232.777777777797 
416.0673379084036 19.0 0.0 45.0 97.0 14008.623043215866 13987.577777777764 14232.777777777797 
417.0673379084036 19.0 0.0 45.0 97.0 14006.518516672038 13987.577777777764 14232.777777777797 
418.0673379084036 19.0 0.0 45.0 97.0 14004.624442782615 13987.577777777764 14232.777777777797 
419.0673379084036 20.0 0.0 44.0 97.0 14002.91977628214 13987.577777777764 14232.777777777797 
420.0673379084036 21.0 0.0 43.0 97.0 14001.697428283565 13990.696296296284 14232.777777777797 
421.0673379084036 21.0 0.0 43.0 97.0 14000.909907677413 13993.82222222224 14232.777777777797 
422.0673379084036 21.0 0.0 43.0 97.0 14000.201139131905 13993.82222222224 14232.777777777797 
423.0673379084036 21.0 0.0 43.0 97.0 13999.563247440936 13993.82222222224 14232.777777777797 
424.0673379084036 21.0 0.0 43.0 97.0 13998.989144919067 13993.82222222224 14232.777777777797 
425.0673379084036 21.0 0.0 43.0 97.0 13998.472452649376 13993.82222222224 14232.777777777797 
426.0673379084036 21.0 0.0 43.0 97.0 13998.007429606658 13993.82222222224 14232.777777777797 
427.0673379084036 21.0 0.0 43.0 97.0 13997.588908868222 13993.82222222224 14232.777777777797 
428.0673379084036 21.0 0.0 43.0 98.0 13997.212240203624 13993.82222222224 14232.777777777797 
429.0673379084036 21.0 0.0 43.0 98.0 13996.873238405491 13993.82222222224 14232.777777777797 
430.0673379084036 21.0 0.0 43.0 98.0 13996.568136787162 13993.82222222224 14232.777777777797 
431.0673379084036 21.0 0.0 43.0 98.0 13996.293545330669 13993.82222222224 14232.777777777797 
432.0673379084036 21.0 0.0 43.0 98.0 13996.04641301983 13993.82222222224 14232.777777777797 
433.0673379084036 21.0 0.0 43.0 98.0 13995.823993940052 13993.82222222224 14232.777777777797 
434.0673379084036 21.0 0.0 43.0 98.0 13995.623816768277 13993.82222222224 14232.777777777797 
435.0673379084036 21.0 0.0 43.0 98.0 13995.443657313655 13993.82222222224 14232.777777777797 
436.0673379084036 21.0 0.0 43.0 98.0 13995.28151380451 13993.82222222224 14232.777777777797 
437.0673379084036 21.0 0.0 43.0 98.0 13995.135584646296 13993.82222222224 14232.777777777797 
438.0673379084036 21.0 0.0 43.0 98.0 13995.004248403868 13993.82222222224 14232.777777777797 
439.0673379084036 21.0 0.0 43.0 98.0 13994.886045785724 13993.82222222224 14232.777777777797 
440.0673379084036 21.0 0.0 43.0 98.0 13994.779663429368 13993.82222222224 14232.777777777797 
441.0673379084036 21.0 0.0 43.0 98.0 13994.683919308638 13993.82222222224 14232.777777777797 
442.0673379084036 21.0 0.0 43.0 98.0 13994.597749600023 13993.82222222224 14232.777777777797 
443.0673379084036 21.0 0.0 43.0 98.0 13994.520196862217 13993.82222222224 14232.777777777797 
444.0673379084036 21.0 0.0 43.0 98.0 13994.450399398225 13993.82222222224 14232.777777777797 
445.0673379084036 21.0 0.0 43.0 98.0 13994.387581680612 13993.82222222224 14232.777777777797 
446.0673379084036 21.0 0.0 43.0 98.0 13994.331045734792 13993.82222222224 14232.777777777797 
447.0673379084036 21.0 0.0 43.0 98.0 13994.280163383519 13993.82222222224 14232.777777777797 
448.0673379084036 21.0 0.0 43.0 98.0 13994.234369267399 13993.82222222224 14232.777777777797 
449.0673379084036 21.0 0.0 44.0 98.0 13994.193154562881 13993.82222222224 14232.777777777797 
450.0673379084036 21.0 0.0 45.0 98.0 13993.843468736228 13990.696296296284 14232.777777777797 
451.0673379084036 21.0 0.0 45.0 98.0 13991.767270010754 13973.081481481506 14232.777777777797 
452.0673379084036 22.0 0.0 44.0 98.0 13989.89869115783 13973.081481481506 14232.777777777797 
453.0673379084036 22.0 0.0 44.0 98.0 13989.97845167166 13990.696296296284 14232.777777777797 
454.0673379084036 22.0 0.0 44.0 98.0 13990.050236134144 13990.696296296284 14232.777777777797 
455.0673379084036 22.0 0.0 45.0 97.0 13990.114842150344 13990.696296296284 14232.777777777797 
456.0673379084036 22.0 0.0 45.0 97.0 13990.172987564947 13990.696296296284 14232.777777777797 
457.0673379084036 22.0 0.0 45.0 97.0 13988.463836956595 13973.081481481506 14232.777777777797 
458.0673379084036 22.0 0.0 46.0 97.0 13986.925601409099 13973.081481481506 14232.777777777797 
459.0673379084036 22.0 0.0 46.0 97.0 13985.228596823727 13969.95555555556 14232.777777777797 
460.0673379084036 22.0 0.0 46.0 97.0 13983.701292696931 13969.95555555556 14232.777777777797 
461.0673379084036 22.0 0.0 46.0 97.0 13982.326718982782 13969.95555555556 14232.777777777797 
462.0673379084036 22.0 0.0 46.0 97.0 13981.089602640059 13969.95555555556 14232.777777777797 
463.0673379084036 22.0 0.0 46.0 97.0 13979.976197931606 13969.95555555556 14232.777777777797 
464.0673379084036 22.0 0.0 46.0 96.0 13978.974133694 13969.95555555556 14232.777777777797 
465.0673379084036 22.0 0.0 46.0 96.0 13978.07227588015 13969.95555555556 14232.777777777797 
466.0673379084036 22.0 0.0 47.0 96.0 13977.2606038477 13969.95555555556 14232.777777777797 
467.0673379084036 22.0 0.0 47.0 96.0 13976.530099018486 13969.95555555556 14232.777777777797 
468.0673379084036 22.0 0.0 48.0 96.0 13974.11116319071 13952.340740740723 14232.777777777797 
469.0673379084036 22.0 0.0 48.0 96.0 13970.17263946422 13934.725925925948 14232.777777777797 
470.0673379084036 22.0 0.0 48.0 96.0 13966.627968110412 13934.725925925948 14232.777777777797 
471.0673379084036 22.0 0.0 48.0 96.0 13963.437763891954 13934.725925925948 14232.777777777797 
472.0673379084036 22.0 0.0 49.0 96.0 13960.566580095361 13934.725925925948 14232.777777777797 
473.0673379084036 22.0 0.0 49.0 96.0 13957.669922085825 13931.599999999999 14232.777777777797 
474.0673379084036 22.0 0.0 49.0 96.0 13955.062929877233 13931.599999999999 14232.777777777797 
475.0673379084036 22.0 0.0 49.0 96.0 13952.716636889505 13931.599999999999 14232.777777777797 
476.0673379084036 22.0 0.0 49.0 96.0 13950.604973200561 13931.599999999999 14232.777777777797 
477.0673379084036 22.0 0.0 49.0 96.0 13948.704475880499 13931.599999999999 14232.777777777797 
478.0673379084036 22.0 0.0 49.0 95.0 13946.994028292458 13931.599999999999 14232.777777777797 
479.0673379084036 22.0 0.0 49.0 95.0 13945.45462546321 13931.599999999999 14232.777777777797 
480.0673379084036 22.0 0.0 49.0 95.0 13944.069162916896 13931.599999999999 14232.777777777797 
481.0673379084036 22.0 0.0 50.0 95.0 13942.822246625206 13931.599999999999 14232.777777777797 
482.0673379084036 22.0 0.0 51.0 95.0 13941.700021962695 13931.599999999999 14232.777777777797 
483.0673379084036 22.0 0.0 51.0 95.0 13938.61594569234 13910.859259259254 14232.777777777797 
484.0673379084036 22.0 0.0 51.0 95.0 13935.84027704904 13910.859259259254 14232.777777777797 
485.0673379084036 22.0 0.0 51.0 95.0 13933.342175270052 13910.859259259254 14232.777777777797 
486.0673379084036 22.0 0.0 51.0 95.0 13931.093883668962 13910.859259259254 14232.777777777797 
487.0673379084036 22.0 0.0 51.0 95.0 13929.07042122802 13910.859259259254 14232.777777777797 
488.0673379084036 22.0 0.0 51.0 94.0 13927.249305031131 13910.859259259254 14232.777777777797 
489.0673379084036 22.0 0.0 51.0 94.0 13925.610300453942 13910.859259259254 14232.777777777797 
490.0673379084036 22.0 0.0 51.0 94.0 13924.135196334479 13910.859259259254 14232.777777777797 
491.0673379084036 22.0 0.0 51.0 94.0 13922.80760262694 13910.859259259254 14232.777777777797 
492.0673379084036 22.0 0.0 51.0 94.0 13921.612768290186 13910.859259259254 14232.777777777797 
493.0673379084036 22.0 0.0 51.0 94.0 13920.53741738708 13910.859259259254 14232.777777777797 
494.0673379084036 22.0 0.0 53.0 94.0 13919.569601574307 13910.859259259254 14232.777777777797 
495.0673379084036 22.0 0.0 53.0 94.0 13918.38597475023 13907.733333333343 14232.777777777797 
496.0673379084036 23.0 0.0 52.0 94.0 13915.559229127039 13890.11851851852 14232.777777777797 
497.0673379084036 23.0 0.0 53.0 94.0 13914.776639547668 13907.733333333343 14232.777777777797 
498.0048252097295 23.0 0.0 54.0 94.0 13910.808452075122 13890.11851851852 14232.777777777797 
499.0673379084036 23.0 0.0 55.0 94.0 13908.330115070648 13872.503703703696 14232.777777777797 
500.0673379084036 23.0 0.0 55.0 93.0 13904.434881341349 13869.377777777787 14232.777777777797 
501.0673379084036 23.0 0.0 55.0 93.0 13900.929170985002 13869.377777777787 14232.777777777797 
502.0673379084036 23.0 0.0 55.0 93.0 13897.77403166429 13869.377777777787 14232.777777777797 
503.0673379084036 23.0 0.0 55.0 93.0 13894.934406275632 13869.377777777787 14232.777777777797 
504.0673379084036 23.0 0.0 55.0 93.0 13892.378743425841 13869.377777777787 14232.777777777797 
505.0673379084036 23.0 0.0 55.0 92.0 13890.078646861048 13869.377777777787 14232.777777777797 
506.0673379084036 23.0 0.0 55.0 92.0 13888.008559952708 13869.377777777787 14232.777777777797 
507.0673379084036 23.0 0.0 55.0 92.0 13886.145481735211 13869.377777777787 14232.777777777797 
508.0673379084036 24.0 0.0 54.0 92.0 13884.46871133947 13869.377777777787 14232.777777777797 
509.0673379084036 24.0 0.0 55.0 92.0 13883.272210575911 13872.503703703696 14232.777777777797 
510.0673379084036 24.0 0.0 55.0 92.0 13881.882767296092 13869.377777777787 14232.777777777797 
511.0673379084036 24.0 0.0 55.0 92.0 13880.632268344243 13869.377777777787 14232.777777777797 
512.0673379084036 24.0 0.0 55.0 92.0 13879.506819287622 13869.377777777787 14232.777777777797 
513.0673379084036 24.0 0.0 55.0 92.0 13878.493915136614 13869.377777777787 14232.777777777797 
514.0673379084036 24.0 0.0 55.0 92.0 13877.582301400736 13869.377777777787 14232.777777777797 
515.0673379084036 24.0 0.0 55.0 91.0 13876.76184903844 13869.377777777787 14232.777777777797 
516.0673379084036 24.0 0.0 55.0 92.0 13876.02344191238 13869.377777777787 14232.777777777797 
517.0673379084036 24.0 0.0 55.0 92.0 13875.358875498932 13869.377777777787 14232.777777777797 
518.0673379084036 24.0 0.0 55.0 92.0 13874.760765726796 13869.377777777787 14232.777777777797 
519.0673379084036 24.0 0.0 55.0 92.0 13874.222466931898 13869.377777777787 14232.777777777797 
520.0673379084036 24.0 0.0 55.0 92.0 13873.73799801649 13869.377777777787 14232.777777777797 
521.0673379084036 24.0 0.0 55.0 92.0 13873.301975992623 13869.377777777787 14232.777777777797 
522.0673379084036 24.0 0.0 55.0 92.0 13872.909556171124 13869.377777777787 14232.777777777797 
523.0673379084036 24.0 0.0 55.0 92.0 13872.556378331794 13869.377777777787 14232.777777777797 
524.0673379084036 24.0 0.0 55.0 92.0 13872.238518276392 13869.377777777787 14232.777777777797 
525.0673379084036 24.0 0.0 55.0 92.0 13871.95244422655 13869.377777777787 14232.777777777797 
526.0673379084036 24.0 0.0 56.0 92.0 13871.69497758166 13869.377777777787 14232.777777777797 
527.0673379084036 24.0 0.0 56.0 92.0 13871.463257601277 13869.377777777787 14232.777777777797 
528.0673379084036 24.0 0.0 56.0 92.0 13869.493228137426 13851.76296296296 14232.777777777797 
529.0673379084036 24.0 0.0 56.0 92.0 13867.720201619994 13851.76296296296 14232.777777777797 
530.0673379084036 24.0 0.0 57.0 92.0 13866.124477754283 13851.76296296296 14232.777777777797 
531.0673379084036 24.0 0.0 57.0 92.0 13862.926844793674 13834.14814814815 14232.777777777797 
532.0673379084036 24.0 0.0 57.0 92.0 13860.048975129108 13834.14814814815 14232.777777777797 
533.0673379084036 24.0 0.0 57.0 92.0 13857.458892431025 13834.14814814815 14232.777777777797 
534.0673379084036 24.0 0.0 57.0 92.0 13855.127818002733 13834.14814814815 14232.777777777797 
535.0673379084036 24.0 0.0 57.0 92.0 13853.029851017276 13834.14814814815 14232.777777777797 
536.0673379084036 24.0 0.0 57.0 92.0 13851.141680730365 13834.14814814815 14232.777777777797 
537.0673379084036 24.0 0.0 57.0 92.0 13849.442327472136 13834.14814814815 14232.777777777797 
538.0673379084036 24.0 0.0 57.0 92.0 13847.912909539747 13834.14814814815 14232.777777777797 
539.0673379084036 24.0 0.0 57.0 92.0 13846.536433400584 13834.14814814815 14232.777777777797 
540.0673379084036 24.0 0.0 57.0 92.0 13845.297604875339 13834.14814814815 14232.777777777797 
541.0673379084036 24.0 0.0 57.0 92.0 13844.182659202617 13834.14814814815 14232.777777777797 
542.0673379084036 24.0 0.0 58.0 92.0 13843.179208097166 13834.14814814815 14232.777777777797 
543.0673379084036 24.0 0.0 58.0 92.0 13840.515361361531 13816.540740740757 14232.777777777797 
544.0673379084036 24.0 0.0 58.0 92.0 13838.117899299456 13816.540740740757 14232.777777777797 
545.0673379084036 24.0 0.0 58.0 92.0 13835.960183443582 13816.540740740757 14232.777777777797 
546.0673379084036 25.0 0.0 57.0 92.0 13834.018239173281 13816.540740740757 14232.777777777797 
547.0673379084036 25.0 0.0 57.0 92.0 13832.58308192263 13819.666666666668 14232.777777777797 
548.0673379084036 25.0 0.0 57.0 92.0 13831.29144039704 13819.666666666668 14232.777777777797 
549.0673379084036 25.0 0.0 57.0 92.0 13830.128963024012 13819.666666666668 14232.777777777797 
550.0673379084036 25.0 0.0 57.0 92.0 13829.395325980868 13822.792592592625 14232.777777777797 
551.0673379084036 26.0 0.0 56.0 92.0 13828.73505264203 13822.792592592625 14232.777777777797 
552.0673379084036 26.0 0.0 56.0 92.0 13828.453399229673 13825.918518518494 14232.777777777797 
553.0673379084036 26.0 0.0 56.0 92.0 13828.199911158576 13825.918518518494 14232.777777777797 
554.0673379084036 26.0 0.0 57.0 93.0 13827.971771894556 13825.918518518494 14232.777777777797 
555.0673379084036 27.0 0.0 56.0 93.0 13827.453853964373 13822.792592592625 14232.777777777797 
556.0673379084036 27.0 0.0 56.0 93.0 13828.749209308664 13840.407407407401 14232.777777777797 
557.0673379084036 27.0 0.0 56.0 94.0 13829.915029118545 13840.407407407401 14232.777777777797 
558.0673379084036 27.0 0.0 56.0 93.0 13830.651674354836 13837.281481481481 14232.777777777797 
559.0673379084036 27.0 0.0 56.0 94.0 13831.31465506751 13837.281481481481 14232.777777777797 
560.0673379084036 27.0 0.0 56.0 93.0 13831.911337708898 13837.281481481481 14232.777777777797 
561.0673379084036 27.0 0.0 56.0 93.0 13832.448352086165 13837.281481481481 14232.777777777797 
562.0673379084036 28.0 0.0 55.0 93.0 13834.69314650717 13854.896296296318 14232.777777777797 
563.0673379084036 28.0 0.0 55.0 93.0 13836.71346148608 13854.896296296318 14232.777777777797 
564.0673379084036 28.0 0.0 55.0 93.0 13838.531744967095 13854.896296296318 14232.777777777797 
565.0673379084036 28.0 0.0 55.0 93.0 13840.168200100012 13854.896296296318 14232.777777777797 
566.0673379084036 28.0 0.0 55.0 93.0 13841.64100971965 13854.896296296318 14232.777777777797 
567.0673379084036 28.0 0.0 56.0 93.0 13842.966538377304 13854.896296296318 14232.777777777797 
568.0673379084036 28.0 0.0 57.0 93.0 13844.159514169212 13854.896296296318 14232.777777777797 
569.0673379084036 28.0 0.0 57.0 93.0 13843.471710900436 13837.281481481481 14232.777777777797 
570.0673379084036 28.0 0.0 57.0 93.0 13841.091947217807 13819.674074074104 14232.777777777797 
571.0673379084036 28.0 0.0 58.0 93.0 13838.950159903445 13819.674074074104 14232.777777777797 
572.0673379084036 28.0 0.0 58.0 93.0 13835.261810579737 13802.066666666678 14232.777777777797 
573.0673379084036 28.0 0.0 58.0 93.0 13831.942296188443 13802.066666666678 14232.777777777797 
574.0673379084036 28.0 0.0 58.0 93.0 13828.954733236276 13802.066666666678 14232.777777777797 
575.0673379084036 28.0 0.0 58.0 93.0 13826.265926579305 13802.066666666678 14232.777777777797 
576.0673379084036 28.0 0.0 58.0 93.0 13823.846000588048 13802.066666666678 14232.777777777797 
577.0011582272874 28.0 0.0 59.0 93.0 13821.667702495119 13802.066666666678 14232.777777777797 
578.0673379084036 29.0 0.0 59.0 93.0 13817.9464456615 13784.451851851849 14232.777777777797 
579.0673379084036 30.0 0.0 58.0 93.0 13816.670319613875 13805.185185185197 14232.777777777797 
580.0673379084036 30.0 0.0 58.0 93.0 13813.760324689507 13787.57037037037 14232.777777777797 
581.0673379084036 30.0 0.0 58.0 93.0 13811.141329257605 13787.57037037037 14232.777777777797 
582.0673379084036 30.0 0.0 58.0 93.0 13808.784233368864 13787.57037037037 14232.777777777797 
583.0673379084036 30.0 0.0 58.0 93.0 13806.662847069023 13787.57037037037 14232.777777777797 
584.0673379084036 30.0 0.0 58.0 93.0 13804.753599399164 13787.57037037037 14232.777777777797 
585.0673379084036 30.0 0.0 58.0 93.0 13803.035276496275 13787.57037037037 14232.777777777797 
586.0673379084036 32.0 0.0 56.0 94.0 13805.011008105905 13822.792592592625 14232.777777777797 
587.0673379084036 32.0 0.0 56.0 94.0 13806.789166554589 13822.792592592625 14232.777777777797 
588.0673379084036 32.0 0.0 56.0 94.0 13808.389509158365 13822.792592592625 14232.777777777797 
589.0673379084036 32.0 0.0 56.0 94.0 13809.829817501794 13822.792592592625 14232.777777777797 
590.0673379084036 32.0 0.0 57.0 94.0 13811.126095010877 13822.792592592625 14232.777777777797 
591.0673379084036 32.0 0.0 57.0 94.0 13811.980152176458 13819.666666666668 14232.777777777797 
592.0673379084036 32.0 0.0 57.0 94.0 13812.748803625478 13819.666666666668 14232.777777777797 
593.0673379084036 33.0 0.0 56.0 94.0 13813.440589929598 13819.666666666668 14232.777777777797 
594.0673379084036 33.0 0.0 56.0 94.0 13815.82393834405 13837.274074074052 14232.777777777797 
595.0673379084036 33.0 0.0 56.0 94.0 13817.96895191706 13837.274074074052 14232.777777777797 
596.0673379084036 34.0 0.0 55.0 93.0 13819.899464132759 13837.274074074052 14232.777777777797 
597.0673379084036 34.0 0.0 55.0 93.0 13821.949517719488 13840.400000000001 14232.777777777797 
598.0673379084036 34.0 0.0 55.0 93.0 13823.794565947543 13840.400000000001 14232.777777777797 
599.0673379084036 34.0 0.0 55.0 93.0 13825.455109352773 13840.400000000001 14232.777777777797 
600.0673379084036 34.0 0.0 55.0 93.0 13826.949598417496 13840.400000000001 14232.777777777797 
#####################################################################
# End of data export. Simulation finished at: 2020-02-17T01:17+0000 #
#####################################################################
