#####################################################################
# Alchemist log file - simulation started at: 2020-02-14T17:48+0000 #
#####################################################################
# longseed = 40.0, meanTaskSize = 10000, peakFrequency = 0.1
#
# The columns have the following meaning: 
# time done[Sum] drop[Sum] waiting[Sum] isLeader[Sum] capacity[Mean] freeCapacity[Mean] maxCapacity[Mean] 
0.0 NaN 0.0 NaN NaN NaN NaN NaN 
1.0146821111633335 0.0 0.0 0.0 135.0 14232.777777777797 14232.777777777797 14232.777777777797 
2.0146821111633333 0.0 0.0 0.0 135.0 14232.777777777797 14232.777777777797 14232.777777777797 
3.0146821111633333 0.0 0.0 0.0 135.0 14232.777777777797 14232.777777777797 14232.777777777797 
4.014682111163333 0.0 0.0 0.0 135.0 14232.777777777797 14232.777777777797 14232.777777777797 
5.014682111163333 0.0 0.0 0.0 135.0 14232.777777777797 14232.777777777797 14232.777777777797 
6.014682111163333 0.0 0.0 0.0 135.0 14232.777777777797 14232.777777777797 14232.777777777797 
7.014682111163333 0.0 0.0 0.0 135.0 14232.777777777797 14232.777777777797 14232.777777777797 
8.014682111163333 0.0 0.0 0.0 135.0 14232.777777777797 14232.777777777797 14232.777777777797 
9.014682111163333 0.0 0.0 0.0 135.0 14232.777777777797 14232.777777777797 14232.777777777797 
10.014682111163333 0.0 0.0 0.0 135.0 14232.777777777797 14232.777777777797 14232.777777777797 
11.014682111163333 0.0 0.0 0.0 135.0 14232.777777777797 14232.777777777797 14232.777777777797 
12.014682111163333 0.0 0.0 0.0 135.0 14232.777777777797 14232.777777777797 14232.777777777797 
13.014682111163333 0.0 0.0 0.0 135.0 14232.777777777797 14232.777777777797 14232.777777777797 
14.014682111163333 0.0 0.0 0.0 135.0 14232.777777777797 14232.777777777797 14232.777777777797 
15.014682111163333 0.0 0.0 0.0 135.0 14232.777777777797 14232.777777777797 14232.777777777797 
16.01468211116333 0.0 0.0 0.0 135.0 14232.777777777797 14232.777777777797 14232.777777777797 
17.01468211116333 0.0 0.0 0.0 135.0 14232.777777777797 14232.777777777797 14232.777777777797 
18.01468211116333 0.0 0.0 0.0 135.0 14232.777777777797 14232.777777777797 14232.777777777797 
19.01468211116333 0.0 0.0 0.0 135.0 14232.777777777797 14232.777777777797 14232.777777777797 
20.01468211116333 0.0 0.0 0.0 135.0 14232.777777777797 14232.777777777797 14232.777777777797 
21.01468211116333 0.0 0.0 1.0 135.0 14232.777777777797 14232.777777777797 14232.777777777797 
22.01468211116333 0.0 0.0 1.0 135.0 14231.016296296295 14215.162962962962 14232.777777777797 
23.01468211116333 0.0 0.0 2.0 135.0 14229.430962962973 14215.162962962962 14232.777777777797 
24.01468211116333 0.0 0.0 2.0 135.0 14227.691570370374 14212.037037037013 14232.777777777797 
25.01468211116333 0.0 0.0 2.0 135.0 14226.126117037027 14212.037037037013 14232.777777777797 
26.01468211116333 0.0 0.0 2.0 135.0 14224.717209037051 14212.037037037013 14232.777777777797 
27.01468211116333 0.0 0.0 3.0 135.0 14223.449191837044 14212.037037037013 14232.777777777797 
28.01468211116333 0.0 0.0 3.0 135.0 14220.546494875547 14194.422222222236 14232.777777777797 
29.01468211116333 0.0 0.0 3.0 134.0 14217.934067610242 14194.422222222236 14232.777777777797 
30.01468211116333 0.0 0.0 3.0 134.0 14215.582883071438 14194.422222222236 14232.777777777797 
31.01468211116333 0.0 0.0 4.0 134.0 14213.466816986536 14194.422222222236 14232.777777777797 
32.01468211116333 0.0 0.0 4.0 134.0 14211.249764917471 14191.296296296277 14232.777777777797 
33.01468211116333 0.0 0.0 4.0 134.0 14209.254418055356 14191.296296296277 14232.777777777797 
34.01468211116333 0.0 0.0 4.0 134.0 14207.458605879463 14191.296296296277 14232.777777777797 
35.01468211116333 0.0 0.0 5.0 134.0 14205.84237492113 14191.296296296277 14232.777777777797 
36.01468211116333 0.0 0.0 6.0 134.0 14204.075174466096 14188.17037037036 14232.777777777797 
37.01468211116333 0.0 0.0 6.0 133.0 14200.723212575025 14170.555555555586 14232.777777777797 
38.01468211116333 0.0 0.0 7.0 133.0 14197.70644687309 14170.555555555586 14232.777777777797 
39.01468211116333 0.0 0.0 7.0 133.0 14194.678765148728 14167.429629629629 14232.777777777797 
40.01468211116333 0.0 0.0 7.0 133.0 14191.953851596809 14167.429629629629 14232.777777777797 
41.01468211116333 0.0 0.0 7.0 132.0 14189.5014294001 14167.429629629629 14232.777777777797 
42.01468211116333 0.0 0.0 7.0 132.0 14187.294249423036 14167.429629629629 14232.777777777797 
43.01468211116333 0.0 0.0 7.0 132.0 14185.30778744369 14167.429629629629 14232.777777777797 
44.01468211116333 0.0 0.0 7.0 131.0 14183.519971662301 14167.429629629629 14232.777777777797 
45.01468211116333 0.0 0.0 8.0 131.0 14181.910937459068 14167.429629629629 14232.777777777797 
46.01468211116333 0.0 0.0 8.0 131.0 14180.462806676112 14167.429629629629 14232.777777777797 
47.01468211116333 0.0 0.0 8.0 131.0 14177.39800748996 14149.814814814803 14232.777777777797 
48.01468211116333 0.0 0.0 8.0 131.0 14174.639688222462 14149.814814814803 14232.777777777797 
49.01468211116333 0.0 0.0 8.0 131.0 14172.157200881653 14149.814814814803 14232.777777777797 
50.01468211116333 0.0 0.0 8.0 131.0 14169.922962274994 14149.814814814803 14232.777777777797 
51.01468211116333 0.0 0.0 8.0 131.0 14167.912147528998 14149.814814814803 14232.777777777797 
52.01468211116333 0.0 0.0 9.0 131.0 14166.102414257546 14149.814814814803 14232.777777777797 
53.01468211116333 0.0 0.0 9.0 131.0 14164.161061720704 14146.68888888889 14232.777777777797 
54.01468211116333 0.0 0.0 9.0 131.0 14162.413844437488 14146.68888888889 14232.777777777797 
55.01468211116333 0.0 0.0 10.0 131.0 14160.841348882643 14146.68888888889 14232.777777777797 
56.01468211116333 0.0 0.0 10.0 131.0 14159.11351029072 14143.562962962935 14232.777777777797 
57.01468211116333 0.0 0.0 10.0 131.0 14157.558455557899 14143.562962962935 14232.777777777797 
58.01468211116333 0.0 0.0 10.0 130.0 14156.158906298399 14143.562962962935 14232.777777777797 
59.01468211116333 0.0 0.0 10.0 130.0 14154.899311964877 14143.562962962935 14232.777777777797 
60.01468211116333 0.0 0.0 11.0 130.0 14153.7656770647 14143.562962962935 14232.777777777797 
61.01468211116333 0.0 0.0 11.0 129.0 14150.983924173011 14125.94814814816 14232.777777777797 
62.01468211116333 0.0 0.0 11.0 129.0 14148.480346570565 14125.94814814816 14232.777777777797 
63.01468211116333 0.0 0.0 11.0 129.0 14146.227126728314 14125.94814814816 14232.777777777797 
64.01468211116332 0.0 0.0 11.0 129.0 14144.199228870275 14125.94814814816 14232.777777777797 
65.01468211116332 0.0 0.0 11.0 129.0 14142.374120798084 14125.94814814816 14232.777777777797 
66.01468211116332 0.0 0.0 11.0 129.0 14140.73152353306 14125.94814814816 14232.777777777797 
67.01468211116332 0.0 0.0 11.0 129.0 14139.253185994583 14125.94814814816 14232.777777777797 
68.01468211116332 0.0 0.0 11.0 129.0 14137.922682209934 14125.94814814816 14232.777777777797 
69.01468211116332 0.0 0.0 11.0 129.0 14136.725228803754 14125.94814814816 14232.777777777797 
70.01468211116332 0.0 0.0 11.0 129.0 14135.647520738215 14125.94814814816 14232.777777777797 
71.01468211116332 0.0 0.0 11.0 129.0 14134.677583479204 14125.94814814816 14232.777777777797 
72.01468211116332 0.0 0.0 11.0 129.0 14133.804639946082 14125.94814814816 14232.777777777797 
73.01468211116332 0.0 0.0 13.0 129.0 14133.018990766319 14125.94814814816 14232.777777777797 
74.01468211116332 1.0 0.0 12.0 129.0 14131.686721319282 14119.696296296283 14232.777777777797 
75.01468211116332 1.0 0.0 12.0 129.0 14132.249160298483 14137.31111111111 14232.777777777797 
76.01468211116332 1.0 0.0 12.0 129.0 14132.755355379726 14137.31111111111 14232.777777777797 
77.01468211116332 1.0 0.0 13.0 129.0 14133.210930952877 14137.31111111111 14232.777777777797 
78.01468211116332 1.0 0.0 13.0 129.0 14133.308356376096 14134.185185185197 14232.777777777797 
79.01468211116332 1.0 0.0 13.0 127.0 14133.396039256999 14134.185185185197 14232.777777777797 
80.01468211116332 1.0 0.0 13.0 127.0 14133.474953849849 14134.185185185197 14232.777777777797 
81.01468211116332 1.0 0.0 13.0 127.0 14133.545976983361 14134.185185185197 14232.777777777797 
82.01468211116332 1.0 0.0 13.0 127.0 14133.609897803568 14134.185185185197 14232.777777777797 
83.01468211116332 1.0 0.0 13.0 126.0 14133.667426541733 14134.185185185197 14232.777777777797 
84.01468211116332 1.0 0.0 13.0 126.0 14133.71920240609 14134.185185185197 14232.777777777797 
85.01468211116332 1.0 0.0 13.0 126.0 14133.76580068396 14134.185185185197 14232.777777777797 
86.01468211116332 1.0 0.0 13.0 126.0 14133.807739134092 14134.185185185197 14232.777777777797 
87.01468211116332 1.0 0.0 13.0 126.0 14133.845483739224 14134.185185185197 14232.777777777797 
88.01468211116332 1.0 0.0 14.0 126.0 14133.879453883792 14134.185185185197 14232.777777777797 
89.01468211116332 1.0 0.0 14.0 126.0 14132.148545532438 14116.570370370371 14232.777777777797 
90.01468211116332 1.0 0.0 14.0 126.0 14130.590728016257 14116.570370370371 14232.777777777797 
91.01468211116332 1.0 0.0 14.0 126.0 14129.18869225165 14116.570370370371 14232.777777777797 
92.01468211116332 1.0 0.0 14.0 126.0 14127.926860063517 14116.570370370371 14232.777777777797 
93.01468211116332 1.0 0.0 14.0 126.0 14126.7912110942 14116.570370370371 14232.777777777797 
94.01468211116332 1.0 0.0 15.0 126.0 14125.769127021862 14116.570370370371 14232.777777777797 
95.01468211116332 1.0 0.0 15.0 126.0 14124.536658764078 14113.444444444414 14232.777777777797 
96.01468211116332 1.0 0.0 15.0 126.0 14123.427437332126 14113.444444444414 14232.777777777797 
97.01468211116332 1.0 0.0 15.0 126.0 14122.429138043373 14113.444444444414 14232.777777777797 
98.01468211116332 1.0 0.0 15.0 126.0 14121.530668683483 14113.444444444414 14232.777777777797 
99.01468211116332 1.0 0.0 15.0 126.0 14120.722046259574 14113.444444444414 14232.777777777797 
100.01468211116332 1.0 0.0 15.0 125.0 14119.994286078072 14113.444444444414 14232.777777777797 
101.01468211116332 1.0 0.0 16.0 125.0 14119.339301914702 14113.444444444414 14232.777777777797 
102.01468211116332 1.0 0.0 16.0 125.0 14118.437223575074 14110.318518518547 14232.777777777797 
103.01468211116332 1.0 0.0 16.0 125.0 14117.625353069423 14110.318518518547 14232.777777777797 
104.01468211116332 1.0 0.0 16.0 125.0 14116.894669614361 14110.318518518547 14232.777777777797 
105.01468211116332 1.0 0.0 16.0 125.0 14116.23705450474 14110.318518518547 14232.777777777797 
106.01468211116332 1.0 0.0 16.0 125.0 14115.645200906143 14110.318518518547 14232.777777777797 
107.01468211116332 1.0 0.0 16.0 124.0 14115.112532667375 14110.318518518547 14232.777777777797 
108.01468211116332 1.0 0.0 16.0 124.0 14114.633131252487 14110.318518518547 14232.777777777797 
109.01468211116332 1.0 0.0 16.0 124.0 14114.201669979055 14110.318518518547 14232.777777777797 
110.01468211116332 1.0 0.0 16.0 124.0 14113.813354833006 14110.318518518547 14232.777777777797 
111.01468211116332 1.0 0.0 16.0 124.0 14113.46387120157 14110.318518518547 14232.777777777797 
112.01468211116332 1.0 0.0 16.0 124.0 14113.149335933262 14110.318518518547 14232.777777777797 
113.01468211116332 1.0 0.0 16.0 124.0 14112.866254191771 14110.318518518547 14232.777777777797 
114.01468211116332 1.0 0.0 16.0 124.0 14112.611480624491 14110.318518518547 14232.777777777797 
115.01468211116332 1.0 0.0 16.0 124.0 14112.382184413875 14110.318518518547 14232.777777777797 
116.01468211116332 1.0 0.0 16.0 124.0 14112.175817824338 14110.318518518547 14232.777777777797 
117.01468211116332 1.0 0.0 17.0 124.0 14111.99008789374 14110.318518518547 14232.777777777797 
118.01468211116332 1.0 0.0 17.0 124.0 14111.510338363649 14107.192592592592 14232.777777777797 
119.01468211116332 1.0 0.0 17.0 124.0 14111.07856378652 14107.192592592592 14232.777777777797 
120.01468211116332 1.0 0.0 20.0 124.0 14110.689966667152 14107.192592592592 14232.777777777797 
121.01468211116332 1.0 0.0 22.0 123.0 14109.403192222639 14097.82222222224 14232.777777777797 
122.01468211116332 1.0 0.0 22.0 123.0 14108.245095222594 14097.82222222224 14232.777777777797 
123.01468211116332 1.0 0.0 22.0 123.0 14103.681326441087 14062.607407407428 14232.777777777797 
124.01468211116332 1.0 0.0 23.0 123.0 14099.57393453771 14062.607407407428 14232.777777777797 
125.01468211116332 1.0 0.0 25.0 123.0 14094.115800343197 14044.9925925926 14232.777777777797 
126.01468211116332 2.0 0.0 24.0 122.0 14087.442738827398 14027.385185185176 14232.777777777797 
127.01468211116332 2.0 0.0 25.0 122.0 14081.436983463207 14027.385185185176 14232.777777777797 
128.01468211116332 2.0 0.0 26.0 122.0 14075.719211042797 14024.259259259266 14232.777777777797 
129.01468211116332 2.0 0.0 28.0 122.0 14070.573215864428 14024.259259259266 14232.777777777797 
130.01468211116332 2.0 0.0 28.0 122.0 14060.658116500212 13971.422222222236 14232.777777777797 
131.01468211116332 2.0 0.0 29.0 122.0 14051.734527072422 13971.422222222236 14232.777777777797 
132.01468211116332 2.0 0.0 29.0 109.0 14043.703296587397 13971.422222222236 14232.777777777797 
133.01468211116332 2.0 0.0 30.0 119.0 14034.714448410165 13953.814814814803 14232.777777777797 
134.01468211116332 2.0 0.0 30.0 108.0 14024.551892458025 13933.088888888855 14232.777777777797 
135.01468211116332 4.0 0.0 29.0 119.0 14014.167814323331 13920.711111111119 14232.777777777797 
136.01468211116332 4.0 0.0 29.0 108.0 14008.031773631748 13952.807407407408 14232.777777777797 
137.01468211116332 4.0 0.0 31.0 119.0 14002.5093370093 13952.807407407408 14232.777777777797 
138.01468211116332 4.0 0.0 32.0 108.0 13994.017662567627 13917.592592592599 14232.777777777797 
139.01468211116332 4.0 0.0 33.0 118.0 13986.375155570127 13917.592592592599 14232.777777777797 
140.01468211116332 4.0 0.0 33.0 108.0 13974.736158531636 13869.985185185162 14232.777777777797 
141.01468211116332 4.0 0.0 33.0 105.0 13964.261061196983 13869.985185185162 14232.777777777797 
142.01468211116332 4.0 0.0 33.0 118.0 13954.833473595814 13869.985185185162 14232.777777777797 
143.01468211116332 5.0 0.0 33.0 108.0 13947.797533643617 13884.474074074082 14232.777777777797 
144.01468211116332 5.0 0.0 34.0 117.0 13942.702965464463 13896.851851851852 14232.777777777797 
145.01468211116332 5.0 0.0 35.0 120.0 13933.357854103184 13849.251851851868 14232.777777777797 
146.01468211116332 5.0 0.0 35.0 120.0 13921.42429091509 13814.022222222227 14232.777777777797 
147.01468211116332 5.0 0.0 36.0 120.0 13907.16186182357 13778.799999999974 14232.777777777797 
148.01468211116332 5.0 0.0 36.0 119.0 13894.01308304864 13775.674074074104 14232.777777777797 
149.01468211116332 5.0 0.0 37.0 119.0 13882.179182151176 13775.674074074104 14232.777777777797 
150.00473667258984 5.0 0.0 38.0 119.0 13871.216819491618 13772.555555555584 14232.777777777797 
151.01468211116332 6.0 0.0 38.0 118.0 13861.03810050543 13769.42962962963 14232.777777777797 
152.01468211116332 6.0 0.0 39.0 118.0 13853.63873489932 13787.044444444438 14232.777777777797 
153.01468211116332 7.0 0.0 38.0 118.0 13843.457083631605 13751.822222222238 14232.777777777797 
154.01468211116332 7.0 0.0 39.0 105.0 13836.055078972167 13769.437037037065 14232.777777777797 
155.01468211116332 7.0 0.0 39.0 115.0 13829.0814229268 13766.318518518547 14232.777777777797 
156.01468211116332 7.0 0.0 39.0 104.0 13822.80513248598 13766.318518518547 14232.777777777797 
157.01468211116332 7.0 0.0 40.0 114.0 13817.156471089216 13766.318518518547 14232.777777777797 
158.01468211116332 7.0 0.0 40.0 104.0 13810.311194350652 13748.703703703717 14232.777777777797 
159.01468211116332 7.0 0.0 41.0 114.0 13804.150445285979 13748.703703703717 14232.777777777797 
160.01468211116332 7.0 0.0 41.0 104.0 13798.293178535152 13745.577777777764 14232.777777777797 
161.01468211116332 8.0 0.0 40.0 101.0 13793.021638459408 13745.577777777764 14232.777777777797 
162.01468211116332 8.0 0.0 41.0 114.0 13790.03873387273 13763.192592592592 14232.777777777797 
163.01468211116332 8.0 0.0 41.0 103.0 13786.729675300267 13756.94814814816 14232.777777777797 
164.01468211116332 8.0 0.0 43.0 100.0 13783.751522585071 13756.94814814816 14232.777777777797 
165.01468211116332 8.0 0.0 44.0 100.0 13779.31044440062 13739.340740740723 14232.777777777797 
166.01468211116332 8.0 0.0 44.0 102.0 13771.790511071671 13704.111111111119 14232.777777777797 
167.01468211116332 8.0 0.0 45.0 106.0 13765.02257107563 13704.111111111119 14232.777777777797 
168.01468211116332 8.0 0.0 45.0 100.0 13757.170684338435 13686.503703703695 14232.777777777797 
169.01468211116332 8.0 0.0 47.0 99.0 13748.86620849717 13674.12592592592 14232.777777777797 
170.01468211116332 8.0 0.0 49.0 99.0 13737.869958017836 13638.903703703709 14232.777777777797 
171.01468211116332 8.0 0.0 50.0 101.0 13724.451851104928 13603.688888888888 14232.777777777797 
172.01468211116332 8.0 0.0 51.0 105.0 13712.375554883312 13603.688888888888 14232.777777777797 
173.01468211116332 8.0 0.0 53.0 100.0 13699.745406802405 13586.074074074073 14232.777777777797 
174.01468211116332 8.0 0.0 54.0 99.0 13685.37975501105 13556.088888888855 14232.777777777797 
175.01468211116332 8.0 0.0 54.0 99.0 13667.168446176622 13503.266666666654 14232.777777777797 
176.01468211116332 9.0 0.0 54.0 101.0 13650.77826822562 13503.266666666654 14232.777777777797 
177.01468211116332 9.0 0.0 56.0 105.0 13636.02636732899 13503.25925925927 14232.777777777797 
178.01468211116332 9.0 0.0 58.0 101.0 13620.988915781281 13485.651851851844 14232.777777777797 
179.01468211116332 9.0 0.0 59.0 94.0 13602.383357536472 13434.933333333322 14232.777777777797 
180.01468211116332 9.0 0.0 60.0 100.0 13580.042799560617 13378.977777777769 14232.777777777797 
181.01468211116332 9.0 0.0 63.0 100.0 13556.413334419367 13343.748148148132 14232.777777777797 
182.01468211116332 10.0 0.0 63.0 100.0 13529.551260236693 13287.792592592625 14232.777777777797 
183.01468211116332 12.0 0.0 62.0 105.0 13503.927245324136 13273.311111111114 14232.777777777797 
184.01468211116332 12.0 0.0 66.0 104.0 13479.929335606541 13263.94814814816 14232.777777777797 
185.01468211116332 12.0 0.0 67.0 100.0 13454.809735379216 13228.73333333335 14232.777777777797 
186.01468211116332 12.0 0.0 69.0 99.0 13430.964317396842 13216.355555555561 14232.777777777797 
187.01468211116332 12.0 0.0 70.0 98.0 13404.219737509005 13163.518518518513 14232.777777777797 
188.01468211116332 12.0 0.0 74.0 98.0 13376.627393387751 13128.296296296288 14232.777777777797 
189.01468211116332 12.0 0.0 75.0 102.0 13346.511320715632 13075.46666666667 14232.777777777797 
190.01468211116332 12.0 0.0 75.0 102.0 13315.885373829251 13040.251851851868 14232.777777777797 
191.01468211116332 13.0 0.0 74.0 98.0 13288.322021631513 13040.251851851868 14232.777777777797 
192.01468211116332 13.0 0.0 74.0 98.0 13262.800930579493 13033.111111111111 14232.777777777797 
193.01468211116332 13.0 0.0 75.0 98.0 13239.83194863265 13033.111111111111 14232.777777777797 
194.01468211116332 13.0 0.0 78.0 98.0 13217.399124139762 13015.503703703687 14232.777777777797 
195.01468211116332 13.0 0.0 80.0 102.0 13195.135508022076 12994.76296296296 14232.777777777797 
196.01468211116332 14.0 0.0 79.0 102.0 13169.815290553199 12941.933333333323 14232.777777777797 
197.01468211116332 14.0 0.0 80.0 92.0 13148.78857631268 12959.548148148158 14232.777777777797 
198.01468211116332 14.0 0.0 82.0 98.0 13125.105274236968 12911.955555555569 14232.777777777797 
199.01468211116332 15.0 0.0 81.0 97.0 13097.671043109565 12850.76296296296 14232.777777777797 
200.01468211116332 15.0 0.0 84.0 97.0 13074.741716576389 12868.377777777796 14232.777777777797 
201.01468211116332 17.0 0.0 83.0 102.0 13050.270507881709 12830.029629629664 14232.777777777797 
202.01468211116332 17.0 0.0 85.0 96.0 13030.007901537982 12847.644444444439 14232.777777777797 
203.01468211116332 17.0 0.0 88.0 93.0 13008.25007434716 12812.42962962964 14232.777777777797 
204.01468211116332 17.0 0.0 89.0 97.0 12986.906548393928 12794.814814814805 14232.777777777797 
205.01468211116332 17.0 0.0 91.0 97.0 12955.894412073036 12676.7851851852 14232.777777777797 
206.01468211116332 17.0 0.0 92.0 96.0 12927.67163753241 12673.66666666668 14232.777777777797 
207.01468211116332 17.0 0.0 94.0 100.0 12898.748918223595 12638.444444444418 14232.777777777797 
208.01468211116332 18.0 0.0 97.0 95.0 12870.957730104967 12620.837037037052 14232.777777777797 
209.01468211116332 18.0 0.0 100.0 92.0 12838.901957094471 12550.399999999987 14232.777777777797 
210.01468211116332 18.0 0.0 103.0 96.0 12805.293242866486 12502.814814814805 14232.777777777797 
211.01468211116332 18.0 0.0 103.0 96.0 12764.480214876154 12397.162962962946 14232.777777777797 
212.01468211116332 18.0 0.0 106.0 96.0 12727.74848968483 12397.162962962946 14232.777777777797 
213.01468211116332 18.0 0.0 107.0 100.0 12691.167714790403 12361.94074074074 14232.777777777797 
214.01468211116332 19.0 0.0 108.0 98.0 12656.484276644724 12344.33333333332 14232.777777777797 
215.01468211116332 20.0 0.0 110.0 95.0 12623.507700832086 12326.718518518534 14232.777777777797 
216.01468211116332 22.0 0.0 108.0 95.0 12592.06730111926 12309.103703703684 14232.777777777797 
217.01468211116332 22.0 0.0 108.0 95.0 12563.770941377692 12309.103703703684 14232.777777777797 
218.01468211116332 22.0 0.0 108.0 99.0 12538.30421761031 12309.103703703684 14232.777777777797 
219.01468211116332 23.0 0.0 109.0 92.0 12515.384166219643 12309.103703703684 14232.777777777797 
220.01468211116332 23.0 0.0 109.0 96.0 12492.996119968057 12291.503703703682 14232.777777777797 
221.01468211116332 24.0 0.0 110.0 96.0 12469.324656119405 12256.281481481465 14232.777777777797 
222.01468211116332 25.0 0.0 111.0 96.0 12448.0203386556 12256.281481481465 14232.777777777797 
223.01468211116332 25.0 0.0 115.0 101.0 12427.084971456712 12238.666666666682 14232.777777777797 
224.01468211116332 26.0 0.0 116.0 92.0 12402.959437273994 12185.82962962964 14232.777777777797 
225.01468211116332 26.0 0.0 118.0 91.0 12382.483493546597 12198.200000000024 14232.777777777797 
226.01468211116332 27.0 0.0 120.0 96.0 12358.459588636368 12142.244444444457 14232.777777777797 
227.01468211116332 29.0 0.0 121.0 96.0 12331.555851994952 12089.422222222236 14232.777777777797 
228.01468211116332 29.0 0.0 122.0 96.0 12302.058785313993 12036.58518518518 14232.777777777797 
229.01468211116332 29.0 0.0 124.0 105.0 12271.989943819635 12001.370370370387 14232.777777777797 
230.01468211116332 29.0 0.0 124.0 92.0 12241.405023511743 11966.140740740762 14232.777777777797 
231.01468211116332 30.0 0.0 123.0 94.0 12214.403039679088 11971.38518518516 14232.777777777797 
232.01468211116332 32.0 0.0 125.0 94.0 12174.253106081555 11812.903703703725 14232.777777777797 
233.01468211116332 32.0 0.0 127.0 94.0 12134.595943621525 11777.681481481457 14232.777777777797 
234.01468211116332 32.0 0.0 127.0 98.0 12095.905978889023 11747.696296296283 14232.777777777797 
235.01468211116332 32.0 0.0 128.0 98.0 12061.085010629748 11747.696296296283 14232.777777777797 
236.01468211116332 33.0 0.0 129.0 90.0 12029.746139196388 11747.696296296283 14232.777777777797 
237.01468211116332 33.0 0.0 131.0 94.0 11994.497451202675 11677.259259259283 14232.777777777797 
238.01468211116332 33.0 0.0 133.0 85.0 11950.446965341667 11553.99259259258 14232.777777777797 
239.0064075638262 34.0 0.0 132.0 89.0 11909.040787326012 11536.38518518516 14232.777777777797 
240.01468211116332 34.0 0.0 133.0 85.0 11858.150782667512 11400.14074074076 14232.777777777797 
241.01468211116332 37.0 0.0 132.0 88.0 11814.110519215557 11417.748148148134 14232.777777777797 
242.01468211116332 38.0 0.0 133.0 86.0 11772.713541368095 11400.14074074076 14232.777777777797 
243.01468211116332 41.0 0.0 132.0 91.0 11734.218483527575 11387.76296296296 14232.777777777797 
244.01468211116332 42.0 0.0 131.0 85.0 11697.821079619267 11370.244444444457 14232.777777777797 
245.01468211116332 43.0 0.0 131.0 78.0 11662.678230916581 11346.392592592576 14232.777777777797 
246.01468211116332 43.0 0.0 132.0 87.0 11629.80077819531 11333.903703703723 14232.777777777797 
247.01468211116332 44.0 0.0 132.0 82.0 11596.688848523927 11298.681481481459 14232.777777777797 
248.01468211116332 45.0 0.0 131.0 78.0 11569.886630338202 11328.666666666682 14232.777777777797 
249.01468211116332 46.0 0.0 133.0 76.0 11545.038708045111 11321.4074074074 14232.777777777797 
250.01468211116332 47.0 0.0 133.0 86.0 11513.869652055415 11233.348148148141 14232.777777777797 
251.01468211116332 49.0 0.0 131.0 77.0 11481.672316479513 11191.896296296316 14232.777777777797 
252.01468211116332 51.0 0.0 132.0 79.0 11453.7421218686 11202.370370370385 14232.777777777797 
253.01468211116332 52.0 0.0 132.0 84.0 11427.57753931136 11192.096296296277 14232.777777777797 
254.01468211116332 52.0 0.0 135.0 72.0 11398.747192787643 11139.274074074057 14232.777777777797 
255.01468211116332 53.0 0.0 135.0 77.0 11333.628029064434 10747.555555555578 14232.777777777797 
256.0146821111633 54.0 0.0 134.0 78.0 11275.543744676499 10752.785185185201 14232.777777777797 
257.0146821111633 54.0 0.0 136.0 74.0 11207.751592431066 10597.6222222222 14232.777777777797 
258.0146821111633 54.0 0.0 137.0 78.0 11129.795692447227 10428.192592592604 14232.777777777797 
259.0146821111633 54.0 0.0 140.0 75.0 11056.113900980272 10392.977777777762 14232.777777777797 
260.0146821111633 56.0 0.0 142.0 79.0 10980.805473845216 10303.029629629658 14232.777777777797 
261.0146821111633 56.0 0.0 143.0 80.0 10909.091593127367 10263.66666666668 14232.777777777797 
262.0146821111633 56.0 0.0 145.0 77.0 10836.790581962767 10186.081481481498 14232.777777777797 
263.0146821111633 58.0 0.0 145.0 79.0 10769.958931173911 10168.474074074082 14232.777777777797 
264.0146821111633 60.0 0.0 146.0 75.0 10708.049704723186 10150.866666666658 14232.777777777797 
265.0146821111633 62.0 0.0 145.0 68.0 10634.795104621242 9975.503703703684 14232.777777777797 
266.0146821111633 63.0 0.0 145.0 76.0 10565.677075640582 9943.614814814837 14232.777777777797 
267.0146821111633 63.0 0.0 146.0 77.0 10499.043442150616 9899.340740740725 14232.777777777797 
268.0146821111633 63.0 0.0 149.0 75.0 10409.125023861478 9599.859259259243 14232.777777777797 
269.0146821111633 63.0 0.0 150.0 78.0 10322.602891845687 9543.90370370372 14232.777777777797 
270.0146821111633 64.0 0.0 150.0 71.0 10245.25593599446 9549.133333333342 14232.777777777797 
271.0146821111633 64.0 0.0 152.0 69.0 10167.696268320944 9469.659259259275 14232.777777777797 
272.0146821111633 64.0 0.0 153.0 68.0 10092.942197044405 9420.15555555554 14232.777777777797 
273.0146821111633 67.0 0.0 152.0 61.0 10023.902051414045 9402.540740740755 14232.777777777797 
274.0146821111633 69.0 0.0 154.0 68.0 9965.288883309659 9437.77037037038 14232.777777777797 
275.0146821111633 70.0 0.0 156.0 59.0 9897.866661645376 9291.066666666677 14232.777777777797 
276.0146821111633 71.0 0.0 160.0 62.0 9834.711106591938 9266.311111111121 14232.777777777797 
277.0146821111633 72.0 0.0 164.0 58.0 9752.59703296978 9013.57037037036 14232.777777777797 
278.0146821111633 72.0 0.0 168.0 72.0 9669.509181524661 8921.718518518535 14232.777777777797 
279.0146821111633 74.0 0.0 168.0 67.0 9582.724189298124 8801.659259259273 14232.777777777797 
280.0146821111633 75.0 0.0 169.0 67.0 9506.378437034968 8819.26666666665 14232.777777777797 
281.0146821111633 75.0 0.0 174.0 55.0 9421.057630368516 8653.17037037036 14232.777777777797 
282.0146821111633 75.0 0.0 176.0 54.0 9316.520756220547 8375.688888888888 14232.777777777797 
283.0146821111633 77.0 0.0 176.0 51.0 9210.622754672575 8257.540740740753 14232.777777777797 
284.0146821111633 77.0 0.0 179.0 60.0 9112.839738464574 8232.792592592603 14232.777777777797 
285.0146821111633 78.0 0.0 179.0 53.0 9005.083172025528 8035.274074074073 14232.777777777797 
286.0146821111633 78.0 0.0 182.0 48.0 8906.853373341488 8022.785185185187 14232.777777777797 
287.0146821111633 78.0 0.0 184.0 46.0 8812.450258229559 7962.822222222219 14232.777777777797 
288.0146821111633 80.0 0.0 185.0 61.0 8725.727454628834 7945.222222222207 14232.777777777797 
289.0146821111633 81.0 0.0 185.0 72.0 8618.667301758536 7655.125925925934 14232.777777777797 
290.0146821111633 83.0 0.0 186.0 44.0 8512.884275286391 7560.837037037052 14232.777777777797 
291.0146821111633 83.0 0.0 187.0 40.0 8407.779551461454 7461.837037037052 14232.777777777797 
292.0146821111633 83.0 0.0 189.0 49.0 8310.687522241229 7436.859259259261 14232.777777777797 
293.00256093455 83.0 2.0 191.0 48.0 8218.241288535626 7374.985185185167 14232.777777777797 
294.0146821111633 84.0 2.0 193.0 45.0 8131.655189311694 7362.496296296298 14232.777777777797 
295.0146821111633 84.0 2.0 196.0 39.0 8055.25115186201 7367.614814814819 14232.777777777797 
296.0146821111633 84.0 3.0 199.0 48.0 7979.443073712839 7297.1703703703615 14232.777777777797 
297.0146821111633 85.0 3.0 199.0 32.0 7883.552099674895 7020.533333333338 14232.777777777797 
298.0146821111633 86.0 3.0 199.0 46.0 7777.879111929622 6826.822222222219 14232.777777777797 
299.0146821111633 86.0 3.0 200.0 38.0 7684.534163699633 6844.429629629622 14232.777777777797 
300.0146821111633 87.0 3.0 202.0 55.0 7600.523710292624 6844.429629629622 14232.777777777797 
301.0146821111633 90.0 3.0 200.0 28.0 7489.218005930031 6487.466666666662 14232.777777777797 
302.0146821111633 91.0 4.0 201.0 31.0 7388.328797929622 6480.325925925929 14232.777777777797 
303.0146821111633 91.0 4.0 205.0 41.0 7256.167029247767 6066.711111111118 14232.777777777797 
304.0146821111633 91.0 4.0 206.0 38.0 7135.460696693361 6049.103703703691 14232.777777777797 
305.0146821111633 91.0 4.0 210.0 44.0 6931.748701098101 5098.340740740736 14232.777777777797 
306.0146821111633 93.0 4.0 210.0 32.0 6737.651608766071 4990.777777777783 14232.777777777797 
307.0146821111633 95.0 4.0 210.0 30.0 6561.203484926501 4973.170370370363 14232.777777777797 
308.0146821111633 97.0 5.0 209.0 33.0 6381.031284582 4759.481481481482 14232.777777777797 
309.0146821111633 97.0 5.0 213.0 23.0 6207.786674642319 4648.58518518518 14232.777777777797 
310.0146821111633 97.0 5.0 215.0 46.0 6051.866525696607 4648.58518518518 14232.777777777797 
311.0146821111633 99.0 5.0 215.0 23.0 5888.025799052871 4413.45925925926 14232.777777777797 
312.0146821111633 100.0 5.0 217.0 35.0 5742.330626554992 4431.074074074072 14232.777777777797 
313.0146821111633 101.0 6.0 221.0 23.0 5595.11756389949 4270.199999999994 14232.777777777797 
314.0146821111633 101.0 6.0 226.0 20.0 5460.139140842875 4245.333333333331 14232.777777777797 
315.0146821111633 103.0 6.0 227.0 11.0 5297.297819351178 3831.7259259259295 14232.777777777797 
316.0146821111633 105.0 6.0 228.0 26.0 5135.1761855642135 3676.081481481477 14232.777777777797 
317.0146821111633 107.0 6.0 227.0 35.0 4960.679307748532 3390.20740740741 14232.777777777797 
318.0146821111633 107.0 6.0 229.0 24.0 4801.246932529236 3366.3555555555586 14232.777777777797 
319.0146821111633 108.0 6.0 229.0 32.0 4655.9963133503825 3348.7407407407427 14232.777777777797 
320.0146821111633 108.0 6.0 231.0 10.0 4527.332978311643 3369.3629629629613 14232.777777777797 
321.0146821111633 110.0 6.0 231.0 31.0 4411.535976776774 3369.3629629629613 14232.777777777797 
322.0086613821014 110.0 6.0 232.0 8.0 4306.12272835306 3356.8740740740764 14232.777777777797 
323.0146821111633 110.0 6.0 235.0 24.0 4202.487993041041 3270.2518518518546 14232.777777777797 
324.0146821111633 110.0 6.0 238.0 14.0 4102.363638181379 3201.244444444443 14232.777777777797 
325.0146821111633 112.0 6.0 239.0 22.0 4007.290237326204 3151.6296296296273 14232.777777777797 
326.0146821111633 114.0 6.0 239.0 14.0 3905.8752876676567 2993.140740740739 14232.777777777797 
327.0146821111633 116.0 6.0 238.0 13.0 3791.612944086077 2763.2518518518546 14232.777777777797 
328.0146821111633 116.0 6.0 242.0 21.0 3667.644983010804 2551.9333333333334 14232.777777777797 
329.0146821111633 119.0 6.0 243.0 6.0 3554.300484709723 2534.200000000001 14232.777777777797 
330.0005164039399 119.0 6.0 246.0 16.0 3425.8984111529167 2270.051851851853 14232.777777777797 
331.0146821111633 120.0 6.0 249.0 12.0 3309.356207429691 2260.68148148148 14232.777777777797 
332.0146821111633 124.0 6.0 251.0 22.0 3183.6694755756102 2052.488888888891 14232.777777777797 
333.0146821111633 130.0 6.0 247.0 14.0 3045.8980835736043 1805.955555555555 14232.777777777797 
334.0146821111633 130.0 6.0 250.0 17.0 2917.1334604014296 1758.2518518518536 14232.777777777797 
335.0146821111633 131.0 6.0 252.0 13.0 2798.1230773242514 1727.02962962963 14232.777777777797 
336.0146821111633 131.0 6.0 255.0 12.0 2691.013732554788 1727.02962962963 14232.777777777797 
337.0146821111633 131.0 6.0 258.0 6.0 2573.4834704104205 1515.7111111111121 14232.777777777797 
338.0146821111633 133.0 6.0 260.0 6.0 2466.769938184192 1506.3481481481474 14232.777777777797 
339.0146821111633 136.0 6.0 260.0 12.0 2370.7277591805882 1506.3481481481474 14232.777777777797 
340.0146821111633 137.0 6.0 262.0 10.0 2286.352761040308 1526.9777777777776 14232.777777777797 
341.0146821111633 137.0 6.0 263.0 10.0 2210.4152627140543 1526.9777777777776 14232.777777777797 
342.0146821111633 139.0 6.0 265.0 5.0 2108.613736442649 1192.4 14232.777777777797 
343.0146821111633 139.0 7.0 268.0 2.0 2016.9923627983849 1192.4 14232.777777777797 
344.0146821111633 140.0 8.0 269.0 8.0 1911.640533925954 963.474074074074 14232.777777777797 
345.0146821111633 141.0 10.0 269.0 13.0 1816.8238879407659 963.474074074074 14232.777777777797 
346.0146821111633 143.0 11.0 270.0 13.0 1731.4889065540963 963.474074074074 14232.777777777797 
347.0146821111633 143.0 11.0 273.0 13.0 1655.0000158986868 966.5999999999999 14232.777777777797 
348.0146821111633 143.0 11.0 278.0 4.0 1586.160014308818 966.5999999999999 14232.777777777797 
349.0146821111633 144.0 11.0 279.0 1.0 1524.2040128779367 966.5999999999999 14232.777777777797 
350.01356102663584 144.0 11.0 279.0 6.0 1468.4463822891512 966.5999999999999 14232.777777777797 
351.0146821111633 144.0 11.0 282.0 18.0 1417.6348059866841 960.3555555555554 14232.777777777797 
352.0146821111633 146.0 11.0 281.0 4.0 1359.4683624250526 835.97037037037 14232.777777777797 
353.0146821111633 147.0 12.0 282.0 9.0 1307.1185632195845 835.97037037037 14232.777777777797 
354.0146821111633 147.0 12.0 286.0 13.0 1260.0037439346634 835.97037037037 14232.777777777797 
355.0146821111633 148.0 14.0 289.0 4.0 1217.600406578234 835.97037037037 14232.777777777797 
356.0146821111633 148.0 14.0 290.0 8.0 1179.4374029574476 835.97037037037 14232.777777777797 
357.0146821111633 149.0 14.0 294.0 16.0 1144.1544034024434 826.6074074074072 14232.777777777797 
358.0146821111633 150.0 14.0 298.0 1.0 1114.1604445436808 844.2148148148149 14232.777777777797 
359.0146821111633 150.0 14.0 301.0 9.0 1087.1658815707942 844.2148148148149 14232.777777777797 
360.0146821111633 150.0 15.0 307.0 9.0 1057.397441561863 789.4814814814813 14232.777777777797 
361.0146821111633 152.0 15.0 306.0 10.0 1030.6058455538248 789.4814814814813 14232.777777777797 
362.0146821111633 153.0 15.0 306.0 14.0 1006.4934091465906 789.4814814814813 14232.777777777797 
363.0146821111633 153.0 15.0 307.0 2.0 983.5433274911908 776.9925925925925 14232.777777777797 
364.0146821111633 154.0 15.0 310.0 4.0 962.87714289022 776.8814814814815 14232.777777777797 
365.0146821111633 155.0 16.0 316.0 13.0 944.277576749346 776.8814814814815 14232.777777777797 
366.0146821111633 156.0 17.0 318.0 2.0 922.2557450003375 724.0592592592599 14232.777777777797 
367.0146821111633 157.0 17.0 321.0 7.0 902.4360964262296 724.0592592592599 14232.777777777797 
368.0146821111633 159.0 19.0 323.0 13.0 886.3591534502733 741.6666666666667 14232.777777777797 
369.0146821111633 160.0 19.0 324.0 5.0 869.7047195867275 719.8148148148152 14232.777777777797 
370.0146821111633 161.0 19.0 325.0 4.0 854.0016550354622 712.6740740740742 14232.777777777797 
371.0146821111633 163.0 19.0 327.0 7.0 839.8688969393235 712.6740740740742 14232.777777777797 
372.0146821111633 163.0 22.0 328.0 11.0 826.2131183565023 703.3111111111116 14232.777777777797 
373.0146821111633 163.0 24.0 332.0 21.0 813.9229176319631 703.3111111111116 14232.777777777797 
374.0146821111633 164.0 24.0 334.0 6.0 798.4039592021002 658.7333333333331 14232.777777777797 
375.0146821111633 164.0 24.0 339.0 1.0 784.4368966152235 658.7333333333331 14232.777777777797 
376.0146821111633 165.0 24.0 339.0 4.0 771.8665402870345 658.7333333333331 14232.777777777797 
377.0146821111633 166.0 24.0 345.0 9.0 759.616923295368 649.3703703703704 14232.777777777797 
378.0146821111633 166.0 24.0 346.0 10.0 748.904860595461 652.4962962962964 14232.777777777797 
379.0146821111633 170.0 24.0 344.0 2.0 738.0151152766556 640.0074074074075 14232.777777777797 
380.0146821111633 170.0 24.0 348.0 1.0 728.2143444897309 640.0074074074075 14232.777777777797 
381.0146821111633 171.0 24.0 348.0 3.0 719.3936507814985 640.0074074074075 14232.777777777797 
382.0146821111633 171.0 24.0 352.0 12.0 710.2061375552005 627.5185185185187 14232.777777777797 
383.0146821111633 172.0 24.0 353.0 9.0 701.0010793552361 618.1555555555556 14232.777777777797 
384.0146821111633 173.0 24.0 354.0 14.0 692.716526975268 618.1555555555556 14232.777777777797 
385.0146821111633 175.0 24.0 356.0 1.0 681.5137631666302 580.6888888888884 14232.777777777797 
386.0146821111633 176.0 25.0 356.0 9.0 673.1920164795969 598.2962962962965 14232.777777777797 
387.0146821111633 176.0 25.0 358.0 8.0 664.4535555723778 585.8074074074076 14232.777777777797 
388.0146821111633 178.0 25.0 356.0 2.0 656.5889407558809 585.8074074074076 14232.777777777797 
389.0146821111633 179.0 27.0 359.0 20.0 651.2715281617741 603.4148148148149 14232.777777777797 
390.0146821111633 179.0 27.0 361.0 2.0 648.2465975678191 621.0222222222224 14232.777777777797 
391.0146821111633 182.0 29.0 362.0 1.0 647.284900774 638.6296296296297 14232.777777777797 
392.0146821111633 182.0 29.0 363.0 1.0 642.8978921780816 603.4148148148149 14232.777777777797 
393.0146821111633 183.0 29.0 368.0 20.0 640.7103251824957 621.0222222222224 14232.777777777797 
394.0146821111633 184.0 29.0 369.0 6.0 636.2437371086905 596.0444444444445 14232.777777777797 
395.0146821111633 184.0 29.0 372.0 10.0 632.2238078422658 596.0444444444445 14232.777777777797 
396.0146821111633 185.0 29.0 374.0 4.0 629.1177233543357 601.162962962963 14232.777777777797 
397.0146821111633 185.0 29.0 378.0 5.0 626.3222473151985 601.162962962963 14232.777777777797 
398.0146821111633 186.0 31.0 378.0 2.0 620.2848373984934 565.948148148148 14232.777777777797 
399.0146821111633 188.0 32.0 380.0 10.0 613.0904277327181 548.3407407407406 14232.777777777797 
400.0146821111633 190.0 32.0 382.0 2.0 607.4399034779649 556.585185185185 14232.777777777797 
401.0146821111633 190.0 33.0 386.0 5.0 602.3544316486868 556.585185185185 14232.777777777797 
402.0146821111633 193.0 34.0 386.0 8.0 599.5382477430775 574.1925925925925 14232.777777777797 
403.0146821111633 194.0 34.0 388.0 3.0 597.003682228029 574.1925925925925 14232.777777777797 
404.0146821111633 195.0 34.0 390.0 1.0 590.6773880793002 533.7407407407406 14232.777777777797 
405.0146821111633 196.0 34.0 391.0 9.0 586.744464086185 551.348148148148 14232.777777777797 
406.0146821111633 196.0 35.0 393.0 12.0 583.2048324923812 551.348148148148 14232.777777777797 
407.0146821111633 197.0 35.0 394.0 4.0 580.0191640579582 551.348148148148 14232.777777777797 
408.0146821111633 197.0 35.0 395.0 9.0 577.152062466977 551.348148148148 14232.777777777797 
409.0146821111633 197.0 35.0 395.0 1.0 574.5716710350943 551.348148148148 14232.777777777797 
410.0146821111633 197.0 35.0 396.0 1.0 573.4752446723255 563.6074074074072 14232.777777777797 
411.0146821111633 198.0 35.0 397.0 13.0 572.4884609458337 563.6074074074072 14232.777777777797 
412.0146821111633 203.0 35.0 392.0 13.0 573.3610963327318 581.2148148148148 14232.777777777797 
413.0146821111633 204.0 35.0 391.0 5.0 574.1464681809401 581.2148148148148 14232.777777777797 
414.0146821111633 205.0 35.0 391.0 3.0 574.8414509924758 581.0962962962961 14232.777777777797 
415.0146821111633 205.0 35.0 392.0 1.0 571.9454540413764 545.8814814814816 14232.777777777797 
416.0146821111633 207.0 35.0 390.0 1.0 565.627204933535 508.76296296296306 14232.777777777797 
417.0146821111633 208.0 35.0 389.0 7.0 561.7015214772186 526.3703703703703 14232.777777777797 
418.0146821111633 209.0 35.0 388.0 11.0 558.1684063665338 526.3703703703703 14232.777777777797 
419.0146821111633 212.0 35.0 385.0 9.0 553.4271212854359 510.7555555555556 14232.777777777797 
420.0146821111633 212.0 35.0 385.0 4.0 549.159964712448 510.7555555555556 14232.777777777797 
421.0146821111633 213.0 35.0 384.0 1.0 545.3195237967587 510.7555555555556 14232.777777777797 
422.0146821111633 213.0 35.0 386.0 1.0 540.6142380837495 498.2666666666668 14232.777777777797 
423.0146821111633 214.0 35.0 385.0 12.0 536.3794809420413 498.2666666666668 14232.777777777797 
424.0146821111633 216.0 35.0 385.0 3.0 532.5681995145038 498.2666666666668 14232.777777777797 
425.0146821111633 216.0 35.0 386.0 6.0 528.8143425260164 495.0296296296298 14232.777777777797 
426.0146821111633 217.0 35.0 385.0 3.0 524.4995749400815 485.66666666666663 14232.777777777797 
427.0146821111633 219.0 35.0 384.0 1.0 520.61628411274 485.66666666666663 14232.777777777797 
428.0146821111633 222.0 35.0 381.0 1.0 514.6465075533179 460.9185185185185 14232.777777777797 
429.0146821111633 222.0 35.0 381.0 11.0 509.27370864983794 460.9185185185185 14232.777777777797 
430.0146821111633 224.0 35.0 379.0 2.0 504.438189636706 460.9185185185185 14232.777777777797 
431.0146821111633 225.0 35.0 378.0 1.0 497.0765928952577 430.8222222222222 14232.777777777797 
432.0146821111633 226.0 35.0 377.0 4.0 492.21189656869495 448.4296296296297 14232.777777777797 
433.0146821111633 226.0 35.0 377.0 23.0 487.83366987478837 448.4296296296297 14232.777777777797 
434.0146821111633 226.0 35.0 377.0 2.0 485.6540065910133 466.03703703703707 14232.777777777797 
435.0146821111633 228.0 35.0 375.0 5.0 483.69230963561563 466.03703703703707 14232.777777777797 
436.0146821111633 231.0 35.0 373.0 1.0 480.6778934868689 453.54814814814813 14232.777777777797 
437.0146821111633 231.0 35.0 374.0 2.0 477.9649189529968 453.54814814814813 14232.777777777797 
438.0146821111633 231.0 35.0 374.0 1.0 475.5232418725121 453.54814814814813 14232.777777777797 
439.0146821111633 233.0 35.0 374.0 1.0 469.80425101859413 418.3333333333333 14232.777777777797 
440.0146821111633 238.0 35.0 369.0 7.0 464.6571592500681 418.3333333333333 14232.777777777797 
441.0146821111633 239.0 35.0 369.0 1.0 460.0247766583946 418.3333333333333 14232.777777777797 
442.0146821111633 239.0 35.0 369.0 16.0 455.8556323258885 418.3333333333333 14232.777777777797 
443.0146821111633 240.0 35.0 368.0 3.0 451.7915505747811 415.2148148148148 14232.777777777797 
444.0146821111633 241.0 35.0 367.0 1.0 447.19683996174757 405.8444444444442 14232.777777777797 
445.0146821111633 241.0 35.0 367.0 1.0 443.0616004100172 405.8444444444442 14232.777777777797 
446.0146821111633 242.0 35.0 366.0 10.0 439.02803296160806 402.7259259259258 14232.777777777797 
447.0146821111633 243.0 35.0 365.0 15.0 435.39782225803987 402.7259259259258 14232.777777777797 
448.0146821111633 243.0 35.0 365.0 2.0 430.8817437359396 390.23703703703694 14232.777777777797 
449.0146821111633 244.0 35.0 364.0 7.0 426.8172730660493 390.23703703703694 14232.777777777797 
450.0146821111633 245.0 35.0 363.0 1.0 423.1592494631482 390.23703703703694 14232.777777777797 
451.0146821111633 247.0 35.0 361.0 2.0 418.9299911835001 380.86666666666656 14232.777777777797 
452.0146821111633 248.0 35.0 360.0 14.0 416.88439947255745 398.4740740740739 14232.777777777797 
453.0146821111633 249.0 35.0 359.0 2.0 414.1070706364128 389.111111111111 14232.777777777797 
454.0146821111633 249.0 35.0 360.0 1.0 413.36821542462343 406.7185185185183 14232.777777777797 
455.0146821111633 252.0 35.0 357.0 1.0 411.45435684512404 394.22962962962947 14232.777777777797 
456.0146821111633 254.0 35.0 355.0 1.0 409.7318841235746 394.22962962962947 14232.777777777797 
457.0146821111633 255.0 35.0 354.0 12.0 408.18165867418014 394.22962962962947 14232.777777777797 
458.0146821111633 256.0 35.0 353.0 1.0 403.26497428824354 359.01481481481494 14232.777777777797 
459.0146821111633 257.0 35.0 352.0 1.0 398.83995834090075 359.01481481481494 14232.777777777797 
460.0146821111633 258.0 35.0 351.0 1.0 394.8574439882922 359.01481481481494 14232.777777777797 
461.0146821111633 261.0 35.0 348.0 17.0 391.2731810709445 359.01481481481494 14232.777777777797 
462.0146821111633 262.0 35.0 347.0 7.0 388.0473444453315 359.01481481481494 14232.777777777797 
463.0146821111633 264.0 35.0 345.0 1.0 385.1440914822799 359.01481481481494 14232.777777777797 
464.0146821111633 265.0 35.0 344.0 1.0 381.5941267784963 349.64444444444456 14232.777777777797 
465.0146821111633 266.0 35.0 344.0 6.0 378.39915854509115 349.64444444444456 14232.777777777797 
466.0146821111633 267.0 35.0 343.0 19.0 375.21183528317465 346.5259259259261 14232.777777777797 
467.0146821111633 268.0 35.0 342.0 7.0 372.3432443474498 346.5259259259261 14232.777777777797 
468.0146821111633 273.0 35.0 337.0 3.0 369.76151250529745 346.5259259259261 14232.777777777797 
469.0146821111633 275.0 35.0 336.0 1.0 367.43795384736023 346.5259259259261 14232.777777777797 
470.0146821111633 275.0 35.0 336.0 1.0 364.097862166328 334.0370370370371 14232.777777777797 
471.0146821111633 275.0 35.0 336.0 14.0 361.0917796533989 334.0370370370371 14232.777777777797 
472.0146821111633 277.0 35.0 334.0 4.0 358.3863053917628 334.0370370370371 14232.777777777797 
473.0146821111633 279.0 35.0 332.0 1.0 355.9513785562902 334.0370370370371 14232.777777777797 
474.0146821111633 280.0 35.0 331.0 1.0 352.511055515476 321.5481481481482 14232.777777777797 
475.0146821111633 281.0 35.0 330.0 3.0 349.4147647787432 321.5481481481482 14232.777777777797 
476.0146821111633 283.0 35.0 328.0 13.0 346.6281031156838 321.5481481481482 14232.777777777797 
477.0146821111633 283.0 35.0 329.0 4.0 344.1201076189302 321.5481481481482 14232.777777777797 
478.0146821111633 285.0 35.0 327.0 1.0 341.862911671852 321.5481481481482 14232.777777777797 
479.0146821111633 286.0 35.0 326.0 1.0 338.58254643059274 309.05925925925936 14232.777777777797 
480.0146821111633 287.0 35.0 325.0 4.0 335.6302177134594 309.05925925925936 14232.777777777797 
481.0146821111633 287.0 35.0 325.0 15.0 332.97312186803947 309.05925925925936 14232.777777777797 
482.0146821111633 287.0 35.0 325.0 3.0 330.26914301456884 305.9333333333334 14232.777777777797 
483.0146821111633 289.0 35.0 323.0 1.0 326.58667315755645 293.4444444444444 14232.777777777797 
484.0146821111633 291.0 35.0 321.0 1.0 322.6480058418008 287.2 14232.777777777797 
485.0146821111633 292.0 35.0 320.0 4.0 318.47876081317634 280.9555555555556 14232.777777777797 
486.0146821111633 294.0 35.0 318.0 13.0 314.7264402874143 280.9555555555556 14232.777777777797 
487.0146821111633 294.0 35.0 318.0 7.0 310.7249073697839 274.7111111111111 14232.777777777797 
488.0146821111633 298.0 35.0 314.0 1.0 307.12352774391667 274.7111111111111 14232.777777777797 
489.0146821111633 298.0 35.0 314.0 1.0 303.8822860806361 274.7111111111111 14232.777777777797 
490.0146821111633 299.0 35.0 313.0 13.0 301.47702043553545 279.8296296296297 14232.777777777797 
491.0146821111633 301.0 35.0 311.0 8.0 301.0730220956857 297.43703703703693 14232.777777777797 
492.0146821111633 302.0 35.0 310.0 1.0 300.70942358982086 297.43703703703693 14232.777777777797 
493.0146821111633 302.0 35.0 310.0 12.0 300.38218493454247 297.43703703703693 14232.777777777797 
494.0146821111633 303.0 35.0 309.0 8.0 299.7750775521993 294.3111111111112 14232.777777777797 
495.0146821111633 304.0 35.0 308.0 2.0 299.2286809080905 294.3111111111112 14232.777777777797 
496.0146821111633 304.0 35.0 309.0 1.0 295.2154424469111 259.09629629629615 14232.777777777797 
497.0146821111633 305.0 35.0 308.0 1.0 291.60352783184965 259.09629629629615 14232.777777777797 
498.0146821111633 305.0 35.0 308.0 3.0 288.3528046782943 259.09629629629615 14232.777777777797 
499.0146821111633 305.0 35.0 308.0 13.0 285.4271538400946 259.09629629629615 14232.777777777797 
500.0146821111633 305.0 35.0 308.0 2.0 282.79406808571474 259.09629629629615 14232.777777777797 
501.0146821111633 305.0 35.0 308.0 1.0 280.4242909067729 259.09629629629615 14232.777777777797 
502.0146821111633 306.0 35.0 307.0 1.0 277.0426025568364 246.60740740740732 14232.777777777797 
503.0146821111633 307.0 35.0 306.0 5.0 273.99908304189347 246.60740740740732 14232.777777777797 
504.0146821111633 307.0 35.0 307.0 16.0 271.25991547844495 246.60740740740732 14232.777777777797 
505.0146821111633 307.0 35.0 307.0 3.0 268.7946646713412 246.60740740740732 14232.777777777797 
506.0146821111633 308.0 35.0 306.0 12.0 268.3366796856886 264.21481481481493 14232.777777777797 
507.0146821111633 308.0 35.0 306.0 1.0 267.9244931986012 264.21481481481493 14232.777777777797 
508.0146821111633 309.0 35.0 305.0 1.0 267.55352536022264 264.21481481481493 14232.777777777797 
509.0146821111633 311.0 35.0 303.0 1.0 267.21965430568184 264.21481481481493 14232.777777777797 
510.0146821111633 313.0 35.0 301.0 10.0 265.6702814677063 251.72592592592576 14232.777777777797 
511.0146821111633 315.0 35.0 299.0 9.0 265.5128829505653 264.0962962962961 14232.777777777797 
512.0146821111633 316.0 35.0 298.0 5.0 265.3712242851384 264.0962962962961 14232.777777777797 
513.0146821111633 317.0 35.0 297.0 2.0 265.24373148625426 264.0962962962961 14232.777777777797 
514.0146821111633 319.0 35.0 295.0 1.0 265.12898796725847 264.0962962962961 14232.777777777797 
515.0146821111633 320.0 35.0 294.0 1.0 265.0257188001623 264.0962962962961 14232.777777777797 
516.0146821111633 320.0 35.0 294.0 1.0 263.6838876608868 251.6074074074073 14232.777777777797 
517.0146821111633 321.0 35.0 293.0 11.0 263.71401741331664 263.985185185185 14232.777777777797 
518.0146821111633 322.0 35.0 292.0 3.0 263.7411341905035 263.985185185185 14232.777777777797 
519.0146821111633 322.0 35.0 292.0 1.0 262.00479854923094 246.3777777777778 14232.777777777797 
520.0146821111633 323.0 35.0 291.0 1.0 260.44209647208567 246.3777777777778 14232.777777777797 
521.0146821111633 324.0 35.0 290.0 1.0 259.03566460265495 246.3777777777778 14232.777777777797 
522.0146821111633 324.0 35.0 290.0 1.0 257.7698759201672 246.3777777777778 14232.777777777797 
523.0146821111633 326.0 35.0 288.0 1.0 254.15585129111346 221.62962962962968 14232.777777777797 
524.0146821111633 327.0 35.0 287.0 1.0 250.90322912496515 221.62962962962968 14232.777777777797 
525.0146821111633 329.0 35.0 286.0 1.0 247.9758691754316 221.62962962962968 14232.777777777797 
526.0146821111633 330.0 35.0 285.0 20.0 245.34124522085142 221.62962962962968 14232.777777777797 
527.0146821111633 332.0 35.0 283.0 1.0 242.9700836617292 221.62962962962968 14232.777777777797 
528.0146821111633 332.0 35.0 284.0 1.0 240.83603825851932 221.62962962962968 14232.777777777797 
529.0146821111633 332.0 35.0 284.0 1.0 238.6028048030377 218.50370370370374 14232.777777777797 
530.0146821111633 333.0 35.0 283.0 10.0 236.2810428412525 215.3851851851853 14232.777777777797 
531.0146821111633 334.0 35.0 282.0 3.0 233.56701263120135 209.1407407407409 14232.777777777797 
532.0146821111633 336.0 35.0 280.0 8.0 231.1243854421553 209.1407407407409 14232.777777777797 
533.0146821111633 337.0 35.0 279.0 11.0 228.9260209720139 209.1407407407409 14232.777777777797 
534.0146821111633 338.0 35.0 278.0 1.0 226.63564109703472 206.02222222222235 14232.777777777797 
535.0146821111633 338.0 35.0 278.0 1.0 224.56244735770164 205.90370370370388 14232.777777777797 
536.0146821111633 338.0 35.0 278.0 1.0 222.6965729923019 205.90370370370388 14232.777777777797 
537.0146821111633 339.0 35.0 277.0 8.0 221.0172860634421 205.90370370370388 14232.777777777797 
538.0146821111633 339.0 35.0 277.0 12.0 219.5059278274683 205.90370370370388 14232.777777777797 
539.0146821111633 341.0 35.0 275.0 4.0 218.1457054150918 205.90370370370388 14232.777777777797 
540.0146821111633 341.0 35.0 275.0 1.0 216.60891265136047 202.77777777777794 14232.777777777797 
541.0146821111633 342.0 35.0 274.0 1.0 214.2895028677059 193.41481481481472 14232.777777777797 
542.0146821111633 342.0 35.0 274.0 2.0 213.4398118401946 205.7925925925925 14232.777777777797 
543.0146821111633 342.0 35.0 274.0 14.0 212.67508991543437 205.7925925925925 14232.777777777797 
544.0146821111633 343.0 35.0 273.0 3.0 213.22387722018726 218.1629629629629 14232.777777777797 
545.0146821111633 343.0 35.0 273.0 2.0 213.70593394261303 218.04444444444442 14232.777777777797 
546.0146821111633 343.0 35.0 273.0 1.0 215.37756277057395 230.42222222222225 14232.777777777797 
547.0146821111633 345.0 35.0 271.0 1.0 213.1694361231462 193.29629629629616 14232.777777777797 
548.0146821111633 346.0 35.0 271.0 1.0 212.41989991823903 205.67407407407396 14232.777777777797 
549.0146821111633 348.0 35.0 269.0 21.0 211.74531733382253 205.67407407407396 14232.777777777797 
550.0146821111633 348.0 35.0 270.0 1.0 211.13819300784766 205.67407407407396 14232.777777777797 
551.0146821111633 350.0 35.0 269.0 2.0 211.82955889224814 218.05185185185186 14232.777777777797 
552.0146821111633 352.0 35.0 267.0 1.0 212.45178818820855 218.05185185185186 14232.777777777797 
553.0146821111633 352.0 35.0 268.0 1.0 210.53697973975804 193.30370370370363 14232.777777777797 
554.0146821111633 355.0 35.0 265.0 1.0 206.33883732133782 168.55555555555546 14232.777777777797 
555.0146821111633 355.0 35.0 265.0 7.0 202.87310173735221 171.6814814814814 14232.777777777797 
556.0146821111633 357.0 35.0 264.0 12.0 199.75393971176516 171.6814814814814 14232.777777777797 
557.0146821111633 358.0 35.0 264.0 8.0 196.94669388873683 171.6814814814814 14232.777777777797 
558.0146821111633 361.0 35.0 261.0 1.0 194.1083207961594 168.56296296296296 14232.777777777797 
559.0146821111633 362.0 35.0 260.0 1.0 191.55378501283982 168.56296296296296 14232.777777777797 
560.0146821111633 362.0 35.0 260.0 1.0 189.25470280785214 168.56296296296296 14232.777777777797 
561.0146821111633 363.0 35.0 259.0 1.0 187.18552882336326 168.56296296296296 14232.777777777797 
562.0146821111633 364.0 35.0 258.0 9.0 185.32327223732327 168.56296296296296 14232.777777777797 
563.0146821111633 367.0 35.0 255.0 4.0 183.64724130988722 168.56296296296296 14232.777777777797 
564.0146821111633 367.0 35.0 255.0 1.0 182.1388134751948 168.56296296296296 14232.777777777797 
565.0146821111633 369.0 35.0 253.0 1.0 179.53233953508274 156.07407407407416 14232.777777777797 
566.0146821111633 370.0 35.0 252.0 1.0 177.1865129889819 156.07407407407416 14232.777777777797 
567.0146821111633 373.0 35.0 249.0 3.0 176.31230613452814 168.44444444444454 14232.777777777797 
568.0146821111633 373.0 35.0 249.0 11.0 176.7632977432976 180.8222222222223 14232.777777777797 
569.0146821111633 374.0 35.0 248.0 2.0 177.16919019119007 180.8222222222223 14232.777777777797 
570.0146821111633 374.0 35.0 248.0 1.0 177.53449339429332 180.8222222222223 14232.777777777797 
571.0146821111633 374.0 35.0 248.0 1.0 176.61437738819728 168.3333333333334 14232.777777777797 
572.0146821111633 376.0 35.0 246.0 1.0 175.78627298271093 168.3333333333334 14232.777777777797 
573.0146821111633 377.0 35.0 245.0 7.0 176.27801605481022 180.70370370370384 14232.777777777797 
574.0146821111633 379.0 35.0 244.0 6.0 178.48132556044033 198.31111111111107 14232.777777777797 
575.0146821111633 379.0 35.0 244.0 1.0 179.2272670784704 185.94074074074078 14232.777777777797 
576.0146821111633 383.0 35.0 240.0 1.0 179.89861444469744 185.94074074074078 14232.777777777797 
577.0146821111633 384.0 35.0 239.0 2.0 178.02801225948699 161.19259259259266 14232.777777777797 
578.0146821111633 386.0 35.0 237.0 14.0 176.34447029279755 161.19259259259266 14232.777777777797 
579.0146821111633 386.0 35.0 237.0 2.0 174.5166899301845 158.06666666666672 14232.777777777797 
580.0146821111633 387.0 35.0 236.0 1.0 172.87168760383273 158.06666666666672 14232.777777777797 
581.0146821111633 388.0 35.0 235.0 1.0 174.91266699159763 193.28148148148168 14232.777777777797 
582.0146821111633 388.0 35.0 235.0 1.0 178.51028918132675 210.88888888888903 14232.777777777797 
583.0146821111633 389.0 35.0 234.0 13.0 181.748149152083 210.88888888888903 14232.777777777797 
584.0146821111633 390.0 35.0 233.0 1.0 184.35037127391172 207.77037037037047 14232.777777777797 
585.0146821111633 390.0 35.0 233.0 1.0 184.93163044281684 190.16296296296287 14232.777777777797 
586.0146821111633 390.0 35.0 233.0 2.0 185.45476369483148 190.16296296296287 14232.777777777797 
587.0146821111633 391.0 35.0 232.0 2.0 184.1648428809039 172.55555555555546 14232.777777777797 
588.0146821111633 392.0 35.0 231.0 6.0 183.00391414836912 172.55555555555546 14232.777777777797 
589.0146821111633 392.0 35.0 231.0 1.0 181.95907828908778 172.55555555555546 14232.777777777797 
590.0146821111633 392.0 35.0 231.0 1.0 181.01872601573456 172.55555555555546 14232.777777777797 
591.0146821111633 394.0 35.0 229.0 1.0 180.17240896971666 172.55555555555546 14232.777777777797 
592.0146821111633 395.0 35.0 228.0 1.0 175.88924214681907 137.34074074074073 14232.777777777797 
593.0146821111633 397.0 35.0 226.0 1.0 172.03439200621128 137.34074074074073 14232.777777777797 
594.0146821111633 397.0 35.0 226.0 1.0 168.5650268796642 137.34074074074073 14232.777777777797 
595.0146821111633 397.0 35.0 227.0 9.0 165.44259826577186 137.34074074074073 14232.777777777797 
596.0146821111633 399.0 35.0 225.0 15.0 162.6324125132688 137.34074074074073 14232.777777777797 
597.0146821111633 399.0 35.0 225.0 1.0 160.10324533601604 137.34074074074073 14232.777777777797 
598.0146821111633 401.0 35.0 223.0 1.0 156.5781059875996 124.8518518518519 14232.777777777797 
599.0146821111633 401.0 35.0 223.0 1.0 153.40548057402486 124.8518518518519 14232.777777777797 
600.0146821111633 403.0 35.0 221.0 16.0 150.55011770180758 124.8518518518519 14232.777777777797 
#####################################################################
# End of data export. Simulation finished at: 2020-02-14T19:45+0000 #
#####################################################################
