#####################################################################
# Alchemist log file - simulation started at: 2020-02-10T19:54+0000 #
#####################################################################
# longseed = 6.0, meanTaskSize = 100, peakFrequency = 0.01
#
# The columns have the following meaning: 
# time done[Sum] drop[Sum] waiting[Sum] isLeader[Sum] capacity[Mean] freeCapacity[Mean] maxCapacity[Mean] 
0.0 NaN 0.0 NaN NaN NaN NaN NaN 
1.0115592716150654 0.0 0.0 0.0 135.0 14232.777777777797 14232.777777777797 14232.777777777797 
2.0115592716150656 0.0 0.0 0.0 135.0 14232.777777777797 14232.777777777797 14232.777777777797 
3.0115592716150656 0.0 0.0 0.0 135.0 14232.777777777797 14232.777777777797 14232.777777777797 
4.011559271615066 0.0 0.0 0.0 135.0 14232.777777777797 14232.777777777797 14232.777777777797 
5.011559271615066 0.0 0.0 0.0 135.0 14232.777777777797 14232.777777777797 14232.777777777797 
6.011559271615066 0.0 0.0 0.0 135.0 14232.777777777797 14232.777777777797 14232.777777777797 
7.011559271615066 0.0 0.0 0.0 135.0 14232.777777777797 14232.777777777797 14232.777777777797 
8.011559271615067 0.0 0.0 0.0 135.0 14232.777777777797 14232.777777777797 14232.777777777797 
9.011559271615067 0.0 0.0 0.0 135.0 14232.777777777797 14232.777777777797 14232.777777777797 
10.011559271615067 0.0 0.0 0.0 135.0 14232.777777777797 14232.777777777797 14232.777777777797 
11.011559271615067 0.0 0.0 0.0 135.0 14232.777777777797 14232.777777777797 14232.777777777797 
12.011559271615067 0.0 0.0 0.0 135.0 14232.777777777797 14232.777777777797 14232.777777777797 
13.011559271615067 0.0 0.0 0.0 135.0 14232.777777777797 14232.777777777797 14232.777777777797 
14.011559271615067 0.0 0.0 1.0 135.0 14232.777777777797 14232.777777777797 14232.777777777797 
15.011559271615067 0.0 0.0 1.0 135.0 14232.465185185178 14229.651851851839 14232.777777777797 
16.011559271615067 0.0 0.0 1.0 135.0 14232.183851851854 14229.651851851839 14232.777777777797 
17.011559271615067 0.0 0.0 1.0 135.0 14231.930651851852 14229.651851851839 14232.777777777797 
18.011559271615067 0.0 0.0 1.0 135.0 14231.702771851888 14229.651851851839 14232.777777777797 
19.011559271615067 0.0 0.0 1.0 135.0 14231.497679851847 14229.651851851839 14232.777777777797 
20.011559271615067 0.0 0.0 1.0 134.0 14231.313097051876 14229.651851851839 14232.777777777797 
21.011559271615067 0.0 0.0 2.0 134.0 14231.14697253186 14229.651851851839 14232.777777777797 
22.011559271615067 0.0 0.0 2.0 134.0 14230.684867871276 14226.525925925918 14232.777777777797 
23.011559271615067 0.0 0.0 2.0 134.0 14230.268973676732 14226.525925925918 14232.777777777797 
24.011559271615067 1.0 0.0 1.0 134.0 14229.894668901643 14226.525925925918 14232.777777777797 
25.011559271615067 1.0 0.0 1.0 134.0 14229.870387196652 14229.651851851839 14232.777777777797 
26.011559271615067 1.0 0.0 1.0 134.0 14229.848533662182 14229.651851851839 14232.777777777797 
27.011559271615067 1.0 0.0 2.0 133.0 14229.828865481151 14229.651851851839 14232.777777777797 
28.011559271615067 1.0 0.0 2.0 134.0 14229.498571525623 14226.525925925918 14232.777777777797 
29.011559271615067 1.0 0.0 2.0 134.0 14229.201306965651 14226.525925925918 14232.777777777797 
30.011559271615067 1.0 0.0 2.0 134.0 14228.93376886168 14226.525925925918 14232.777777777797 
31.011559271615067 1.0 0.0 2.0 134.0 14228.69298456811 14226.525925925918 14232.777777777797 
32.01155927161507 1.0 0.0 2.0 134.0 14228.47627870389 14226.525925925918 14232.777777777797 
33.01155927161507 1.0 0.0 2.0 133.0 14228.281243426089 14226.525925925918 14232.777777777797 
34.01155927161507 1.0 0.0 2.0 133.0 14228.105711676068 14226.525925925918 14232.777777777797 
35.01155927161507 2.0 0.0 1.0 133.0 14227.947733101066 14226.525925925918 14232.777777777797 
36.01155927161507 3.0 0.0 0.0 133.0 14228.118144976148 14229.651851851839 14232.777777777797 
37.01155927161507 3.0 0.0 0.0 133.0 14228.584108256326 14232.777777777797 14232.777777777797 
38.01155927161507 3.0 0.0 1.0 134.0 14229.003475208452 14232.777777777797 14232.777777777797 
39.01155927161507 3.0 0.0 1.0 134.0 14229.068312872778 14229.651851851839 14232.777777777797 
40.01155927161507 3.0 0.0 1.0 134.0 14229.126666770695 14229.651851851839 14232.777777777797 
41.01155927161507 3.0 0.0 1.0 134.0 14229.179185278823 14229.651851851839 14232.777777777797 
42.01155927161507 3.0 0.0 1.0 135.0 14229.226451936114 14229.651851851839 14232.777777777797 
43.01155927161507 3.0 0.0 1.0 135.0 14229.268991927689 14229.651851851839 14232.777777777797 
44.01155927161507 3.0 0.0 1.0 134.0 14229.307277920105 14229.651851851839 14232.777777777797 
45.01155927161507 3.0 0.0 1.0 134.0 14229.341735313288 14229.651851851839 14232.777777777797 
46.01155927161507 3.0 0.0 1.0 134.0 14229.372746967127 14229.651851851839 14232.777777777797 
47.01155927161507 4.0 0.0 0.0 134.0 14229.400657455606 14229.651851851839 14232.777777777797 
48.01155927161507 4.0 0.0 0.0 134.0 14229.738369487817 14232.777777777797 14232.777777777797 
49.01155927161507 4.0 0.0 0.0 134.0 14230.042310316829 14232.777777777797 14232.777777777797 
50.01155927161507 4.0 0.0 0.0 134.0 14230.315857062926 14232.777777777797 14232.777777777797 
51.01155927161507 4.0 0.0 0.0 135.0 14230.562049134405 14232.777777777797 14232.777777777797 
52.01155927161507 4.0 0.0 0.0 135.0 14230.783621998746 14232.777777777797 14232.777777777797 
53.01155927161507 4.0 0.0 0.0 135.0 14230.983037576652 14232.777777777797 14232.777777777797 
54.01155927161507 4.0 0.0 0.0 135.0 14231.162511596753 14232.777777777797 14232.777777777797 
55.01155927161507 4.0 0.0 0.0 135.0 14231.324038214878 14232.777777777797 14232.777777777797 
56.01155927161507 4.0 0.0 0.0 135.0 14231.469412171162 14232.777777777797 14232.777777777797 
57.01155927161507 4.0 0.0 0.0 135.0 14231.600248731813 14232.777777777797 14232.777777777797 
58.01155927161507 4.0 0.0 0.0 135.0 14231.718001636393 14232.777777777797 14232.777777777797 
59.01155927161507 4.0 0.0 0.0 135.0 14231.82397925055 14232.777777777797 14232.777777777797 
60.01155927161507 4.0 0.0 0.0 135.0 14231.919359103247 14232.777777777797 14232.777777777797 
61.01155927161507 4.0 0.0 0.0 135.0 14232.00520097074 14232.777777777797 14232.777777777797 
62.01155927161507 4.0 0.0 0.0 135.0 14232.082458651446 14232.777777777797 14232.777777777797 
63.01155927161507 4.0 0.0 1.0 135.0 14232.151990564053 14232.777777777797 14232.777777777797 
64.01155927161507 4.0 0.0 2.0 135.0 14231.901976692823 14229.651851851839 14232.777777777797 
65.01155927161507 4.0 0.0 2.0 135.0 14231.364371616142 14226.525925925918 14232.777777777797 
66.01155927161507 4.0 0.0 2.0 135.0 14230.880527047126 14226.525925925918 14232.777777777797 
67.01155927161507 4.0 0.0 2.0 135.0 14230.445066935008 14226.525925925918 14232.777777777797 
68.01155927161507 4.0 0.0 2.0 135.0 14230.053152834114 14226.525925925918 14232.777777777797 
69.01155927161507 4.0 0.0 2.0 134.0 14229.700430143266 14226.525925925918 14232.777777777797 
70.01155927161507 4.0 0.0 2.0 133.0 14229.382979721557 14226.525925925918 14232.777777777797 
71.01155927161507 4.0 0.0 2.0 133.0 14229.097274341973 14226.525925925918 14232.777777777797 
72.01155927161507 5.0 0.0 1.0 133.0 14228.840139500404 14226.525925925918 14232.777777777797 
73.01155927161507 5.0 0.0 1.0 133.0 14228.921310735508 14229.651851851839 14232.777777777797 
74.01155927161507 5.0 0.0 1.0 133.0 14228.994364847138 14229.651851851839 14232.777777777797 
75.01155927161507 5.0 0.0 1.0 133.0 14229.060113547646 14229.651851851839 14232.777777777797 
76.01155927161507 5.0 0.0 1.0 134.0 14229.11928737804 14229.651851851839 14232.777777777797 
77.01155927161507 5.0 0.0 1.0 134.0 14229.17254382543 14229.651851851839 14232.777777777797 
78.01155927161507 5.0 0.0 1.0 134.0 14229.220474628093 14229.651851851839 14232.777777777797 
79.01155927161507 5.0 0.0 1.0 134.0 14229.263612350453 14229.651851851839 14232.777777777797 
80.01155927161507 5.0 0.0 1.0 134.0 14229.30243630061 14229.651851851839 14232.777777777797 
81.01155927161507 5.0 0.0 1.0 134.0 14229.337377855723 14229.651851851839 14232.777777777797 
82.01155927161507 5.0 0.0 1.0 134.0 14229.368825255322 14229.651851851839 14232.777777777797 
83.01155927161507 5.0 0.0 3.0 134.0 14229.397127915003 14229.651851851839 14232.777777777797 
84.01155927161507 7.0 0.0 1.0 134.0 14228.797415123487 14223.400000000001 14232.777777777797 
85.01155927161507 7.0 0.0 1.0 134.0 14228.882858796343 14229.651851851839 14232.777777777797 
86.01155927161507 7.0 0.0 1.0 134.0 14228.959758101873 14229.651851851839 14232.777777777797 
87.01155927161507 7.0 0.0 2.0 134.0 14229.02896747685 14229.651851851839 14232.777777777797 
88.01155927161507 7.0 0.0 2.0 134.0 14228.778663321775 14226.525925925918 14232.777777777797 
89.01155927161507 7.0 0.0 2.0 133.0 14228.553389582206 14226.525925925918 14232.777777777797 
90.01155927161507 7.0 0.0 2.0 133.0 14228.350643216572 14226.525925925918 14232.777777777797 
91.01155927161507 7.0 0.0 2.0 134.0 14228.168171487492 14226.525925925918 14232.777777777797 
92.01155927161507 7.0 0.0 2.0 134.0 14228.003946931354 14226.525925925918 14232.777777777797 
93.01155927161507 7.0 0.0 2.0 133.0 14227.856144830792 14226.525925925918 14232.777777777797 
94.01155927161507 7.0 0.0 2.0 133.0 14227.72312294031 14226.525925925918 14232.777777777797 
95.01155927161507 8.0 0.0 1.0 133.0 14227.60340323887 14226.525925925918 14232.777777777797 
96.01155927161507 8.0 0.0 1.0 133.0 14227.80824810017 14229.651851851839 14232.777777777797 
97.01155927161507 8.0 0.0 1.0 133.0 14227.992608475339 14229.651851851839 14232.777777777797 
98.01155927161507 8.0 0.0 1.0 133.0 14228.158532813011 14229.651851851839 14232.777777777797 
99.01155927161507 8.0 0.0 2.0 133.0 14228.30786471687 14229.651851851839 14232.777777777797 
100.01155927161507 8.0 0.0 2.0 134.0 14228.129670837765 14226.525925925918 14232.777777777797 
101.01155927161507 8.0 0.0 2.0 134.0 14227.969296346571 14226.525925925918 14232.777777777797 
102.01155927161507 9.0 0.0 1.0 134.0 14227.82495930455 14226.525925925918 14232.777777777797 
103.01155927161507 9.0 0.0 1.0 134.0 14228.007648559245 14229.651851851839 14232.777777777797 
104.01155927161507 9.0 0.0 2.0 134.0 14228.172068888505 14229.651851851839 14232.777777777797 
105.01155927161507 9.0 0.0 2.0 133.0 14228.007454592254 14226.525925925918 14232.777777777797 
106.01155927161507 9.0 0.0 2.0 133.0 14227.859301725624 14226.525925925918 14232.777777777797 
107.01155927161507 9.0 0.0 2.0 133.0 14227.725964145659 14226.525925925918 14232.777777777797 
108.01155927161507 9.0 0.0 3.0 134.0 14227.605960323668 14226.525925925918 14232.777777777797 
109.01155927161507 9.0 0.0 3.0 134.0 14227.185364291327 14223.400000000001 14232.777777777797 
110.01155927161507 9.0 0.0 3.0 133.0 14226.80682786218 14223.400000000001 14232.777777777797 
111.01155927161507 9.0 0.0 3.0 133.0 14226.466145075981 14223.400000000001 14232.777777777797 
112.01155927161507 11.0 0.0 1.0 133.0 14226.159530568355 14223.400000000001 14232.777777777797 
113.01155927161507 11.0 0.0 1.0 133.0 14226.508762696698 14229.651851851839 14232.777777777797 
114.01155927161507 11.0 0.0 1.0 132.0 14226.823071612207 14229.651851851839 14232.777777777797 
115.01155927161507 11.0 0.0 1.0 133.0 14227.10594963621 14229.651851851839 14232.777777777797 
116.01155927161507 11.0 0.0 1.0 133.0 14227.360539857755 14229.651851851839 14232.777777777797 
117.01155927161507 11.0 0.0 2.0 134.0 14227.589671057158 14229.651851851839 14232.777777777797 
118.01155927161507 12.0 0.0 1.0 134.0 14226.034407655154 14212.037037037013 14232.777777777797 
119.01155927161507 12.0 0.0 1.0 134.0 14226.396152074825 14229.651851851839 14232.777777777797 
120.01155927161507 12.0 0.0 1.0 134.0 14226.721722052536 14229.651851851839 14232.777777777797 
121.01155927161507 12.0 0.0 1.0 134.0 14227.014735032455 14229.651851851839 14232.777777777797 
122.01155927161507 12.0 0.0 1.0 134.0 14227.278446714405 14229.651851851839 14232.777777777797 
123.01155927161507 12.0 0.0 1.0 134.0 14227.515787228136 14229.651851851839 14232.777777777797 
124.01155927161507 12.0 0.0 2.0 134.0 14227.729393690513 14229.651851851839 14232.777777777797 
125.01155927161507 13.0 0.0 1.0 134.0 14226.160158025163 14212.037037037013 14232.777777777797 
126.01155927161507 13.0 0.0 1.0 134.0 14226.509327407832 14229.651851851839 14232.777777777797 
127.01155927161507 13.0 0.0 1.0 134.0 14226.823579852236 14229.651851851839 14232.777777777797 
128.01155927161506 13.0 0.0 1.0 134.0 14227.106407052192 14229.651851851839 14232.777777777797 
129.01155927161506 14.0 0.0 0.0 134.0 14227.360951532177 14229.651851851839 14232.777777777797 
130.01155927161506 14.0 0.0 0.0 134.0 14227.90263415673 14232.777777777797 14232.777777777797 
131.01155927161506 14.0 0.0 0.0 134.0 14228.390148518825 14232.777777777797 14232.777777777797 
132.01155927161506 14.0 0.0 0.0 134.0 14228.828911444725 14232.777777777797 14232.777777777797 
133.01155927161506 14.0 0.0 0.0 134.0 14229.223798078041 14232.777777777797 14232.777777777797 
134.01155927161506 14.0 0.0 0.0 134.0 14229.57919604802 14232.777777777797 14232.777777777797 
135.01155927161506 14.0 0.0 0.0 134.0 14229.899054220996 14232.777777777797 14232.777777777797 
136.01155927161506 14.0 0.0 0.0 135.0 14230.186926576644 14232.777777777797 14232.777777777797 
137.01155927161506 14.0 0.0 0.0 135.0 14230.44601169677 14232.777777777797 14232.777777777797 
138.01155927161506 14.0 0.0 0.0 135.0 14230.679188304877 14232.777777777797 14232.777777777797 
139.01155927161506 14.0 0.0 0.0 135.0 14230.88904725216 14232.777777777797 14232.777777777797 
140.01155927161506 14.0 0.0 0.0 135.0 14231.077920304748 14232.777777777797 14232.777777777797 
141.01155927161506 14.0 0.0 0.0 135.0 14231.247906052022 14232.777777777797 14232.777777777797 
142.01155927161506 14.0 0.0 1.0 135.0 14231.400893224589 14232.777777777797 14232.777777777797 
143.01155927161506 15.0 0.0 1.0 135.0 14231.225989087328 14229.651851851839 14232.777777777797 
144.01155927161506 15.0 0.0 2.0 135.0 14231.068575363755 14229.651851851839 14232.777777777797 
145.01155927161506 16.0 0.0 1.0 135.0 14229.165421531126 14212.037037037013 14232.777777777797 
146.01155927161506 16.0 0.0 1.0 135.0 14229.214064563195 14229.651851851839 14232.777777777797 
147.01155927161506 16.0 0.0 2.0 135.0 14229.257843292033 14229.651851851839 14232.777777777797 
148.01155927161506 17.0 0.0 1.0 135.0 14227.535762666575 14212.037037037013 14232.777777777797 
149.01155927161506 17.0 0.0 1.0 134.0 14227.747371585065 14229.651851851839 14232.777777777797 
150.01155927161506 17.0 0.0 1.0 134.0 14227.937819611761 14229.651851851839 14232.777777777797 
151.01155927161506 17.0 0.0 1.0 134.0 14228.10922283576 14229.651851851839 14232.777777777797 
152.01155927161506 17.0 0.0 2.0 134.0 14228.26348573737 14229.651851851839 14232.777777777797 
153.01155927161506 18.0 0.0 2.0 134.0 14226.640840867358 14212.037037037013 14232.777777777797 
154.01155927161506 19.0 0.0 1.0 134.0 14226.629349373192 14226.525925925918 14232.777777777797 
155.01155927161506 19.0 0.0 1.0 134.0 14226.931599621075 14229.651851851839 14232.777777777797 
156.01155927161506 19.0 0.0 1.0 134.0 14227.203624844171 14229.651851851839 14232.777777777797 
157.01155927161506 19.0 0.0 1.0 134.0 14227.448447544915 14229.651851851839 14232.777777777797 
158.01155927161506 19.0 0.0 1.0 134.0 14227.668787975632 14229.651851851839 14232.777777777797 
159.01155927161506 19.0 0.0 2.0 134.0 14227.867094363226 14229.651851851839 14232.777777777797 
160.01155927161506 19.0 0.0 2.0 134.0 14227.732977519498 14226.525925925918 14232.777777777797 
161.01155927161506 19.0 0.0 2.0 134.0 14227.612272360153 14226.525925925918 14232.777777777797 
162.01155927161506 20.0 0.0 1.0 134.0 14227.503637716725 14226.525925925918 14232.777777777797 
163.01155927161506 20.0 0.0 1.0 134.0 14227.71845913022 14229.651851851839 14232.777777777797 
164.01155927161506 20.0 0.0 1.0 134.0 14227.911798402376 14229.651851851839 14232.777777777797 
165.01155927161506 20.0 0.0 1.0 133.0 14228.085803747344 14229.651851851839 14232.777777777797 
166.01155927161506 20.0 0.0 1.0 134.0 14228.24240855779 14229.651851851839 14232.777777777797 
167.01155927161506 20.0 0.0 2.0 134.0 14228.383352887204 14229.651851851839 14232.777777777797 
168.01155927161506 21.0 0.0 1.0 134.0 14228.19761019107 14226.525925925918 14232.777777777797 
169.01155927161506 21.0 0.0 1.0 134.0 14228.343034357158 14229.651851851839 14232.777777777797 
170.01155927161506 21.0 0.0 1.0 134.0 14228.473916106615 14229.651851851839 14232.777777777797 
171.01155927161506 21.0 0.0 1.0 134.0 14228.59170968117 14229.651851851839 14232.777777777797 
172.01155927161506 21.0 0.0 1.0 135.0 14228.697723898229 14229.651851851839 14232.777777777797 
173.01155927161506 21.0 0.0 1.0 134.0 14228.793136693595 14229.651851851839 14232.777777777797 
174.01155927161506 21.0 0.0 1.0 134.0 14228.879008209406 14229.651851851839 14232.777777777797 
175.01155927161506 21.0 0.0 1.0 134.0 14228.956292573674 14229.651851851839 14232.777777777797 
176.01155927161506 22.0 0.0 0.0 134.0 14229.025848501484 14229.651851851839 14232.777777777797 
177.01155927161506 22.0 0.0 0.0 134.0 14229.4010414291 14232.777777777797 14232.777777777797 
178.01155927161506 22.0 0.0 1.0 134.0 14229.73871506395 14232.777777777797 14232.777777777797 
179.01155927161506 23.0 0.0 1.0 134.0 14228.281139853862 14215.162962962962 14232.777777777797 
180.01155927161506 24.0 0.0 0.0 135.0 14226.969322164778 14215.162962962962 14232.777777777797 
181.01155927161506 24.0 0.0 0.0 135.0 14227.550167726058 14232.777777777797 14232.777777777797 
182.01155927161506 24.0 0.0 1.0 135.0 14228.072928731244 14232.777777777797 14232.777777777797 
183.01155927161506 24.0 0.0 1.0 135.0 14228.230821043333 14229.651851851839 14232.777777777797 
184.01155927161506 24.0 0.0 1.0 135.0 14228.372924124178 14229.651851851839 14232.777777777797 
185.01155927161506 24.0 0.0 3.0 135.0 14228.500816896929 14229.651851851839 14232.777777777797 
186.01155927161506 24.0 0.0 3.0 135.0 14227.99073520725 14223.400000000001 14232.777777777797 
187.01155927161506 24.0 0.0 3.0 135.0 14227.531661686533 14223.400000000001 14232.777777777797 
188.01155927161506 24.0 0.0 3.0 134.0 14227.118495517854 14223.400000000001 14232.777777777797 
189.01155927161506 24.0 0.0 3.0 134.0 14226.746645966074 14223.400000000001 14232.777777777797 
190.01155927161506 24.0 0.0 3.0 134.0 14226.41198136948 14223.400000000001 14232.777777777797 
191.01155927161506 24.0 0.0 3.0 132.0 14226.110783232516 14223.400000000001 14232.777777777797 
192.01155927161506 24.0 0.0 3.0 132.0 14225.83970490926 14223.400000000001 14232.777777777797 
193.00732199250058 24.0 0.0 3.0 132.0 14225.595734418326 14223.400000000001 14232.777777777797 
194.01155927161506 24.0 0.0 5.0 132.0 14225.376160976522 14223.400000000001 14232.777777777797 
195.01155927161506 24.0 0.0 5.0 132.0 14224.553359693697 14217.14814814815 14232.777777777797 
196.01155927161506 25.0 0.0 5.0 132.0 14223.812838539132 14217.14814814815 14232.777777777797 
197.01155927161506 26.0 0.0 4.0 132.0 14223.14636950002 14217.14814814815 14232.777777777797 
198.01155927161506 26.0 0.0 4.0 132.0 14222.85913995741 14220.274074074052 14232.777777777797 
199.01155927161506 26.0 0.0 4.0 132.0 14222.600633369108 14220.274074074052 14232.777777777797 
200.01155927161506 27.0 0.0 3.0 131.0 14222.367977439588 14220.274074074052 14232.777777777797 
201.01155927161506 27.0 0.0 4.0 132.0 14222.471179695629 14223.400000000001 14232.777777777797 
202.01155927161506 28.0 0.0 4.0 132.0 14222.251469133502 14220.274074074052 14232.777777777797 
203.01155927161506 28.0 0.0 4.0 132.0 14222.053729627547 14220.274074074052 14232.777777777797 
204.01155927161506 28.0 0.0 5.0 132.0 14221.8757640722 14220.274074074052 14232.777777777797 
205.01155927161506 28.0 0.0 5.0 131.0 14221.40374322054 14217.155555555531 14232.777777777797 
206.01155927161506 29.0 0.0 4.0 131.0 14220.978924454028 14217.155555555531 14232.777777777797 
207.01155927161506 30.0 0.0 3.0 130.0 14220.908439416036 14220.274074074052 14232.777777777797 
208.01155927161506 30.0 0.0 3.0 131.0 14221.157595474428 14223.400000000001 14232.777777777797 
209.01155927161506 31.0 0.0 3.0 132.0 14221.381835926968 14223.400000000001 14232.777777777797 
210.01155927161506 32.0 0.0 2.0 132.0 14220.1347634454 14208.911111111145 14232.777777777797 
211.01155927161506 32.0 0.0 3.0 132.0 14220.77387969346 14226.525925925918 14232.777777777797 
212.01155927161506 32.0 0.0 3.0 132.0 14221.0364917241 14223.400000000001 14232.777777777797 
213.01155927161506 32.0 0.0 3.0 132.0 14221.272842551716 14223.400000000001 14232.777777777797 
214.01155927161506 32.0 0.0 3.0 132.0 14221.485558296506 14223.400000000001 14232.777777777797 
215.01155927161506 34.0 0.0 1.0 132.0 14221.67700246686 14223.400000000001 14232.777777777797 
216.01155927161506 34.0 0.0 2.0 133.0 14222.474487405383 14229.651851851839 14232.777777777797 
217.01155927161506 34.0 0.0 2.0 131.0 14222.879631257449 14226.525925925918 14232.777777777797 
218.01155927161506 34.0 0.0 2.0 131.0 14223.24426072429 14226.525925925918 14232.777777777797 
219.01155927161506 34.0 0.0 2.0 131.0 14223.572427244462 14226.525925925918 14232.777777777797 
220.01155927161506 34.0 0.0 2.0 131.0 14223.86777711257 14226.525925925918 14232.777777777797 
221.01155927161506 34.0 0.0 2.0 131.0 14224.133591993912 14226.525925925918 14232.777777777797 
222.01155927161506 34.0 0.0 2.0 133.0 14224.372825387105 14226.525925925918 14232.777777777797 
223.01155927161506 34.0 0.0 2.0 133.0 14224.58813544098 14226.525925925918 14232.777777777797 
224.01155927161506 34.0 0.0 2.0 133.0 14224.781914489493 14226.525925925918 14232.777777777797 
225.01155927161506 34.0 0.0 2.0 133.0 14224.956315633135 14226.525925925918 14232.777777777797 
226.01155927161506 34.0 0.0 2.0 133.0 14225.113276662434 14226.525925925918 14232.777777777797 
227.01155927161506 35.0 0.0 1.0 133.0 14225.254541588789 14226.525925925918 14232.777777777797 
228.01155927161506 35.0 0.0 1.0 133.0 14225.69427261508 14229.651851851839 14232.777777777797 
229.01155927161506 35.0 0.0 1.0 133.0 14226.090030538746 14229.651851851839 14232.777777777797 
230.01155927161506 35.0 0.0 1.0 133.0 14226.446212670066 14229.651851851839 14232.777777777797 
231.01155927161506 35.0 0.0 1.0 133.0 14226.766776588225 14229.651851851839 14232.777777777797 
232.01155927161506 35.0 0.0 1.0 133.0 14227.055284114627 14229.651851851839 14232.777777777797 
233.01155927161506 35.0 0.0 1.0 134.0 14227.314940888316 14229.651851851839 14232.777777777797 
234.01155927161506 35.0 0.0 1.0 134.0 14227.548631984659 14229.651851851839 14232.777777777797 
235.01155927161506 35.0 0.0 1.0 134.0 14227.7589539714 14229.651851851839 14232.777777777797 
236.01155927161506 35.0 0.0 1.0 134.0 14227.948243759456 14229.651851851839 14232.777777777797 
237.01155927161506 35.0 0.0 1.0 134.0 14228.118604568679 14229.651851851839 14232.777777777797 
238.01155927161506 35.0 0.0 2.0 134.0 14228.271929297012 14229.651851851839 14232.777777777797 
239.01155927161506 35.0 0.0 2.0 134.0 14228.097328959893 14226.525925925918 14232.777777777797 
240.01155927161506 35.0 0.0 2.0 134.0 14227.9401886565 14226.525925925918 14232.777777777797 
241.01155927161506 36.0 0.0 1.0 134.0 14227.79876238345 14226.525925925918 14232.777777777797 
242.01155927161506 36.0 0.0 1.0 134.0 14227.984071330298 14229.651851851839 14232.777777777797 
243.01155927161506 36.0 0.0 3.0 134.0 14228.150849382462 14229.651851851839 14232.777777777797 
244.01155927161506 36.0 0.0 3.0 133.0 14227.675764444191 14223.400000000001 14232.777777777797 
245.01155927161506 36.0 0.0 3.0 133.0 14227.248187999776 14223.400000000001 14232.777777777797 
246.01155927161506 36.0 0.0 3.0 133.0 14226.8633691998 14223.400000000001 14232.777777777797 
247.01155927161506 36.0 0.0 5.0 133.0 14226.517032279795 14223.400000000001 14232.777777777797 
248.01155927161506 37.0 0.0 4.0 133.0 14224.131254977752 14202.659259259277 14232.777777777797 
249.01155927161506 37.0 0.0 4.0 132.0 14223.745536887394 14220.274074074052 14232.777777777797 
250.01155927161506 38.0 0.0 4.0 132.0 14223.39839060607 14220.274074074052 14232.777777777797 
251.01155927161506 38.0 0.0 4.0 132.0 14223.39855154546 14223.400000000001 14232.777777777797 
252.01155927161506 39.0 0.0 3.0 133.0 14221.637214909444 14205.785185185186 14232.777777777797 
253.01155927161506 39.0 0.0 4.0 132.0 14221.813493418467 14223.400000000001 14232.777777777797 
254.01155927161506 39.0 0.0 6.0 132.0 14221.659551484043 14220.274074074052 14232.777777777797 
255.01155927161506 40.0 0.0 5.0 132.0 14220.895818557878 14214.022222222226 14232.777777777797 
256.01155927161506 40.0 0.0 8.0 132.0 14220.521051516882 14217.14814814815 14232.777777777797 
257.01155927161506 41.0 0.0 7.0 132.0 14219.246724142999 14207.777777777797 14232.777777777797 
258.01155927161506 41.0 0.0 7.0 131.0 14218.412422099043 14210.903703703707 14232.777777777797 
259.01155927161506 42.0 0.0 7.0 130.0 14217.661550259512 14210.903703703707 14232.777777777797 
260.01155927161506 43.0 0.0 6.0 131.0 14215.53687671506 14196.414814814798 14232.777777777797 
261.01155927161506 44.0 0.0 5.0 131.0 14215.386152006522 14214.029629629666 14232.777777777797 
262.01155927161506 44.0 0.0 5.0 129.0 14215.563092361394 14217.155555555531 14232.777777777797 
263.01155927161506 45.0 0.0 4.0 129.0 14215.722338680802 14217.155555555531 14232.777777777797 
264.01155927161506 45.0 0.0 4.0 130.0 14216.1782529609 14220.281481481483 14232.777777777797 
265.01155927161506 46.0 0.0 3.0 131.0 14216.588575812933 14220.281481481483 14232.777777777797 
266.01155927161506 46.0 0.0 3.0 131.0 14217.270458972396 14223.407407407401 14232.777777777797 
267.01155927161506 47.0 0.0 3.0 131.0 14217.88415381588 14223.407407407401 14232.777777777797 
268.01155927161506 47.0 0.0 3.0 132.0 14218.436479175065 14223.407407407401 14232.777777777797 
269.01155927161506 47.0 0.0 3.0 133.0 14218.933571998292 14223.407407407401 14232.777777777797 
270.01155927161506 47.0 0.0 3.0 133.0 14219.380955539207 14223.407407407401 14232.777777777797 
271.01155927161506 47.0 0.0 3.0 133.0 14219.783600726016 14223.407407407401 14232.777777777797 
272.01155927161506 48.0 0.0 2.0 133.0 14220.14598139416 14223.407407407401 14232.777777777797 
273.01155927161506 48.0 0.0 4.0 132.0 14220.783975847347 14226.525925925918 14232.777777777797 
274.01155927161506 49.0 0.0 4.0 133.0 14219.284096781099 14205.785185185186 14232.777777777797 
275.01155927161506 49.0 0.0 4.0 133.0 14219.383094510396 14220.274074074052 14232.777777777797 
276.01155927161506 49.0 0.0 4.0 133.0 14219.472192466797 14220.274074074052 14232.777777777797 
277.01155927161506 49.0 0.0 4.0 133.0 14219.552380627521 14220.274074074052 14232.777777777797 
278.01155927161506 50.0 0.0 5.0 133.0 14219.624549972183 14220.274074074052 14232.777777777797 
279.01155927161506 51.0 0.0 4.0 132.0 14219.376909789755 14217.14814814815 14232.777777777797 
280.01155927161506 52.0 0.0 3.0 131.0 14219.46662621819 14220.274074074052 14232.777777777797 
281.01155927161506 53.0 0.0 2.0 131.0 14219.859963596391 14223.400000000001 14232.777777777797 
282.01155927161506 53.0 0.0 2.0 132.0 14220.526559829335 14226.525925925918 14232.777777777797 
283.01155927161506 53.0 0.0 2.0 134.0 14221.126496439005 14226.525925925918 14232.777777777797 
284.01155927161506 54.0 0.0 2.0 133.0 14221.66643938767 14226.525925925918 14232.777777777797 
285.01155927161506 54.0 0.0 2.0 133.0 14222.1523880415 14226.525925925918 14232.777777777797 
286.01155927161506 54.0 0.0 2.0 133.0 14222.589741829954 14226.525925925918 14232.777777777797 
287.01155927161506 54.0 0.0 2.0 133.0 14222.983360239547 14226.525925925918 14232.777777777797 
288.01155927161506 54.0 0.0 2.0 133.0 14223.337616808165 14226.525925925918 14232.777777777797 
289.01155927161506 54.0 0.0 3.0 133.0 14223.656447719935 14226.525925925918 14232.777777777797 
290.01155927161506 54.0 0.0 4.0 132.0 14222.181914059078 14208.911111111145 14232.777777777797 
291.01155927161506 55.0 0.0 3.0 132.0 14219.09335228279 14191.296296296277 14232.777777777797 
292.01155927161506 55.0 0.0 3.0 132.0 14218.075128165627 14208.911111111145 14232.777777777797 
293.01155927161506 55.0 0.0 3.0 132.0 14217.158726460184 14208.911111111145 14232.777777777797 
294.01155927161506 55.0 0.0 3.0 133.0 14216.333964925272 14208.911111111145 14232.777777777797 
295.01155927161506 55.0 0.0 4.0 132.0 14215.279086951265 14205.785185185186 14232.777777777797 
296.01155927161506 57.0 0.0 2.0 132.0 14215.778585663547 14220.274074074052 14232.777777777797 
297.01155927161506 57.0 0.0 3.0 132.0 14216.540727097197 14223.400000000001 14232.777777777797 
298.01155927161506 59.0 0.0 2.0 132.0 14215.465172906008 14205.785185185186 14232.777777777797 
299.01155927161506 59.0 0.0 2.0 132.0 14216.258655615396 14223.400000000001 14232.777777777797 
300.01155927161506 59.0 0.0 3.0 132.0 14216.972790053864 14223.400000000001 14232.777777777797 
301.01155927161506 59.0 0.0 4.0 131.0 14217.302918455876 14220.274074074052 14232.777777777797 
302.01155927161506 59.0 0.0 4.0 131.0 14217.287441425102 14217.14814814815 14232.777777777797 
303.01155927161506 60.0 0.0 4.0 132.0 14217.273512097408 14217.14814814815 14232.777777777797 
304.01155927161506 61.0 0.0 3.0 132.0 14215.812086813577 14202.659259259277 14232.777777777797 
305.01155927161506 61.0 0.0 4.0 132.0 14216.258285539618 14220.274074074052 14232.777777777797 
306.01155927161506 62.0 0.0 4.0 132.0 14216.347271800483 14217.14814814815 14232.777777777797 
307.01155927161506 62.0 0.0 5.0 131.0 14216.427359435263 14217.14814814815 14232.777777777797 
308.01155927161506 63.0 0.0 4.0 131.0 14214.737956825064 14199.533333333318 14232.777777777797 
309.01155927161506 63.0 0.0 4.0 132.0 14214.978975957383 14217.14814814815 14232.777777777797 
310.01155927161506 63.0 0.0 4.0 132.0 14215.195893176451 14217.14814814815 14232.777777777797 
311.01155927161506 64.0 0.0 3.0 131.0 14215.391118673624 14217.14814814815 14232.777777777797 
312.01155927161506 64.0 0.0 4.0 130.0 14215.879414213668 14220.274074074052 14232.777777777797 
313.01155927161506 66.0 0.0 2.0 130.0 14216.006287607102 14217.14814814815 14232.777777777797 
314.01155927161506 67.0 0.0 1.0 130.0 14216.745658846401 14223.400000000001 14232.777777777797 
315.01155927161506 67.0 0.0 1.0 131.0 14217.723685554342 14226.525925925918 14232.777777777797 
316.01155927161506 67.0 0.0 2.0 131.0 14218.603909591513 14226.525925925918 14232.777777777797 
317.01155927161506 67.0 0.0 3.0 132.0 14219.083518632355 14223.400000000001 14232.777777777797 
318.01155927161506 67.0 0.0 3.0 132.0 14219.202574176548 14220.274074074052 14232.777777777797 
319.01155927161506 67.0 0.0 3.0 132.0 14219.309724166284 14220.274074074052 14232.777777777797 
320.01155927161506 68.0 0.0 2.0 133.0 14219.406159157057 14220.274074074052 14232.777777777797 
321.01155927161506 69.0 0.0 1.0 133.0 14219.80554324137 14223.400000000001 14232.777777777797 
322.01155927161506 69.0 0.0 2.0 133.0 14220.477581509798 14226.525925925918 14232.777777777797 
323.01155927161506 70.0 0.0 1.0 132.0 14219.320934469935 14208.911111111145 14232.777777777797 
324.01155927161506 70.0 0.0 1.0 132.0 14220.04143361554 14226.525925925918 14232.777777777797 
325.01155927161506 70.0 0.0 1.0 132.0 14220.689882846593 14226.525925925918 14232.777777777797 
326.01155927161506 70.0 0.0 2.0 132.0 14221.586079747105 14229.651851851839 14232.777777777797 
327.01155927161506 70.0 0.0 3.0 133.0 14222.08006436501 14226.525925925918 14232.777777777797 
328.01155927161506 70.0 0.0 3.0 133.0 14222.21205792849 14223.400000000001 14232.777777777797 
329.01155927161506 71.0 0.0 2.0 133.0 14222.330852135647 14223.400000000001 14232.777777777797 
330.01155927161506 71.0 0.0 2.0 132.0 14222.750359514666 14226.525925925918 14232.777777777797 
331.01155927161506 71.0 0.0 2.0 131.0 14223.127916155772 14226.525925925918 14232.777777777797 
332.01155927161506 72.0 0.0 2.0 131.0 14223.467717132828 14226.525925925918 14232.777777777797 
333.01155927161506 72.0 0.0 3.0 132.0 14223.773538012118 14226.525925925918 14232.777777777797 
334.01155927161506 73.0 0.0 4.0 134.0 14223.736184210908 14223.400000000001 14232.777777777797 
335.01155927161506 76.0 0.0 1.0 134.0 14221.94108430834 14205.785185185186 14232.777777777797 
336.01155927161506 76.0 0.0 2.0 134.0 14222.712161062685 14229.651851851839 14232.777777777797 
337.01155927161506 76.0 0.0 2.0 134.0 14223.093537549006 14226.525925925918 14232.777777777797 
338.01155927161506 76.0 0.0 3.0 134.0 14223.436776386696 14226.525925925918 14232.777777777797 
339.01155927161506 76.0 0.0 3.0 134.0 14223.433098748035 14223.400000000001 14232.777777777797 
340.01155927161506 76.0 0.0 4.0 134.0 14223.429788873227 14223.400000000001 14232.777777777797 
341.01155927161506 77.0 0.0 3.0 134.0 14223.1142173933 14220.274074074052 14232.777777777797 
342.01155927161506 78.0 0.0 2.0 133.0 14223.142795653968 14223.400000000001 14232.777777777797 
343.01155927161506 78.0 0.0 3.0 133.0 14223.48110868119 14226.525925925918 14232.777777777797 
344.01155927161506 78.0 0.0 3.0 132.0 14223.472997813067 14223.400000000001 14232.777777777797 
345.01155927161506 78.0 0.0 4.0 133.0 14223.465698031769 14223.400000000001 14232.777777777797 
346.01155927161506 79.0 0.0 3.0 133.0 14223.146535636004 14220.274074074052 14232.777777777797 
347.01155927161506 79.0 0.0 4.0 133.0 14223.171882072382 14223.400000000001 14232.777777777797 
348.01155927161506 79.0 0.0 4.0 133.0 14222.882101272555 14220.274074074052 14232.777777777797 
349.01155927161506 79.0 0.0 4.0 132.0 14222.621298552696 14220.274074074052 14232.777777777797 
350.01155927161506 79.0 0.0 4.0 132.0 14222.386576104847 14220.274074074052 14232.777777777797 
351.01155927161506 79.0 0.0 5.0 132.0 14222.175325901791 14220.274074074052 14232.777777777797 
352.01155927161506 80.0 0.0 5.0 132.0 14221.672608126397 14217.14814814815 14232.777777777797 
353.01155927161506 81.0 0.0 4.0 131.0 14219.77127323967 14202.659259259277 14232.777777777797 
354.01155927161506 83.0 0.0 2.0 131.0 14219.821553323109 14220.274074074052 14232.777777777797 
355.01155927161506 83.0 0.0 3.0 131.0 14220.491990583409 14226.525925925918 14232.777777777797 
356.01155927161506 83.0 0.0 3.0 131.0 14220.782791525047 14223.400000000001 14232.777777777797 
357.01155927161506 83.0 0.0 3.0 131.0 14221.044512372568 14223.400000000001 14232.777777777797 
358.01155927161506 84.0 0.0 3.0 131.0 14221.280061135307 14223.400000000001 14232.777777777797 
359.01155927161506 84.0 0.0 4.0 131.0 14221.492055021774 14223.400000000001 14232.777777777797 
360.01155927161506 85.0 0.0 3.0 132.0 14221.370256927 14220.274074074052 14232.777777777797 
361.01155927161506 85.0 0.0 3.0 132.0 14221.57323123431 14223.400000000001 14232.777777777797 
362.01155927161506 85.0 0.0 3.0 132.0 14221.755908110867 14223.400000000001 14232.777777777797 
363.01155927161506 85.0 0.0 3.0 133.0 14221.920317299773 14223.400000000001 14232.777777777797 
364.01155927161506 85.0 0.0 3.0 133.0 14222.068285569823 14223.400000000001 14232.777777777797 
365.01155927161506 85.0 0.0 5.0 132.0 14222.201457012821 14223.400000000001 14232.777777777797 
366.01155927161506 85.0 0.0 5.0 132.0 14221.696126126353 14217.14814814815 14232.777777777797 
367.01155927161506 85.0 0.0 5.0 132.0 14221.241328328537 14217.14814814815 14232.777777777797 
368.01155927161506 86.0 0.0 4.0 132.0 14220.832010310483 14217.14814814815 14232.777777777797 
369.01155927161506 86.0 0.0 4.0 132.0 14220.776216686856 14220.274074074052 14232.777777777797 
370.01155927161506 87.0 0.0 3.0 132.0 14220.726002425577 14220.274074074052 14232.777777777797 
371.01155927161506 87.0 0.0 3.0 130.0 14220.993402183007 14223.400000000001 14232.777777777797 
372.01155927161506 88.0 0.0 2.0 130.0 14221.234061964718 14223.400000000001 14232.777777777797 
373.01155927161506 89.0 0.0 1.0 130.0 14221.763248360832 14226.525925925918 14232.777777777797 
374.01155927161506 89.0 0.0 2.0 131.0 14222.552108709946 14229.651851851839 14232.777777777797 
375.01155927161506 90.0 0.0 1.0 131.0 14221.500601542652 14212.037037037013 14232.777777777797 
376.01155927161506 90.0 0.0 1.0 133.0 14222.315726573563 14229.651851851839 14232.777777777797 
377.01155927161506 90.0 0.0 1.0 133.0 14223.04933910139 14229.651851851839 14232.777777777797 
378.01155927161506 90.0 0.0 2.0 133.0 14223.709590376448 14229.651851851839 14232.777777777797 
379.01155927161506 91.0 0.0 1.0 134.0 14222.542335042506 14212.037037037013 14232.777777777797 
380.01155927161506 91.0 0.0 1.0 134.0 14221.80439783455 14215.162962962962 14232.777777777797 
381.01155927161506 92.0 0.0 0.0 134.0 14222.90173582887 14232.777777777797 14232.777777777797 
382.01155927161506 92.0 0.0 0.0 134.0 14223.889340023768 14232.777777777797 14232.777777777797 
383.01155927161506 92.0 0.0 0.0 134.0 14224.778183799164 14232.777777777797 14232.777777777797 
384.01155927161506 92.0 0.0 0.0 134.0 14225.578143197024 14232.777777777797 14232.777777777797 
385.01155927161506 92.0 0.0 0.0 135.0 14226.298106655102 14232.777777777797 14232.777777777797 
386.01155927161506 92.0 0.0 0.0 135.0 14226.946073767382 14232.777777777797 14232.777777777797 
387.01155927161506 92.0 0.0 0.0 135.0 14227.529244168394 14232.777777777797 14232.777777777797 
388.01155927161506 92.0 0.0 1.0 135.0 14228.054097529344 14232.777777777797 14232.777777777797 
389.01155927161506 93.0 0.0 2.0 135.0 14226.764984072726 14215.162962962962 14232.777777777797 
390.01155927161506 94.0 0.0 3.0 135.0 14225.292189369138 14212.037037037013 14232.777777777797 
391.01155927161506 95.0 0.0 2.0 135.0 14225.102970432217 14223.400000000001 14232.777777777797 
392.01155927161506 95.0 0.0 2.0 135.0 14225.245265981575 14226.525925925918 14232.777777777797 
393.01155927161506 95.0 0.0 2.0 135.0 14225.373331976027 14226.525925925918 14232.777777777797 
394.01155927161506 95.0 0.0 2.0 135.0 14225.488591371015 14226.525925925918 14232.777777777797 
395.01155927161506 95.0 0.0 3.0 135.0 14225.592324826517 14226.525925925918 14232.777777777797 
396.01155927161506 96.0 0.0 3.0 133.0 14225.373092343856 14223.400000000001 14232.777777777797 
397.01155927161506 96.0 0.0 4.0 134.0 14225.175783109473 14223.400000000001 14232.777777777797 
398.01155927161506 96.0 0.0 4.0 134.0 14224.68561220595 14220.274074074052 14232.777777777797 
399.01155927161506 96.0 0.0 4.0 134.0 14224.244458392754 14220.274074074052 14232.777777777797 
400.01155927161506 96.0 0.0 5.0 134.0 14223.847419960874 14220.274074074052 14232.777777777797 
401.01155927161506 97.0 0.0 5.0 132.0 14223.178233520342 14217.155555555531 14232.777777777797 
402.01155927161506 97.0 0.0 5.0 133.0 14222.575965723865 14217.155555555531 14232.777777777797 
403.01155927161506 98.0 0.0 6.0 132.0 14222.03392470703 14217.155555555531 14232.777777777797 
404.01155927161506 99.0 0.0 7.0 131.0 14219.783865569683 14199.533333333318 14232.777777777797 
405.01155927161506 101.0 0.0 5.0 131.0 14218.895108642342 14210.896296296318 14232.777777777797 
406.01155927161506 101.0 0.0 5.0 131.0 14218.720412592922 14217.14814814815 14232.777777777797 
407.01155927161506 101.0 0.0 5.0 131.0 14218.563186148445 14217.14814814815 14232.777777777797 
408.01155927161506 101.0 0.0 5.0 131.0 14218.421682348408 14217.14814814815 14232.777777777797 
409.01155927161506 102.0 0.0 4.0 131.0 14218.294328928381 14217.14814814815 14232.777777777797 
410.01155927161506 103.0 0.0 3.0 129.0 14218.492303442965 14220.274074074052 14232.777777777797 
411.01155927161506 104.0 0.0 2.0 130.0 14218.983073098649 14223.400000000001 14232.777777777797 
412.01155927161506 104.0 0.0 3.0 131.0 14219.737358381388 14226.525925925918 14232.777777777797 
413.01155927161506 105.0 0.0 2.0 131.0 14218.654733654355 14208.911111111145 14232.777777777797 
414.01155927161506 107.0 0.0 0.0 131.0 14219.441852881517 14226.525925925918 14232.777777777797 
415.01155927161506 107.0 0.0 0.0 131.0 14220.77544537112 14232.777777777797 14232.777777777797 
416.01155927161506 107.0 0.0 1.0 132.0 14221.975678611812 14232.777777777797 14232.777777777797 
417.01155927161506 107.0 0.0 2.0 133.0 14222.743295935798 14229.651851851839 14232.777777777797 
418.01155927161506 108.0 0.0 1.0 134.0 14223.121558934818 14226.525925925918 14232.777777777797 
419.01155927161506 108.0 0.0 1.0 135.0 14223.7745882265 14229.651851851839 14232.777777777797 
420.01155927161506 108.0 0.0 1.0 135.0 14224.362314589041 14229.651851851839 14232.777777777797 
421.01155927161506 108.0 0.0 2.0 135.0 14224.891268315334 14229.651851851839 14232.777777777797 
422.01155927161506 108.0 0.0 2.0 135.0 14225.054734076404 14226.525925925918 14232.777777777797 
423.01155927161506 108.0 0.0 2.0 134.0 14225.201853261357 14226.525925925918 14232.777777777797 
424.01155927161506 109.0 0.0 2.0 134.0 14225.334260527821 14226.525925925918 14232.777777777797 
425.01155927161506 110.0 0.0 1.0 134.0 14224.004538178746 14212.037037037013 14232.777777777797 
426.01155927161506 110.0 0.0 2.0 134.0 14224.569269546031 14229.651851851839 14232.777777777797 
427.01155927161506 110.0 0.0 2.0 134.0 14224.764935184021 14226.525925925918 14232.777777777797 
428.01155927161506 110.0 0.0 2.0 134.0 14224.941034258225 14226.525925925918 14232.777777777797 
429.01155927161506 111.0 0.0 1.0 134.0 14225.099523424979 14226.525925925918 14232.777777777797 
430.01155927161506 111.0 0.0 1.0 134.0 14225.554756267666 14229.651851851839 14232.777777777797 
431.01155927161506 112.0 0.0 0.0 134.0 14225.964465826106 14229.651851851839 14232.777777777797 
432.01155927161506 112.0 0.0 0.0 134.0 14226.64579702127 14232.777777777797 14232.777777777797 
433.01155927161506 112.0 0.0 2.0 134.0 14227.258995096918 14232.777777777797 14232.777777777797 
434.01155927161506 112.0 0.0 2.0 134.0 14227.185688179807 14226.525925925918 14232.777777777797 
435.01155927161506 112.0 0.0 3.0 134.0 14227.119711954445 14226.525925925918 14232.777777777797 
436.01155927161506 112.0 0.0 3.0 134.0 14226.747740758985 14223.400000000001 14232.777777777797 
437.01155927161506 112.0 0.0 4.0 135.0 14226.412966683098 14223.400000000001 14232.777777777797 
438.01155927161506 112.0 0.0 4.0 134.0 14225.7990774222 14220.274074074052 14232.777777777797 
439.01155927161506 112.0 0.0 4.0 133.0 14225.24657708739 14220.274074074052 14232.777777777797 
440.01155927161506 112.0 0.0 4.0 133.0 14224.74932678605 14220.274074074052 14232.777777777797 
441.01155927161506 112.0 0.0 4.0 132.0 14224.301801514861 14220.274074074052 14232.777777777797 
442.01155927161506 113.0 0.0 3.0 132.0 14223.899028770764 14220.274074074052 14232.777777777797 
443.01155927161506 114.0 0.0 3.0 131.0 14223.849125893685 14223.400000000001 14232.777777777797 
444.01155927161506 114.0 0.0 3.0 131.0 14223.804213304331 14223.400000000001 14232.777777777797 
445.01155927161506 114.0 0.0 3.0 131.0 14223.76379197387 14223.400000000001 14232.777777777797 
446.01155927161506 114.0 0.0 3.0 132.0 14223.727412776487 14223.400000000001 14232.777777777797 
447.01155927161506 114.0 0.0 3.0 132.0 14223.694671498853 14223.400000000001 14232.777777777797 
448.01155927161506 114.0 0.0 3.0 133.0 14223.66520434896 14223.400000000001 14232.777777777797 
449.01155927161506 114.0 0.0 3.0 132.0 14223.638683914069 14223.400000000001 14232.777777777797 
450.01155927161506 114.0 0.0 3.0 132.0 14223.614815522656 14223.400000000001 14232.777777777797 
451.01155927161506 114.0 0.0 3.0 132.0 14223.593333970402 14223.400000000001 14232.777777777797 
452.01155927161506 116.0 0.0 1.0 132.0 14223.57400057336 14223.400000000001 14232.777777777797 
453.01155927161506 116.0 0.0 1.0 132.0 14224.181785701194 14229.651851851839 14232.777777777797 
454.01155927161506 116.0 0.0 1.0 132.0 14224.728792316264 14229.651851851839 14232.777777777797 
455.01155927161506 116.0 0.0 1.0 132.0 14225.221098269838 14229.651851851839 14232.777777777797 
456.01155927161506 116.0 0.0 1.0 133.0 14225.664173628023 14229.651851851839 14232.777777777797 
457.01155927161506 116.0 0.0 1.0 133.0 14226.06294145042 14229.651851851839 14232.777777777797 
458.01155927161506 116.0 0.0 1.0 133.0 14226.421832490554 14229.651851851839 14232.777777777797 
459.01155927161506 116.0 0.0 2.0 134.0 14226.744834426676 14229.651851851839 14232.777777777797 
460.01155927161506 117.0 0.0 2.0 134.0 14225.274054687727 14212.037037037013 14232.777777777797 
461.01155927161506 117.0 0.0 2.0 134.0 14225.399241811521 14226.525925925918 14232.777777777797 
462.01155927161506 117.0 0.0 2.0 134.0 14225.511910222991 14226.525925925918 14232.777777777797 
463.01155927161506 117.0 0.0 2.0 134.0 14225.613311793275 14226.525925925918 14232.777777777797 
464.01155927161506 117.0 0.0 2.0 134.0 14225.704573206542 14226.525925925918 14232.777777777797 
465.01155927161506 117.0 0.0 2.0 134.0 14225.786708478467 14226.525925925918 14232.777777777797 
466.01155927161506 118.0 0.0 1.0 133.0 14225.860630223227 14226.525925925918 14232.777777777797 
467.01155927161506 118.0 0.0 1.0 133.0 14226.239752386085 14229.651851851839 14232.777777777797 
468.01155927161506 118.0 0.0 1.0 133.0 14226.580962332657 14229.651851851839 14232.777777777797 
469.01155927161506 118.0 0.0 3.0 133.0 14226.888051284588 14229.651851851839 14232.777777777797 
470.01155927161506 119.0 0.0 2.0 133.0 14225.09035726724 14208.911111111145 14232.777777777797 
471.01155927161506 119.0 0.0 2.0 133.0 14225.233914133083 14226.525925925918 14232.777777777797 
472.01155927161506 119.0 0.0 2.0 133.0 14225.363115312384 14226.525925925918 14232.777777777797 
473.01155927161506 119.0 0.0 2.0 133.0 14225.479396373741 14226.525925925918 14232.777777777797 
474.01155927161506 119.0 0.0 3.0 134.0 14225.584049328965 14226.525925925918 14232.777777777797 
475.01155927161506 120.0 0.0 2.0 133.0 14223.916755507174 14208.911111111145 14232.777777777797 
476.01155927161506 120.0 0.0 2.0 133.0 14224.177672549042 14226.525925925918 14232.777777777797 
477.01155927161506 120.0 0.0 2.0 133.0 14224.412497886755 14226.525925925918 14232.777777777797 
478.01155927161506 121.0 0.0 2.0 133.0 14224.62384069065 14226.525925925918 14232.777777777797 
479.01155927161506 121.0 0.0 2.0 133.0 14224.814049214181 14226.525925925918 14232.777777777797 
480.01155927161506 121.0 0.0 3.0 133.0 14224.985236885363 14226.525925925918 14232.777777777797 
481.01155927161506 121.0 0.0 3.0 133.0 14224.826713196811 14223.400000000001 14232.777777777797 
482.01155927161506 121.0 0.0 3.0 134.0 14224.684041877143 14223.400000000001 14232.777777777797 
483.01155927161506 121.0 0.0 3.0 134.0 14224.555637689413 14223.400000000001 14232.777777777797 
484.01155927161506 121.0 0.0 4.0 133.0 14224.44007392048 14223.400000000001 14232.777777777797 
485.01155927161506 121.0 0.0 4.0 133.0 14224.023473935824 14220.274074074052 14232.777777777797 
486.01155927161506 121.0 0.0 5.0 132.0 14223.648533949678 14220.274074074052 14232.777777777797 
487.01155927161506 121.0 0.0 5.0 132.0 14222.998495369506 14217.14814814815 14232.777777777797 
488.01155927161506 121.0 0.0 5.0 132.0 14222.413460647374 14217.14814814815 14232.777777777797 
489.01155927161506 122.0 0.0 4.0 132.0 14221.886929397446 14217.14814814815 14232.777777777797 
490.01155927161506 124.0 0.0 2.0 131.0 14221.72564386513 14220.274074074052 14232.777777777797 
491.01155927161506 124.0 0.0 2.0 131.0 14222.205672071206 14226.525925925918 14232.777777777797 
492.01155927161506 125.0 0.0 1.0 131.0 14222.63769745668 14226.525925925918 14232.777777777797 
493.01155927161506 125.0 0.0 2.0 131.0 14223.339112896168 14229.651851851839 14232.777777777797 
494.01155927161506 126.0 0.0 1.0 132.0 14222.208905310274 14212.037037037013 14232.777777777797 
495.01155927161506 126.0 0.0 1.0 132.0 14222.953199964408 14229.651851851839 14232.777777777797 
496.01155927161506 126.0 0.0 1.0 132.0 14223.623065153186 14229.651851851839 14232.777777777797 
497.01155927161506 126.0 0.0 2.0 133.0 14224.22594382304 14229.651851851839 14232.777777777797 
498.01155927161506 126.0 0.0 2.0 134.0 14224.455942033332 14226.525925925918 14232.777777777797 
499.01155927161506 126.0 0.0 2.0 134.0 14224.66294042261 14226.525925925918 14232.777777777797 
500.01155927161506 126.0 0.0 2.0 134.0 14224.84923897293 14226.525925925918 14232.777777777797 
501.01155927161506 127.0 0.0 1.0 134.0 14225.016907668227 14226.525925925918 14232.777777777797 
502.01155927161506 127.0 0.0 1.0 134.0 14225.48040208657 14229.651851851839 14232.777777777797 
503.01155927161506 128.0 0.0 0.0 133.0 14225.897547063112 14229.651851851839 14232.777777777797 
504.01155927161506 128.0 0.0 0.0 134.0 14226.585570134574 14232.777777777797 14232.777777777797 
505.01155927161506 128.0 0.0 0.0 134.0 14227.204790898895 14232.777777777797 14232.777777777797 
506.01155927161506 128.0 0.0 0.0 134.0 14227.762089586773 14232.777777777797 14232.777777777797 
507.01155927161506 128.0 0.0 0.0 134.0 14228.263658405882 14232.777777777797 14232.777777777797 
508.01155927161506 128.0 0.0 0.0 135.0 14228.715070343065 14232.777777777797 14232.777777777797 
509.01155927161506 128.0 0.0 0.0 135.0 14229.121341086544 14232.777777777797 14232.777777777797 
510.01155927161506 128.0 0.0 1.0 135.0 14229.486984755678 14232.777777777797 14232.777777777797 
511.01155927161506 128.0 0.0 4.0 135.0 14229.503471465272 14229.651851851839 14232.777777777797 
512.011559271615 128.0 0.0 4.0 135.0 14228.580531726177 14220.274074074052 14232.777777777797 
513.011559271615 129.0 0.0 5.0 135.0 14227.749885960957 14220.274074074052 14232.777777777797 
514.011559271615 130.0 0.0 4.0 135.0 14225.240823290791 14202.659259259277 14232.777777777797 
515.011559271615 130.0 0.0 4.0 135.0 14224.744148369116 14220.274074074052 14232.777777777797 
516.011559271615 130.0 0.0 4.0 134.0 14224.297140939596 14220.274074074052 14232.777777777797 
517.011559271615 131.0 0.0 3.0 132.0 14223.894834253071 14220.274074074052 14232.777777777797 
518.011559271615 132.0 0.0 2.0 133.0 14223.84535082774 14223.400000000001 14232.777777777797 
519.011559271615 132.0 0.0 2.0 133.0 14224.113408337556 14226.525925925918 14232.777777777797 
520.011559271615 133.0 0.0 2.0 133.0 14224.354660096402 14226.525925925918 14232.777777777797 
521.011559271615 133.0 0.0 2.0 133.0 14224.571786679368 14226.525925925918 14232.777777777797 
522.011559271615 133.0 0.0 2.0 133.0 14224.767200604016 14226.525925925918 14232.777777777797 
523.011559271615 134.0 0.0 1.0 133.0 14224.94307313621 14226.525925925918 14232.777777777797 
524.011559271615 134.0 0.0 1.0 134.0 14225.41395100776 14229.651851851839 14232.777777777797 
525.011559271615 134.0 0.0 1.0 134.0 14225.83774109218 14229.651851851839 14232.777777777797 
526.011559271615 134.0 0.0 1.0 133.0 14226.21915216815 14229.651851851839 14232.777777777797 
527.011559271615 134.0 0.0 1.0 133.0 14226.5624221365 14229.651851851839 14232.777777777797 
528.011559271615 134.0 0.0 1.0 134.0 14226.871365108038 14229.651851851839 14232.777777777797 
529.011559271615 134.0 0.0 1.0 134.0 14227.149413782441 14229.651851851839 14232.777777777797 
530.011559271615 135.0 0.0 1.0 134.0 14227.399657589363 14229.651851851839 14232.777777777797 
531.011559271615 135.0 0.0 2.0 134.0 14227.624877015633 14229.651851851839 14232.777777777797 
532.011559271615 135.0 0.0 2.0 134.0 14227.51498190666 14226.525925925918 14232.777777777797 
533.011559271615 136.0 0.0 1.0 134.0 14227.416076308573 14226.525925925918 14232.777777777797 
534.011559271615 136.0 0.0 1.0 135.0 14227.639653862898 14229.651851851839 14232.777777777797 
535.011559271615 136.0 0.0 1.0 135.0 14227.840873661791 14229.651851851839 14232.777777777797 
536.011559271615 136.0 0.0 1.0 134.0 14228.021971480812 14229.651851851839 14232.777777777797 
537.011559271615 136.0 0.0 1.0 134.0 14228.184959517908 14229.651851851839 14232.777777777797 
538.011559271615 136.0 0.0 2.0 134.0 14228.331648751302 14229.651851851839 14232.777777777797 
539.011559271615 137.0 0.0 1.0 134.0 14228.15107646876 14226.525925925918 14232.777777777797 
540.011559271615 137.0 0.0 1.0 134.0 14228.301154007078 14229.651851851839 14232.777777777797 
541.011559271615 137.0 0.0 1.0 134.0 14228.43622379156 14229.651851851839 14232.777777777797 
542.011559271615 137.0 0.0 1.0 134.0 14228.55778659756 14229.651851851839 14232.777777777797 
543.011559271615 138.0 0.0 0.0 135.0 14228.667193123008 14229.651851851839 14232.777777777797 
544.011559271615 138.0 0.0 0.0 135.0 14229.078251588484 14232.777777777797 14232.777777777797 
545.011559271615 138.0 0.0 0.0 135.0 14229.448204207398 14232.777777777797 14232.777777777797 
546.011559271615 138.0 0.0 1.0 135.0 14229.781161564471 14232.777777777797 14232.777777777797 
547.011559271615 138.0 0.0 1.0 135.0 14229.768230593183 14229.651851851839 14232.777777777797 
548.011559271615 138.0 0.0 1.0 135.0 14229.756592719043 14229.651851851839 14232.777777777797 
549.011559271615 138.0 0.0 3.0 135.0 14229.74611863232 14229.651851851839 14232.777777777797 
550.011559271615 139.0 0.0 2.0 135.0 14227.662617880233 14208.911111111145 14232.777777777797 
551.011559271615 139.0 0.0 2.0 135.0 14227.54894868478 14226.525925925918 14232.777777777797 
552.011559271615 140.0 0.0 1.0 134.0 14227.446646408915 14226.525925925918 14232.777777777797 
553.011559271615 140.0 0.0 1.0 135.0 14227.667166953186 14229.651851851839 14232.777777777797 
554.011559271615 140.0 0.0 2.0 135.0 14227.865635443073 14229.651851851839 14232.777777777797 
555.011559271615 140.0 0.0 2.0 134.0 14227.731664491343 14226.525925925918 14232.777777777797 
556.011559271615 140.0 0.0 2.0 134.0 14227.611090634802 14226.525925925918 14232.777777777797 
557.0049054234925 142.0 0.0 0.0 134.0 14227.502574163904 14226.525925925918 14232.777777777797 
558.011559271615 142.0 0.0 1.0 134.0 14228.0300945253 14232.777777777797 14232.777777777797 
559.011559271615 142.0 0.0 1.0 134.0 14228.192270257954 14229.651851851839 14232.777777777797 
560.011559271615 142.0 0.0 1.0 135.0 14228.338228417355 14229.651851851839 14232.777777777797 
561.011559271615 142.0 0.0 2.0 135.0 14228.469590760811 14229.651851851839 14232.777777777797 
562.011559271615 142.0 0.0 2.0 135.0 14228.275224277317 14226.525925925918 14232.777777777797 
563.011559271615 142.0 0.0 2.0 135.0 14228.100294442182 14226.525925925918 14232.777777777797 
564.011559271615 142.0 0.0 2.0 134.0 14227.94285759056 14226.525925925918 14232.777777777797 
565.011559271615 142.0 0.0 2.0 134.0 14227.801164424098 14226.525925925918 14232.777777777797 
566.011559271615 143.0 0.0 2.0 134.0 14227.673640574267 14226.525925925918 14232.777777777797 
567.011559271615 143.0 0.0 2.0 134.0 14227.558869109416 14226.525925925918 14232.777777777797 
568.011559271615 144.0 0.0 1.0 134.0 14227.455574791085 14226.525925925918 14232.777777777797 
569.011559271615 144.0 0.0 1.0 134.0 14227.675202497163 14229.651851851839 14232.777777777797 
570.011559271615 144.0 0.0 1.0 134.0 14227.872867432616 14229.651851851839 14232.777777777797 
571.011559271615 145.0 0.0 0.0 134.0 14228.05076587455 14229.651851851839 14232.777777777797 
572.011559271615 145.0 0.0 0.0 135.0 14228.523467064882 14232.777777777797 14232.777777777797 
573.011559271615 145.0 0.0 0.0 135.0 14228.948898136168 14232.777777777797 14232.777777777797 
574.011559271615 145.0 0.0 0.0 135.0 14229.331786100338 14232.777777777797 14232.777777777797 
575.011559271615 145.0 0.0 0.0 135.0 14229.676385268061 14232.777777777797 14232.777777777797 
576.011559271615 145.0 0.0 0.0 135.0 14229.986524519036 14232.777777777797 14232.777777777797 
577.011559271615 145.0 0.0 0.0 135.0 14230.265649844923 14232.777777777797 14232.777777777797 
578.011559271615 145.0 0.0 0.0 135.0 14230.5168626382 14232.777777777797 14232.777777777797 
579.011559271615 145.0 0.0 1.0 135.0 14230.742954152147 14232.777777777797 14232.777777777797 
580.011559271615 145.0 0.0 1.0 135.0 14230.633843922125 14229.651851851839 14232.777777777797 
581.011559271615 145.0 0.0 1.0 135.0 14230.535644715103 14229.651851851839 14232.777777777797 
582.011559271615 145.0 0.0 1.0 135.0 14230.447265428791 14229.651851851839 14232.777777777797 
583.011559271615 146.0 0.0 0.0 135.0 14230.367724071097 14229.651851851839 14232.777777777797 
584.011559271615 146.0 0.0 0.0 135.0 14230.608729441754 14232.777777777797 14232.777777777797 
585.011559271615 146.0 0.0 1.0 135.0 14230.825634275363 14232.777777777797 14232.777777777797 
586.011559271615 147.0 0.0 0.0 135.0 14229.259367144115 14215.162962962962 14232.777777777797 
587.011559271615 147.0 0.0 0.0 135.0 14229.611208207498 14232.777777777797 14232.777777777797 
588.011559271615 147.0 0.0 0.0 135.0 14229.927865164509 14232.777777777797 14232.777777777797 
589.011559271615 147.0 0.0 0.0 135.0 14230.212856425842 14232.777777777797 14232.777777777797 
590.011559271615 147.0 0.0 0.0 135.0 14230.46934856104 14232.777777777797 14232.777777777797 
591.011559271615 147.0 0.0 0.0 135.0 14230.70019148272 14232.777777777797 14232.777777777797 
592.011559271615 147.0 0.0 0.0 135.0 14230.907950112214 14232.777777777797 14232.777777777797 
593.011559271615 147.0 0.0 0.0 135.0 14231.094932878768 14232.777777777797 14232.777777777797 
594.011559271615 147.0 0.0 1.0 135.0 14231.263217368682 14232.777777777797 14232.777777777797 
595.011559271615 147.0 0.0 1.0 135.0 14231.102080816983 14229.651851851839 14232.777777777797 
596.011559271615 147.0 0.0 1.0 135.0 14230.95705792046 14229.651851851839 14232.777777777797 
597.011559271615 147.0 0.0 2.0 135.0 14230.826537313602 14229.651851851839 14232.777777777797 
598.011559271615 147.0 0.0 2.0 135.0 14230.39647617484 14226.525925925918 14232.777777777797 
599.011559271615 147.0 0.0 2.0 135.0 14230.009421149947 14226.525925925918 14232.777777777797 
600.011559271615 147.0 0.0 4.0 134.0 14229.661071627548 14226.525925925918 14232.777777777797 
#####################################################################
# End of data export. Simulation finished at: 2020-02-10T21:20+0000 #
#####################################################################
