#####################################################################
# Alchemist log file - simulation started at: 2020-01-29T11:54+0000 #
#####################################################################
# seed = 4.0, meanTaskSize = 10, smoothing = 0.3, grain = 1400.0, peakFrequency = 0.001
#
# The columns have the following meaning: 
# time done[Sum] drop[Sum] waiting[Sum] isLeader[Sum] capacity[Mean] freeCapacity[Mean] maxCapacity[Mean] 
0.0 NaN 0.0 NaN NaN NaN NaN NaN 
1.0066708369337494 0.0 0.0 0.0 135.0 14232.777777777797 14232.777777777797 14232.777777777797 
2.0066708369337496 0.0 0.0 0.0 135.0 14232.777777777797 14232.777777777797 14232.777777777797 
3.0066708369337496 0.0 0.0 0.0 135.0 14232.777777777797 14232.777777777797 14232.777777777797 
4.00667083693375 0.0 0.0 0.0 135.0 14232.777777777797 14232.777777777797 14232.777777777797 
5.00667083693375 0.0 0.0 0.0 135.0 14232.777777777797 14232.777777777797 14232.777777777797 
6.00667083693375 0.0 0.0 0.0 135.0 14232.777777777797 14232.777777777797 14232.777777777797 
7.00667083693375 0.0 0.0 0.0 135.0 14232.777777777797 14232.777777777797 14232.777777777797 
8.00667083693375 0.0 0.0 0.0 135.0 14232.777777777797 14232.777777777797 14232.777777777797 
9.00667083693375 0.0 0.0 0.0 135.0 14232.777777777797 14232.777777777797 14232.777777777797 
10.00667083693375 0.0 0.0 0.0 135.0 14232.777777777797 14232.777777777797 14232.777777777797 
11.00667083693375 0.0 0.0 0.0 135.0 14232.777777777797 14232.777777777797 14232.777777777797 
12.00667083693375 0.0 0.0 0.0 135.0 14232.777777777797 14232.777777777797 14232.777777777797 
13.00667083693375 0.0 0.0 0.0 135.0 14232.777777777797 14232.777777777797 14232.777777777797 
14.00667083693375 0.0 0.0 0.0 135.0 14232.777777777797 14232.777777777797 14232.777777777797 
15.00667083693375 0.0 0.0 0.0 135.0 14232.777777777797 14232.777777777797 14232.777777777797 
16.00667083693375 0.0 0.0 0.0 135.0 14232.777777777797 14232.777777777797 14232.777777777797 
17.00667083693375 0.0 0.0 2.0 135.0 14232.777777777797 14232.777777777797 14232.777777777797 
18.00667083693375 1.0 0.0 1.0 135.0 14230.902222222243 14226.525925925918 14232.777777777797 
19.00667083693375 2.0 0.0 0.0 135.0 14230.527111111105 14229.651851851839 14232.777777777797 
20.00667083693375 2.0 0.0 0.0 135.0 14231.20231111109 14232.777777777797 14232.777777777797 
21.00667083693375 2.0 0.0 0.0 135.0 14231.674951111114 14232.777777777797 14232.777777777797 
22.00667083693375 2.0 0.0 0.0 135.0 14232.005799111103 14232.777777777797 14232.777777777797 
23.00667083693375 2.0 0.0 0.0 135.0 14232.237392711097 14232.777777777797 14232.777777777797 
24.00667083693375 2.0 0.0 0.0 135.0 14232.399508231128 14232.777777777797 14232.777777777797 
25.00667083693375 2.0 0.0 0.0 135.0 14232.51298909512 14232.777777777797 14232.777777777797 
26.00667083693375 2.0 0.0 1.0 135.0 14232.592425699919 14232.777777777797 14232.777777777797 
27.00667083693375 3.0 0.0 0.0 135.0 14227.363586878804 14215.162962962962 14232.777777777797 
28.00667083693375 3.0 0.0 1.0 135.0 14228.987844148516 14232.777777777797 14232.777777777797 
29.00667083693375 4.0 0.0 0.0 135.0 14229.187046459525 14229.651851851839 14232.777777777797 
30.00667083693375 4.0 0.0 0.0 135.0 14230.26426585499 14232.777777777797 14232.777777777797 
31.00667083693375 4.0 0.0 0.0 135.0 14231.018319431823 14232.777777777797 14232.777777777797 
32.00667083693375 4.0 0.0 0.0 135.0 14231.546156935603 14232.777777777797 14232.777777777797 
33.00667083693375 4.0 0.0 0.0 135.0 14231.915643188264 14232.777777777797 14232.777777777797 
34.00667083693375 4.0 0.0 0.0 135.0 14232.174283565122 14232.777777777797 14232.777777777797 
35.00667083693375 4.0 0.0 0.0 135.0 14232.35533182892 14232.777777777797 14232.777777777797 
36.00667083693375 4.0 0.0 0.0 135.0 14232.482065613553 14232.777777777797 14232.777777777797 
37.00667083693375 4.0 0.0 0.0 135.0 14232.570779262855 14232.777777777797 14232.777777777797 
38.00667083693375 4.0 0.0 0.0 135.0 14232.632878817327 14232.777777777797 14232.777777777797 
39.00667083693375 4.0 0.0 1.0 135.0 14232.67634850545 14232.777777777797 14232.777777777797 
40.00667083693375 5.0 0.0 0.0 135.0 14227.422332842722 14215.162962962962 14232.777777777797 
41.00667083693375 5.0 0.0 0.0 135.0 14229.028966323222 14232.777777777797 14232.777777777797 
42.00667083693375 5.0 0.0 0.0 135.0 14230.153609759565 14232.777777777797 14232.777777777797 
43.00667083693375 5.0 0.0 0.0 135.0 14230.940860165047 14232.777777777797 14232.777777777797 
44.00667083693375 5.0 0.0 0.0 135.0 14231.49193544887 14232.777777777797 14232.777777777797 
45.00667083693375 5.0 0.0 0.0 135.0 14231.877688147511 14232.777777777797 14232.777777777797 
46.00667083693375 5.0 0.0 0.0 135.0 14232.147715036612 14232.777777777797 14232.777777777797 
47.00667083693375 5.0 0.0 0.0 135.0 14232.336733858967 14232.777777777797 14232.777777777797 
48.00667083693375 5.0 0.0 0.0 135.0 14232.469047034594 14232.777777777797 14232.777777777797 
49.00667083693375 5.0 0.0 0.0 135.0 14232.561666257572 14232.777777777797 14232.777777777797 
50.00667083693375 5.0 0.0 0.0 135.0 14232.626499713617 14232.777777777797 14232.777777777797 
51.00667083693375 5.0 0.0 0.0 135.0 14232.671883132874 14232.777777777797 14232.777777777797 
52.00667083693375 5.0 0.0 0.0 135.0 14232.70365152635 14232.777777777797 14232.777777777797 
53.00667083693375 5.0 0.0 0.0 135.0 14232.725889401796 14232.777777777797 14232.777777777797 
54.00667083693375 5.0 0.0 0.0 135.0 14232.741455914556 14232.777777777797 14232.777777777797 
55.00667083693375 5.0 0.0 0.0 135.0 14232.752352473517 14232.777777777797 14232.777777777797 
56.00667083693375 5.0 0.0 0.0 135.0 14232.759980064802 14232.777777777797 14232.777777777797 
57.00667083693375 5.0 0.0 0.0 135.0 14232.765319378695 14232.777777777797 14232.777777777797 
58.00667083693375 5.0 0.0 0.0 135.0 14232.769056898429 14232.777777777797 14232.777777777797 
59.00667083693375 5.0 0.0 0.0 135.0 14232.771673162226 14232.777777777797 14232.777777777797 
60.00667083693375 5.0 0.0 0.0 135.0 14232.773504546922 14232.777777777797 14232.777777777797 
61.00667083693375 5.0 0.0 0.0 135.0 14232.774786516153 14232.777777777797 14232.777777777797 
62.00667083693375 5.0 0.0 0.0 135.0 14232.77568389463 14232.777777777797 14232.777777777797 
63.00667083693375 5.0 0.0 0.0 135.0 14232.776312059588 14232.777777777797 14232.777777777797 
64.00667083693375 5.0 0.0 1.0 135.0 14232.776751775029 14232.777777777797 14232.777777777797 
65.00667083693375 5.0 0.0 1.0 135.0 14231.83928179807 14229.651851851839 14232.777777777797 
66.00667083693375 5.0 0.0 1.0 135.0 14231.183052814235 14229.651851851839 14232.777777777797 
67.00667083693375 6.0 0.0 0.0 135.0 14230.723692525511 14229.651851851839 14232.777777777797 
68.00667083693375 6.0 0.0 0.0 135.0 14231.339918101174 14232.777777777797 14232.777777777797 
69.00667083693375 6.0 0.0 0.0 135.0 14231.771276004178 14232.777777777797 14232.777777777797 
70.00667083693375 6.0 0.0 0.0 135.0 14232.073226536251 14232.777777777797 14232.777777777797 
71.00667083693375 6.0 0.0 0.0 135.0 14232.284591908705 14232.777777777797 14232.777777777797 
72.00667083693375 6.0 0.0 1.0 135.0 14232.432547669448 14232.777777777797 14232.777777777797 
73.00667083693375 7.0 0.0 0.0 135.0 14231.598338924177 14229.651851851839 14232.777777777797 
74.00667083693375 7.0 0.0 0.0 135.0 14231.952170580245 14232.777777777797 14232.777777777797 
75.00667083693375 7.0 0.0 0.0 135.0 14232.199852739526 14232.777777777797 14232.777777777797 
76.00667083693375 7.0 0.0 0.0 135.0 14232.373230250969 14232.777777777797 14232.777777777797 
77.00667083693375 7.0 0.0 0.0 135.0 14232.49459450903 14232.777777777797 14232.777777777797 
78.00667083693375 7.0 0.0 0.0 135.0 14232.579549489663 14232.777777777797 14232.777777777797 
79.00667083693375 7.0 0.0 0.0 135.0 14232.639017976071 14232.777777777797 14232.777777777797 
80.00667083693375 7.0 0.0 0.0 135.0 14232.680645916585 14232.777777777797 14232.777777777797 
81.00667083693375 7.0 0.0 1.0 135.0 14232.709785474963 14232.777777777797 14232.777777777797 
82.00667083693375 8.0 0.0 0.0 135.0 14231.792405388029 14229.651851851839 14232.777777777797 
83.00667083693375 8.0 0.0 0.0 135.0 14232.08801710498 14232.777777777797 14232.777777777797 
84.00667083693375 8.0 0.0 0.0 135.0 14232.29494530677 14232.777777777797 14232.777777777797 
85.00667083693375 8.0 0.0 0.0 135.0 14232.439795048109 14232.777777777797 14232.777777777797 
86.00667083693375 8.0 0.0 0.0 135.0 14232.541189866999 14232.777777777797 14232.777777777797 
87.00667083693375 8.0 0.0 0.0 135.0 14232.612166240215 14232.777777777797 14232.777777777797 
88.00667083693375 8.0 0.0 1.0 135.0 14232.661849701466 14232.777777777797 14232.777777777797 
89.00667083693375 9.0 0.0 0.0 135.0 14231.75885034663 14229.651851851839 14232.777777777797 
90.00667083693375 9.0 0.0 0.0 135.0 14232.06452857596 14232.777777777797 14232.777777777797 
91.00667083693375 9.0 0.0 0.0 135.0 14232.278503336518 14232.777777777797 14232.777777777797 
92.00667083693375 9.0 0.0 0.0 135.0 14232.42828566891 14232.777777777797 14232.777777777797 
93.00667083693375 9.0 0.0 0.0 135.0 14232.533133301546 14232.777777777797 14232.777777777797 
94.00667083693375 9.0 0.0 0.0 135.0 14232.60652664441 14232.777777777797 14232.777777777797 
95.00667083693375 9.0 0.0 0.0 135.0 14232.657901984441 14232.777777777797 14232.777777777797 
96.00667083693375 9.0 0.0 0.0 135.0 14232.693864722436 14232.777777777797 14232.777777777797 
97.00667083693375 9.0 0.0 0.0 135.0 14232.719038639063 14232.777777777797 14232.777777777797 
98.00667083693375 9.0 0.0 0.0 135.0 14232.736660380682 14232.777777777797 14232.777777777797 
99.00667083693375 9.0 0.0 0.0 135.0 14232.748995599788 14232.777777777797 14232.777777777797 
100.00667083693375 9.0 0.0 0.0 135.0 14232.757630253176 14232.777777777797 14232.777777777797 
101.00667083693375 9.0 0.0 0.0 135.0 14232.763674510565 14232.777777777797 14232.777777777797 
102.00667083693375 9.0 0.0 0.0 135.0 14232.767905490746 14232.777777777797 14232.777777777797 
103.00667083693375 9.0 0.0 0.0 135.0 14232.770867176863 14232.777777777797 14232.777777777797 
104.00667083693375 9.0 0.0 0.0 135.0 14232.77294035712 14232.777777777797 14232.777777777797 
105.00667083693375 9.0 0.0 0.0 135.0 14232.774391583318 14232.777777777797 14232.777777777797 
106.00667083693375 9.0 0.0 0.0 135.0 14232.775407441653 14232.777777777797 14232.777777777797 
107.00667083693375 9.0 0.0 0.0 135.0 14232.776118542473 14232.777777777797 14232.777777777797 
108.00667083693375 9.0 0.0 0.0 135.0 14232.776616313105 14232.777777777797 14232.777777777797 
109.00667083693375 9.0 0.0 0.0 135.0 14232.7769647525 14232.777777777797 14232.777777777797 
110.00667083693375 9.0 0.0 0.0 135.0 14232.777208660103 14232.777777777797 14232.777777777797 
111.00667083693375 9.0 0.0 0.0 135.0 14232.777379395355 14232.777777777797 14232.777777777797 
112.00667083693375 9.0 0.0 0.0 135.0 14232.777498910096 14232.777777777797 14232.777777777797 
113.00667083693375 9.0 0.0 0.0 135.0 14232.777582570385 14232.777777777797 14232.777777777797 
114.00667083693375 9.0 0.0 0.0 135.0 14232.777641132616 14232.777777777797 14232.777777777797 
115.00667083693375 9.0 0.0 0.0 135.0 14232.777682126156 14232.777777777797 14232.777777777797 
116.00667083693375 9.0 0.0 0.0 135.0 14232.777710821658 14232.777777777797 14232.777777777797 
117.00667083693375 9.0 0.0 0.0 135.0 14232.777730908496 14232.777777777797 14232.777777777797 
118.00667083693375 9.0 0.0 0.0 135.0 14232.777744969273 14232.777777777797 14232.777777777797 
119.00667083693375 9.0 0.0 0.0 135.0 14232.777754811841 14232.777777777797 14232.777777777797 
120.00667083693375 9.0 0.0 0.0 135.0 14232.77776170163 14232.777777777797 14232.777777777797 
121.00667083693375 9.0 0.0 0.0 135.0 14232.77776652448 14232.777777777797 14232.777777777797 
122.00667083693375 9.0 0.0 0.0 135.0 14232.777769900447 14232.777777777797 14232.777777777797 
123.00667083693375 9.0 0.0 0.0 135.0 14232.777772263677 14232.777777777797 14232.777777777797 
124.00667083693375 9.0 0.0 0.0 135.0 14232.777773917895 14232.777777777797 14232.777777777797 
125.00667083693375 9.0 0.0 1.0 135.0 14232.777775075867 14232.777777777797 14232.777777777797 
126.00667083693375 9.0 0.0 1.0 135.0 14231.839998108653 14229.651851851839 14232.777777777797 
127.00667083693375 9.0 0.0 1.0 135.0 14231.183554231593 14229.651851851839 14232.777777777797 
128.00667083693375 10.0 0.0 0.0 135.0 14230.724043517685 14229.651851851839 14232.777777777797 
129.00667083693375 10.0 0.0 0.0 135.0 14231.34016379569 14232.777777777797 14232.777777777797 
130.00667083693375 10.0 0.0 0.0 135.0 14231.771447990342 14232.777777777797 14232.777777777797 
131.00667083693375 10.0 0.0 0.0 135.0 14232.07334692655 14232.777777777797 14232.777777777797 
132.00667083693375 10.0 0.0 0.0 135.0 14232.28467618193 14232.777777777797 14232.777777777797 
133.00667083693375 10.0 0.0 0.0 135.0 14232.432606660685 14232.777777777797 14232.777777777797 
134.00667083693375 10.0 0.0 1.0 135.0 14232.536157995792 14232.777777777797 14232.777777777797 
135.00667083693375 11.0 0.0 0.0 135.0 14231.670866152606 14229.651851851839 14232.777777777797 
136.00667083693375 11.0 0.0 0.0 135.0 14232.002939640171 14232.777777777797 14232.777777777797 
137.00667083693375 11.0 0.0 0.0 135.0 14232.23539108145 14232.777777777797 14232.777777777797 
138.00667083693375 11.0 0.0 0.0 135.0 14232.398107090352 14232.777777777797 14232.777777777797 
139.00667083693375 11.0 0.0 0.0 135.0 14232.512008296593 14232.777777777797 14232.777777777797 
140.00667083693375 11.0 0.0 0.0 135.0 14232.591739140953 14232.777777777797 14232.777777777797 
141.00667083693375 11.0 0.0 0.0 135.0 14232.647550731992 14232.777777777797 14232.777777777797 
142.00667083693375 11.0 0.0 1.0 135.0 14232.686618845752 14232.777777777797 14232.777777777797 
143.00667083693375 11.0 0.0 1.0 135.0 14231.77618874756 14229.651851851839 14232.777777777797 
144.00667083693375 11.0 0.0 2.0 135.0 14231.138887678868 14229.651851851839 14232.777777777797 
145.00667083693375 13.0 0.0 0.0 135.0 14225.4083324863 14212.037037037013 14232.777777777797 
146.00667083693375 13.0 0.0 0.0 135.0 14227.619166073733 14232.777777777797 14232.777777777797 
147.00667083693375 13.0 0.0 0.0 135.0 14229.16674958496 14232.777777777797 14232.777777777797 
148.00667083693375 13.0 0.0 0.0 135.0 14230.250058042791 14232.777777777797 14232.777777777797 
149.00667083693375 13.0 0.0 0.0 135.0 14231.008373963316 14232.777777777797 14232.777777777797 
150.00667083693375 13.0 0.0 0.0 135.0 14231.539195107658 14232.777777777797 14232.777777777797 
151.00667083693375 13.0 0.0 0.0 135.0 14231.910769908676 14232.777777777797 14232.777777777797 
152.00667083693375 13.0 0.0 0.0 135.0 14232.170872269395 14232.777777777797 14232.777777777797 
153.00667083693375 13.0 0.0 0.0 135.0 14232.352943921915 14232.777777777797 14232.777777777797 
154.00667083693375 13.0 0.0 0.0 135.0 14232.480394078695 14232.777777777797 14232.777777777797 
155.00667083693375 13.0 0.0 0.0 135.0 14232.569609188415 14232.777777777797 14232.777777777797 
156.00667083693375 13.0 0.0 0.0 135.0 14232.632059765227 14232.777777777797 14232.777777777797 
157.00667083693375 13.0 0.0 0.0 135.0 14232.675775169018 14232.777777777797 14232.777777777797 
158.00667083693375 13.0 0.0 0.0 135.0 14232.70637595161 14232.777777777797 14232.777777777797 
159.00667083693375 13.0 0.0 0.0 135.0 14232.727796499474 14232.777777777797 14232.777777777797 
160.00667083693375 13.0 0.0 0.0 135.0 14232.742790882978 14232.777777777797 14232.777777777797 
161.00667083693375 13.0 0.0 1.0 135.0 14232.753286951382 14232.777777777797 14232.777777777797 
162.00667083693375 13.0 0.0 1.0 135.0 14231.822856421517 14229.651851851839 14232.777777777797 
163.00667083693375 13.0 0.0 1.0 135.0 14231.171555050621 14229.651851851839 14232.777777777797 
164.00667083693375 14.0 0.0 0.0 135.0 14230.715644091008 14229.651851851839 14232.777777777797 
165.00667083693375 14.0 0.0 0.0 135.0 14231.33428419701 14232.777777777797 14232.777777777797 
166.00667083693375 14.0 0.0 0.0 135.0 14231.767332271282 14232.777777777797 14232.777777777797 
167.00667083693375 14.0 0.0 0.0 135.0 14232.070465923214 14232.777777777797 14232.777777777797 
168.00667083693375 14.0 0.0 0.0 135.0 14232.282659479588 14232.777777777797 14232.777777777797 
169.00667083693375 14.0 0.0 0.0 135.0 14232.431194969071 14232.777777777797 14232.777777777797 
170.00667083693375 14.0 0.0 1.0 135.0 14232.535169811645 14232.777777777797 14232.777777777797 
171.00667083693375 15.0 0.0 0.0 135.0 14231.670174423738 14229.651851851839 14232.777777777797 
172.00667083693375 15.0 0.0 1.0 135.0 14232.002455429927 14232.777777777797 14232.777777777797 
173.00667083693375 15.0 0.0 1.0 135.0 14231.297274356533 14229.651851851839 14232.777777777797 
174.00667083693375 16.0 0.0 0.0 135.0 14230.803647605127 14229.651851851839 14232.777777777797 
175.00667083693375 16.0 0.0 0.0 135.0 14231.395886656914 14232.777777777797 14232.777777777797 
176.00667083693375 16.0 0.0 0.0 135.0 14231.81045399317 14232.777777777797 14232.777777777797 
177.00667083693375 16.0 0.0 0.0 135.0 14232.100651128565 14232.777777777797 14232.777777777797 
178.00667083693375 16.0 0.0 0.0 135.0 14232.30378912331 14232.777777777797 14232.777777777797 
179.00667083693375 16.0 0.0 1.0 135.0 14232.445985719663 14232.777777777797 14232.777777777797 
180.00667083693375 17.0 0.0 1.0 135.0 14227.261078892649 14215.162962962962 14232.777777777797 
181.00667083693375 17.0 0.0 1.0 135.0 14227.978310780434 14229.651851851839 14232.777777777797 
182.00667083693375 17.0 0.0 1.0 135.0 14228.480373101836 14229.651851851839 14232.777777777797 
183.00667083693375 18.0 0.0 0.0 135.0 14228.831816726857 14229.651851851839 14232.777777777797 
184.00667083693375 18.0 0.0 0.0 135.0 14230.015605042116 14232.777777777797 14232.777777777797 
185.00667083693375 18.0 0.0 0.0 135.0 14230.84425686285 14232.777777777797 14232.777777777797 
186.00667083693375 18.0 0.0 0.0 135.0 14231.424313137308 14232.777777777797 14232.777777777797 
187.00667083693375 18.0 0.0 0.0 135.0 14231.830352529465 14232.777777777797 14232.777777777797 
188.00667083693375 18.0 0.0 0.0 135.0 14232.114580103977 14232.777777777797 14232.777777777797 
189.00667083693375 18.0 0.0 0.0 135.0 14232.313539406121 14232.777777777797 14232.777777777797 
190.00667083693375 18.0 0.0 0.0 135.0 14232.452810917606 14232.777777777797 14232.777777777797 
191.00667083693375 18.0 0.0 0.0 135.0 14232.550300975654 14232.777777777797 14232.777777777797 
192.00667083693375 18.0 0.0 1.0 135.0 14232.618544016312 14232.777777777797 14232.777777777797 
193.00667083693375 19.0 0.0 0.0 135.0 14231.728536366963 14229.651851851839 14232.777777777797 
194.00667083693375 19.0 0.0 0.0 135.0 14232.043308790195 14232.777777777797 14232.777777777797 
195.00667083693375 19.0 0.0 1.0 135.0 14232.26364948648 14232.777777777797 14232.777777777797 
196.00667083693375 19.0 0.0 1.0 135.0 14231.480110196091 14229.651851851839 14232.777777777797 
197.00667083693375 20.0 0.0 0.0 135.0 14230.931632692806 14229.651851851839 14232.777777777797 
198.00667083693375 20.0 0.0 0.0 135.0 14231.485476218306 14232.777777777797 14232.777777777797 
199.00667083693375 20.0 0.0 0.0 135.0 14231.87316668614 14232.777777777797 14232.777777777797 
200.00667083693375 20.0 0.0 0.0 135.0 14232.144550013663 14232.777777777797 14232.777777777797 
201.00667083693375 20.0 0.0 0.0 135.0 14232.334518342872 14232.777777777797 14232.777777777797 
202.00667083693375 20.0 0.0 1.0 135.0 14232.467496173334 14232.777777777797 14232.777777777797 
203.00667083693375 21.0 0.0 0.0 135.0 14231.622802876922 14229.651851851839 14232.777777777797 
204.00667083693375 21.0 0.0 1.0 135.0 14231.969295347188 14232.777777777797 14232.777777777797 
205.00667083693375 21.0 0.0 1.0 135.0 14231.274062298577 14229.651851851839 14232.777777777797 
206.00667083693375 22.0 0.0 0.0 135.0 14230.787399164554 14229.651851851839 14232.777777777797 
207.00667083693375 22.0 0.0 0.0 135.0 14231.384512748496 14232.777777777797 14232.777777777797 
208.00667083693375 22.0 0.0 0.0 135.0 14231.802492257299 14232.777777777797 14232.777777777797 
209.00667083693375 22.0 0.0 0.0 135.0 14232.09507791342 14232.777777777797 14232.777777777797 
210.00667083693375 22.0 0.0 0.0 135.0 14232.299887872727 14232.777777777797 14232.777777777797 
211.00667083693375 22.0 0.0 0.0 135.0 14232.443254844238 14232.777777777797 14232.777777777797 
212.00667083693375 22.0 0.0 1.0 135.0 14232.543611724308 14232.777777777797 14232.777777777797 
213.00667083693375 22.0 0.0 1.0 135.0 14231.676083762573 14229.651851851839 14232.777777777797 
214.00667083693375 23.0 0.0 0.0 135.0 14231.068814189333 14229.651851851839 14232.777777777797 
215.00667083693375 23.0 0.0 0.0 135.0 14231.581503265887 14232.777777777797 14232.777777777797 
216.00667083693375 23.0 0.0 0.0 135.0 14231.940385619473 14232.777777777797 14232.777777777797 
217.00667083693375 23.0 0.0 0.0 135.0 14232.191603266949 14232.777777777797 14232.777777777797 
218.00667083693375 23.0 0.0 0.0 135.0 14232.367455620215 14232.777777777797 14232.777777777797 
219.00667083693375 23.0 0.0 1.0 135.0 14232.490552267443 14232.777777777797 14232.777777777797 
220.00667083693375 23.0 0.0 3.0 135.0 14231.63894214278 14229.651851851839 14232.777777777797 
221.00667083693375 24.0 0.0 4.0 135.0 14229.167259499976 14223.400000000001 14232.777777777797 
222.00667083693375 27.0 0.0 1.0 135.0 14226.499303872162 14220.274074074052 14232.777777777797 
223.00667083693375 28.0 0.0 0.0 135.0 14227.445068266084 14229.651851851839 14232.777777777797 
224.00667083693375 28.0 0.0 0.0 135.0 14229.044881119578 14232.777777777797 14232.777777777797 
225.00667083693375 28.0 0.0 1.0 135.0 14230.164750117057 14232.777777777797 14232.777777777797 
226.00667083693375 28.0 0.0 1.0 135.0 14230.010880637512 14229.651851851839 14232.777777777797 
227.00667083693375 29.0 0.0 0.0 135.0 14229.903172001797 14229.651851851839 14232.777777777797 
228.00667083693375 29.0 0.0 2.0 135.0 14230.765553734596 14232.777777777797 14232.777777777797 
229.00667083693375 31.0 0.0 0.0 135.0 14220.800332058645 14197.54814814815 14232.777777777797 
230.00667083693375 31.0 0.0 0.0 135.0 14224.39356577437 14232.777777777797 14232.777777777797 
231.00667083693375 31.0 0.0 0.0 135.0 14226.908829375416 14232.777777777797 14232.777777777797 
232.00667083693375 31.0 0.0 0.0 135.0 14228.669513896128 14232.777777777797 14232.777777777797 
233.00667083693375 31.0 0.0 0.0 135.0 14229.90199306061 14232.777777777797 14232.777777777797 
234.00667083693375 31.0 0.0 0.0 135.0 14230.764728475764 14232.777777777797 14232.777777777797 
235.00667083693375 31.0 0.0 1.0 135.0 14231.368643266362 14232.777777777797 14232.777777777797 
236.00667083693375 32.0 0.0 0.0 135.0 14230.853605842032 14229.651851851839 14232.777777777797 
237.00667083693375 32.0 0.0 0.0 135.0 14231.43085742273 14232.777777777797 14232.777777777797 
238.00667083693375 32.0 0.0 0.0 135.0 14231.834933529266 14232.777777777797 14232.777777777797 
239.00667083693375 32.0 0.0 0.0 135.0 14232.117786803805 14232.777777777797 14232.777777777797 
240.00667083693375 32.0 0.0 0.0 135.0 14232.31578409599 14232.777777777797 14232.777777777797 
241.00667083693375 32.0 0.0 1.0 135.0 14232.45438220055 14232.777777777797 14232.777777777797 
242.00667083693375 33.0 0.0 0.0 135.0 14231.61362309594 14229.651851851839 14232.777777777797 
243.00667083693375 33.0 0.0 0.0 135.0 14231.962869500467 14232.777777777797 14232.777777777797 
244.00667083693375 33.0 0.0 0.0 135.0 14232.207341983667 14232.777777777797 14232.777777777797 
245.00667083693375 33.0 0.0 1.0 135.0 14232.378472721908 14232.777777777797 14232.777777777797 
246.00667083693375 34.0 0.0 0.0 135.0 14227.213819794226 14215.162962962962 14232.777777777797 
247.00667083693375 34.0 0.0 0.0 135.0 14228.883007189304 14232.777777777797 14232.777777777797 
248.00667083693375 34.0 0.0 0.0 135.0 14230.05143836584 14232.777777777797 14232.777777777797 
249.00667083693375 34.0 0.0 0.0 135.0 14230.86934018942 14232.777777777797 14232.777777777797 
250.00667083693375 34.0 0.0 0.0 135.0 14231.441871465946 14232.777777777797 14232.777777777797 
251.00667083693375 34.0 0.0 0.0 135.0 14231.842643359501 14232.777777777797 14232.777777777797 
252.00667083693375 34.0 0.0 0.0 135.0 14232.123183684971 14232.777777777797 14232.777777777797 
253.00667083693375 34.0 0.0 0.0 135.0 14232.31956191281 14232.777777777797 14232.777777777797 
254.00667083693375 34.0 0.0 0.0 135.0 14232.457026672293 14232.777777777797 14232.777777777797 
255.00667083693375 34.0 0.0 0.0 135.0 14232.553252003943 14232.777777777797 14232.777777777797 
256.0066708369337 34.0 0.0 0.0 135.0 14232.62060973611 14232.777777777797 14232.777777777797 
257.0066708369337 34.0 0.0 0.0 135.0 14232.667760148575 14232.777777777797 14232.777777777797 
258.0066708369337 34.0 0.0 0.0 135.0 14232.70076543735 14232.777777777797 14232.777777777797 
259.0066708369337 34.0 0.0 0.0 135.0 14232.723869139481 14232.777777777797 14232.777777777797 
260.0066708369337 34.0 0.0 0.0 135.0 14232.740041730993 14232.777777777797 14232.777777777797 
261.0066708369337 34.0 0.0 0.0 135.0 14232.751362545012 14232.777777777797 14232.777777777797 
262.0066708369337 34.0 0.0 0.0 135.0 14232.759287114839 14232.777777777797 14232.777777777797 
263.0066708369337 34.0 0.0 0.0 135.0 14232.764834313717 14232.777777777797 14232.777777777797 
264.0066708369337 34.0 0.0 0.0 135.0 14232.76871735291 14232.777777777797 14232.777777777797 
265.0066708369337 34.0 0.0 0.0 135.0 14232.771435480421 14232.777777777797 14232.777777777797 
266.0066708369337 34.0 0.0 0.0 135.0 14232.77333816963 14232.777777777797 14232.777777777797 
267.0066708369337 34.0 0.0 0.0 135.0 14232.774670052033 14232.777777777797 14232.777777777797 
268.0066708369337 34.0 0.0 0.0 135.0 14232.775602369757 14232.777777777797 14232.777777777797 
269.0066708369337 34.0 0.0 0.0 135.0 14232.776254992143 14232.777777777797 14232.777777777797 
270.0066708369337 34.0 0.0 0.0 135.0 14232.77671182786 14232.777777777797 14232.777777777797 
271.0066708369337 34.0 0.0 0.0 135.0 14232.777031612843 14232.777777777797 14232.777777777797 
272.0066708369337 34.0 0.0 0.0 135.0 14232.777255462313 14232.777777777797 14232.777777777797 
273.0066708369337 34.0 0.0 0.0 135.0 14232.777412156953 14232.777777777797 14232.777777777797 
274.0066708369337 34.0 0.0 0.0 135.0 14232.777521843214 14232.777777777797 14232.777777777797 
275.0066708369337 34.0 0.0 0.0 135.0 14232.777598623574 14232.777777777797 14232.777777777797 
276.0066708369337 34.0 0.0 0.0 135.0 14232.77765236985 14232.777777777797 14232.777777777797 
277.0066708369337 34.0 0.0 0.0 135.0 14232.777689992221 14232.777777777797 14232.777777777797 
278.0066708369337 34.0 0.0 0.0 135.0 14232.777716327866 14232.777777777797 14232.777777777797 
279.0066708369337 34.0 0.0 0.0 135.0 14232.777734762856 14232.777777777797 14232.777777777797 
280.0066708369337 34.0 0.0 0.0 135.0 14232.777747667342 14232.777777777797 14232.777777777797 
281.0066708369337 34.0 0.0 0.0 135.0 14232.77775670047 14232.777777777797 14232.777777777797 
282.0066708369337 34.0 0.0 0.0 135.0 14232.777763023658 14232.777777777797 14232.777777777797 
283.0066708369337 34.0 0.0 0.0 135.0 14232.777767449914 14232.777777777797 14232.777777777797 
284.0066708369337 34.0 0.0 0.0 135.0 14232.777770548251 14232.777777777797 14232.777777777797 
285.0066708369337 34.0 0.0 0.0 135.0 14232.777772717123 14232.777777777797 14232.777777777797 
286.0066708369337 34.0 0.0 0.0 135.0 14232.777774235314 14232.777777777797 14232.777777777797 
287.0066708369337 34.0 0.0 0.0 135.0 14232.77777529803 14232.777777777797 14232.777777777797 
288.0066708369337 34.0 0.0 0.0 135.0 14232.777776041958 14232.777777777797 14232.777777777797 
289.0066708369337 34.0 0.0 0.0 135.0 14232.777776562722 14232.777777777797 14232.777777777797 
290.0066708369337 34.0 0.0 0.0 135.0 14232.77777692724 14232.777777777797 14232.777777777797 
291.0066708369337 34.0 0.0 0.0 135.0 14232.777777182391 14232.777777777797 14232.777777777797 
292.0066708369337 34.0 0.0 0.0 135.0 14232.777777361029 14232.777777777797 14232.777777777797 
293.0066708369337 34.0 0.0 0.0 135.0 14232.777777486057 14232.777777777797 14232.777777777797 
294.0066708369337 34.0 0.0 0.0 135.0 14232.777777573561 14232.777777777797 14232.777777777797 
295.0066708369337 34.0 0.0 0.0 135.0 14232.777777634841 14232.777777777797 14232.777777777797 
296.0066708369337 34.0 0.0 0.0 135.0 14232.777777677713 14232.777777777797 14232.777777777797 
297.0066708369337 34.0 0.0 0.0 135.0 14232.77777770772 14232.777777777797 14232.777777777797 
298.0066708369337 34.0 0.0 0.0 135.0 14232.777777728732 14232.777777777797 14232.777777777797 
299.0066708369337 34.0 0.0 0.0 135.0 14232.777777743459 14232.777777777797 14232.777777777797 
300.0066708369337 34.0 0.0 0.0 135.0 14232.777777753741 14232.777777777797 14232.777777777797 
301.0066708369337 34.0 0.0 0.0 135.0 14232.777777760937 14232.777777777797 14232.777777777797 
302.0066708369337 34.0 0.0 0.0 135.0 14232.777777765996 14232.777777777797 14232.777777777797 
303.0066708369337 34.0 0.0 0.0 135.0 14232.777777769541 14232.777777777797 14232.777777777797 
304.0066708369337 34.0 0.0 0.0 135.0 14232.777777772011 14232.777777777797 14232.777777777797 
305.0066708369337 34.0 0.0 0.0 135.0 14232.77777777371 14232.777777777797 14232.777777777797 
306.0066708369337 34.0 0.0 0.0 135.0 14232.777777774947 14232.777777777797 14232.777777777797 
307.0066708369337 34.0 0.0 0.0 135.0 14232.7777777758 14232.777777777797 14232.777777777797 
308.0066708369337 34.0 0.0 0.0 135.0 14232.777777776411 14232.777777777797 14232.777777777797 
309.0066708369337 34.0 0.0 0.0 135.0 14232.777777776799 14232.777777777797 14232.777777777797 
310.0066708369337 34.0 0.0 0.0 135.0 14232.777777777123 14232.777777777797 14232.777777777797 
311.0066708369337 34.0 0.0 0.0 135.0 14232.777777777315 14232.777777777797 14232.777777777797 
312.0066708369337 34.0 0.0 0.0 135.0 14232.777777777448 14232.777777777797 14232.777777777797 
313.0066708369337 34.0 0.0 0.0 135.0 14232.777777777565 14232.777777777797 14232.777777777797 
314.0066708369337 34.0 0.0 1.0 135.0 14232.777777777621 14232.777777777797 14232.777777777797 
315.0066708369337 35.0 0.0 0.0 135.0 14227.493333333245 14215.162962962962 14232.777777777797 
316.0066708369337 35.0 0.0 0.0 135.0 14229.07866666658 14232.777777777797 14232.777777777797 
317.0066708369337 35.0 0.0 1.0 135.0 14230.188399999943 14232.777777777797 14232.777777777797 
318.0066708369337 35.0 0.0 1.0 135.0 14230.02743555552 14229.651851851839 14232.777777777797 
319.0066708369337 36.0 0.0 0.0 135.0 14229.914760444426 14229.651851851839 14232.777777777797 
320.0066708369337 36.0 0.0 0.0 135.0 14230.773665644407 14232.777777777797 14232.777777777797 
321.0066708369337 36.0 0.0 0.0 135.0 14231.37489928442 14232.777777777797 14232.777777777797 
322.0066708369337 36.0 0.0 0.0 135.0 14231.795762832437 14232.777777777797 14232.777777777797 
323.0066708369337 36.0 0.0 0.0 135.0 14232.090367316041 14232.777777777797 14232.777777777797 
324.0066708369337 36.0 0.0 1.0 135.0 14232.296590454558 14232.777777777797 14232.777777777797 
325.0066708369337 36.0 0.0 1.0 135.0 14231.503168873765 14229.651851851839 14232.777777777797 
326.0066708369337 37.0 0.0 0.0 135.0 14230.947773767186 14229.651851851839 14232.777777777797 
327.0066708369337 37.0 0.0 0.0 135.0 14231.496774970377 14232.777777777797 14232.777777777797 
328.0066708369337 37.0 0.0 0.0 135.0 14231.881075812587 14232.777777777797 14232.777777777797 
329.0066708369337 37.0 0.0 1.0 135.0 14232.150086402113 14232.777777777797 14232.777777777797 
330.0066708369337 38.0 0.0 0.0 135.0 14231.400616037057 14229.651851851839 14232.777777777797 
331.0066708369337 38.0 0.0 0.0 135.0 14231.813764559276 14232.777777777797 14232.777777777797 
332.0066708369337 38.0 0.0 0.0 135.0 14232.102968524821 14232.777777777797 14232.777777777797 
333.0066708369337 38.0 0.0 0.0 135.0 14232.305411300707 14232.777777777797 14232.777777777797 
334.0066708369337 38.0 0.0 0.0 135.0 14232.44712124383 14232.777777777797 14232.777777777797 
335.0066708369337 38.0 0.0 0.0 135.0 14232.546318204026 14232.777777777797 14232.777777777797 
336.0066708369337 38.0 0.0 0.0 135.0 14232.615756076144 14232.777777777797 14232.777777777797 
337.0066708369337 38.0 0.0 1.0 135.0 14232.664362586625 14232.777777777797 14232.777777777797 
338.0066708369337 39.0 0.0 0.0 135.0 14231.760609366182 14229.651851851839 14232.777777777797 
339.0066708369337 39.0 0.0 0.0 135.0 14232.065759889658 14232.777777777797 14232.777777777797 
340.0066708369337 39.0 0.0 0.0 135.0 14232.279365256107 14232.777777777797 14232.777777777797 
341.0066708369337 39.0 0.0 1.0 135.0 14232.428889012575 14232.777777777797 14232.777777777797 
342.0066708369337 39.0 0.0 1.0 135.0 14231.595777864402 14229.651851851839 14232.777777777797 
343.0066708369337 40.0 0.0 0.0 135.0 14231.012600060614 14229.651851851839 14232.777777777797 
344.0066708369337 40.0 0.0 1.0 135.0 14231.542153375767 14232.777777777797 14232.777777777797 
345.0066708369337 40.0 0.0 2.0 135.0 14230.975062918578 14229.651851851839 14232.777777777797 
346.0066708369337 41.0 0.0 1.0 135.0 14229.640321820816 14226.525925925918 14232.777777777797 
347.0066708369337 41.0 0.0 1.0 135.0 14229.64378083013 14229.651851851839 14232.777777777797 
348.0066708369337 42.0 0.0 0.0 135.0 14229.646202136642 14229.651851851839 14232.777777777797 
349.0066708369337 42.0 0.0 0.0 135.0 14230.585674828966 14232.777777777797 14232.777777777797 
350.0066708369337 42.0 0.0 0.0 135.0 14231.243305713606 14232.777777777797 14232.777777777797 
351.0066708369337 42.0 0.0 0.0 135.0 14231.703647332859 14232.777777777797 14232.777777777797 
352.0066708369337 42.0 0.0 0.0 135.0 14232.025886466337 14232.777777777797 14232.777777777797 
353.0066708369337 42.0 0.0 1.0 135.0 14232.251453859793 14232.777777777797 14232.777777777797 
354.0066708369337 42.0 0.0 1.0 135.0 14231.471573257417 14229.651851851839 14232.777777777797 
355.0066708369337 43.0 0.0 0.0 135.0 14230.925656835705 14229.651851851839 14232.777777777797 
356.0066708369337 43.0 0.0 0.0 135.0 14231.481293118359 14232.777777777797 14232.777777777797 
357.0066708369337 43.0 0.0 0.0 135.0 14231.870238516176 14232.777777777797 14232.777777777797 
358.0066708369337 43.0 0.0 0.0 135.0 14232.14250029468 14232.777777777797 14232.777777777797 
359.0066708369337 43.0 0.0 0.0 135.0 14232.333083539592 14232.777777777797 14232.777777777797 
360.0066708369337 43.0 0.0 0.0 135.0 14232.466491811043 14232.777777777797 14232.777777777797 
361.0066708369337 43.0 0.0 0.0 135.0 14232.559877601067 14232.777777777797 14232.777777777797 
362.0066708369337 43.0 0.0 0.0 135.0 14232.6252476541 14232.777777777797 14232.777777777797 
363.0066708369337 43.0 0.0 0.0 135.0 14232.6710066912 14232.777777777797 14232.777777777797 
364.0066708369337 43.0 0.0 0.0 135.0 14232.70303801716 14232.777777777797 14232.777777777797 
365.0066708369337 43.0 0.0 0.0 135.0 14232.725459945332 14232.777777777797 14232.777777777797 
366.0066708369337 43.0 0.0 0.0 135.0 14232.741155295082 14232.777777777797 14232.777777777797 
367.0066708369337 43.0 0.0 0.0 135.0 14232.752142039879 14232.777777777797 14232.777777777797 
368.0066708369337 43.0 0.0 0.0 135.0 14232.75983276126 14232.777777777797 14232.777777777797 
369.0066708369337 43.0 0.0 0.0 135.0 14232.765216266207 14232.777777777797 14232.777777777797 
370.0066708369337 43.0 0.0 0.0 135.0 14232.768984719698 14232.777777777797 14232.777777777797 
371.0066708369337 43.0 0.0 0.0 135.0 14232.771622637138 14232.777777777797 14232.777777777797 
372.0066708369337 43.0 0.0 0.0 135.0 14232.77346917931 14232.777777777797 14232.777777777797 
373.0066708369337 43.0 0.0 0.0 135.0 14232.774761758863 14232.777777777797 14232.777777777797 
374.0066708369337 43.0 0.0 0.0 135.0 14232.775666564525 14232.777777777797 14232.777777777797 
375.0066708369337 43.0 0.0 0.0 135.0 14232.77629992848 14232.777777777797 14232.777777777797 
376.0066708369337 43.0 0.0 1.0 135.0 14232.776743283304 14232.777777777797 14232.777777777797 
377.0066708369337 44.0 0.0 0.0 135.0 14231.839275853856 14229.651851851839 14232.777777777797 
378.0066708369337 44.0 0.0 0.0 135.0 14232.120826431003 14232.777777777797 14232.777777777797 
379.0066708369337 44.0 0.0 0.0 135.0 14232.31791183505 14232.777777777797 14232.777777777797 
380.0066708369337 44.0 0.0 0.0 135.0 14232.455871617862 14232.777777777797 14232.777777777797 
381.0066708369337 44.0 0.0 0.0 135.0 14232.552443465847 14232.777777777797 14232.777777777797 
382.0066708369337 44.0 0.0 0.0 135.0 14232.620043759402 14232.777777777797 14232.777777777797 
383.0066708369337 44.0 0.0 0.0 135.0 14232.667363964914 14232.777777777797 14232.777777777797 
384.0066708369337 44.0 0.0 0.0 135.0 14232.700488108798 14232.777777777797 14232.777777777797 
385.0066708369337 44.0 0.0 0.0 135.0 14232.723675009483 14232.777777777797 14232.777777777797 
386.0066708369337 44.0 0.0 0.0 135.0 14232.739905839944 14232.777777777797 14232.777777777797 
387.0066708369337 44.0 0.0 0.0 135.0 14232.751267421325 14232.777777777797 14232.777777777797 
388.0066708369337 44.0 0.0 0.0 135.0 14232.759220528247 14232.777777777797 14232.777777777797 
389.0066708369337 44.0 0.0 0.0 135.0 14232.764787703138 14232.777777777797 14232.777777777797 
390.0066708369337 44.0 0.0 0.0 135.0 14232.768684725514 14232.777777777797 14232.777777777797 
391.0066708369337 44.0 0.0 0.0 135.0 14232.771412641188 14232.777777777797 14232.777777777797 
392.0066708369337 44.0 0.0 0.0 135.0 14232.773322182169 14232.777777777797 14232.777777777797 
393.0066708369337 44.0 0.0 0.0 135.0 14232.774658860837 14232.777777777797 14232.777777777797 
394.0066708369337 44.0 0.0 0.0 135.0 14232.7755945359 14232.777777777797 14232.777777777797 
395.0066708369337 44.0 0.0 0.0 135.0 14232.776249508497 14232.777777777797 14232.777777777797 
396.0066708369337 44.0 0.0 0.0 135.0 14232.776707989286 14232.777777777797 14232.777777777797 
397.0066708369337 44.0 0.0 0.0 135.0 14232.777028925831 14232.777777777797 14232.777777777797 
398.0066708369337 44.0 0.0 0.0 135.0 14232.777253581393 14232.777777777797 14232.777777777797 
399.0066708369337 44.0 0.0 0.0 135.0 14232.777410840326 14232.777777777797 14232.777777777797 
400.0066708369337 44.0 0.0 1.0 135.0 14232.777520921567 14232.777777777797 14232.777777777797 
401.0066708369337 45.0 0.0 0.0 135.0 14231.83982020064 14229.651851851839 14232.777777777797 
402.0066708369337 45.0 0.0 0.0 135.0 14232.121207473772 14232.777777777797 14232.777777777797 
403.0066708369337 45.0 0.0 0.0 135.0 14232.318178564965 14232.777777777797 14232.777777777797 
404.0066708369337 45.0 0.0 0.0 135.0 14232.456058328824 14232.777777777797 14232.777777777797 
405.0066708369337 45.0 0.0 0.0 135.0 14232.55257416349 14232.777777777797 14232.777777777797 
406.0066708369337 45.0 0.0 0.0 135.0 14232.62013524779 14232.777777777797 14232.777777777797 
407.0066708369337 45.0 0.0 0.0 135.0 14232.66742800678 14232.777777777797 14232.777777777797 
408.0066708369337 45.0 0.0 0.0 135.0 14232.700532938063 14232.777777777797 14232.777777777797 
409.0066708369337 45.0 0.0 0.0 135.0 14232.723706389981 14232.777777777797 14232.777777777797 
410.0066708369337 45.0 0.0 0.0 135.0 14232.73992780632 14232.777777777797 14232.777777777797 
411.0066708369337 45.0 0.0 0.0 135.0 14232.751282797768 14232.777777777797 14232.777777777797 
412.0066708369337 45.0 0.0 0.0 135.0 14232.759231291795 14232.777777777797 14232.777777777797 
413.0066708369337 45.0 0.0 0.0 135.0 14232.764795237554 14232.777777777797 14232.777777777797 
414.0066708369337 45.0 0.0 0.0 135.0 14232.768689999655 14232.777777777797 14232.777777777797 
415.0066708369337 45.0 0.0 0.0 135.0 14232.771416333097 14232.777777777797 14232.777777777797 
416.0066708369337 45.0 0.0 0.0 135.0 14232.773324766515 14232.777777777797 14232.777777777797 
417.0066708369337 45.0 0.0 1.0 135.0 14232.774660669875 14232.777777777797 14232.777777777797 
418.0066708369337 45.0 0.0 1.0 135.0 14231.837818024482 14229.651851851839 14232.777777777797 
419.0066708369337 45.0 0.0 1.0 135.0 14231.182028172685 14229.651851851839 14232.777777777797 
420.0066708369337 46.0 0.0 0.0 135.0 14230.72297527645 14229.651851851839 14232.777777777797 
421.0066708369337 46.0 0.0 0.0 135.0 14231.339416026838 14232.777777777797 14232.777777777797 
422.0066708369337 46.0 0.0 0.0 135.0 14231.770924552126 14232.777777777797 14232.777777777797 
423.0066708369337 46.0 0.0 0.0 135.0 14232.0729805198 14232.777777777797 14232.777777777797 
424.0066708369337 46.0 0.0 0.0 135.0 14232.284419697186 14232.777777777797 14232.777777777797 
425.0066708369337 46.0 0.0 0.0 135.0 14232.4324271214 14232.777777777797 14232.777777777797 
426.0066708369337 46.0 0.0 0.0 135.0 14232.536032318298 14232.777777777797 14232.777777777797 
427.0066708369337 46.0 0.0 0.0 135.0 14232.608555956145 14232.777777777797 14232.777777777797 
428.0066708369337 46.0 0.0 0.0 135.0 14232.65932250263 14232.777777777797 14232.777777777797 
429.0066708369337 46.0 0.0 0.0 135.0 14232.694859085195 14232.777777777797 14232.777777777797 
430.0066708369337 46.0 0.0 0.0 135.0 14232.719734692966 14232.777777777797 14232.777777777797 
431.0066708369337 46.0 0.0 0.0 135.0 14232.737147618405 14232.777777777797 14232.777777777797 
432.0066708369337 46.0 0.0 0.0 135.0 14232.74933666623 14232.777777777797 14232.777777777797 
433.0066708369337 46.0 0.0 0.0 135.0 14232.757868999677 14232.777777777797 14232.777777777797 
434.0066708369337 46.0 0.0 0.0 135.0 14232.7638416331 14232.777777777797 14232.777777777797 
435.0066708369337 46.0 0.0 0.0 135.0 14232.768022476537 14232.777777777797 14232.777777777797 
436.0066708369337 46.0 0.0 0.0 135.0 14232.770949066913 14232.777777777797 14232.777777777797 
437.0066708369337 46.0 0.0 0.0 135.0 14232.772997680178 14232.777777777797 14232.777777777797 
438.0066708369337 46.0 0.0 0.0 135.0 14232.774431709451 14232.777777777797 14232.777777777797 
439.0066708369337 46.0 0.0 0.0 135.0 14232.775435529935 14232.777777777797 14232.777777777797 
440.0066708369337 46.0 0.0 0.0 135.0 14232.776138204295 14232.777777777797 14232.777777777797 
441.0066708369337 46.0 0.0 0.0 135.0 14232.776630076334 14232.777777777797 14232.777777777797 
442.0066708369337 46.0 0.0 0.0 135.0 14232.776974386774 14232.777777777797 14232.777777777797 
443.0066708369337 46.0 0.0 0.0 135.0 14232.77721540408 14232.777777777797 14232.777777777797 
444.0066708369337 46.0 0.0 0.0 135.0 14232.777384116192 14232.777777777797 14232.777777777797 
445.0066708369337 46.0 0.0 0.0 135.0 14232.777502214652 14232.777777777797 14232.777777777797 
446.0066708369337 46.0 0.0 0.0 135.0 14232.777584883584 14232.777777777797 14232.777777777797 
447.0066708369337 46.0 0.0 0.0 135.0 14232.777642751873 14232.777777777797 14232.777777777797 
448.0066708369337 46.0 0.0 0.0 135.0 14232.777683259597 14232.777777777797 14232.777777777797 
449.0066708369337 46.0 0.0 0.0 135.0 14232.777711615085 14232.777777777797 14232.777777777797 
450.0066708369337 46.0 0.0 1.0 135.0 14232.777731463895 14232.777777777797 14232.777777777797 
451.0066708369337 47.0 0.0 0.0 135.0 14231.839967580268 14229.651851851839 14232.777777777797 
452.0066708369337 47.0 0.0 0.0 135.0 14232.121310639532 14232.777777777797 14232.777777777797 
453.0066708369337 47.0 0.0 0.0 135.0 14232.318250781 14232.777777777797 14232.777777777797 
454.0066708369337 47.0 0.0 1.0 135.0 14232.456108880053 14232.777777777797 14232.777777777797 
455.0066708369337 48.0 0.0 1.0 135.0 14227.2681651049 14215.162962962962 14232.777777777797 
456.0066708369337 49.0 0.0 0.0 135.0 14227.983271129011 14229.651851851839 14232.777777777797 
457.0066708369337 49.0 0.0 0.0 135.0 14229.421623123655 14232.777777777797 14232.777777777797 
458.0066708369337 49.0 0.0 0.0 135.0 14230.428469519897 14232.777777777797 14232.777777777797 
459.0066708369337 49.0 0.0 0.0 135.0 14231.133261997238 14232.777777777797 14232.777777777797 
460.0066708369337 49.0 0.0 0.0 135.0 14231.626616731395 14232.777777777797 14232.777777777797 
461.0066708369337 49.0 0.0 0.0 135.0 14231.971965045326 14232.777777777797 14232.777777777797 
462.0066708369337 49.0 0.0 0.0 135.0 14232.213708865049 14232.777777777797 14232.777777777797 
463.0066708369337 49.0 0.0 0.0 135.0 14232.382929538888 14232.777777777797 14232.777777777797 
464.0066708369337 49.0 0.0 0.0 135.0 14232.501384010546 14232.777777777797 14232.777777777797 
465.0066708369337 49.0 0.0 0.0 135.0 14232.584302140714 14232.777777777797 14232.777777777797 
466.0066708369337 49.0 0.0 0.0 135.0 14232.64234483185 14232.777777777797 14232.777777777797 
467.0066708369337 49.0 0.0 0.0 135.0 14232.68297471561 14232.777777777797 14232.777777777797 
468.0066708369337 49.0 0.0 0.0 135.0 14232.711415634272 14232.777777777797 14232.777777777797 
469.0066708369337 49.0 0.0 0.0 135.0 14232.731324277302 14232.777777777797 14232.777777777797 
470.0066708369337 49.0 0.0 0.0 135.0 14232.745260327463 14232.777777777797 14232.777777777797 
471.0066708369337 49.0 0.0 0.0 135.0 14232.755015562567 14232.777777777797 14232.777777777797 
472.0066708369337 49.0 0.0 1.0 135.0 14232.761844227134 14232.777777777797 14232.777777777797 
473.0066708369337 50.0 0.0 0.0 135.0 14227.482179847877 14215.162962962962 14232.777777777797 
474.0066708369337 50.0 0.0 0.0 135.0 14229.070859226833 14232.777777777797 14232.777777777797 
475.0066708369337 50.0 0.0 0.0 135.0 14230.182934792136 14232.777777777797 14232.777777777797 
476.0066708369337 50.0 0.0 1.0 135.0 14230.96138768781 14232.777777777797 14232.777777777797 
477.0066708369337 51.0 0.0 0.0 135.0 14226.221860270343 14215.162962962962 14232.777777777797 
478.0066708369337 51.0 0.0 0.0 135.0 14228.18863552259 14232.777777777797 14232.777777777797 
479.0066708369337 51.0 0.0 0.0 135.0 14229.565378199168 14232.777777777797 14232.777777777797 
480.0066708369337 51.0 0.0 0.0 135.0 14230.529098072706 14232.777777777797 14232.777777777797 
481.0066708369337 51.0 0.0 0.0 135.0 14231.203701984261 14232.777777777797 14232.777777777797 
482.0066708369337 51.0 0.0 1.0 135.0 14231.67592472229 14232.777777777797 14232.777777777797 
483.0066708369337 52.0 0.0 1.0 135.0 14231.068702861157 14229.651851851839 14232.777777777797 
484.0066708369337 52.0 0.0 1.0 135.0 14230.643647558376 14229.651851851839 14232.777777777797 
485.0066708369337 53.0 0.0 0.0 135.0 14230.34610884644 14229.651851851839 14232.777777777797 
486.0066708369337 53.0 0.0 0.0 135.0 14231.075609525828 14232.777777777797 14232.777777777797 
487.0066708369337 53.0 0.0 0.0 135.0 14231.586260001412 14232.777777777797 14232.777777777797 
488.0066708369337 53.0 0.0 1.0 135.0 14231.943715334319 14232.777777777797 14232.777777777797 
489.0066708369337 53.0 0.0 1.0 135.0 14231.256156289584 14229.651851851839 14232.777777777797 
490.0066708369337 53.0 0.0 1.0 135.0 14230.774864958254 14229.651851851839 14232.777777777797 
491.0066708369337 54.0 0.0 0.0 135.0 14230.437961026344 14229.651851851839 14232.777777777797 
492.0066708369337 54.0 0.0 0.0 135.0 14231.139906051749 14232.777777777797 14232.777777777797 
493.0066708369337 54.0 0.0 0.0 135.0 14231.631267569572 14232.777777777797 14232.777777777797 
494.0066708369337 54.0 0.0 0.0 135.0 14231.975220632032 14232.777777777797 14232.777777777797 
495.0066708369337 54.0 0.0 0.0 135.0 14232.215987775782 14232.777777777797 14232.777777777797 
496.0066708369337 54.0 0.0 0.0 135.0 14232.38452477636 14232.777777777797 14232.777777777797 
497.0066708369337 54.0 0.0 0.0 135.0 14232.502500676794 14232.777777777797 14232.777777777797 
498.0066708369337 54.0 0.0 0.0 135.0 14232.585083807067 14232.777777777797 14232.777777777797 
499.0066708369337 54.0 0.0 0.0 135.0 14232.642891998279 14232.777777777797 14232.777777777797 
500.0066708369337 54.0 0.0 0.0 135.0 14232.68335773214 14232.777777777797 14232.777777777797 
501.0066708369337 54.0 0.0 0.0 135.0 14232.71168374584 14232.777777777797 14232.777777777797 
502.0066708369337 54.0 0.0 0.0 135.0 14232.731511955428 14232.777777777797 14232.777777777797 
503.0066708369337 54.0 0.0 0.0 135.0 14232.745391702123 14232.777777777797 14232.777777777797 
504.0066708369337 54.0 0.0 0.0 135.0 14232.75510752483 14232.777777777797 14232.777777777797 
505.0066708369337 54.0 0.0 0.0 135.0 14232.7619086007 14232.777777777797 14232.777777777797 
506.0066708369337 54.0 0.0 0.0 135.0 14232.766669353818 14232.777777777797 14232.777777777797 
507.0066708369337 54.0 0.0 0.0 135.0 14232.770001880992 14232.777777777797 14232.777777777797 
508.0066708369337 54.0 0.0 0.0 135.0 14232.772334650028 14232.777777777797 14232.777777777797 
509.0066708369337 54.0 0.0 0.0 135.0 14232.773967588384 14232.777777777797 14232.777777777797 
510.0066708369337 54.0 0.0 0.0 135.0 14232.77511064517 14232.777777777797 14232.777777777797 
511.0066708369337 54.0 0.0 0.0 135.0 14232.775910784972 14232.777777777797 14232.777777777797 
512.0066708369337 54.0 0.0 0.0 135.0 14232.776470882804 14232.777777777797 14232.777777777797 
513.0066708369337 54.0 0.0 0.0 135.0 14232.776862951296 14232.777777777797 14232.777777777797 
514.0066708369337 54.0 0.0 0.0 135.0 14232.777137399271 14232.777777777797 14232.777777777797 
515.0066708369337 54.0 0.0 0.0 135.0 14232.777329512808 14232.777777777797 14232.777777777797 
516.0066708369337 54.0 0.0 0.0 135.0 14232.777463992303 14232.777777777797 14232.777777777797 
517.0066708369337 54.0 0.0 0.0 135.0 14232.777558127967 14232.777777777797 14232.777777777797 
518.0066708369337 54.0 0.0 0.0 135.0 14232.777624022874 14232.777777777797 14232.777777777797 
519.0066708369337 54.0 0.0 1.0 135.0 14232.77767014935 14232.777777777797 14232.777777777797 
520.0066708369337 54.0 0.0 2.0 135.0 14231.839924660135 14229.651851851839 14232.777777777797 
521.0066708369337 56.0 0.0 0.0 135.0 14230.245725039846 14226.525925925918 14232.777777777797 
522.0066708369337 56.0 0.0 0.0 135.0 14231.005340861224 14232.777777777797 14232.777777777797 
523.0066708369337 56.0 0.0 0.0 135.0 14231.537071936184 14232.777777777797 14232.777777777797 
524.0066708369337 56.0 0.0 1.0 135.0 14231.909283688672 14232.777777777797 14232.777777777797 
525.0066708369337 57.0 0.0 0.0 135.0 14231.232054137621 14229.651851851839 14232.777777777797 
526.0066708369337 57.0 0.0 0.0 135.0 14231.69577122966 14232.777777777797 14232.777777777797 
527.0066708369337 57.0 0.0 0.0 135.0 14232.020373194102 14232.777777777797 14232.777777777797 
528.0066708369337 57.0 0.0 0.0 135.0 14232.247594569206 14232.777777777797 14232.777777777797 
529.0066708369337 57.0 0.0 0.0 135.0 14232.406649531762 14232.777777777797 14232.777777777797 
530.0066708369337 57.0 0.0 0.0 135.0 14232.517988005577 14232.777777777797 14232.777777777797 
531.0066708369337 57.0 0.0 0.0 135.0 14232.595924937235 14232.777777777797 14232.777777777797 
532.0066708369337 57.0 0.0 0.0 135.0 14232.650480789416 14232.777777777797 14232.777777777797 
533.0066708369337 57.0 0.0 1.0 135.0 14232.68866988591 14232.777777777797 14232.777777777797 
534.0066708369337 57.0 0.0 1.0 135.0 14231.777624475695 14229.651851851839 14232.777777777797 
535.0066708369337 58.0 0.0 0.0 135.0 14231.139892688569 14229.651851851839 14232.777777777797 
536.0066708369337 58.0 0.0 0.0 135.0 14231.631258215328 14232.777777777797 14232.777777777797 
537.0066708369337 58.0 0.0 0.0 135.0 14231.97521408405 14232.777777777797 14232.777777777797 
538.0066708369337 58.0 0.0 0.0 135.0 14232.21598319215 14232.777777777797 14232.777777777797 
539.0066708369337 58.0 0.0 0.0 135.0 14232.38452156784 14232.777777777797 14232.777777777797 
540.0066708369337 58.0 0.0 0.0 135.0 14232.502498430835 14232.777777777797 14232.777777777797 
541.0066708369337 58.0 0.0 0.0 135.0 14232.58508223492 14232.777777777797 14232.777777777797 
542.0066708369337 58.0 0.0 0.0 135.0 14232.642890897756 14232.777777777797 14232.777777777797 
543.0066708369337 58.0 0.0 0.0 135.0 14232.683356961774 14232.777777777797 14232.777777777797 
544.0066708369337 58.0 0.0 1.0 135.0 14232.71168320658 14232.777777777797 14232.777777777797 
545.0066708369337 59.0 0.0 0.0 135.0 14231.793733800161 14229.651851851839 14232.777777777797 
546.0066708369337 59.0 0.0 1.0 135.0 14232.08894699343 14232.777777777797 14232.777777777797 
547.0066708369337 60.0 0.0 0.0 135.0 14231.357818450942 14229.651851851839 14232.777777777797 
548.0066708369337 60.0 0.0 0.0 135.0 14231.783806248994 14232.777777777797 14232.777777777797 
549.0066708369337 60.0 0.0 0.0 135.0 14232.08199770764 14232.777777777797 14232.777777777797 
550.0066708369337 60.0 0.0 0.0 135.0 14232.290731728679 14232.777777777797 14232.777777777797 
551.0066708369337 60.0 0.0 1.0 135.0 14232.43684554341 14232.777777777797 14232.777777777797 
552.0066708369337 61.0 0.0 0.0 135.0 14231.60134743593 14229.651851851839 14232.777777777797 
553.0066708369337 61.0 0.0 1.0 135.0 14231.954276538512 14232.777777777797 14232.777777777797 
554.0066708369337 62.0 0.0 0.0 135.0 14231.263549132498 14229.651851851839 14232.777777777797 
555.0066708369337 62.0 0.0 1.0 135.0 14231.717817726088 14232.777777777797 14232.777777777797 
556.0066708369337 63.0 0.0 0.0 135.0 14226.751361297154 14215.162962962962 14232.777777777797 
557.0066708369337 63.0 0.0 0.0 135.0 14228.559286241332 14232.777777777797 14232.777777777797 
558.0066708369337 63.0 0.0 0.0 135.0 14229.824833702249 14232.777777777797 14232.777777777797 
559.0066708369337 63.0 0.0 0.0 135.0 14230.710716924912 14232.777777777797 14232.777777777797 
560.0066708369337 63.0 0.0 0.0 135.0 14231.330835180755 14232.777777777797 14232.777777777797 
561.0066708369337 63.0 0.0 0.0 135.0 14231.764917959857 14232.777777777797 14232.777777777797 
562.0066708369337 63.0 0.0 0.0 135.0 14232.068775905225 14232.777777777797 14232.777777777797 
563.0066708369337 63.0 0.0 1.0 135.0 14232.281476467011 14232.777777777797 14232.777777777797 
564.0066708369337 63.0 0.0 2.0 135.0 14231.492589082445 14229.651851851839 14232.777777777797 
565.0066708369337 64.0 0.0 1.0 135.0 14230.00259013549 14226.525925925918 14232.777777777797 
566.0066708369337 65.0 0.0 0.0 135.0 14229.8973686504 14229.651851851839 14232.777777777797 
567.0066708369337 65.0 0.0 0.0 135.0 14230.761491388612 14232.777777777797 14232.777777777797 
568.0066708369337 65.0 0.0 0.0 135.0 14231.366377305356 14232.777777777797 14232.777777777797 
569.0066708369337 65.0 0.0 0.0 135.0 14231.78979744709 14232.777777777797 14232.777777777797 
570.0066708369337 65.0 0.0 1.0 135.0 14232.086191546283 14232.777777777797 14232.777777777797 
571.0066708369337 66.0 0.0 0.0 135.0 14231.355889637969 14229.651851851839 14232.777777777797 
572.0066708369337 66.0 0.0 0.0 135.0 14231.782456079876 14232.777777777797 14232.777777777797 
573.0066708369337 66.0 0.0 0.0 135.0 14232.081052589287 14232.777777777797 14232.777777777797 
574.0066708369337 66.0 0.0 0.0 135.0 14232.290070145806 14232.777777777797 14232.777777777797 
575.0066708369337 66.0 0.0 0.0 135.0 14232.436382435404 14232.777777777797 14232.777777777797 
576.0066708369337 66.0 0.0 0.0 135.0 14232.53880103809 14232.777777777797 14232.777777777797 
577.0066708369337 66.0 0.0 0.0 135.0 14232.610494060036 14232.777777777797 14232.777777777797 
578.0066708369337 66.0 0.0 0.0 135.0 14232.660679175342 14232.777777777797 14232.777777777797 
579.0066708369337 66.0 0.0 0.0 135.0 14232.695808756074 14232.777777777797 14232.777777777797 
580.0066708369337 66.0 0.0 0.0 135.0 14232.720399462572 14232.777777777797 14232.777777777797 
581.0066708369337 66.0 0.0 0.0 135.0 14232.73761295715 14232.777777777797 14232.777777777797 
582.0066708369337 66.0 0.0 1.0 135.0 14232.749662403336 14232.777777777797 14232.777777777797 
583.0066708369337 67.0 0.0 0.0 135.0 14231.820319237893 14229.651851851839 14232.777777777797 
584.0066708369337 67.0 0.0 0.0 135.0 14232.107556799834 14232.777777777797 14232.777777777797 
585.0066708369337 67.0 0.0 0.0 135.0 14232.308623093253 14232.777777777797 14232.777777777797 
586.0066708369337 67.0 0.0 0.0 135.0 14232.44936949859 14232.777777777797 14232.777777777797 
587.0066708369337 67.0 0.0 0.0 135.0 14232.54789198234 14232.777777777797 14232.777777777797 
588.0066708369337 67.0 0.0 0.0 135.0 14232.616857720963 14232.777777777797 14232.777777777797 
589.0066708369337 67.0 0.0 1.0 135.0 14232.665133738015 14232.777777777797 14232.777777777797 
590.0066708369337 68.0 0.0 0.0 135.0 14231.761149172149 14229.651851851839 14232.777777777797 
591.0066708369337 68.0 0.0 0.0 135.0 14232.066137753829 14232.777777777797 14232.777777777797 
592.0066708369337 68.0 0.0 0.0 135.0 14232.279629761031 14232.777777777797 14232.777777777797 
593.0066708369337 68.0 0.0 0.0 135.0 14232.429074166024 14232.777777777797 14232.777777777797 
594.0066708369337 68.0 0.0 0.0 135.0 14232.533685249562 14232.777777777797 14232.777777777797 
595.0066708369337 68.0 0.0 0.0 135.0 14232.606913008038 14232.777777777797 14232.777777777797 
596.0066708369337 68.0 0.0 0.0 135.0 14232.658172438965 14232.777777777797 14232.777777777797 
597.0066708369337 68.0 0.0 0.0 135.0 14232.694054040612 14232.777777777797 14232.777777777797 
598.0066708369337 68.0 0.0 0.0 135.0 14232.719171161747 14232.777777777797 14232.777777777797 
599.0066708369337 68.0 0.0 0.0 135.0 14232.736753146564 14232.777777777797 14232.777777777797 
600.0066708369337 68.0 0.0 0.0 135.0 14232.749060535914 14232.777777777797 14232.777777777797 
#####################################################################
# End of data export. Simulation finished at: 2020-01-29T12:02+0000 #
#####################################################################
