#####################################################################
# Alchemist log file - simulation started at: 2020-01-29T00:09+0000 #
#####################################################################
# seed = 4.0, meanTaskSize = 1, smoothing = 0.1, grain = 1400.0, peakFrequency = 1
#
# The columns have the following meaning: 
# time done[Sum] drop[Sum] waiting[Sum] isLeader[Sum] capacity[Mean] freeCapacity[Mean] maxCapacity[Mean] 
0.0 NaN 0.0 NaN NaN NaN NaN NaN 
1.0066708369337494 0.0 0.0 0.0 135.0 14232.777777777797 14232.777777777797 14232.777777777797 
2.0066708369337496 0.0 0.0 0.0 135.0 14232.777777777797 14232.777777777797 14232.777777777797 
3.0066708369337496 0.0 0.0 0.0 135.0 14232.777777777797 14232.777777777797 14232.777777777797 
4.00667083693375 0.0 0.0 0.0 135.0 14232.777777777797 14232.777777777797 14232.777777777797 
5.00667083693375 0.0 0.0 0.0 135.0 14232.777777777797 14232.777777777797 14232.777777777797 
6.00667083693375 0.0 0.0 0.0 135.0 14232.777777777797 14232.777777777797 14232.777777777797 
7.00667083693375 0.0 0.0 0.0 135.0 14232.777777777797 14232.777777777797 14232.777777777797 
8.00667083693375 0.0 0.0 0.0 135.0 14232.777777777797 14232.777777777797 14232.777777777797 
9.00667083693375 0.0 0.0 0.0 135.0 14232.777777777797 14232.777777777797 14232.777777777797 
10.00667083693375 0.0 0.0 0.0 135.0 14232.777777777797 14232.777777777797 14232.777777777797 
11.00667083693375 0.0 0.0 0.0 135.0 14232.777777777797 14232.777777777797 14232.777777777797 
12.00667083693375 0.0 0.0 0.0 135.0 14232.777777777797 14232.777777777797 14232.777777777797 
13.00667083693375 0.0 0.0 0.0 135.0 14232.777777777797 14232.777777777797 14232.777777777797 
14.00667083693375 0.0 0.0 0.0 135.0 14232.777777777797 14232.777777777797 14232.777777777797 
15.00667083693375 0.0 0.0 0.0 135.0 14232.777777777797 14232.777777777797 14232.777777777797 
16.00667083693375 0.0 0.0 0.0 135.0 14232.777777777797 14232.777777777797 14232.777777777797 
17.00667083693375 0.0 0.0 2.0 135.0 14232.777777777797 14232.777777777797 14232.777777777797 
18.00667083693375 2.0 0.0 0.0 135.0 14232.152592592565 14226.525925925918 14232.777777777797 
19.00667083693375 2.0 0.0 0.0 135.0 14232.215111111143 14232.777777777797 14232.777777777797 
20.00667083693375 2.0 0.0 0.0 135.0 14232.271377777783 14232.777777777797 14232.777777777797 
21.00667083693375 2.0 0.0 0.0 135.0 14232.322017777771 14232.777777777797 14232.777777777797 
22.00667083693375 2.0 0.0 0.0 135.0 14232.367593777744 14232.777777777797 14232.777777777797 
23.00667083693375 2.0 0.0 0.0 135.0 14232.408612177771 14232.777777777797 14232.777777777797 
24.00667083693375 2.0 0.0 0.0 135.0 14232.4455287378 14232.777777777797 14232.777777777797 
25.00667083693375 2.0 0.0 0.0 135.0 14232.478753641772 14232.777777777797 14232.777777777797 
26.00667083693375 2.0 0.0 1.0 135.0 14232.508656055343 14232.777777777797 14232.777777777797 
27.00667083693375 3.0 0.0 0.0 135.0 14230.774086746125 14215.162962962962 14232.777777777797 
28.00667083693375 3.0 0.0 1.0 135.0 14230.974455849318 14232.777777777797 14232.777777777797 
29.00667083693375 4.0 0.0 0.0 135.0 14230.842195449559 14229.651851851839 14232.777777777797 
30.00667083693375 4.0 0.0 0.0 135.0 14231.035753682361 14232.777777777797 14232.777777777797 
31.00667083693375 4.0 0.0 0.0 135.0 14231.209956091916 14232.777777777797 14232.777777777797 
32.00667083693375 4.0 0.0 0.0 135.0 14231.366738260514 14232.777777777797 14232.777777777797 
33.00667083693375 4.0 0.0 0.0 135.0 14231.507842212242 14232.777777777797 14232.777777777797 
34.00667083693375 4.0 0.0 0.0 135.0 14231.634835768788 14232.777777777797 14232.777777777797 
35.00667083693375 4.0 0.0 0.0 135.0 14231.74912996972 14232.777777777797 14232.777777777797 
36.00667083693375 4.0 0.0 0.0 135.0 14231.851994750492 14232.777777777797 14232.777777777797 
37.00667083693375 4.0 0.0 0.0 135.0 14231.944573053215 14232.777777777797 14232.777777777797 
38.00667083693375 4.0 0.0 0.0 135.0 14232.027893525667 14232.777777777797 14232.777777777797 
39.00667083693375 4.0 0.0 1.0 135.0 14232.102881950894 14232.777777777797 14232.777777777797 
40.00667083693375 5.0 0.0 0.0 135.0 14230.408890052102 14215.162962962962 14232.777777777797 
41.00667083693375 5.0 0.0 0.0 135.0 14230.645778824663 14232.777777777797 14232.777777777797 
42.00667083693375 5.0 0.0 0.0 135.0 14230.85897872001 14232.777777777797 14232.777777777797 
43.00667083693375 5.0 0.0 0.0 135.0 14231.050858625755 14232.777777777797 14232.777777777797 
44.00667083693375 5.0 0.0 0.0 135.0 14231.223550540964 14232.777777777797 14232.777777777797 
45.00667083693375 5.0 0.0 0.0 135.0 14231.378973264642 14232.777777777797 14232.777777777797 
46.00667083693375 5.0 0.0 0.0 135.0 14231.518853715963 14232.777777777797 14232.777777777797 
47.00667083693375 5.0 0.0 0.0 135.0 14231.644746122109 14232.777777777797 14232.777777777797 
48.00667083693375 5.0 0.0 0.0 135.0 14231.75804928771 14232.777777777797 14232.777777777797 
49.00667083693375 5.0 0.0 0.0 135.0 14231.860022136707 14232.777777777797 14232.777777777797 
50.00667083693375 5.0 0.0 0.0 135.0 14231.95179770082 14232.777777777797 14232.777777777797 
51.00667083693375 5.0 0.0 0.0 135.0 14232.034395708532 14232.777777777797 14232.777777777797 
52.00667083693375 5.0 0.0 0.0 135.0 14232.108733915407 14232.777777777797 14232.777777777797 
53.00667083693375 5.0 0.0 0.0 135.0 14232.175638301671 14232.777777777797 14232.777777777797 
54.00667083693375 5.0 0.0 0.0 135.0 14232.235852249285 14232.777777777797 14232.777777777797 
55.00667083693375 5.0 0.0 0.0 135.0 14232.290044802117 14232.777777777797 14232.777777777797 
56.00667083693375 5.0 0.0 0.0 135.0 14232.338818099703 14232.777777777797 14232.777777777797 
57.00667083693375 5.0 0.0 0.0 135.0 14232.382714067504 14232.777777777797 14232.777777777797 
58.00667083693375 5.0 0.0 0.0 135.0 14232.422220438557 14232.777777777797 14232.777777777797 
59.00667083693375 5.0 0.0 0.0 135.0 14232.45777617245 14232.777777777797 14232.777777777797 
60.00667083693375 5.0 0.0 0.0 135.0 14232.489776332972 14232.777777777797 14232.777777777797 
61.00667083693375 5.0 0.0 0.0 135.0 14232.518576477492 14232.777777777797 14232.777777777797 
62.00667083693375 5.0 0.0 0.0 135.0 14232.544496607496 14232.777777777797 14232.777777777797 
63.00667083693375 5.0 0.0 0.0 135.0 14232.567824724532 14232.777777777797 14232.777777777797 
64.00667083693375 5.0 0.0 1.0 135.0 14232.588820029861 14232.777777777797 14232.777777777797 
65.00667083693375 6.0 0.0 0.0 135.0 14232.295123212061 14229.651851851839 14232.777777777797 
66.00667083693375 6.0 0.0 0.0 135.0 14232.343388668614 14232.777777777797 14232.777777777797 
67.00667083693375 6.0 0.0 0.0 135.0 14232.386827579538 14232.777777777797 14232.777777777797 
68.00667083693375 6.0 0.0 0.0 135.0 14232.425922599345 14232.777777777797 14232.777777777797 
69.00667083693375 6.0 0.0 0.0 135.0 14232.4611081172 14232.777777777797 14232.777777777797 
70.00667083693375 6.0 0.0 0.0 135.0 14232.492775083241 14232.777777777797 14232.777777777797 
71.00667083693375 6.0 0.0 0.0 135.0 14232.521275352732 14232.777777777797 14232.777777777797 
72.00667083693375 6.0 0.0 1.0 135.0 14232.546925595198 14232.777777777797 14232.777777777797 
73.00667083693375 7.0 0.0 0.0 135.0 14232.257418220894 14229.651851851839 14232.777777777797 
74.00667083693375 7.0 0.0 0.0 135.0 14232.309454176571 14232.777777777797 14232.777777777797 
75.00667083693375 7.0 0.0 0.0 135.0 14232.356286536711 14232.777777777797 14232.777777777797 
76.00667083693375 7.0 0.0 0.0 135.0 14232.398435660807 14232.777777777797 14232.777777777797 
77.00667083693375 7.0 0.0 0.0 135.0 14232.4363698725 14232.777777777797 14232.777777777797 
78.00667083693375 7.0 0.0 0.0 135.0 14232.470510663046 14232.777777777797 14232.777777777797 
79.00667083693375 7.0 0.0 0.0 135.0 14232.501237374505 14232.777777777797 14232.777777777797 
80.00667083693375 7.0 0.0 0.0 135.0 14232.528891414806 14232.777777777797 14232.777777777797 
81.00667083693375 7.0 0.0 1.0 135.0 14232.553780051092 14232.777777777797 14232.777777777797 
82.00667083693375 8.0 0.0 0.0 135.0 14232.263587231193 14229.651851851839 14232.777777777797 
83.00667083693375 8.0 0.0 0.0 135.0 14232.315006285826 14232.777777777797 14232.777777777797 
84.00667083693375 8.0 0.0 0.0 135.0 14232.361283435068 14232.777777777797 14232.777777777797 
85.00667083693375 8.0 0.0 0.0 135.0 14232.402932869349 14232.777777777797 14232.777777777797 
86.00667083693375 8.0 0.0 0.0 135.0 14232.440417360185 14232.777777777797 14232.777777777797 
87.00667083693375 8.0 0.0 0.0 135.0 14232.474153401916 14232.777777777797 14232.777777777797 
88.00667083693375 8.0 0.0 1.0 135.0 14232.504515839517 14232.777777777797 14232.777777777797 
89.00667083693375 9.0 0.0 0.0 135.0 14232.219249440746 14229.651851851839 14232.777777777797 
90.00667083693375 9.0 0.0 0.0 135.0 14232.275102274427 14232.777777777797 14232.777777777797 
91.00667083693375 9.0 0.0 0.0 135.0 14232.325369824768 14232.777777777797 14232.777777777797 
92.00667083693375 9.0 0.0 0.0 135.0 14232.370610620055 14232.777777777797 14232.777777777797 
93.00667083693375 9.0 0.0 0.0 135.0 14232.41132733586 14232.777777777797 14232.777777777797 
94.00667083693375 9.0 0.0 0.0 135.0 14232.447972380018 14232.777777777797 14232.777777777797 
95.00667083693375 9.0 0.0 0.0 135.0 14232.480952919801 14232.777777777797 14232.777777777797 
96.00667083693375 9.0 0.0 0.0 135.0 14232.510635405608 14232.777777777797 14232.777777777797 
97.00667083693375 9.0 0.0 0.0 135.0 14232.537349642846 14232.777777777797 14232.777777777797 
98.00667083693375 9.0 0.0 0.0 135.0 14232.561392456342 14232.777777777797 14232.777777777797 
99.00667083693375 9.0 0.0 0.0 135.0 14232.583030988477 14232.777777777797 14232.777777777797 
100.00667083693375 9.0 0.0 0.0 135.0 14232.602505667417 14232.777777777797 14232.777777777797 
101.00667083693375 9.0 0.0 0.0 135.0 14232.620032878442 14232.777777777797 14232.777777777797 
102.00667083693375 9.0 0.0 0.0 135.0 14232.635807368379 14232.777777777797 14232.777777777797 
103.00667083693375 9.0 0.0 0.0 135.0 14232.650004409346 14232.777777777797 14232.777777777797 
104.00667083693375 9.0 0.0 0.0 135.0 14232.662781746176 14232.777777777797 14232.777777777797 
105.00667083693375 9.0 0.0 0.0 135.0 14232.674281349318 14232.777777777797 14232.777777777797 
106.00667083693375 9.0 0.0 0.0 135.0 14232.68463099219 14232.777777777797 14232.777777777797 
107.00667083693375 9.0 0.0 0.0 135.0 14232.693945670724 14232.777777777797 14232.777777777797 
108.00667083693375 9.0 0.0 0.0 135.0 14232.702328881407 14232.777777777797 14232.777777777797 
109.00667083693375 9.0 0.0 0.0 135.0 14232.709873771071 14232.777777777797 14232.777777777797 
110.00667083693375 9.0 0.0 0.0 135.0 14232.716664171718 14232.777777777797 14232.777777777797 
111.00667083693375 9.0 0.0 0.0 135.0 14232.722775532311 14232.777777777797 14232.777777777797 
112.00667083693375 9.0 0.0 0.0 135.0 14232.728275756881 14232.777777777797 14232.777777777797 
113.00667083693375 9.0 0.0 0.0 135.0 14232.733225958978 14232.777777777797 14232.777777777797 
114.00667083693375 9.0 0.0 0.0 135.0 14232.737681140836 14232.777777777797 14232.777777777797 
115.00667083693375 9.0 0.0 0.0 135.0 14232.74169080454 14232.777777777797 14232.777777777797 
116.00667083693375 9.0 0.0 0.0 135.0 14232.745299501903 14232.777777777797 14232.777777777797 
117.00667083693375 9.0 0.0 0.0 135.0 14232.748547329447 14232.777777777797 14232.777777777797 
118.00667083693375 9.0 0.0 0.0 135.0 14232.751470374275 14232.777777777797 14232.777777777797 
119.00667083693375 9.0 0.0 0.0 135.0 14232.754101114644 14232.777777777797 14232.777777777797 
120.00667083693375 9.0 0.0 0.0 135.0 14232.756468780952 14232.777777777797 14232.777777777797 
121.00667083693375 9.0 0.0 0.0 135.0 14232.75859968065 14232.777777777797 14232.777777777797 
122.00667083693375 9.0 0.0 0.0 135.0 14232.76051749037 14232.777777777797 14232.777777777797 
123.00667083693375 9.0 0.0 0.0 135.0 14232.762243519113 14232.777777777797 14232.777777777797 
124.00667083693375 9.0 0.0 0.0 135.0 14232.763796944966 14232.777777777797 14232.777777777797 
125.00667083693375 9.0 0.0 2.0 135.0 14232.765195028243 14232.777777777797 14232.777777777797 
126.00667083693375 11.0 0.0 0.0 135.0 14232.142008858762 14226.533333333318 14232.777777777797 
127.00667083693375 11.0 0.0 1.0 135.0 14232.20558575065 14232.777777777797 14232.777777777797 
128.00667083693375 12.0 0.0 0.0 135.0 14231.950212360747 14229.651851851839 14232.777777777797 
129.00667083693375 12.0 0.0 0.0 135.0 14232.032968902464 14232.777777777797 14232.777777777797 
130.00667083693375 12.0 0.0 1.0 135.0 14232.107449790012 14232.777777777797 14232.777777777797 
131.00667083693375 13.0 0.0 0.0 135.0 14231.86188999619 14229.651851851839 14232.777777777797 
132.00667083693375 13.0 0.0 2.0 135.0 14231.953478774385 14232.777777777797 14232.777777777797 
133.00667083693375 15.0 0.0 1.0 135.0 14231.411464230248 14226.533333333318 14232.777777777797 
134.00667083693375 16.0 0.0 2.0 135.0 14231.235502992427 14229.651851851839 14232.777777777797 
135.00667083693375 18.0 0.0 3.0 135.0 14230.765286026486 14226.533333333318 14232.777777777797 
136.00667083693375 21.0 0.0 2.0 135.0 14230.029498164618 14223.407407407401 14232.777777777797 
137.00667083693375 23.0 0.0 3.0 135.0 14229.679881681473 14226.533333333318 14232.777777777797 
138.00667083693375 26.0 0.0 3.0 134.0 14229.05263425404 14223.407407407401 14232.777777777797 
139.00667083693375 28.0 0.0 3.0 135.0 14228.800704161966 14226.533333333318 14232.777777777797 
140.00667083693375 31.0 0.0 2.0 134.0 14226.49989300507 14205.792592592627 14232.777777777797 
141.00667083693375 32.0 0.0 3.0 133.0 14225.053607408276 14212.037037037013 14232.777777777797 
142.00667083693375 33.0 0.0 4.0 135.0 14222.303802222992 14197.555555555586 14232.777777777797 
143.00667083693375 37.0 0.0 4.0 134.0 14222.101570148843 14220.281481481483 14232.777777777797 
144.00667083693375 38.0 0.0 10.0 134.0 14217.573635356157 14176.82222222224 14232.777777777797 
145.00667083693375 48.0 0.0 7.0 134.0 14215.771086635361 14199.54814814815 14232.777777777797 
146.00667083693375 53.0 0.0 6.0 134.0 14208.042126119975 14138.481481481478 14232.777777777797 
147.00667083693375 59.0 0.0 4.0 133.0 14205.744580174649 14185.066666666678 14232.777777777797 
148.00667083693375 60.0 0.0 6.0 134.0 14204.92493697199 14197.54814814815 14232.777777777797 
149.00667083693375 65.0 0.0 3.0 134.0 14201.17688771927 14167.444444444414 14232.777777777797 
150.00667083693375 68.0 0.0 4.0 133.0 14203.399939688048 14223.407407407401 14232.777777777797 
151.00667083693375 70.0 0.0 9.0 133.0 14202.502167941482 14194.422222222236 14232.777777777797 
152.00667083693375 74.0 0.0 11.0 134.0 14196.411210406597 14141.592592592599 14232.777777777797 
153.00667083693375 83.0 0.0 8.0 133.0 14188.74490418073 14119.748148148132 14232.777777777797 
154.00667083693375 88.0 0.0 9.0 132.0 14185.166710058986 14152.962962962987 14232.777777777797 
155.00667083693375 92.0 0.0 7.0 132.0 14179.360409423418 14127.103703703682 14232.777777777797 
156.00667083693375 97.0 0.0 7.0 132.0 14179.417701814438 14179.933333333322 14232.777777777797 
157.00667083693375 99.0 0.0 9.0 135.0 14179.470005707026 14179.940740740722 14232.777777777797 
158.00667083693375 108.0 0.0 1.0 132.0 14175.570412543762 14140.474074074082 14232.777777777797 
159.00667083693375 108.0 0.0 4.0 132.0 14181.29114906717 14232.777777777797 14232.777777777797 
160.00667083693375 109.0 0.0 7.0 134.0 14181.156108234502 14179.940740740722 14232.777777777797 
161.00667083693375 116.0 0.0 8.0 134.0 14179.785682596244 14167.45185185185 14232.777777777797 
162.00667083693375 121.0 0.0 13.0 133.0 14176.790818040325 14149.837037037038 14232.777777777797 
163.00036991785916 131.0 0.0 9.0 133.0 14170.574698738506 14114.629629629611 14232.777777777797 
164.00667083693375 137.0 0.0 13.0 133.0 14174.40908113117 14208.918518518494 14232.777777777797 
165.00667083693375 144.0 0.0 13.0 133.0 14171.951876721754 14149.837037037038 14232.777777777797 
166.00667083693375 156.0 0.0 6.0 132.0 14160.93520756812 14061.785185185188 14232.777777777797 
167.00667083693375 158.0 0.0 5.0 134.0 14161.074279403912 14162.325925925896 14232.777777777797 
168.00667083693375 162.0 0.0 7.0 133.0 14166.170555167208 14212.037037037013 14232.777777777797 
169.00667083693375 165.0 0.0 10.0 135.0 14163.71275890974 14141.592592592599 14232.777777777797 
170.00667083693375 175.0 0.0 11.0 133.0 14166.359260796535 14190.17777777776 14232.777777777797 
171.00667083693375 183.0 0.0 8.0 132.0 14163.770001383557 14140.466666666682 14232.777777777797 
172.00667083693375 189.0 0.0 12.0 132.0 14166.211519763723 14188.185185185197 14232.777777777797 
173.00667083693375 195.0 0.0 12.0 133.0 14159.915552972512 14103.251851851868 14232.777777777797 
174.00667083693375 207.0 0.0 10.0 133.0 14162.941775453071 14190.17777777776 14232.777777777797 
175.00667083693375 214.0 0.0 9.0 133.0 14163.07944975963 14164.318518518547 14232.777777777797 
176.00667083693375 223.0 0.0 10.0 131.0 14162.891504783644 14161.200000000026 14232.777777777797 
177.00667083693375 228.0 0.0 11.0 133.0 14166.869020971955 14202.666666666668 14232.777777777797 
178.00667083693375 238.0 0.0 10.0 133.0 14157.184341096952 14070.022222222226 14232.777777777797 
179.00667083693375 244.0 0.0 13.0 132.0 14159.971832913205 14185.059259259278 14232.777777777797 
180.00667083693375 255.0 0.0 12.0 132.0 14148.07983480708 14041.05185185184 14232.777777777797 
181.00667083693375 266.0 0.0 12.0 131.0 14142.971851326356 14097.0 14232.777777777797 
182.00667083693375 275.0 0.0 10.0 133.0 14141.272443971502 14125.977777777773 14232.777777777797 
183.00667083693375 285.0 0.0 11.0 131.0 14146.475569944714 14193.303703703717 14232.777777777797 
184.00667083693375 291.0 0.0 14.0 132.0 14144.737642579885 14129.096296296291 14232.777777777797 
185.00667083693375 301.0 0.0 13.0 131.0 14142.549804247812 14122.859259259254 14232.777777777797 
186.00667083693375 306.0 0.0 14.0 132.0 14136.858527526749 14085.637037037042 14232.777777777797 
187.00667083693375 318.0 0.0 13.0 132.0 14136.082304403722 14129.096296296291 14232.777777777797 
188.00667083693375 326.0 0.0 12.0 132.0 14135.071851741128 14125.977777777774 14232.777777777797 
189.00667083693375 335.0 0.0 13.0 131.0 14133.337999900321 14117.733333333343 14232.777777777797 
190.00667083693375 341.0 0.0 15.0 133.0 14133.851607317692 14138.474074074082 14232.777777777797 
191.00667083693375 354.0 0.0 5.0 131.0 14127.981261400753 14075.14814814815 14232.777777777797 
192.00667083693375 358.0 0.0 18.0 132.0 14136.386838964354 14212.037037037013 14232.777777777797 
193.00667083693375 372.0 0.0 19.0 131.0 14127.676303216085 14049.281481481481 14232.777777777797 
194.00667083693375 387.0 0.0 15.0 130.0 14125.944969190788 14110.36296296296 14232.777777777797 
195.00667083693375 398.0 0.0 13.0 131.0 14124.186768567999 14108.362962962958 14232.777777777797 
196.00667083693375 406.0 0.0 15.0 132.0 14119.082906525991 14073.14814814815 14232.777777777797 
197.00667083693375 419.0 0.0 9.0 128.0 14120.284245503033 14131.096296296291 14232.777777777797 
198.00667083693375 423.0 0.0 11.0 131.0 14126.2498950268 14179.940740740722 14232.777777777797 
199.00667083693375 431.0 0.0 12.0 131.0 14124.773053672287 14111.481481481478 14232.777777777797 
200.00667083693375 440.0 0.0 19.0 132.0 14125.20463719394 14129.088888888855 14232.777777777797 
201.00667083693375 454.0 0.0 13.0 130.0 14121.134543844888 14084.503703703696 14232.777777777797 
202.00667083693375 459.0 0.0 19.0 132.0 14121.419607978944 14123.985185185162 14232.777777777797 
203.00667083693375 474.0 0.0 17.0 131.0 14112.133202736606 14028.555555555586 14232.777777777797 
204.00667083693375 486.0 0.0 18.0 132.0 14107.922104685156 14070.022222222226 14232.777777777797 
205.00275129453877 503.0 0.0 15.0 130.0 14105.267671988913 14081.377777777787 14232.777777777797 
206.00667083693375 515.0 0.0 17.0 130.0 14102.054978869051 14073.140740740746 14232.777777777797 
207.00667083693375 527.0 0.0 19.0 131.0 14107.656888389549 14158.07407407407 14232.777777777797 
208.00667083693375 541.0 0.0 17.0 131.0 14096.537125476518 13996.459259259243 14232.777777777797 
209.00667083693375 555.0 0.0 18.0 132.0 14095.64637589184 14087.629629629611 14232.777777777797 
210.00667083693375 569.0 0.0 15.0 130.0 14092.771367932282 14066.896296296318 14232.777777777797 
211.00667083693375 581.0 0.0 12.0 130.0 14092.880897805731 14093.86666666665 14232.777777777797 
212.00667083693375 589.0 0.0 19.0 133.0 14098.26243765477 14146.696296296283 14232.777777777797 
213.00667083693375 606.0 0.0 8.0 132.0 14095.950267963392 14075.140740740746 14232.777777777797 
214.00667083693375 612.0 0.0 18.0 130.0 14102.787093018898 14164.318518518547 14232.777777777797 
215.00667083693375 625.0 0.0 15.0 130.0 14105.306902235521 14127.985185185162 14232.777777777797 
216.00667083693375 634.0 0.0 19.0 132.0 14103.85102682679 14090.748148148132 14232.777777777797 
217.00667083693375 652.0 0.0 16.0 128.0 14102.428146366348 14089.622222222213 14232.777777777797 
218.00667083693375 659.0 0.0 18.0 131.0 14100.123850248217 14079.385185185176 14232.777777777797 
219.00667083693375 676.0 0.0 15.0 130.0 14100.00998374191 14098.985185185162 14232.777777777797 
220.0034914763478 687.0 0.0 30.0 127.0 14106.32898536658 14163.200000000026 14232.777777777797 
221.00667083693375 704.0 0.0 29.0 129.0 14094.716086830951 13990.200000000026 14232.777777777797 
222.00667083693375 726.0 0.0 23.0 132.0 14086.025218888597 14007.807407407408 14232.777777777797 
223.00667083693375 746.0 0.0 17.0 128.0 14085.447882184922 14080.25185185187 14232.777777777797 
224.00667083693375 757.0 0.0 19.0 128.0 14083.59198285532 14066.88888888888 14232.777777777797 
225.00667083693375 771.0 0.0 19.0 133.0 14088.029821606817 14127.970370370334 14232.777777777797 
226.00667083693375 790.0 0.0 28.0 128.0 14090.14980240909 14109.22962962964 14232.777777777797 
227.00667083693375 807.0 0.0 31.0 126.0 14087.71037772374 14065.755555555561 14232.777777777797 
228.00667083693375 827.0 0.0 33.0 130.0 14077.760821432874 13988.214814814812 14232.777777777797 
229.00667083693375 853.0 0.0 23.0 130.0 14062.472887437722 13924.88148148148 14232.777777777797 
230.00667083693375 871.0 0.0 30.0 128.0 14061.353006101355 14051.274074074052 14232.777777777797 
231.00667083693375 887.0 0.0 34.0 128.0 14059.520668454155 14043.029629629666 14232.777777777797 
232.00667083693375 915.0 0.0 18.0 128.0 14035.491564571732 13819.229629629639 14232.777777777797 
233.00667083693375 931.0 0.0 20.0 128.0 14043.60388959603 14116.614814814824 14232.777777777797 
234.00667083693375 941.0 0.0 38.0 128.0 14048.318315451234 14090.748148148132 14232.777777777797 
235.00182804350348 963.0 0.0 28.0 130.0 14037.153844611097 13931.11851851852 14232.777777777797 
236.00667083693375 989.0 0.0 17.0 129.0 14020.006428108107 13886.525925925918 14232.777777777797 
237.00539287166606 1003.0 0.0 23.0 127.0 14031.406169690525 14131.088888888855 14232.777777777797 
238.00667083693375 1016.0 0.0 35.0 128.0 14041.4239475083 14134.207407407373 14232.777777777797 
239.00667083693375 1045.0 0.0 32.0 129.0 14025.31118238711 13880.296296296281 14232.777777777797 
240.00667083693375 1070.0 0.0 31.0 124.0 14018.67636044471 13958.962962962985 14232.777777777797 
241.00667083693375 1086.0 0.0 29.0 127.0 14019.974650326129 14031.659259259277 14232.777777777797 
242.00667083693375 1112.0 0.0 23.0 124.0 14012.539407515751 13945.622222222213 14232.777777777797 
243.00667083693375 1125.0 0.0 30.0 129.0 14014.140281578995 14028.54814814815 14232.777777777797 
244.00667083693375 1153.0 0.0 16.0 126.0 14010.697364532227 13979.711111111119 14232.777777777797 
245.00667083693375 1165.0 0.0 23.0 126.0 14020.974294745669 14113.46666666668 14232.777777777797 
246.00667083693375 1177.0 0.0 33.0 129.0 14022.353161567393 14034.76296296296 14232.777777777797 
247.00667083693375 1202.0 0.0 31.0 126.0 14018.400067632865 13982.82222222224 14232.777777777797 
248.00667083693375 1222.0 0.0 35.0 126.0 14007.911912721427 13913.51851851852 14232.777777777797 
249.00667083693375 1251.0 0.0 28.0 125.0 13994.012573301155 13868.918518518494 14232.777777777797 
250.00667083693375 1267.0 0.0 33.0 128.0 14007.206871526596 14125.95555555556 14232.777777777797 
251.00667083693375 1289.0 0.0 28.0 128.0 13995.76544363319 13892.792592592625 14232.777777777797 
252.00667083693375 1312.0 0.0 22.0 127.0 13992.51038075134 13963.214814814812 14232.777777777797 
253.00667083693375 1330.0 0.0 22.0 125.0 14000.459342676211 14072.0 14232.777777777797 
254.00667083693375 1346.0 0.0 27.0 129.0 14007.100075075252 14066.86666666665 14232.777777777797 
255.00181958079534 1365.0 0.0 31.0 128.0 14002.210474926445 13963.207407407375 14232.777777777797 
256.0066708369337 1391.0 0.0 30.0 126.0 14000.545801551702 13965.207407407375 14232.777777777797 
257.0066708369337 1407.0 0.0 34.0 126.0 13998.375665840993 13978.844444444469 14232.777777777797 
258.0066708369337 1436.0 0.0 25.0 128.0 13994.547728886504 13960.096296296291 14232.777777777797 
259.0066708369337 1456.0 0.0 24.0 126.0 14002.804807849714 14077.11851851852 14232.777777777797 
260.0066708369337 1471.0 0.0 40.0 127.0 14001.343586323985 13988.192592592592 14232.777777777797 
261.0043075710071 1501.0 0.0 26.0 124.0 13998.806938849815 13978.577777777764 14232.777777777797 
262.0066708369337 1517.0 0.0 31.0 125.0 13995.851860477998 14046.155555555531 14232.777777777797 
263.0066708369337 1534.0 0.0 34.0 126.0 13990.629637393145 13943.629629629611 14232.777777777797 
264.0066708369337 1558.0 0.0 38.0 126.0 13996.695562542725 14051.288888888881 14232.777777777797 
265.0066708369337 1588.0 0.0 24.0 125.0 13979.7726729551 13827.466666666678 14232.777777777797 
266.0066708369337 1606.0 0.0 31.0 126.0 13992.830220474438 14110.348148148161 14232.777777777797 
267.0066708369337 1624.0 0.0 34.0 127.0 13990.493865093638 13969.46666666668 14232.777777777797 
268.0066708369337 1652.0 0.0 32.0 126.0 13977.513367473186 13860.68888888889 14232.777777777797 
269.0066708369337 1672.0 0.0 36.0 124.0 13986.33906776287 14065.77037037036 14232.777777777797 
270.0066708369337 1698.0 0.0 33.0 126.0 13974.286642468094 13865.814814814803 14232.777777777797 
271.00209814760706 1721.0 0.0 43.0 125.0 13978.408558405357 14011.82222222224 14232.777777777797 
272.0066708369337 1751.0 0.0 35.0 123.0 13956.697884102865 13748.770370370361 14232.777777777797 
273.0066708369337 1774.0 0.0 34.0 122.0 13953.628836433309 13926.007407407402 14232.777777777797 
274.0066708369337 1799.0 0.0 25.0 124.0 13949.730397234416 13914.644444444439 14232.777777777797 
275.0066708369337 1815.0 0.0 30.0 127.0 13947.556616770236 13927.992592592598 14232.777777777797 
276.0066708369337 1836.0 0.0 31.0 126.0 13952.955029167311 14001.540740740757 14232.777777777797 
277.0066708369337 1858.0 0.0 26.0 126.0 13950.458044769068 13927.985185185162 14232.777777777797 
278.0066708369337 1877.0 0.0 31.0 126.0 13961.16483288476 14057.525925925918 14232.777777777797 
279.0066708369337 1894.0 0.0 32.0 129.0 13954.751312559254 13897.029629629666 14232.777777777797 
280.0066708369337 1921.0 0.0 21.0 128.0 13955.597662784787 13963.214814814812 14232.777777777797 
281.0017110933337 1937.0 0.0 29.0 129.0 13962.296294707852 14036.785185185188 14232.777777777797 
282.0039416439101 1963.0 0.0 19.0 121.0 13970.145183755587 14040.785185185188 14232.777777777797 
283.0066708369337 1974.0 0.0 33.0 128.0 13975.329096170111 14012.066666666678 14232.777777777797 
284.0066708369337 2001.0 0.0 33.0 126.0 13978.465075441998 14006.688888888892 14232.777777777797 
285.0066708369337 2022.0 0.0 32.0 125.0 13975.179308638539 13945.607407407428 14232.777777777797 
286.0066708369337 2045.0 0.0 27.0 126.0 13967.764340737675 13901.029629629666 14232.777777777797 
287.0066708369337 2063.0 0.0 33.0 127.0 13967.422721478693 13964.34814814816 14232.777777777797 
288.0066708369337 2083.0 0.0 35.0 127.0 13971.150078960463 14004.696296296284 14232.777777777797 
289.0066708369337 2110.0 0.0 39.0 126.0 13957.716552545908 13836.814814814803 14232.777777777797 
290.0066708369337 2138.0 0.0 28.0 126.0 13963.437489883903 14014.925925925929 14232.777777777797 
291.0066708369337 2157.0 0.0 28.0 124.0 13961.341889043657 13942.48148148148 14232.777777777797 
292.0066708369337 2176.0 0.0 34.0 126.0 13958.43288532447 13932.251851851868 14232.777777777797 
293.0066708369337 2204.0 0.0 24.0 125.0 13956.525893088317 13939.36296296296 14232.777777777797 
294.0066708369337 2221.0 0.0 31.0 122.0 13966.311822298028 14054.385185185176 14232.777777777797 
295.0066708369337 2239.0 0.0 38.0 127.0 13959.070269697855 13893.896296296318 14232.777777777797 
296.0066708369337 2270.0 0.0 25.0 127.0 13952.952131616934 13897.888888888881 14232.777777777797 
297.0066708369337 2290.0 0.0 29.0 125.0 13962.47321475153 14048.16296296296 14232.777777777797 
298.0066708369337 2303.0 0.0 32.0 124.0 13972.091078461564 14058.651851851839 14232.777777777797 
299.0066708369337 2327.0 0.0 33.0 130.0 13965.408637282097 13905.266666666654 14232.777777777797 
300.0066708369337 2354.0 0.0 33.0 127.0 13963.31295873905 13944.451851851849 14232.777777777797 
301.0066708369337 2376.0 0.0 30.0 126.0 13973.870551754062 14068.88888888888 14232.777777777797 
302.0066708369337 2400.0 0.0 30.0 123.0 13970.419792874929 13939.36296296296 14232.777777777797 
303.0066708369337 2415.0 0.0 46.0 128.0 13972.19781358742 13988.200000000026 14232.777777777797 
304.0066708369337 2455.0 0.0 26.0 126.0 13961.132847043504 13861.548148148151 14232.777777777797 
305.0041774234956 2473.0 0.0 38.0 122.0 13961.439980246982 13963.222222222203 14232.777777777797 
306.00303692748304 2492.0 0.0 44.0 125.0 13965.253760000081 13999.577777777764 14232.777777777797 
307.0066708369337 2525.0 0.0 39.0 126.0 13945.035608457709 13809.82962962964 14232.777777777797 
308.00218779561294 2555.0 0.0 32.0 125.0 13947.955915970444 13979.70370370372 14232.777777777797 
309.0066708369337 2576.0 0.0 33.0 123.0 13941.480324332197 13878.281481481481 14232.777777777797 
310.00529506770414 2589.0 0.0 39.0 126.0 13941.659106750858 13900.148148148148 14232.777777777797 
311.0066708369337 2619.0 0.0 31.0 124.0 13941.855729375764 13950.733333333346 14232.777777777797 
312.0066708369337 2635.0 0.0 37.0 125.0 13939.959045327081 13922.888888888881 14232.777777777797 
313.0066708369337 2657.0 0.0 48.0 124.0 13937.514251905457 13915.511111111091 14232.777777777797 
314.0066708369337 2685.0 0.0 43.0 126.0 13927.245789677907 13834.82962962964 14232.777777777797 
315.0066708369337 2720.0 0.0 28.0 124.0 13906.075284784156 13715.540740740757 14232.777777777797 
316.0066708369337 2741.0 0.0 30.0 124.0 13912.103311861316 13966.355555555561 14232.777777777797 
317.0066708369337 2763.0 0.0 35.0 123.0 13917.526314008512 13966.333333333332 14232.777777777797 
318.0066708369337 2782.0 0.0 37.0 122.0 13914.53886779286 13887.65185185184 14232.777777777797 
319.0066708369337 2807.0 0.0 32.0 127.0 13905.11905508762 13820.340740740723 14232.777777777797 
320.0066708369337 2836.0 0.0 27.0 126.0 13910.616779208498 13960.096296296291 14232.777777777797 
321.0066708369337 2856.0 0.0 43.0 127.0 13920.02250869507 14004.674074074104 14232.777777777797 
322.0066708369337 2888.0 0.0 38.0 127.0 13919.771368936674 13917.511111111091 14232.777777777797 
323.0066708369337 2919.0 0.0 31.0 122.0 13916.646083894833 13888.51851851852 14232.777777777797 
324.0066708369337 2934.0 0.0 45.0 124.0 13925.249623653524 14002.681481481453 14232.777777777797 
325.0066708369337 2968.0 0.0 45.0 127.0 13914.333550177054 13816.088888888855 14232.777777777797 
326.0066708369337 3005.0 0.0 40.0 123.0 13910.192787751941 13872.925925925929 14232.777777777797 
327.0066708369337 3026.0 0.0 44.0 123.0 13905.552768235992 13863.792592592625 14232.777777777797 
328.00463854977977 3059.0 0.0 26.0 125.0 13903.443160553174 13872.05185185184 14232.777777777797 
329.0066708369337 3079.0 0.0 27.0 125.0 13910.02648301191 13948.740740740732 14232.777777777797 
330.0066708369337 3098.0 0.0 41.0 126.0 13919.803834710703 14007.799999999974 14232.777777777797 
331.0066708369337 3126.0 0.0 39.0 124.0 13914.401229017421 13865.777777777797 14232.777777777797 
332.0066708369337 3155.0 0.0 26.0 123.0 13906.529254263824 13835.681481481453 14232.777777777797 
333.0066708369337 3172.0 0.0 34.0 128.0 13924.014106615225 14081.377777777787 14232.777777777797 
334.0066708369337 3199.0 0.0 35.0 122.0 13927.508992249997 13958.962962962985 14232.777777777797 
335.0066708369337 3219.0 0.0 44.0 127.0 13925.595870802768 13908.377777777787 14232.777777777797 
336.0066708369337 3256.0 0.0 37.0 125.0 13911.32517261139 13782.888888888881 14232.777777777797 
337.003738810482 3280.0 0.0 31.0 124.0 13913.242790076338 13916.644444444439 14232.777777777797 
338.0066708369337 3299.0 0.0 39.0 124.0 13917.481537963376 13983.94814814816 14232.777777777797 
339.0066708369337 3325.0 0.0 47.0 128.0 13912.737087870746 13870.037037037015 14232.777777777797 
340.0066708369337 3366.0 0.0 32.0 124.0 13914.551527231823 13930.88148148148 14232.777777777797 
341.0066708369337 3385.0 0.0 43.0 123.0 13918.48081895305 13953.844444444469 14232.777777777797 
342.0066708369337 3414.0 0.0 44.0 123.0 13909.691996317024 13830.592592592599 14232.777777777797 
343.0066708369337 3447.0 0.0 42.0 124.0 13911.722796685335 13930.0 14232.777777777797 
344.0066708369337 3478.0 0.0 42.0 124.0 13906.19347997976 13856.42962962963 14232.777777777797 
345.0066708369337 3505.0 0.0 44.0 122.0 13920.074872722518 14045.0074074074 14232.777777777797 
346.0066708369337 3530.0 0.0 43.0 129.0 13908.339978042866 13802.725925925946 14232.777777777797 
347.0066708369337 3570.0 0.0 36.0 125.0 13901.474869127458 13839.68888888889 14232.777777777797 
348.0066708369337 3592.0 0.0 44.0 124.0 13913.756271103592 14024.288888888881 14232.777777777797 
349.0066708369337 3622.0 0.0 40.0 124.0 13908.133977326586 13857.533333333322 14232.777777777797 
350.0066708369337 3648.0 0.0 43.0 123.0 13905.775394408734 13884.548148148151 14232.777777777797 
351.0066708369337 3683.0 0.0 38.0 128.0 13900.52748459749 13853.296296296281 14232.777777777797 
352.0066708369337 3710.0 0.0 43.0 124.0 13901.399921322925 13909.251851851868 14232.777777777797 
353.00187687310614 3737.0 0.0 36.0 124.0 13906.992033198689 13958.94814814816 14232.777777777797 
354.0066708369337 3772.0 0.0 26.0 122.0 13902.731269604908 13847.066666666678 14232.777777777797 
355.0066708369337 3786.0 0.0 46.0 123.0 13913.239624125905 14007.814814814803 14232.777777777797 
356.0066708369337 3815.0 0.0 39.0 124.0 13913.466032083667 13915.503703703696 14232.777777777797 
357.0066708369337 3846.0 0.0 37.0 124.0 13904.55424369013 13824.34814814816 14232.777777777797 
358.0066708369337 3873.0 0.0 37.0 122.0 13917.35215265445 14032.53333333332 14232.777777777797 
359.0066708369337 3897.0 0.0 42.0 126.0 13916.031011463081 13904.140740740748 14232.777777777797 
360.0066708369337 3930.0 0.0 43.0 125.0 13910.893836242689 13864.659259259277 14232.777777777797 
361.0066708369337 3960.0 0.0 41.0 117.0 13909.16815632214 13893.63703703704 14232.777777777797 
362.0066708369337 3984.0 0.0 47.0 120.0 13908.465414763987 13902.140740740748 14232.777777777797 
363.0047466411711 4018.0 0.0 42.0 124.0 13902.294585077874 13847.05185185184 14232.777777777797 
364.0066708369337 4050.0 0.0 39.0 120.0 13895.429356329221 13896.770370370361 14232.777777777797 
365.0041370839514 4071.0 0.0 45.0 120.0 13907.144910209387 14019.16296296296 14232.777777777797 
366.0066708369337 4101.0 0.0 48.0 123.0 13904.379037885901 13905.259259259268 14232.777777777797 
367.0066708369337 4136.0 0.0 43.0 123.0 13885.495948912152 13715.548148148151 14232.777777777797 
368.0066708369337 4165.0 0.0 45.0 124.0 13886.933761428321 13899.874074074081 14232.777777777797 
369.0066708369337 4198.0 0.0 26.0 120.0 13877.662607507722 13794.222222222203 14232.777777777797 
370.0066708369337 4216.0 0.0 34.0 121.0 13894.19930971989 14043.029629629666 14232.777777777797 
371.0066708369337 4241.0 0.0 49.0 126.0 13896.443082451633 13916.63703703704 14232.777777777797 
372.00251171251887 4281.0 0.0 32.0 123.0 13890.809640009831 13863.525925925918 14232.777777777797 
373.0066708369337 4306.0 0.0 33.0 119.0 13898.908822711723 13950.725925925948 14232.777777777797 
374.0066708369337 4324.0 0.0 40.0 123.0 13900.168310810932 13911.503703703695 14232.777777777797 
375.0066708369337 4356.0 0.0 33.0 125.0 13903.14999824837 13929.985185185162 14232.777777777797 
376.0066708369337 4382.0 0.0 40.0 124.0 13906.345368793882 13935.103703703682 14232.777777777797 
377.0050512263486 4411.0 0.0 42.0 123.0 13913.036526551648 13962.088888888855 14232.777777777797 
378.0066708369337 4441.0 0.0 48.0 119.0 13925.564267241556 14032.518518518522 14232.777777777797 
379.0038354410818 4466.0 0.0 47.0 126.0 13906.714253173508 13758.133333333348 14232.777777777797 
380.0066708369337 4506.0 0.0 40.0 122.0 13898.223130539744 13834.540740740757 14232.777777777797 
381.0066708369337 4530.0 0.0 45.0 122.0 13900.263039707994 13918.622222222213 14232.777777777797 
382.0066708369337 4562.0 0.0 42.0 121.0 13889.77155055202 13795.34814814816 14232.777777777797 
383.0066708369337 4594.0 0.0 43.0 123.0 13896.691432533858 13958.970370370334 14232.777777777797 
384.0000327591247 4624.0 0.0 37.0 124.0 13887.875853874923 13808.718518518519 14232.777777777797 
385.0066708369337 4653.0 0.0 31.0 120.0 13895.44857887093 13947.5851851852 14232.777777777797 
386.0066708369337 4673.0 0.0 41.0 124.0 13904.922980243095 13990.192592592592 14232.777777777797 
387.0058819316025 4701.0 0.0 35.0 121.0 13911.28077154891 13967.207407407375 14232.777777777797 
388.0066708369337 4727.0 0.0 41.0 121.0 13905.829169552468 13889.622222222213 14232.777777777797 
389.0066708369337 4755.0 0.0 34.0 124.0 13908.757363708335 13935.11111111112 14232.777777777797 
390.0066708369337 4781.0 0.0 40.0 121.0 13910.569034744909 13926.874074074081 14232.777777777797 
391.0066708369337 4803.0 0.0 53.0 124.0 13919.667686825964 14001.555555555586 14232.777777777797 
392.0066708369337 4843.0 0.0 47.0 120.0 13893.5468440693 13658.459259259243 14232.777777777797 
393.0066708369337 4876.0 0.0 50.0 119.0 13900.089196699397 13958.970370370334 14232.777777777797 
394.0066708369337 4906.0 0.0 49.0 121.0 13891.689906659103 13816.096296296291 14232.777777777797 
395.0066708369337 4940.0 0.0 46.0 121.0 13867.969064141314 13654.481481481482 14232.777777777797 
396.00111050901904 4973.0 0.0 41.0 124.0 13870.053272409976 13862.666666666668 14232.777777777797 
397.0066708369337 5004.0 0.0 39.0 120.0 13871.890941954489 13880.266666666654 14232.777777777797 
398.0066708369337 5030.0 0.0 47.0 122.0 13876.255181092356 13915.533333333322 14232.777777777797 
399.0066708369337 5062.0 0.0 41.0 126.0 13868.677070390539 13800.474074074082 14232.777777777797 
400.0066708369337 5096.0 0.0 37.0 120.0 13878.52862261075 13967.192592592592 14232.777777777797 
401.0066708369337 5118.0 0.0 35.0 123.0 13875.295019608931 13846.192592592592 14232.777777777797 
402.0066708369337 5144.0 0.0 24.0 121.0 13888.121073203578 14003.555555555586 14232.777777777797 
403.0066708369337 5161.0 0.0 12.0 126.0 13898.01341032766 13987.04444444444 14232.777777777797 
404.0066708369337 5171.0 0.0 4.0 132.0 13921.119476702323 14129.074074074071 14232.777777777797 
405.0066708369337 5175.0 0.0 0.0 135.0 13948.137158661715 14191.296296296277 14232.777777777797 
406.0066708369337 5175.0 0.0 0.0 135.0 13976.601220573328 14232.777777777797 14232.777777777797 
407.0066708369337 5175.0 0.0 0.0 135.0 14002.21887629376 14232.777777777797 14232.777777777797 
408.0066708369337 5175.0 0.0 0.0 135.0 14025.274766442184 14232.777777777797 14232.777777777797 
409.0066708369337 5175.0 0.0 0.0 135.0 14046.025067575725 14232.777777777797 14232.777777777797 
410.0066708369337 5175.0 0.0 0.0 135.0 14064.700338595932 14232.777777777797 14232.777777777797 
411.0066708369337 5175.0 0.0 0.0 135.0 14081.508082514101 14232.777777777797 14232.777777777797 
412.0066708369337 5175.0 0.0 0.0 135.0 14096.6350520405 14232.777777777797 14232.777777777797 
413.0066708369337 5175.0 0.0 0.0 135.0 14110.249324614224 14232.777777777797 14232.777777777797 
414.0066708369337 5175.0 0.0 0.0 135.0 14122.502169930554 14232.777777777797 14232.777777777797 
415.0066708369337 5175.0 0.0 0.0 135.0 14133.529730715278 14232.777777777797 14232.777777777797 
416.0066708369337 5175.0 0.0 0.0 135.0 14143.454535421535 14232.777777777797 14232.777777777797 
417.0066708369337 5175.0 0.0 1.0 135.0 14152.386859657161 14232.777777777797 14232.777777777797 
418.0066708369337 5176.0 0.0 0.0 135.0 14160.113358876613 14229.651851851839 14232.777777777797 
419.0066708369337 5176.0 0.0 0.0 135.0 14167.379800766757 14232.777777777797 14232.777777777797 
420.0066708369337 5176.0 0.0 0.0 135.0 14173.91959846784 14232.777777777797 14232.777777777797 
421.0066708369337 5176.0 0.0 0.0 135.0 14179.805416398847 14232.777777777797 14232.777777777797 
422.0066708369337 5176.0 0.0 0.0 135.0 14185.102652536747 14232.777777777797 14232.777777777797 
423.0066708369337 5176.0 0.0 0.0 135.0 14189.87016506084 14232.777777777797 14232.777777777797 
424.0066708369337 5176.0 0.0 0.0 135.0 14194.160926332526 14232.777777777797 14232.777777777797 
425.0066708369337 5176.0 0.0 0.0 135.0 14198.022611477065 14232.777777777797 14232.777777777797 
426.0066708369337 5176.0 0.0 1.0 135.0 14201.498128107125 14232.777777777797 14232.777777777797 
427.0066708369337 5177.0 0.0 0.0 135.0 14204.313500481583 14229.651851851839 14232.777777777797 
428.0066708369337 5177.0 0.0 0.0 135.0 14207.159928211207 14232.777777777797 14232.777777777797 
429.0066708369337 5177.0 0.0 0.0 135.0 14209.72171316788 14232.777777777797 14232.777777777797 
430.0066708369337 5177.0 0.0 0.0 135.0 14212.027319628854 14232.777777777797 14232.777777777797 
431.0066708369337 5177.0 0.0 0.0 135.0 14214.102365443769 14232.777777777797 14232.777777777797 
432.0066708369337 5177.0 0.0 0.0 135.0 14215.969906677152 14232.777777777797 14232.777777777797 
433.0066708369337 5177.0 0.0 0.0 135.0 14217.650693787207 14232.777777777797 14232.777777777797 
434.0066708369337 5177.0 0.0 0.0 135.0 14219.163402186286 14232.777777777797 14232.777777777797 
435.0066708369337 5177.0 0.0 0.0 135.0 14220.524839745445 14232.777777777797 14232.777777777797 
436.0066708369337 5177.0 0.0 0.0 135.0 14221.75013354867 14232.777777777797 14232.777777777797 
437.0066708369337 5177.0 0.0 0.0 135.0 14222.852897971581 14232.777777777797 14232.777777777797 
438.0066708369337 5177.0 0.0 0.0 135.0 14223.845385952201 14232.777777777797 14232.777777777797 
439.0066708369337 5177.0 0.0 0.0 135.0 14224.738625134756 14232.777777777797 14232.777777777797 
440.0066708369337 5177.0 0.0 0.0 135.0 14225.542540399061 14232.777777777797 14232.777777777797 
441.0066708369337 5177.0 0.0 0.0 135.0 14226.266064136933 14232.777777777797 14232.777777777797 
442.0066708369337 5177.0 0.0 0.0 135.0 14226.917235501009 14232.777777777797 14232.777777777797 
443.0066708369337 5177.0 0.0 0.0 135.0 14227.5032897287 14232.777777777797 14232.777777777797 
444.0066708369337 5177.0 0.0 0.0 135.0 14228.030738533604 14232.777777777797 14232.777777777797 
445.0066708369337 5177.0 0.0 0.0 135.0 14228.505442458027 14232.777777777797 14232.777777777797 
446.0066708369337 5177.0 0.0 0.0 135.0 14228.932675989972 14232.777777777797 14232.777777777797 
447.0066708369337 5177.0 0.0 1.0 135.0 14229.317186168768 14232.777777777797 14232.777777777797 
448.0066708369337 5178.0 0.0 0.0 135.0 14229.350652737074 14229.651851851839 14232.777777777797 
449.0066708369337 5178.0 0.0 0.0 135.0 14229.693365241137 14232.777777777797 14232.777777777797 
450.0066708369337 5178.0 0.0 1.0 135.0 14230.00180649482 14232.777777777797 14232.777777777797 
451.0066708369337 5179.0 0.0 0.0 135.0 14229.96681103052 14229.651851851839 14232.777777777797 
452.0066708369337 5179.0 0.0 0.0 135.0 14230.247907705241 14232.777777777797 14232.777777777797 
453.0066708369337 5179.0 0.0 0.0 135.0 14230.500894712486 14232.777777777797 14232.777777777797 
454.0066708369337 5179.0 0.0 1.0 135.0 14230.728583019034 14232.777777777797 14232.777777777797 
455.0066708369337 5180.0 0.0 0.0 135.0 14229.172021013403 14215.162962962962 14232.777777777797 
456.0066708369337 5180.0 0.0 0.0 135.0 14229.53259668984 14232.777777777797 14232.777777777797 
457.0066708369337 5180.0 0.0 0.0 135.0 14229.857114798657 14232.777777777797 14232.777777777797 
458.0066708369337 5180.0 0.0 0.0 135.0 14230.149181096549 14232.777777777797 14232.777777777797 
459.0066708369337 5180.0 0.0 0.0 135.0 14230.41204076467 14232.777777777797 14232.777777777797 
460.0066708369337 5180.0 0.0 0.0 135.0 14230.648614465998 14232.777777777797 14232.777777777797 
461.0066708369337 5180.0 0.0 0.0 135.0 14230.861530797165 14232.777777777797 14232.777777777797 
462.0066708369337 5180.0 0.0 0.0 135.0 14231.053155495232 14232.777777777797 14232.777777777797 
463.0066708369337 5180.0 0.0 0.0 135.0 14231.225617723461 14232.777777777797 14232.777777777797 
464.0066708369337 5180.0 0.0 0.0 135.0 14231.380833728901 14232.777777777797 14232.777777777797 
465.0066708369337 5180.0 0.0 0.0 135.0 14231.520528133793 14232.777777777797 14232.777777777797 
466.0066708369337 5180.0 0.0 0.0 135.0 14231.646253098203 14232.777777777797 14232.777777777797 
467.0066708369337 5180.0 0.0 0.0 135.0 14231.759405566156 14232.777777777797 14232.777777777797 
468.0066708369337 5180.0 0.0 0.0 135.0 14231.86124278732 14232.777777777797 14232.777777777797 
469.0066708369337 5180.0 0.0 0.0 135.0 14231.95289628636 14232.777777777797 14232.777777777797 
470.0066708369337 5180.0 0.0 0.0 135.0 14232.0353844355 14232.777777777797 14232.777777777797 
471.0066708369337 5180.0 0.0 0.0 135.0 14232.10962376972 14232.777777777797 14232.777777777797 
472.0066708369337 5180.0 0.0 1.0 135.0 14232.176439170547 14232.777777777797 14232.777777777797 
473.0066708369337 5181.0 0.0 0.0 135.0 14230.475091549772 14215.162962962962 14232.777777777797 
474.0066708369337 5181.0 0.0 0.0 135.0 14230.705360172586 14232.777777777797 14232.777777777797 
475.0066708369337 5181.0 0.0 0.0 135.0 14230.912601933087 14232.777777777797 14232.777777777797 
476.0066708369337 5181.0 0.0 0.0 135.0 14231.099119517563 14232.777777777797 14232.777777777797 
477.0066708369337 5181.0 0.0 0.0 135.0 14231.2669853436 14232.777777777797 14232.777777777797 
478.0066708369337 5181.0 0.0 0.0 135.0 14231.41806458699 14232.777777777797 14232.777777777797 
479.0066708369337 5181.0 0.0 0.0 135.0 14231.554035906089 14232.777777777797 14232.777777777797 
480.0066708369337 5181.0 0.0 0.0 135.0 14231.676410093265 14232.777777777797 14232.777777777797 
481.0066708369337 5181.0 0.0 0.0 135.0 14231.786546861686 14232.777777777797 14232.777777777797 
482.0066708369337 5181.0 0.0 1.0 135.0 14231.885669953306 14232.777777777797 14232.777777777797 
483.0066708369337 5182.0 0.0 1.0 135.0 14231.662288143165 14229.651851851839 14232.777777777797 
484.0066708369337 5183.0 0.0 0.0 135.0 14231.461244514048 14229.651851851839 14232.777777777797 
485.0066708369337 5183.0 0.0 0.0 135.0 14231.592897840408 14232.777777777797 14232.777777777797 
486.0066708369337 5183.0 0.0 0.0 135.0 14231.71138583415 14232.777777777797 14232.777777777797 
487.0066708369337 5183.0 0.0 0.0 135.0 14231.818025028511 14232.777777777797 14232.777777777797 
488.0066708369337 5183.0 0.0 1.0 135.0 14231.91400030342 14232.777777777797 14232.777777777797 
489.0066708369337 5184.0 0.0 0.0 135.0 14231.687785458269 14229.651851851839 14232.777777777797 
490.0066708369337 5184.0 0.0 0.0 135.0 14231.79678469023 14232.777777777797 14232.777777777797 
491.0066708369337 5184.0 0.0 0.0 135.0 14231.89488399898 14232.777777777797 14232.777777777797 
492.0066708369337 5184.0 0.0 0.0 135.0 14231.983173376851 14232.777777777797 14232.777777777797 
493.0066708369337 5184.0 0.0 0.0 135.0 14232.062633816955 14232.777777777797 14232.777777777797 
494.0066708369337 5184.0 0.0 0.0 135.0 14232.134148213017 14232.777777777797 14232.777777777797 
495.0066708369337 5184.0 0.0 0.0 135.0 14232.198511169501 14232.777777777797 14232.777777777797 
496.0066708369337 5184.0 0.0 0.0 135.0 14232.25643783034 14232.777777777797 14232.777777777797 
497.0066708369337 5184.0 0.0 0.0 135.0 14232.30857182509 14232.777777777797 14232.777777777797 
498.0066708369337 5184.0 0.0 0.0 135.0 14232.355492420349 14232.777777777797 14232.777777777797 
499.0066708369337 5184.0 0.0 0.0 135.0 14232.397720956089 14232.777777777797 14232.777777777797 
500.0066708369337 5184.0 0.0 0.0 135.0 14232.435726638256 14232.777777777797 14232.777777777797 
501.0066708369337 5184.0 0.0 0.0 135.0 14232.469931752217 14232.777777777797 14232.777777777797 
502.0066708369337 5184.0 0.0 0.0 135.0 14232.500716354765 14232.777777777797 14232.777777777797 
503.0066708369337 5184.0 0.0 0.0 135.0 14232.528422497067 14232.777777777797 14232.777777777797 
504.0066708369337 5184.0 0.0 0.0 135.0 14232.553358025141 14232.777777777797 14232.777777777797 
505.0066708369337 5184.0 0.0 0.0 135.0 14232.575800000384 14232.777777777797 14232.777777777797 
506.0066708369337 5184.0 0.0 0.0 135.0 14232.595997778139 14232.777777777797 14232.777777777797 
507.0066708369337 5184.0 0.0 0.0 135.0 14232.614175778099 14232.777777777797 14232.777777777797 
508.0066708369337 5184.0 0.0 0.0 135.0 14232.630535978056 14232.777777777797 14232.777777777797 
509.0066708369337 5184.0 0.0 0.0 135.0 14232.645260158059 14232.777777777797 14232.777777777797 
510.0066708369337 5184.0 0.0 0.0 135.0 14232.658511920023 14232.777777777797 14232.777777777797 
511.0066708369337 5184.0 0.0 0.0 135.0 14232.67043850579 14232.777777777797 14232.777777777797 
512.0066708369337 5184.0 0.0 0.0 135.0 14232.681172432991 14232.777777777797 14232.777777777797 
513.0066708369337 5184.0 0.0 0.0 135.0 14232.69083296746 14232.777777777797 14232.777777777797 
514.0066708369337 5184.0 0.0 0.0 135.0 14232.699527448496 14232.777777777797 14232.777777777797 
515.0066708369337 5184.0 0.0 0.0 135.0 14232.70735248143 14232.777777777797 14232.777777777797 
516.0066708369337 5184.0 0.0 0.0 135.0 14232.714395011048 14232.777777777797 14232.777777777797 
517.0066708369337 5184.0 0.0 0.0 135.0 14232.72073328773 14232.777777777797 14232.777777777797 
518.0066708369337 5184.0 0.0 0.0 135.0 14232.726437736721 14232.777777777797 14232.777777777797 
519.0066708369337 5184.0 0.0 1.0 135.0 14232.73157174085 14232.777777777797 14232.777777777797 
520.0066708369337 5185.0 0.0 1.0 135.0 14232.423599751955 14229.651851851839 14232.777777777797 
521.0066708369337 5186.0 0.0 0.0 135.0 14232.146424961918 14229.651851851839 14232.777777777797 
522.0066708369337 5186.0 0.0 0.0 135.0 14232.209560243518 14232.777777777797 14232.777777777797 
523.0066708369337 5186.0 0.0 0.0 135.0 14232.266381996957 14232.777777777797 14232.777777777797 
524.0066708369337 5186.0 0.0 0.0 135.0 14232.31752157503 14232.777777777797 14232.777777777797 
525.0066708369337 5186.0 0.0 0.0 135.0 14232.363547195295 14232.777777777797 14232.777777777797 
526.0066708369337 5186.0 0.0 0.0 135.0 14232.404970253541 14232.777777777797 14232.777777777797 
527.0066708369337 5186.0 0.0 0.0 135.0 14232.442251005963 14232.777777777797 14232.777777777797 
528.0066708369337 5186.0 0.0 0.0 135.0 14232.475803683157 14232.777777777797 14232.777777777797 
529.0066708369337 5186.0 0.0 0.0 135.0 14232.506001092615 14232.777777777797 14232.777777777797 
530.0066708369337 5186.0 0.0 0.0 135.0 14232.533178761127 14232.777777777797 14232.777777777797 
531.0066708369337 5186.0 0.0 0.0 135.0 14232.557638662802 14232.777777777797 14232.777777777797 
532.0066708369337 5186.0 0.0 0.0 135.0 14232.579652574288 14232.777777777797 14232.777777777797 
533.0066708369337 5186.0 0.0 0.0 135.0 14232.59946509464 14232.777777777797 14232.777777777797 
534.0066708369337 5186.0 0.0 0.0 135.0 14232.617296362941 14232.777777777797 14232.777777777797 
535.0066708369337 5186.0 0.0 0.0 135.0 14232.633344504438 14232.777777777797 14232.777777777797 
536.0066708369337 5186.0 0.0 0.0 135.0 14232.647787831778 14232.777777777797 14232.777777777797 
537.0066708369337 5186.0 0.0 0.0 135.0 14232.660786826355 14232.777777777797 14232.777777777797 
538.0066708369337 5186.0 0.0 0.0 135.0 14232.672485921501 14232.777777777797 14232.777777777797 
539.0066708369337 5186.0 0.0 0.0 135.0 14232.68301510713 14232.777777777797 14232.777777777797 
540.0066708369337 5186.0 0.0 0.0 135.0 14232.692491374202 14232.777777777797 14232.777777777797 
541.0066708369337 5186.0 0.0 0.0 135.0 14232.701020014561 14232.777777777797 14232.777777777797 
542.0066708369337 5186.0 0.0 0.0 135.0 14232.70869579088 14232.777777777797 14232.777777777797 
543.0066708369337 5186.0 0.0 0.0 135.0 14232.715603989576 14232.777777777797 14232.777777777797 
544.0066708369337 5186.0 0.0 1.0 135.0 14232.721821368377 14232.777777777797 14232.777777777797 
545.0066708369337 5187.0 0.0 1.0 135.0 14232.41482441674 14229.651851851839 14232.777777777797 
546.0066708369337 5188.0 0.0 1.0 135.0 14232.138527160238 14229.651851851839 14232.777777777797 
547.0066708369337 5189.0 0.0 0.0 135.0 14231.8898596294 14229.651851851839 14232.777777777797 
548.0066708369337 5189.0 0.0 0.0 135.0 14231.978651444257 14232.777777777797 14232.777777777797 
549.0066708369337 5189.0 0.0 0.0 135.0 14232.05856407759 14232.777777777797 14232.777777777797 
550.0066708369337 5189.0 0.0 0.0 135.0 14232.130485447628 14232.777777777797 14232.777777777797 
551.0066708369337 5189.0 0.0 0.0 135.0 14232.195214680636 14232.777777777797 14232.777777777797 
552.0066708369337 5189.0 0.0 0.0 135.0 14232.253470990347 14232.777777777797 14232.777777777797 
553.0066708369337 5189.0 0.0 1.0 135.0 14232.30590166908 14232.777777777797 14232.777777777797 
554.0066708369337 5190.0 0.0 0.0 135.0 14232.04049668735 14229.651851851839 14232.777777777797 
555.0066708369337 5190.0 0.0 1.0 135.0 14232.1142247964 14232.777777777797 14232.777777777797 
556.0066708369337 5191.0 0.0 0.0 135.0 14230.419098613052 14215.162962962962 14232.777777777797 
557.0066708369337 5191.0 0.0 0.0 135.0 14230.65496652953 14232.777777777797 14232.777777777797 
558.0066708369337 5191.0 0.0 0.0 135.0 14230.867247654356 14232.777777777797 14232.777777777797 
559.0066708369337 5191.0 0.0 0.0 135.0 14231.058300666684 14232.777777777797 14232.777777777797 
560.0066708369337 5191.0 0.0 0.0 135.0 14231.230248377804 14232.777777777797 14232.777777777797 
561.0066708369337 5191.0 0.0 0.0 135.0 14231.385001317794 14232.777777777797 14232.777777777797 
562.0066708369337 5191.0 0.0 0.0 135.0 14231.524278963803 14232.777777777797 14232.777777777797 
563.0066708369337 5191.0 0.0 1.0 135.0 14231.649628845204 14232.777777777797 14232.777777777797 
564.0066708369337 5192.0 0.0 1.0 135.0 14231.449851145866 14229.651851851839 14232.777777777797 
565.0066708369337 5193.0 0.0 0.0 135.0 14231.270051216456 14229.651851851839 14232.777777777797 
566.0066708369337 5193.0 0.0 0.0 135.0 14231.420823872602 14232.777777777797 14232.777777777797 
567.0066708369337 5193.0 0.0 0.0 135.0 14231.556519263107 14232.777777777797 14232.777777777797 
568.0066708369337 5193.0 0.0 0.0 135.0 14231.678645114584 14232.777777777797 14232.777777777797 
569.0066708369337 5193.0 0.0 0.0 135.0 14231.788558380895 14232.777777777797 14232.777777777797 
570.0066708369337 5193.0 0.0 1.0 135.0 14231.887480320573 14232.777777777797 14232.777777777797 
571.0066708369337 5194.0 0.0 0.0 135.0 14231.663917473701 14229.651851851839 14232.777777777797 
572.0066708369337 5194.0 0.0 0.0 135.0 14231.775303504119 14232.777777777797 14232.777777777797 
573.0066708369337 5194.0 0.0 0.0 135.0 14231.875550931489 14232.777777777797 14232.777777777797 
574.0066708369337 5194.0 0.0 0.0 135.0 14231.96577361611 14232.777777777797 14232.777777777797 
575.0066708369337 5194.0 0.0 0.0 135.0 14232.046974032279 14232.777777777797 14232.777777777797 
576.0066708369337 5194.0 0.0 0.0 135.0 14232.120054406832 14232.777777777797 14232.777777777797 
577.0066708369337 5194.0 0.0 0.0 135.0 14232.185826743911 14232.777777777797 14232.777777777797 
578.0066708369337 5194.0 0.0 0.0 135.0 14232.24502184731 14232.777777777797 14232.777777777797 
579.0066708369337 5194.0 0.0 0.0 135.0 14232.298297440342 14232.777777777797 14232.777777777797 
580.0066708369337 5194.0 0.0 0.0 135.0 14232.346245474098 14232.777777777797 14232.777777777797 
581.0066708369337 5194.0 0.0 0.0 135.0 14232.389398704447 14232.777777777797 14232.777777777797 
582.0066708369337 5194.0 0.0 0.0 135.0 14232.428236611795 14232.777777777797 14232.777777777797 
583.0066708369337 5194.0 0.0 0.0 135.0 14232.463190728387 14232.777777777797 14232.777777777797 
584.0066708369337 5194.0 0.0 0.0 135.0 14232.494649433338 14232.777777777797 14232.777777777797 
585.0066708369337 5194.0 0.0 0.0 135.0 14232.522962267785 14232.777777777797 14232.777777777797 
586.0066708369337 5194.0 0.0 0.0 135.0 14232.548443818778 14232.777777777797 14232.777777777797 
587.0066708369337 5194.0 0.0 0.0 135.0 14232.571377214683 14232.777777777797 14232.777777777797 
588.0066708369337 5194.0 0.0 0.0 135.0 14232.592017270985 14232.777777777797 14232.777777777797 
589.0066708369337 5194.0 0.0 1.0 135.0 14232.61059332167 14232.777777777797 14232.777777777797 
590.0066708369337 5195.0 0.0 0.0 135.0 14232.314719174688 14229.651851851839 14232.777777777797 
591.0066708369337 5195.0 0.0 0.0 135.0 14232.361025034987 14232.777777777797 14232.777777777797 
592.0066708369337 5195.0 0.0 0.0 135.0 14232.402700309272 14232.777777777797 14232.777777777797 
593.0066708369337 5195.0 0.0 0.0 135.0 14232.440208056129 14232.777777777797 14232.777777777797 
594.0066708369337 5195.0 0.0 0.0 135.0 14232.473965028283 14232.777777777797 14232.777777777797 
595.0066708369337 5195.0 0.0 0.0 135.0 14232.50434630325 14232.777777777797 14232.777777777797 
596.0066708369337 5195.0 0.0 0.0 135.0 14232.53168945069 14232.777777777797 14232.777777777797 
597.0066708369337 5195.0 0.0 0.0 135.0 14232.556298283398 14232.777777777797 14232.777777777797 
598.0066708369337 5195.0 0.0 0.0 135.0 14232.57844623283 14232.777777777797 14232.777777777797 
599.0066708369337 5195.0 0.0 0.0 135.0 14232.598379387337 14232.777777777797 14232.777777777797 
600.0066708369337 5195.0 0.0 0.0 135.0 14232.616319226387 14232.777777777797 14232.777777777797 
#####################################################################
# End of data export. Simulation finished at: 2020-01-29T02:56+0000 #
#####################################################################
