#####################################################################
# Alchemist log file - simulation started at: 2020-02-02T05:45+0000 #
#####################################################################
# seed = 6.0, meanTaskSize = 100, smoothing = 0.1, grain = 1400.0, peakFrequency = 0.3
#
# The columns have the following meaning: 
# time done[Sum] drop[Sum] waiting[Sum] isLeader[Sum] capacity[Mean] freeCapacity[Mean] maxCapacity[Mean] 
0.0 NaN 0.0 NaN NaN NaN NaN NaN 
1.0115592716150654 0.0 0.0 0.0 135.0 14232.777777777797 14232.777777777797 14232.777777777797 
2.0115592716150656 0.0 0.0 0.0 135.0 14232.777777777797 14232.777777777797 14232.777777777797 
3.0115592716150656 0.0 0.0 0.0 135.0 14232.777777777797 14232.777777777797 14232.777777777797 
4.011559271615066 0.0 0.0 0.0 135.0 14232.777777777797 14232.777777777797 14232.777777777797 
5.011559271615066 0.0 0.0 0.0 135.0 14232.777777777797 14232.777777777797 14232.777777777797 
6.011559271615066 0.0 0.0 0.0 135.0 14232.777777777797 14232.777777777797 14232.777777777797 
7.011559271615066 0.0 0.0 0.0 135.0 14232.777777777797 14232.777777777797 14232.777777777797 
8.011559271615067 0.0 0.0 0.0 135.0 14232.777777777797 14232.777777777797 14232.777777777797 
9.011559271615067 0.0 0.0 0.0 135.0 14232.777777777797 14232.777777777797 14232.777777777797 
10.011559271615067 0.0 0.0 0.0 135.0 14232.777777777797 14232.777777777797 14232.777777777797 
11.011559271615067 0.0 0.0 0.0 135.0 14232.777777777797 14232.777777777797 14232.777777777797 
12.011559271615067 0.0 0.0 0.0 135.0 14232.777777777797 14232.777777777797 14232.777777777797 
13.011559271615067 0.0 0.0 0.0 135.0 14232.777777777797 14232.777777777797 14232.777777777797 
14.011559271615067 0.0 0.0 1.0 135.0 14232.777777777797 14232.777777777797 14232.777777777797 
15.011559271615067 0.0 0.0 1.0 135.0 14232.465185185178 14229.651851851839 14232.777777777797 
16.011559271615067 0.0 0.0 1.0 135.0 14232.183851851854 14229.651851851839 14232.777777777797 
17.011559271615067 0.0 0.0 1.0 135.0 14231.930651851852 14229.651851851839 14232.777777777797 
18.011559271615067 0.0 0.0 1.0 135.0 14231.702771851888 14229.651851851839 14232.777777777797 
19.011559271615067 0.0 0.0 1.0 135.0 14231.497679851847 14229.651851851839 14232.777777777797 
20.011559271615067 0.0 0.0 1.0 135.0 14231.313097051876 14229.651851851839 14232.777777777797 
21.011559271615067 0.0 0.0 2.0 135.0 14231.14697253186 14229.651851851839 14232.777777777797 
22.011559271615067 0.0 0.0 2.0 135.0 14230.684867871276 14226.525925925918 14232.777777777797 
23.011559271615067 0.0 0.0 2.0 135.0 14230.268973676732 14226.525925925918 14232.777777777797 
24.011559271615067 1.0 0.0 1.0 135.0 14229.894668901643 14226.525925925918 14232.777777777797 
25.011559271615067 1.0 0.0 1.0 135.0 14229.870387196652 14229.651851851839 14232.777777777797 
26.011559271615067 1.0 0.0 1.0 135.0 14229.848533662182 14229.651851851839 14232.777777777797 
27.011559271615067 1.0 0.0 2.0 135.0 14229.828865481151 14229.651851851839 14232.777777777797 
28.011559271615067 1.0 0.0 2.0 135.0 14229.498571525623 14226.525925925918 14232.777777777797 
29.011559271615067 1.0 0.0 2.0 135.0 14229.201306965651 14226.525925925918 14232.777777777797 
30.011559271615067 1.0 0.0 2.0 135.0 14228.93376886168 14226.525925925918 14232.777777777797 
31.011559271615067 1.0 0.0 2.0 135.0 14228.69298456811 14226.525925925918 14232.777777777797 
32.01155927161507 1.0 0.0 2.0 134.0 14228.47627870389 14226.525925925918 14232.777777777797 
33.01155927161507 1.0 0.0 2.0 134.0 14228.281243426089 14226.525925925918 14232.777777777797 
34.01155927161507 1.0 0.0 2.0 134.0 14228.105711676068 14226.525925925918 14232.777777777797 
35.01155927161507 2.0 0.0 1.0 134.0 14227.947733101066 14226.525925925918 14232.777777777797 
36.01155927161507 3.0 0.0 0.0 134.0 14228.118144976148 14229.651851851839 14232.777777777797 
37.01155927161507 3.0 0.0 0.0 134.0 14228.584108256326 14232.777777777797 14232.777777777797 
38.01155927161507 3.0 0.0 1.0 135.0 14229.003475208452 14232.777777777797 14232.777777777797 
39.01155927161507 3.0 0.0 1.0 135.0 14229.068312872778 14229.651851851839 14232.777777777797 
40.01155927161507 3.0 0.0 1.0 135.0 14229.126666770695 14229.651851851839 14232.777777777797 
41.01155927161507 3.0 0.0 1.0 135.0 14229.179185278823 14229.651851851839 14232.777777777797 
42.01155927161507 3.0 0.0 1.0 135.0 14229.226451936114 14229.651851851839 14232.777777777797 
43.01155927161507 3.0 0.0 1.0 135.0 14229.268991927689 14229.651851851839 14232.777777777797 
44.01155927161507 3.0 0.0 1.0 135.0 14229.307277920105 14229.651851851839 14232.777777777797 
45.01155927161507 3.0 0.0 1.0 135.0 14229.341735313288 14229.651851851839 14232.777777777797 
46.01155927161507 3.0 0.0 1.0 135.0 14229.372746967127 14229.651851851839 14232.777777777797 
47.01155927161507 4.0 0.0 0.0 135.0 14229.400657455606 14229.651851851839 14232.777777777797 
48.01155927161507 4.0 0.0 0.0 135.0 14229.738369487817 14232.777777777797 14232.777777777797 
49.01155927161507 4.0 0.0 0.0 135.0 14230.042310316829 14232.777777777797 14232.777777777797 
50.01155927161507 4.0 0.0 0.0 135.0 14230.315857062926 14232.777777777797 14232.777777777797 
51.01155927161507 4.0 0.0 0.0 135.0 14230.562049134405 14232.777777777797 14232.777777777797 
52.01155927161507 4.0 0.0 0.0 135.0 14230.783621998746 14232.777777777797 14232.777777777797 
53.01155927161507 4.0 0.0 0.0 135.0 14230.983037576652 14232.777777777797 14232.777777777797 
54.01155927161507 4.0 0.0 0.0 135.0 14231.162511596753 14232.777777777797 14232.777777777797 
55.01155927161507 4.0 0.0 0.0 135.0 14231.324038214878 14232.777777777797 14232.777777777797 
56.01155927161507 4.0 0.0 0.0 135.0 14231.469412171162 14232.777777777797 14232.777777777797 
57.01155927161507 4.0 0.0 0.0 135.0 14231.600248731813 14232.777777777797 14232.777777777797 
58.01155927161507 4.0 0.0 0.0 135.0 14231.718001636393 14232.777777777797 14232.777777777797 
59.01155927161507 4.0 0.0 0.0 135.0 14231.82397925055 14232.777777777797 14232.777777777797 
60.01155927161507 4.0 0.0 0.0 135.0 14231.919359103247 14232.777777777797 14232.777777777797 
61.01155927161507 4.0 0.0 0.0 135.0 14232.00520097074 14232.777777777797 14232.777777777797 
62.01155927161507 4.0 0.0 0.0 135.0 14232.082458651446 14232.777777777797 14232.777777777797 
63.01155927161507 4.0 0.0 1.0 135.0 14232.151990564053 14232.777777777797 14232.777777777797 
64.01155927161507 4.0 0.0 2.0 135.0 14231.901976692823 14229.651851851839 14232.777777777797 
65.01155927161507 4.0 0.0 2.0 135.0 14231.364371616142 14226.525925925918 14232.777777777797 
66.01155927161507 4.0 0.0 2.0 135.0 14230.880527047126 14226.525925925918 14232.777777777797 
67.01155927161507 4.0 0.0 2.0 135.0 14230.445066935008 14226.525925925918 14232.777777777797 
68.01155927161507 4.0 0.0 2.0 135.0 14230.053152834114 14226.525925925918 14232.777777777797 
69.01155927161507 4.0 0.0 2.0 135.0 14229.700430143266 14226.525925925918 14232.777777777797 
70.01155927161507 4.0 0.0 2.0 135.0 14229.382979721557 14226.525925925918 14232.777777777797 
71.01155927161507 4.0 0.0 2.0 135.0 14229.097274341973 14226.525925925918 14232.777777777797 
72.01155927161507 5.0 0.0 1.0 135.0 14228.840139500404 14226.525925925918 14232.777777777797 
73.01155927161507 5.0 0.0 1.0 135.0 14228.921310735508 14229.651851851839 14232.777777777797 
74.01155927161507 5.0 0.0 1.0 135.0 14228.994364847138 14229.651851851839 14232.777777777797 
75.01155927161507 5.0 0.0 1.0 134.0 14229.060113547646 14229.651851851839 14232.777777777797 
76.01155927161507 5.0 0.0 1.0 134.0 14229.11928737804 14229.651851851839 14232.777777777797 
77.01155927161507 5.0 0.0 1.0 134.0 14229.17254382543 14229.651851851839 14232.777777777797 
78.01155927161507 5.0 0.0 1.0 134.0 14229.220474628093 14229.651851851839 14232.777777777797 
79.01155927161507 5.0 0.0 1.0 134.0 14229.263612350453 14229.651851851839 14232.777777777797 
80.01155927161507 5.0 0.0 1.0 134.0 14229.30243630061 14229.651851851839 14232.777777777797 
81.01155927161507 5.0 0.0 1.0 134.0 14229.337377855723 14229.651851851839 14232.777777777797 
82.01155927161507 5.0 0.0 1.0 134.0 14229.368825255322 14229.651851851839 14232.777777777797 
83.01155927161507 5.0 0.0 3.0 134.0 14229.397127915003 14229.651851851839 14232.777777777797 
84.01155927161507 7.0 0.0 1.0 134.0 14228.797415123487 14223.400000000001 14232.777777777797 
85.01155927161507 7.0 0.0 1.0 134.0 14228.882858796343 14229.651851851839 14232.777777777797 
86.01155927161507 7.0 0.0 1.0 134.0 14228.959758101873 14229.651851851839 14232.777777777797 
87.01155927161507 7.0 0.0 2.0 135.0 14229.02896747685 14229.651851851839 14232.777777777797 
88.01155927161507 7.0 0.0 2.0 135.0 14228.778663321775 14226.525925925918 14232.777777777797 
89.01155927161507 7.0 0.0 2.0 135.0 14228.553389582206 14226.525925925918 14232.777777777797 
90.01155927161507 7.0 0.0 2.0 135.0 14228.350643216572 14226.525925925918 14232.777777777797 
91.01155927161507 7.0 0.0 2.0 135.0 14228.168171487492 14226.525925925918 14232.777777777797 
92.01155927161507 7.0 0.0 2.0 135.0 14228.003946931354 14226.525925925918 14232.777777777797 
93.01155927161507 7.0 0.0 2.0 135.0 14227.856144830792 14226.525925925918 14232.777777777797 
94.01155927161507 7.0 0.0 2.0 134.0 14227.72312294031 14226.525925925918 14232.777777777797 
95.01155927161507 8.0 0.0 1.0 134.0 14227.60340323887 14226.525925925918 14232.777777777797 
96.01155927161507 8.0 0.0 1.0 135.0 14227.80824810017 14229.651851851839 14232.777777777797 
97.01155927161507 8.0 0.0 1.0 135.0 14227.992608475339 14229.651851851839 14232.777777777797 
98.01155927161507 8.0 0.0 1.0 134.0 14228.158532813011 14229.651851851839 14232.777777777797 
99.01155927161507 8.0 0.0 2.0 134.0 14228.30786471687 14229.651851851839 14232.777777777797 
100.01155927161507 8.0 0.0 2.0 134.0 14228.129670837765 14226.525925925918 14232.777777777797 
101.01155927161507 8.0 0.0 2.0 134.0 14227.969296346571 14226.525925925918 14232.777777777797 
102.01155927161507 9.0 0.0 1.0 134.0 14227.82495930455 14226.525925925918 14232.777777777797 
103.01155927161507 9.0 0.0 1.0 134.0 14228.007648559245 14229.651851851839 14232.777777777797 
104.01155927161507 9.0 0.0 2.0 135.0 14228.172068888505 14229.651851851839 14232.777777777797 
105.01155927161507 9.0 0.0 2.0 135.0 14228.007454592254 14226.525925925918 14232.777777777797 
106.01155927161507 9.0 0.0 2.0 135.0 14227.859301725624 14226.525925925918 14232.777777777797 
107.01155927161507 9.0 0.0 3.0 135.0 14227.725964145659 14226.525925925918 14232.777777777797 
108.01155927161507 9.0 0.0 4.0 135.0 14227.294108471833 14223.407407407401 14232.777777777797 
109.01155927161507 9.0 0.0 4.0 135.0 14226.592845772768 14220.281481481483 14232.777777777797 
110.01155927161507 9.0 0.0 6.0 133.0 14225.961709343663 14220.281481481483 14232.777777777797 
111.01155927161507 9.0 0.0 7.0 133.0 14225.393686557467 14220.281481481483 14232.777777777797 
112.01155927161507 12.0 0.0 7.0 133.0 14221.360243827632 14185.059259259278 14232.777777777797 
113.01155927161507 13.0 0.0 7.0 134.0 14217.730145370773 14185.059259259278 14232.777777777797 
114.01155927161507 14.0 0.0 7.0 133.0 14214.463056759618 14185.059259259278 14232.777777777797 
115.01155927161507 15.0 0.0 6.0 133.0 14211.5226770096 14185.059259259278 14232.777777777797 
116.01155927161507 16.0 0.0 6.0 133.0 14208.876335234543 14185.059259259278 14232.777777777797 
117.01155927161507 16.0 0.0 8.0 133.0 14208.255368377771 14202.666666666668 14232.777777777797 
118.01155927161507 17.0 0.0 10.0 133.0 14204.173535243706 14167.437037037065 14232.777777777797 
119.01155927161507 20.0 0.0 8.0 133.0 14196.978403941584 14132.222222222203 14232.777777777797 
120.01155927161507 24.0 0.0 4.0 133.0 14192.263526510356 14149.82962962964 14232.777777777797 
121.01155927161507 26.0 0.0 3.0 133.0 14195.065322007451 14220.281481481483 14232.777777777797 
122.01155927161507 26.0 0.0 3.0 133.0 14198.212123140054 14226.533333333318 14232.777777777797 
123.01155927161507 27.0 0.0 3.0 133.0 14199.282762677924 14208.918518518494 14232.777777777797 
124.01155927161507 28.0 0.0 8.0 133.0 14202.007819743454 14226.533333333318 14232.777777777797 
125.01155927161507 32.0 0.0 4.0 134.0 14195.96629702837 14141.592592592599 14232.777777777797 
126.01155927161507 34.0 0.0 3.0 133.0 14193.426704362559 14170.570370370371 14232.777777777797 
127.01155927161507 37.0 0.0 0.0 133.0 14191.452922815177 14173.688888888892 14232.777777777797 
128.01155927161506 37.0 0.0 1.0 133.0 14194.96096386702 14226.533333333318 14232.777777777797 
129.01155927161506 37.0 0.0 5.0 133.0 14198.118200813631 14226.533333333318 14232.777777777797 
130.01155927161506 37.0 0.0 6.0 133.0 14199.198232584115 14208.918518518494 14232.777777777797 
131.01155927161506 39.0 0.0 5.0 133.0 14191.676927844204 14123.985185185162 14232.777777777797 
132.01155927161506 41.0 0.0 3.0 133.0 14188.429975800565 14159.207407407375 14232.777777777797 
133.01155927161506 42.0 0.0 5.0 133.0 14187.268459701978 14176.814814814803 14232.777777777797 
134.01155927161506 45.0 0.0 3.0 133.0 14184.46161373178 14159.200000000026 14232.777777777797 
135.01155927161506 47.0 0.0 4.0 133.0 14183.69619309935 14176.80740740741 14232.777777777797 
136.01155927161506 49.0 0.0 2.0 134.0 14183.319907122734 14179.933333333322 14232.777777777797 
137.01155927161506 49.0 0.0 4.0 133.0 14184.119027521601 14191.311111111108 14232.777777777797 
138.01155927161506 51.0 0.0 7.0 133.0 14184.83823588056 14191.311111111108 14232.777777777797 
139.01155927161506 54.0 0.0 4.0 133.0 14181.962560440616 14156.081481481506 14232.777777777797 
140.01155927161506 54.0 0.0 6.0 134.0 14179.375193285457 14156.088888888855 14232.777777777797 
141.01155927161506 58.0 0.0 2.0 133.0 14172.587303586537 14111.496296296304 14232.777777777797 
142.01155927161506 59.0 0.0 1.0 133.0 14173.521906561216 14181.933333333322 14232.777777777797 
143.01155927161506 60.0 0.0 3.0 133.0 14176.124530719917 14199.54814814815 14232.777777777797 
144.01155927161506 61.0 0.0 3.0 133.0 14178.154299870148 14196.422222222236 14232.777777777797 
145.01155927161506 61.0 0.0 7.0 133.0 14180.292943957176 14199.540740740757 14232.777777777797 
146.01155927161506 65.0 0.0 5.0 133.0 14174.861427339258 14125.977777777774 14232.777777777797 
147.01155927161506 66.0 0.0 7.0 133.0 14175.256025346074 14178.80740740741 14232.777777777797 
148.01155927161506 69.0 0.0 6.0 132.0 14172.088200589245 14143.577777777764 14232.777777777797 
149.01155927161506 71.0 0.0 6.0 132.0 14172.760121271083 14178.80740740741 14232.777777777797 
150.01155927161506 74.0 0.0 3.0 132.0 14171.915220255081 14164.311111111108 14232.777777777797 
151.0063758021895 74.0 0.0 7.0 132.0 14173.540735266579 14188.17037037036 14232.777777777797 
152.01155927161506 76.0 0.0 8.0 132.0 14173.242958036222 14170.562962962935 14232.777777777797 
153.01155927161506 78.0 0.0 11.0 132.0 14167.690514084483 14117.718518518519 14232.777777777797 
154.01155927161506 85.0 0.0 9.0 132.0 14162.380721935257 14114.592592592599 14232.777777777797 
155.01155927161506 87.0 0.0 8.0 132.0 14157.603390482489 14114.607407407428 14232.777777777797 
156.01155927161506 88.0 0.0 7.0 132.0 14158.5874958787 14167.444444444414 14232.777777777797 
157.01155927161506 91.0 0.0 8.0 132.0 14159.472449994533 14167.437037037065 14232.777777777797 
158.01155927161506 94.0 0.0 9.0 131.0 14158.820019809868 14152.94814814816 14232.777777777797 
159.01155927161506 95.0 0.0 13.0 131.0 14158.546906717766 14156.088888888855 14232.777777777797 
160.01155927161506 98.0 0.0 13.0 131.0 14152.704808638598 14100.125925925919 14232.777777777797 
161.01155927161506 103.0 0.0 10.0 131.0 14145.686179626593 14082.518518518522 14232.777777777797 
162.01155927161506 108.0 0.0 7.0 133.0 14144.34052462689 14132.22962962964 14232.777777777797 
163.01155927161506 111.0 0.0 7.0 133.0 14149.23684253457 14193.303703703717 14232.777777777797 
164.01155927161506 113.0 0.0 9.0 132.0 14152.50575087373 14181.92592592593 14232.777777777797 
165.01155927161506 114.0 0.0 8.0 131.0 14153.37517578633 14161.200000000026 14232.777777777797 
166.01155927161506 115.0 0.0 9.0 131.0 14154.157658207709 14161.200000000026 14232.777777777797 
167.01155927161506 118.0 0.0 11.0 131.0 14154.86115164619 14161.19259259259 14232.777777777797 
168.01155927161506 122.0 0.0 10.0 131.0 14155.181703148244 14158.066666666678 14232.777777777797 
169.01155927161506 127.0 0.0 7.0 131.0 14154.02205135194 14143.585185185202 14232.777777777797 
170.01155927161506 129.0 0.0 7.0 131.0 14153.602809179694 14149.82962962964 14232.777777777797 
171.01155927161506 132.0 0.0 7.0 131.0 14154.674380113574 14164.318518518547 14232.777777777797 
172.01155927161506 133.0 0.0 8.0 130.0 14157.399534694803 14181.92592592593 14232.777777777797 
173.01155927161506 134.0 0.0 11.0 130.0 14159.539581225343 14178.799999999974 14232.777777777797 
174.01155927161506 137.0 0.0 8.0 131.0 14157.632289769486 14140.466666666682 14232.777777777797 
175.01155927161506 138.0 0.0 8.0 130.0 14160.886097829563 14190.17037037036 14232.777777777797 
176.01155927161506 139.0 0.0 9.0 129.0 14163.501932491034 14187.044444444442 14232.777777777797 
177.01155927161506 141.0 0.0 9.0 129.0 14162.645813316012 14154.940740740722 14232.777777777797 
178.01155927161506 145.0 0.0 9.0 129.0 14163.949380132546 14175.681481481453 14232.777777777797 
179.01155927161506 147.0 0.0 10.0 129.0 14160.464071748936 14129.096296296291 14232.777777777797 
180.01155927161506 149.0 0.0 14.0 129.0 14157.328034944434 14129.103703703682 14232.777777777797 
181.01155927161506 152.0 0.0 15.0 131.0 14152.744861079595 14111.496296296304 14232.777777777797 
182.01155927161506 154.0 0.0 15.0 131.0 14143.336300897567 14058.659259259277 14232.777777777797 
183.01155927161506 158.0 0.0 14.0 131.0 14137.76563377079 14087.629629629611 14232.777777777797 
184.01155927161506 163.0 0.0 11.0 131.0 14136.272774097386 14122.83703703704 14232.777777777797 
185.00498285061406 165.0 0.0 12.0 129.0 14134.929941132104 14122.844444444469 14232.777777777797 
186.01155927161506 168.0 0.0 17.0 130.0 14140.140650722602 14187.037037037013 14232.777777777797 
187.01155927161506 172.0 0.0 18.0 130.0 14135.711030094772 14095.844444444469 14232.777777777797 
188.01155927161506 175.0 0.0 19.0 130.0 14129.652519677886 14075.125925925919 14232.777777777797 
189.01155927161506 181.0 0.0 16.0 130.0 14128.859119561957 14121.718518518517 14232.777777777797 
190.01155927161506 182.0 0.0 19.0 127.0 14131.355429828012 14153.82222222224 14232.777777777797 
191.01155927161506 186.0 0.0 23.0 128.0 14126.556923882208 14083.37037037039 14232.777777777797 
192.01155927161506 189.0 0.0 29.0 127.0 14113.43382408661 13995.325925925896 14232.777777777797 
193.00732199250058 192.0 0.0 27.0 127.0 14098.10155278902 13960.11111111112 14232.777777777797 
194.01155927161506 198.0 0.0 27.0 127.0 14086.063249362012 13977.718518518519 14232.777777777797 
195.01155927161506 205.0 0.0 24.0 127.0 14080.510998499865 14030.540740740757 14232.777777777797 
196.01155927161506 213.0 0.0 20.0 118.0 14077.274713464689 14048.14814814815 14232.777777777797 
197.01155927161506 217.0 0.0 22.0 120.0 14077.061316192294 14075.140740740746 14232.777777777797 
198.01155927161506 223.0 0.0 25.0 118.0 14065.589258647145 13962.340740740723 14232.777777777797 
199.01155927161506 231.0 0.0 18.0 122.0 14046.77033278242 13877.400000000001 14232.777777777797 
200.01155927161506 234.0 0.0 19.0 119.0 14041.013299504175 13989.200000000026 14232.777777777797 
201.01155927161506 237.0 0.0 23.0 120.0 14039.041599183416 14021.29629629628 14232.777777777797 
202.01155927161506 242.0 0.0 22.0 118.0 14032.193735561366 13970.562962962935 14232.777777777797 
203.01155927161506 246.0 0.0 22.0 121.0 14036.075843486698 14071.014814814838 14232.777777777797 
204.00035487772027 251.0 0.0 22.0 118.0 14032.110481360261 13996.422222222236 14232.777777777797 
205.01155927161506 257.0 0.0 23.0 109.0 14028.229803594593 13993.303703703716 14232.777777777797 
206.01155927161506 265.0 0.0 24.0 118.0 14025.873489901805 14004.666666666668 14232.777777777797 
207.01155927161506 271.0 0.0 20.0 117.0 14019.404659430154 13961.185185185197 14232.777777777797 
208.01155927161506 272.0 0.0 25.0 117.0 14015.657526820478 13981.933333333322 14232.777777777797 
209.0034353030999 280.0 0.0 18.0 116.0 14006.789551916183 13926.977777777773 14232.777777777797 
210.01155927161506 287.0 0.0 16.0 108.0 14012.68615228015 14065.755555555561 14232.777777777797 
211.01155927161506 290.0 0.0 23.0 108.0 14021.515314829885 14100.977777777773 14232.777777777797 
212.01155927161506 298.0 0.0 17.0 107.0 14017.95785742098 13985.940740740722 14232.777777777797 
213.01155927161506 303.0 0.0 18.0 116.0 14025.634664271465 14094.725925925948 14232.777777777797 
214.01155927161506 309.0 0.0 12.0 125.0 14022.914901548016 13998.437037037065 14232.777777777797 
215.01155927161506 314.0 0.0 12.0 124.0 14034.555263245073 14139.318518518547 14232.777777777797 
216.01155927161506 316.0 0.0 20.0 124.0 14039.436033216869 14083.362962962958 14232.777777777797 
217.01155927161506 324.0 0.0 18.0 124.0 14042.067244709993 14065.748148148132 14232.777777777797 
218.01155927161506 328.0 0.0 16.0 124.0 14041.227186905651 14033.666666666668 14232.777777777797 
219.01155927161506 331.0 0.0 16.0 124.0 14042.231134881775 14051.266666666657 14232.777777777797 
220.01155927161506 336.0 0.0 17.0 124.0 14045.208021393584 14072.0 14232.777777777797 
221.01155927161506 343.0 0.0 15.0 124.0 14041.77981184684 14010.925925925929 14232.777777777797 
222.01155927161506 347.0 0.0 17.0 124.0 14042.840349180666 14052.385185185176 14232.777777777797 
223.01155927161506 352.0 0.0 14.0 125.0 14042.034092040372 14034.777777777797 14232.777777777797 
224.01155927161506 358.0 0.0 14.0 126.0 14041.62105320669 14037.903703703709 14232.777777777797 
225.01155927161506 360.0 0.0 20.0 128.0 14043.010799737885 14055.518518518522 14232.777777777797 
226.0053535469551 367.0 0.0 21.0 128.0 14033.894164208532 13951.844444444469 14232.777777777797 
227.00510125459772 372.0 0.0 22.0 127.0 14029.721784824711 13992.17037037036 14232.777777777797 
228.01155927161506 376.0 0.0 25.0 127.0 14026.279235971886 13995.29629629628 14232.777777777797 
229.01155927161506 383.0 0.0 24.0 125.0 14023.183164226522 13995.318518518547 14232.777777777797 
230.01155927161506 392.0 0.0 22.0 125.0 14016.873736692763 13960.088888888855 14232.777777777797 
231.01155927161506 393.0 0.0 28.0 125.0 14018.241177838325 14030.54814814815 14232.777777777797 
232.01155927161506 401.0 0.0 24.0 125.0 14006.831134128537 13904.140740740748 14232.777777777797 
233.01155927161506 407.0 0.0 21.0 125.0 14003.606539234226 13974.5851851852 14232.777777777797 
234.01155927161506 411.0 0.0 22.0 125.0 14004.852551977468 14016.066666666678 14232.777777777797 
235.01155927161506 417.0 0.0 22.0 127.0 14004.211741224166 13998.444444444414 14232.777777777797 
236.01155927161506 422.0 0.0 20.0 125.0 14006.220196731374 14024.29629629628 14232.777777777797 
237.01155927161506 430.0 0.0 15.0 126.0 14013.31002891009 14077.11851851852 14232.777777777797 
238.01155927161506 435.0 0.0 15.0 126.0 14020.315322315399 14083.36296296296 14232.777777777797 
239.01155927161506 440.0 0.0 17.0 126.0 14025.171197491252 14068.874074074081 14232.777777777797 
240.01155927161506 442.0 0.0 18.0 126.0 14028.917040705095 14062.629629629611 14232.777777777797 
241.00236582303572 447.0 0.0 15.0 125.0 14037.883855153088 14118.585185185202 14232.777777777797 
242.01155927161506 454.0 0.0 17.0 125.0 14040.982877045206 14068.874074074081 14232.777777777797 
243.01155927161506 456.0 0.0 22.0 125.0 14046.157181933257 14092.725925925948 14232.777777777797 
244.01155927161506 460.0 0.0 21.0 125.0 14043.145167443632 14016.037037037015 14232.777777777797 
245.01155927161506 465.0 0.0 21.0 125.0 14048.615835884477 14097.85185185185 14232.777777777797 
246.01155927161506 470.0 0.0 23.0 125.0 14043.283881925643 13995.29629629628 14232.777777777797 
247.01155927161506 474.0 0.0 26.0 124.0 14043.14660484421 14041.911111111145 14232.777777777797 
248.01155927161506 485.0 0.0 20.0 123.0 14045.919351767181 14070.874074074081 14232.777777777797 
249.01155927161506 489.0 0.0 23.0 124.0 14045.828157331216 14045.0074074074 14232.777777777797 
250.01155927161506 494.0 0.0 27.0 124.0 14045.12163789438 14038.76296296296 14232.777777777797 
251.01155927161506 501.0 0.0 28.0 124.0 14040.33836299383 13997.288888888881 14232.777777777797 
252.01155927161506 504.0 0.0 33.0 123.0 14032.198600768501 13958.940740740722 14232.777777777797 
253.00820582905067 514.0 0.0 32.0 124.0 14020.726888839807 13917.48148148148 14232.777777777797 
254.01155927161506 522.0 0.0 35.0 122.0 14020.655681437307 14020.014814814838 14232.777777777797 
255.01155927161506 530.0 0.0 34.0 121.0 14009.714557738027 13911.244444444439 14232.777777777797 
256.01155927161506 538.0 0.0 36.0 121.0 14002.566064927194 13938.22962962964 14232.777777777797 
257.01155927161506 545.0 0.0 39.0 119.0 13995.506495471514 13931.970370370334 14232.777777777797 
258.01155927161506 557.0 0.0 39.0 121.0 13989.77732740584 13938.214814814812 14232.777777777797 
259.01155927161506 565.0 0.0 40.0 120.0 13980.786261331925 13899.86666666665 14232.777777777797 
260.01155927161506 576.0 0.0 36.0 121.0 13969.484672235752 13867.770370370361 14232.777777777797 
261.01155927161506 587.0 0.0 35.0 120.0 13957.240649456642 13847.04444444444 14232.777777777797 
262.01155927161506 595.0 0.0 31.0 119.0 13950.055843770215 13885.392592592572 14232.777777777797 
263.01155927161506 602.0 0.0 29.0 118.0 13945.97618531914 13909.259259259268 14232.777777777797 
264.01155927161506 613.0 0.0 22.0 119.0 13949.348196416842 13979.696296296284 14232.777777777797 
265.01155927161506 619.0 0.0 21.0 118.0 13956.217821219609 14018.04444444444 14232.777777777797 
266.01155927161506 623.0 0.0 22.0 118.0 13962.711594653194 14021.155555555531 14232.777777777797 
267.0055933324193 629.0 0.0 23.0 119.0 13960.687101854544 13942.466666666678 14232.777777777797 
268.01155927161506 637.0 0.0 22.0 119.0 13963.210243520949 13985.918518518494 14232.777777777797 
269.01155927161506 645.0 0.0 20.0 118.0 13969.004033983661 14021.14814814815 14232.777777777797 
270.01155927161506 648.0 0.0 23.0 120.0 13973.083630585284 14009.799999999974 14232.777777777797 
271.01155927161506 654.0 0.0 24.0 120.0 13974.680452711951 13989.05185185184 14232.777777777797 
272.01155927161506 658.0 0.0 28.0 121.0 13978.504259292617 14012.918518518494 14232.777777777797 
273.01155927161506 666.0 0.0 24.0 122.0 13974.27753706706 13936.23703703704 14232.777777777797 
274.01155927161506 672.0 0.0 28.0 120.0 13977.204598175174 14003.54814814815 14232.777777777797 
275.01155927161506 680.0 0.0 24.0 122.0 13974.555249468762 13950.711111111119 14232.777777777797 
276.01155927161506 685.0 0.0 25.0 122.0 13973.308613410776 13962.088888888855 14232.777777777797 
277.01050253931595 691.0 0.0 31.0 122.0 13975.082937254874 13991.05185185184 14232.777777777797 
278.01155927161506 698.0 0.0 35.0 121.0 13970.459828714565 13928.85185185185 14232.777777777797 
279.01155927161506 705.0 0.0 32.0 119.0 13967.747919917192 13943.340740740723 14232.777777777797 
280.01155927161506 711.0 0.0 37.0 120.0 13966.556831629181 13955.83703703704 14232.777777777797 
281.01155927161506 721.0 0.0 35.0 119.0 13962.47374105885 13925.725925925948 14232.777777777797 
282.01155927161506 728.0 0.0 36.0 118.0 13955.275996582599 13890.496296296305 14232.777777777797 
283.01155927161506 732.0 0.0 41.0 118.0 13950.872841368771 13911.244444444439 14232.777777777797 
284.01155927161506 741.0 0.0 37.0 118.0 13943.387779454117 13876.022222222227 14232.777777777797 
285.01155927161506 749.0 0.0 40.0 117.0 13938.724557064283 13896.755555555561 14232.777777777797 
286.01155927161506 758.0 0.0 39.0 118.0 13936.912842098574 13920.607407407428 14232.777777777797 
287.01155927161506 766.0 0.0 44.0 118.0 13931.134891222055 13879.13333333335 14232.777777777797 
288.01155927161506 778.0 0.0 44.0 116.0 13915.567328025762 13775.459259259243 14232.777777777797 
289.01155927161506 793.0 0.0 36.0 115.0 13900.732817445427 13767.222222222203 14232.777777777797 
290.01155927161506 802.0 0.0 38.0 117.0 13895.675091256451 13850.155555555531 14232.777777777797 
291.01155927161506 813.0 0.0 31.0 116.0 13894.019433982628 13879.11851851852 14232.777777777797 
292.01155927161506 825.0 0.0 28.0 117.0 13895.23082391772 13906.13333333335 14232.777777777797 
293.00268656499213 833.0 0.0 23.0 117.0 13901.289223007434 13955.814814814803 14232.777777777797 
294.01155927161506 838.0 0.0 24.0 103.0 13909.44030070668 13982.799999999974 14232.777777777797 
295.01155927161506 847.0 0.0 23.0 113.0 13915.327381747142 13968.311111111108 14232.777777777797 
296.01155927161506 852.0 0.0 34.0 102.0 13927.056125053889 14032.614814814824 14232.777777777797 
297.01155927161506 863.0 0.0 33.0 116.0 13924.66014217812 13903.096296296291 14232.777777777797 
298.01155927161506 871.0 0.0 36.0 103.0 13921.881535367726 13896.874074074081 14232.777777777797 
299.01155927161506 883.0 0.0 39.0 114.0 13910.251159608728 13805.577777777764 14232.777777777797 
300.01155927161506 895.0 0.0 37.0 102.0 13899.783821425637 13805.577777777764 14232.777777777797 
301.01155927161506 913.0 0.0 24.0 100.0 13888.601735579385 13787.962962962985 14232.777777777797 
302.01155927161506 920.0 0.0 29.0 117.0 13897.085265725127 13973.437037037065 14232.777777777797 
303.01155927161506 927.0 0.0 36.0 106.0 13894.15377618965 13867.770370370361 14232.777777777797 
304.01155927161506 935.0 0.0 35.0 101.0 13900.208028200328 13954.696296296283 14232.777777777797 
305.01155927161506 942.0 0.0 34.0 115.0 13896.559077232143 13863.718518518519 14232.777777777797 
306.01155927161506 953.0 0.0 33.0 104.0 13894.722428768197 13878.192592592592 14232.777777777797 
307.01155927161506 960.0 0.0 32.0 100.0 13893.683519224694 13884.333333333332 14232.777777777797 
308.00779649343906 968.0 0.0 31.0 99.0 13887.252945080005 13829.377777777787 14232.777777777797 
309.01155927161506 977.0 0.0 30.0 94.0 13883.540983905352 13850.13333333335 14232.777777777797 
310.01155927161506 985.0 0.0 32.0 97.0 13887.65651514444 13924.696296296284 14232.777777777797 
311.01155927161506 993.0 0.0 29.0 93.0 13886.390863629995 13875.0 14232.777777777797 
312.01155927161506 999.0 0.0 29.0 98.0 13892.909555044786 13951.577777777764 14232.777777777797 
313.01155927161506 1005.0 0.0 34.0 99.0 13898.576377318072 13949.577777777764 14232.777777777797 
314.01155927161506 1010.0 0.0 38.0 99.0 13891.66170254923 13829.42962962963 14232.777777777797 
315.01155927161506 1023.0 0.0 33.0 109.0 13889.273310072096 13867.777777777797 14232.777777777797 
316.01155927161506 1031.0 0.0 37.0 118.0 13893.544497583393 13931.985185185162 14232.777777777797 
317.01155927161506 1041.0 0.0 35.0 104.0 13894.17375152876 13899.83703703704 14232.777777777797 
318.01155927161506 1049.0 0.0 31.0 101.0 13892.667487487002 13879.111111111119 14232.777777777797 
319.01155927161506 1056.0 0.0 33.0 100.0 13888.615553553102 13852.148148148148 14232.777777777797 
320.01155927161506 1069.0 0.0 33.0 101.0 13895.535479679293 13957.814814814803 14232.777777777797 
321.01155927161506 1075.0 0.0 34.0 109.0 13896.47970948913 13904.977777777773 14232.777777777797 
322.01155927161506 1086.0 0.0 32.0 104.0 13896.50803483652 13896.76296296296 14232.777777777797 
323.0052041567046 1095.0 0.0 29.0 101.0 13893.947601723221 13870.903703703709 14232.777777777797 
324.01155927161506 1103.0 0.0 32.0 99.0 13896.823952662005 13922.711111111119 14232.777777777797 
325.01155927161506 1112.0 0.0 33.0 115.0 13899.412668506924 13922.711111111119 14232.777777777797 
326.01155927161506 1126.0 0.0 27.0 103.0 13893.44695721179 13839.755555555561 14232.777777777797 
327.01155927161506 1132.0 0.0 34.0 116.0 13900.405224453576 13963.029629629666 14232.777777777797 
328.01155927161506 1136.0 0.0 40.0 101.0 13905.107664971189 13947.429629629629 14232.777777777797 
329.01155927161506 1146.0 0.0 36.0 110.0 13898.249491066645 13836.525925925918 14232.777777777797 
330.01155927161506 1154.0 0.0 38.0 88.0 13895.613430848873 13871.888888888881 14232.777777777797 
331.01155927161506 1160.0 0.0 45.0 86.0 13892.315050726944 13862.629629629611 14232.777777777797 
332.00448599304156 1171.0 0.0 39.0 86.0 13877.02873083943 13739.451851851849 14232.777777777797 
333.01155927161506 1180.0 0.0 43.0 95.0 13864.196228125877 13748.703703703717 14232.777777777797 
334.01155927161506 1194.0 0.0 46.0 84.0 13860.929197905894 13831.525925925918 14232.777777777797 
335.01155927161506 1207.0 0.0 42.0 98.0 13840.814055893055 13659.777777777797 14232.777777777797 
336.01155927161506 1224.0 0.0 33.0 92.0 13825.296354007474 13685.63703703704 14232.777777777797 
337.01155927161506 1235.0 0.0 33.0 97.0 13811.954866754875 13691.88148148148 14232.777777777797 
338.01155927161506 1247.0 0.0 32.0 83.0 13807.514194894191 13767.548148148151 14232.777777777797 
339.01155927161506 1254.0 0.0 36.0 102.0 13809.30425688626 13825.414814814802 14232.777777777797 
340.01155927161506 1263.0 0.0 38.0 104.0 13808.216794160597 13798.42962962963 14232.777777777797 
341.01155927161506 1278.0 0.0 31.0 98.0 13801.931411040834 13745.36296296296 14232.777777777797 
342.01155927161506 1291.0 0.0 28.0 103.0 13806.751603270079 13850.13333333335 14232.777777777797 
343.00897947219414 1297.0 0.0 31.0 86.0 13820.92236886901 13948.459259259243 14232.777777777797 
344.01155927161506 1305.0 0.0 32.0 89.0 13815.70346531543 13768.733333333346 14232.777777777797 
345.0045658679696 1314.0 0.0 35.0 98.0 13801.677563228335 13675.444444444416 14232.777777777797 
346.00364707590785 1326.0 0.0 40.0 80.0 13797.445362461061 13759.355555555561 14232.777777777797 
347.001121223886 1331.0 0.0 43.0 90.0 13787.39786325198 13696.970370370334 14232.777777777797 
348.01155927161506 1342.0 0.0 40.0 83.0 13774.206965815665 13655.488888888909 14232.777777777797 
349.01155927161506 1352.0 0.0 41.0 96.0 13762.233676641528 13654.474074074082 14232.777777777797 
350.01155927161506 1364.0 0.0 36.0 82.0 13749.074753421803 13630.644444444439 14232.777777777797 
351.01155927161506 1375.0 0.0 35.0 95.0 13743.139129931476 13689.71851851852 14232.777777777797 
352.01155927161506 1386.0 0.0 36.0 67.0 13747.640772493889 13788.155555555531 14232.777777777797 
353.0015954062471 1395.0 0.0 32.0 83.0 13748.481139688934 13756.044444444438 14232.777777777797 
354.01155927161506 1407.0 0.0 25.0 102.0 13763.32709979412 13896.940740740723 14232.777777777797 
355.01155927161506 1411.0 0.0 32.0 101.0 13780.300315740631 13933.059259259278 14232.777777777797 
356.01155927161506 1425.0 0.0 31.0 115.0 13785.634728611027 13833.644444444439 14232.777777777797 
357.01155927161506 1432.0 0.0 40.0 104.0 13793.334218712873 13862.629629629611 14232.777777777797 
358.01155927161506 1439.0 0.0 42.0 100.0 13792.694870915666 13786.940740740723 14232.777777777797 
359.01155927161506 1447.0 0.0 45.0 100.0 13794.7053838241 13812.799999999974 14232.777777777797 
360.01155927161506 1459.0 0.0 47.0 109.0 13797.338549145392 13821.037037037015 14232.777777777797 
361.01155927161506 1470.0 0.0 45.0 112.0 13800.632842379 13830.281481481481 14232.777777777797 
362.01155927161506 1479.0 0.0 42.0 112.0 13805.35770628924 13847.88148148148 14232.777777777797 
363.01155927161506 1491.0 0.0 38.0 111.0 13807.025639364025 13822.037037037015 14232.777777777797 
364.01155927161506 1499.0 0.0 37.0 112.0 13811.225297649842 13849.022222222227 14232.777777777797 
365.01155927161506 1509.0 0.0 41.0 111.0 13820.91091603302 13908.081481481506 14232.777777777797 
366.01155927161506 1516.0 0.0 49.0 113.0 13826.107231837113 13872.874074074081 14232.777777777797 
367.01155927161506 1530.0 0.0 43.0 110.0 13817.407619764504 13739.111111111119 14232.777777777797 
368.01155927161506 1541.0 0.0 44.0 111.0 13820.455005936208 13847.88148148148 14232.777777777797 
369.01155927161506 1551.0 0.0 46.0 110.0 13817.917653490726 13795.081481481506 14232.777777777797 
370.01155927161506 1565.0 0.0 43.0 111.0 13818.6429251787 13825.17037037036 14232.777777777797 
371.01155927161506 1577.0 0.0 47.0 109.0 13820.234188216396 13834.555555555586 14232.777777777797 
372.01155927161506 1590.0 0.0 43.0 111.0 13803.231510135492 13650.207407407375 14232.777777777797 
373.01155927161506 1601.0 0.0 47.0 113.0 13799.00613689972 13760.977777777773 14232.777777777797 
374.0029755631353 1613.0 0.0 44.0 113.0 13792.193671357896 13730.88148148148 14232.777777777797 
375.01155927161506 1628.0 0.0 41.0 98.0 13801.798748666552 13888.244444444439 14232.777777777797 
376.01155927161506 1639.0 0.0 37.0 112.0 13809.631466392488 13880.125925925919 14232.777777777797 
377.00369528771074 1652.0 0.0 37.0 111.0 13820.691208642125 13909.088888888855 14232.777777777797 
378.00235690730824 1657.0 0.0 43.0 109.0 13835.542087777918 13969.200000000026 14232.777777777797 
379.01155927161506 1672.0 0.0 39.0 111.0 13836.36665751864 13842.785185185188 14232.777777777797 
380.01155927161506 1681.0 0.0 43.0 113.0 13844.365547322335 13916.355555555561 14232.777777777797 
381.01155927161506 1696.0 0.0 37.0 114.0 13844.519362960464 13845.903703703709 14232.777777777797 
382.01155927161506 1702.0 0.0 38.0 112.0 13847.045204442187 13869.777777777797 14232.777777777797 
383.01155927161506 1708.0 0.0 37.0 112.0 13849.005869183176 13866.65185185184 14232.777777777797 
384.01155927161506 1716.0 0.0 40.0 112.0 13855.740837820405 13916.355555555561 14232.777777777797 
385.01155927161506 1725.0 0.0 41.0 114.0 13867.709717001337 13975.429629629629 14232.777777777797 
386.00140870333263 1732.0 0.0 39.0 117.0 13861.133013476221 13802.422222222236 14232.777777777797 
387.01155927161506 1742.0 0.0 44.0 116.0 13865.559907808112 13904.970370370334 14232.777777777797 
388.01155927161506 1748.0 0.0 47.0 115.0 13858.93502813841 13799.31111111111 14232.777777777797 
389.01155927161506 1758.0 0.0 50.0 116.0 13848.826710509758 13757.85185185185 14232.777777777797 
390.01155927161506 1772.0 0.0 43.0 114.0 13842.000335755085 13780.562962962935 14232.777777777797 
391.01155927161506 1782.0 0.0 40.0 113.0 13848.809931809204 13910.096296296291 14232.777777777797 
392.01155927161506 1788.0 0.0 43.0 113.0 13851.728938628277 13878.0 14232.777777777797 
393.01155927161506 1793.0 0.0 50.0 115.0 13852.281970691369 13857.259259259268 14232.777777777797 
394.01155927161506 1803.0 0.0 50.0 114.0 13844.17525510372 13771.214814814812 14232.777777777797 
395.0091119333572 1813.0 0.0 51.0 112.0 13844.728780842552 13849.896296296318 14232.777777777797 
396.01155927161506 1825.0 0.0 51.0 113.0 13834.495586263649 13742.229629629639 14232.777777777797 
397.01155927161506 1843.0 0.0 46.0 106.0 13831.377879489133 13803.318518518547 14232.777777777797 
398.01155927161506 1854.0 0.0 46.0 103.0 13830.957128577254 13827.17037037036 14232.777777777797 
399.01155927161506 1867.0 0.0 42.0 111.0 13826.543637941755 13786.82222222224 14232.777777777797 
400.01155927161506 1879.0 0.0 39.0 112.0 13834.587051925355 13906.977777777774 14232.777777777797 
401.01155927161506 1888.0 0.0 42.0 111.0 13842.137976362446 13910.096296296291 14232.777777777797 
402.01155927161506 1898.0 0.0 42.0 99.0 13852.45677131879 13945.325925925896 14232.777777777797 
403.01155927161506 1906.0 0.0 42.0 98.0 13842.282946038773 13750.71851851852 14232.777777777797 
404.01155927161506 1919.0 0.0 32.0 99.0 13836.637614397869 13785.82962962964 14232.777777777797 
405.01155927161506 1929.0 0.0 22.0 113.0 13845.746445550663 13927.725925925948 14232.777777777797 
406.01155927161506 1933.0 0.0 20.0 113.0 13864.82365284745 14036.518518518522 14232.777777777797 
407.01155927161506 1940.0 0.0 14.0 113.0 13885.313139414553 14069.718518518517 14232.777777777797 
408.01155927161506 1943.0 0.0 12.0 114.0 13906.452936584212 14096.711111111119 14232.777777777797 
409.01155927161506 1944.0 0.0 13.0 116.0 13925.478754036894 14096.711111111119 14232.777777777797 
410.01155927161506 1948.0 0.0 9.0 116.0 13946.12421196655 14131.933333333322 14232.777777777797 
411.01155927161506 1948.0 0.0 11.0 116.0 13967.090309288416 14155.785185185186 14232.777777777797 
412.01155927161506 1948.0 0.0 12.0 103.0 13985.334611692886 14149.533333333318 14232.777777777797 
413.01155927161506 1953.0 0.0 9.0 101.0 14000.305594968058 14135.044444444442 14232.777777777797 
414.01155927161506 1954.0 0.0 9.0 101.0 14015.866146582346 14155.911111111145 14232.777777777797 
415.01155927161506 1956.0 0.0 7.0 102.0 14031.732865257467 14174.533333333318 14232.777777777797 
416.01155927161506 1957.0 0.0 6.0 102.0 14046.325504657652 14177.659259259277 14232.777777777797 
417.01155927161506 1957.0 0.0 6.0 106.0 14059.771472710376 14180.785185185186 14232.777777777797 
418.01155927161506 1959.0 0.0 4.0 108.0 14073.634325439356 14198.400000000001 14232.777777777797 
419.01155927161506 1960.0 0.0 3.0 110.0 14087.047929932458 14207.77037037036 14232.777777777797 
420.01155927161506 1961.0 0.0 2.0 109.0 14099.432766568836 14210.896296296318 14232.777777777797 
421.01155927161506 1962.0 0.0 1.0 125.0 14110.89171213418 14214.022222222226 14232.777777777797 
422.01155927161506 1962.0 0.0 1.0 128.0 14121.517355735576 14217.14814814815 14232.777777777797 
423.01155927161506 1963.0 0.0 0.0 129.0 14131.393027569435 14220.274074074052 14232.777777777797 
424.01155927161506 1963.0 0.0 1.0 129.0 14140.593724812483 14223.400000000001 14232.777777777797 
425.01155927161506 1964.0 0.0 0.0 130.0 14147.11287084975 14205.785185185186 14232.777777777797 
426.01155927161506 1964.0 0.0 0.0 130.0 14155.054176357378 14226.525925925918 14232.777777777797 
427.01155927161506 1964.0 0.0 0.0 131.0 14162.201351314225 14226.525925925918 14232.777777777797 
428.01155927161506 1964.0 0.0 0.0 131.0 14168.633808775412 14226.525925925918 14232.777777777797 
429.01155927161506 1964.0 0.0 0.0 132.0 14174.423020490442 14226.525925925918 14232.777777777797 
430.01155927161506 1964.0 0.0 0.0 132.0 14179.633311034007 14226.525925925918 14232.777777777797 
431.01155927161506 1964.0 0.0 0.0 132.0 14184.322572523186 14226.525925925918 14232.777777777797 
432.01155927161506 1964.0 0.0 0.0 132.0 14188.85550045606 14229.651851851839 14232.777777777797 
433.01155927161506 1964.0 0.0 0.0 133.0 14193.247728188233 14232.777777777797 14232.777777777797 
434.01155927161506 1964.0 0.0 0.0 133.0 14197.20073314718 14232.777777777797 14232.777777777797 
435.01155927161506 1964.0 0.0 0.0 134.0 14200.75843761024 14232.777777777797 14232.777777777797 
436.01155927161506 1964.0 0.0 0.0 135.0 14203.960371626988 14232.777777777797 14232.777777777797 
437.01155927161506 1964.0 0.0 0.0 135.0 14206.842112242066 14232.777777777797 14232.777777777797 
438.01155927161506 1964.0 0.0 0.0 135.0 14209.435678795633 14232.777777777797 14232.777777777797 
439.01155927161506 1964.0 0.0 0.0 135.0 14211.76988869386 14232.777777777797 14232.777777777797 
440.01155927161506 1964.0 0.0 0.0 135.0 14213.870677602239 14232.777777777797 14232.777777777797 
441.01155927161506 1964.0 0.0 0.0 135.0 14215.7613876198 14232.777777777797 14232.777777777797 
442.01155927161506 1964.0 0.0 0.0 135.0 14217.463026635605 14232.777777777797 14232.777777777797 
443.01155927161506 1964.0 0.0 0.0 135.0 14218.994501749812 14232.777777777797 14232.777777777797 
444.01155927161506 1964.0 0.0 0.0 135.0 14220.372829352616 14232.777777777797 14232.777777777797 
445.01155927161506 1964.0 0.0 0.0 135.0 14221.613324195123 14232.777777777797 14232.777777777797 
446.01155927161506 1964.0 0.0 0.0 135.0 14222.729769553396 14232.777777777797 14232.777777777797 
447.01155927161506 1964.0 0.0 0.0 135.0 14223.734570375816 14232.777777777797 14232.777777777797 
448.01155927161506 1964.0 0.0 0.0 135.0 14224.638891116032 14232.777777777797 14232.777777777797 
449.01155927161506 1964.0 0.0 0.0 135.0 14225.452779782192 14232.777777777797 14232.777777777797 
450.01155927161506 1964.0 0.0 0.0 135.0 14226.185279581752 14232.777777777797 14232.777777777797 
451.01155927161506 1964.0 0.0 0.0 135.0 14226.844529401365 14232.777777777797 14232.777777777797 
452.01155927161506 1964.0 0.0 0.0 135.0 14227.437854238997 14232.777777777797 14232.777777777797 
453.01155927161506 1964.0 0.0 0.0 135.0 14227.971846592893 14232.777777777797 14232.777777777797 
454.01155927161506 1964.0 0.0 0.0 135.0 14228.452439711356 14232.777777777797 14232.777777777797 
455.01155927161506 1964.0 0.0 0.0 135.0 14228.88497351801 14232.777777777797 14232.777777777797 
456.01155927161506 1964.0 0.0 0.0 135.0 14229.274253943999 14232.777777777797 14232.777777777797 
457.01155927161506 1964.0 0.0 0.0 135.0 14229.624606327361 14232.777777777797 14232.777777777797 
458.01155927161506 1964.0 0.0 0.0 135.0 14229.939923472413 14232.777777777797 14232.777777777797 
459.01155927161506 1964.0 0.0 0.0 135.0 14230.223708902939 14232.777777777797 14232.777777777797 
460.01155927161506 1964.0 0.0 0.0 135.0 14230.479115790418 14232.777777777797 14232.777777777797 
461.01155927161506 1964.0 0.0 0.0 135.0 14230.708981989153 14232.777777777797 14232.777777777797 
462.01155927161506 1964.0 0.0 0.0 135.0 14230.915861568019 14232.777777777797 14232.777777777797 
463.01155927161506 1964.0 0.0 0.0 135.0 14231.102053189008 14232.777777777797 14232.777777777797 
464.01155927161506 1964.0 0.0 0.0 135.0 14231.269625647858 14232.777777777797 14232.777777777797 
465.01155927161506 1964.0 0.0 0.0 135.0 14231.420440860868 14232.777777777797 14232.777777777797 
466.01155927161506 1964.0 0.0 0.0 135.0 14231.556174552568 14232.777777777797 14232.777777777797 
467.01155927161506 1964.0 0.0 0.0 135.0 14231.678334875089 14232.777777777797 14232.777777777797 
468.01155927161506 1964.0 0.0 0.0 135.0 14231.788279165345 14232.777777777797 14232.777777777797 
469.01155927161506 1964.0 0.0 1.0 135.0 14231.887229026604 14232.777777777797 14232.777777777797 
470.01155927161506 1964.0 0.0 1.0 135.0 14231.663691309113 14229.651851851839 14232.777777777797 
471.01155927161506 1964.0 0.0 1.0 135.0 14231.462507363387 14229.651851851839 14232.777777777797 
472.01155927161506 1964.0 0.0 1.0 135.0 14231.281441812233 14229.651851851839 14232.777777777797 
473.01155927161506 1964.0 0.0 1.0 135.0 14231.118482816199 14229.651851851839 14232.777777777797 
474.01155927161506 1964.0 0.0 1.0 135.0 14230.971819719767 14229.651851851839 14232.777777777797 
475.01155927161506 1964.0 0.0 1.0 135.0 14230.839822932967 14229.651851851839 14232.777777777797 
476.01155927161506 1964.0 0.0 1.0 135.0 14230.72102582486 14229.651851851839 14232.777777777797 
477.01155927161506 1964.0 0.0 2.0 135.0 14230.614108427557 14229.651851851839 14232.777777777797 
478.01155927161506 1965.0 0.0 1.0 135.0 14230.205290177404 14226.525925925918 14232.777777777797 
479.01155927161506 1965.0 0.0 2.0 135.0 14230.149946344834 14229.651851851839 14232.777777777797 
480.01155927161506 1965.0 0.0 2.0 135.0 14229.787544302944 14226.525925925918 14232.777777777797 
481.01155927161506 1965.0 0.0 2.0 135.0 14229.461382465259 14226.525925925918 14232.777777777797 
482.01155927161506 1966.0 0.0 1.0 135.0 14229.167836811313 14226.525925925918 14232.777777777797 
483.01155927161506 1967.0 0.0 0.0 135.0 14229.216238315374 14229.651851851839 14232.777777777797 
484.01155927161506 1967.0 0.0 1.0 135.0 14229.572392261618 14232.777777777797 14232.777777777797 
485.01155927161506 1967.0 0.0 1.0 135.0 14229.580338220649 14229.651851851839 14232.777777777797 
486.01155927161506 1967.0 0.0 2.0 135.0 14229.587489583751 14229.651851851839 14232.777777777797 
487.01155927161506 1967.0 0.0 2.0 135.0 14229.281333217976 14226.525925925918 14232.777777777797 
488.01155927161506 1967.0 0.0 2.0 135.0 14229.005792488759 14226.525925925918 14232.777777777797 
489.01155927161506 1967.0 0.0 2.0 135.0 14228.757805832498 14226.525925925918 14232.777777777797 
490.01155927161506 1968.0 0.0 1.0 135.0 14228.534617841833 14226.525925925918 14232.777777777797 
491.01155927161506 1968.0 0.0 1.0 135.0 14228.646341242831 14229.651851851839 14232.777777777797 
492.01155927161506 1968.0 0.0 1.0 135.0 14228.746892303736 14229.651851851839 14232.777777777797 
493.01155927161506 1968.0 0.0 2.0 135.0 14228.837388258547 14229.651851851839 14232.777777777797 
494.01155927161506 1968.0 0.0 2.0 135.0 14228.606242025287 14226.525925925918 14232.777777777797 
495.01155927161506 1968.0 0.0 2.0 134.0 14228.398210415338 14226.525925925918 14232.777777777797 
496.01155927161506 1969.0 0.0 1.0 134.0 14228.21098196639 14226.525925925918 14232.777777777797 
497.01155927161506 1970.0 0.0 1.0 135.0 14228.355068954947 14229.651851851839 14232.777777777797 
498.01155927161506 1970.0 0.0 1.0 135.0 14228.484747244633 14229.651851851839 14232.777777777797 
499.01155927161506 1970.0 0.0 1.0 135.0 14228.601457705363 14229.651851851839 14232.777777777797 
500.01155927161506 1970.0 0.0 1.0 135.0 14228.706497120013 14229.651851851839 14232.777777777797 
501.01155927161506 1970.0 0.0 1.0 135.0 14228.801032593185 14229.651851851839 14232.777777777797 
502.01155927161506 1970.0 0.0 1.0 135.0 14228.886114519051 14229.651851851839 14232.777777777797 
503.01155927161506 1970.0 0.0 1.0 135.0 14228.962688252344 14229.651851851839 14232.777777777797 
504.01155927161506 1970.0 0.0 1.0 135.0 14229.031604612299 14229.651851851839 14232.777777777797 
505.01155927161506 1970.0 0.0 1.0 135.0 14229.093629336254 14229.651851851839 14232.777777777797 
506.01155927161506 1970.0 0.0 1.0 135.0 14229.149451587808 14229.651851851839 14232.777777777797 
507.01155927161506 1970.0 0.0 1.0 135.0 14229.199691614205 14229.651851851839 14232.777777777797 
508.01155927161506 1970.0 0.0 1.0 134.0 14229.24490763797 14229.651851851839 14232.777777777797 
509.01155927161506 1970.0 0.0 1.0 134.0 14229.285602059357 14229.651851851839 14232.777777777797 
510.01155927161506 1970.0 0.0 1.0 134.0 14229.322227038616 14229.651851851839 14232.777777777797 
511.01155927161506 1970.0 0.0 1.0 134.0 14229.355189519936 14229.651851851839 14232.777777777797 
512.011559271615 1970.0 0.0 1.0 134.0 14229.384855753122 14229.651851851839 14232.777777777797 
513.011559271615 1970.0 0.0 2.0 134.0 14229.411555362996 14229.651851851839 14232.777777777797 
514.011559271615 1970.0 0.0 2.0 134.0 14229.122992419285 14226.525925925918 14232.777777777797 
515.011559271615 1970.0 0.0 2.0 134.0 14228.863285769961 14226.525925925918 14232.777777777797 
516.011559271615 1970.0 0.0 2.0 134.0 14228.629549785559 14226.525925925918 14232.777777777797 
517.011559271615 1970.0 0.0 2.0 134.0 14228.4191873996 14226.525925925918 14232.777777777797 
518.011559271615 1971.0 0.0 1.0 134.0 14228.229861252214 14226.525925925918 14232.777777777797 
519.011559271615 1971.0 0.0 1.0 134.0 14228.372060312186 14229.651851851839 14232.777777777797 
520.011559271615 1971.0 0.0 1.0 134.0 14228.50003946614 14229.651851851839 14232.777777777797 
521.011559271615 1972.0 0.0 0.0 134.0 14228.615220704723 14229.651851851839 14232.777777777797 
522.011559271615 1972.0 0.0 0.0 134.0 14229.031476412034 14232.777777777797 14232.777777777797 
523.011559271615 1972.0 0.0 0.0 134.0 14229.406106548591 14232.777777777797 14232.777777777797 
524.011559271615 1972.0 0.0 0.0 135.0 14229.743273671527 14232.777777777797 14232.777777777797 
525.011559271615 1972.0 0.0 0.0 135.0 14230.046724082129 14232.777777777797 14232.777777777797 
526.011559271615 1972.0 0.0 0.0 135.0 14230.319829451706 14232.777777777797 14232.777777777797 
527.011559271615 1972.0 0.0 0.0 135.0 14230.565624284309 14232.777777777797 14232.777777777797 
528.011559271615 1972.0 0.0 0.0 135.0 14230.786839633647 14232.777777777797 14232.777777777797 
529.011559271615 1972.0 0.0 0.0 135.0 14230.985933448066 14232.777777777797 14232.777777777797 
530.011559271615 1972.0 0.0 0.0 135.0 14231.16511788105 14232.777777777797 14232.777777777797 
531.011559271615 1972.0 0.0 1.0 135.0 14231.326383870717 14232.777777777797 14232.777777777797 
532.011559271615 1972.0 0.0 1.0 135.0 14231.15893066883 14229.651851851839 14232.777777777797 
533.011559271615 1972.0 0.0 1.0 135.0 14231.008222787124 14229.651851851839 14232.777777777797 
534.011559271615 1972.0 0.0 1.0 135.0 14230.872585693596 14229.651851851839 14232.777777777797 
535.011559271615 1972.0 0.0 1.0 135.0 14230.750512309416 14229.651851851839 14232.777777777797 
536.011559271615 1972.0 0.0 1.0 135.0 14230.640646263655 14229.651851851839 14232.777777777797 
537.011559271615 1972.0 0.0 1.0 135.0 14230.54176682249 14229.651851851839 14232.777777777797 
538.011559271615 1973.0 0.0 0.0 135.0 14230.452775325433 14229.651851851839 14232.777777777797 
539.011559271615 1973.0 0.0 0.0 135.0 14230.685275570666 14232.777777777797 14232.777777777797 
540.011559271615 1973.0 0.0 0.0 135.0 14230.894525791375 14232.777777777797 14232.777777777797 
541.011559271615 1973.0 0.0 0.0 135.0 14231.08285099001 14232.777777777797 14232.777777777797 
542.011559271615 1973.0 0.0 0.0 135.0 14231.252343668775 14232.777777777797 14232.777777777797 
543.011559271615 1973.0 0.0 0.0 135.0 14231.404887079676 14232.777777777797 14232.777777777797 
544.011559271615 1973.0 0.0 0.0 135.0 14231.542176149482 14232.777777777797 14232.777777777797 
545.011559271615 1973.0 0.0 0.0 135.0 14231.665736312336 14232.777777777797 14232.777777777797 
546.011559271615 1973.0 0.0 0.0 135.0 14231.776940458858 14232.777777777797 14232.777777777797 
547.011559271615 1973.0 0.0 0.0 135.0 14231.877024190766 14232.777777777797 14232.777777777797 
548.011559271615 1973.0 0.0 0.0 135.0 14231.967099549458 14232.777777777797 14232.777777777797 
549.011559271615 1973.0 0.0 2.0 135.0 14232.0481673723 14232.777777777797 14232.777777777797 
550.011559271615 1975.0 0.0 0.0 135.0 14230.047054338776 14212.037037037013 14232.777777777797 
551.011559271615 1975.0 0.0 0.0 135.0 14230.32012668267 14232.777777777797 14232.777777777797 
552.011559271615 1975.0 0.0 0.0 135.0 14230.56589179218 14232.777777777797 14232.777777777797 
553.011559271615 1975.0 0.0 0.0 135.0 14230.787080390735 14232.777777777797 14232.777777777797 
554.011559271615 1975.0 0.0 0.0 135.0 14230.986150129429 14232.777777777797 14232.777777777797 
555.011559271615 1975.0 0.0 0.0 135.0 14231.165312894278 14232.777777777797 14232.777777777797 
556.011559271615 1975.0 0.0 0.0 135.0 14231.326559382629 14232.777777777797 14232.777777777797 
557.0049054234925 1975.0 0.0 0.0 135.0 14231.47168122143 14232.777777777797 14232.777777777797 
558.011559271615 1975.0 0.0 1.0 135.0 14231.602290877703 14232.777777777797 14232.777777777797 
559.011559271615 1975.0 0.0 1.0 135.0 14231.407246975112 14229.651851851839 14232.777777777797 
560.011559271615 1975.0 0.0 1.0 135.0 14231.231707462784 14229.651851851839 14232.777777777797 
561.011559271615 1975.0 0.0 1.0 135.0 14231.073721901685 14229.651851851839 14232.777777777797 
562.011559271615 1975.0 0.0 1.0 135.0 14230.931534896714 14229.651851851839 14232.777777777797 
563.011559271615 1975.0 0.0 1.0 135.0 14230.803566592229 14229.651851851839 14232.777777777797 
564.011559271615 1975.0 0.0 1.0 135.0 14230.688395118184 14229.651851851839 14232.777777777797 
565.011559271615 1975.0 0.0 1.0 135.0 14230.584740791553 14229.651851851839 14232.777777777797 
566.011559271615 1975.0 0.0 2.0 135.0 14230.49145189759 14229.651851851839 14232.777777777797 
567.011559271615 1975.0 0.0 2.0 135.0 14230.094899300424 14226.525925925918 14232.777777777797 
568.011559271615 1976.0 0.0 1.0 135.0 14229.73800196296 14226.525925925918 14232.777777777797 
569.011559271615 1976.0 0.0 1.0 135.0 14229.729386951853 14229.651851851839 14232.777777777797 
570.011559271615 1976.0 0.0 2.0 135.0 14229.72163344186 14229.651851851839 14232.777777777797 
571.011559271615 1976.0 0.0 2.0 135.0 14229.402062690266 14226.525925925918 14232.777777777797 
572.011559271615 1976.0 0.0 2.0 135.0 14229.11444901383 14226.525925925918 14232.777777777797 
573.011559271615 1976.0 0.0 2.0 135.0 14228.855596705043 14226.525925925918 14232.777777777797 
574.011559271615 1976.0 0.0 2.0 135.0 14228.62262962713 14226.525925925918 14232.777777777797 
575.011559271615 1977.0 0.0 1.0 135.0 14228.412959257006 14226.525925925918 14232.777777777797 
576.011559271615 1977.0 0.0 1.0 135.0 14228.536848516505 14229.651851851839 14232.777777777797 
577.011559271615 1977.0 0.0 1.0 135.0 14228.648348850023 14229.651851851839 14232.777777777797 
578.011559271615 1977.0 0.0 1.0 135.0 14228.748699150216 14229.651851851839 14232.777777777797 
579.011559271615 1977.0 0.0 1.0 135.0 14228.839014420371 14229.651851851839 14232.777777777797 
580.011559271615 1978.0 0.0 1.0 135.0 14228.920298163512 14229.651851851839 14232.777777777797 
581.011559271615 1978.0 0.0 1.0 135.0 14228.993453532354 14229.651851851839 14232.777777777797 
582.011559271615 1978.0 0.0 1.0 135.0 14229.059293364302 14229.651851851839 14232.777777777797 
583.011559271615 1978.0 0.0 1.0 135.0 14229.118549213066 14229.651851851839 14232.777777777797 
584.011559271615 1979.0 0.0 0.0 135.0 14229.171879476931 14229.651851851839 14232.777777777797 
585.011559271615 1979.0 0.0 0.0 135.0 14229.53246930701 14232.777777777797 14232.777777777797 
586.011559271615 1979.0 0.0 0.0 135.0 14229.857000154088 14232.777777777797 14232.777777777797 
587.011559271615 1979.0 0.0 0.0 135.0 14230.149077916454 14232.777777777797 14232.777777777797 
588.011559271615 1979.0 0.0 0.0 135.0 14230.411947902585 14232.777777777797 14232.777777777797 
589.011559271615 1979.0 0.0 0.0 135.0 14230.648530890112 14232.777777777797 14232.777777777797 
590.011559271615 1979.0 0.0 0.0 135.0 14230.861455578892 14232.777777777797 14232.777777777797 
591.011559271615 1979.0 0.0 0.0 135.0 14231.053087798766 14232.777777777797 14232.777777777797 
592.011559271615 1979.0 0.0 0.0 135.0 14231.225556796675 14232.777777777797 14232.777777777797 
593.011559271615 1979.0 0.0 0.0 135.0 14231.380778894782 14232.777777777797 14232.777777777797 
594.011559271615 1979.0 0.0 0.0 135.0 14231.520478783079 14232.777777777797 14232.777777777797 
595.011559271615 1979.0 0.0 0.0 135.0 14231.646208682543 14232.777777777797 14232.777777777797 
596.011559271615 1979.0 0.0 0.0 135.0 14231.759365592077 14232.777777777797 14232.777777777797 
597.011559271615 1979.0 0.0 1.0 135.0 14231.861206810634 14232.777777777797 14232.777777777797 
598.011559271615 1979.0 0.0 1.0 135.0 14231.640271314767 14229.651851851839 14232.777777777797 
599.011559271615 1979.0 0.0 1.0 135.0 14231.441429368482 14229.651851851839 14232.777777777797 
600.011559271615 1979.0 0.0 2.0 135.0 14231.262471616808 14229.651851851839 14232.777777777797 
#####################################################################
# End of data export. Simulation finished at: 2020-02-02T06:53+0000 #
#####################################################################
