#####################################################################
# Alchemist log file - simulation started at: 2020-02-18T05:50+0000 #
#####################################################################
# longseed = 70.0, meanTaskSize = 1, peakFrequency = 0.01
#
# The columns have the following meaning: 
# time done[Sum] drop[Sum] waiting[Sum] isLeader[Sum] capacity[Mean] freeCapacity[Mean] maxCapacity[Mean] 
0.0 NaN 0.0 NaN NaN NaN NaN NaN 
1.0100401744650631 0.0 0.0 0.0 135.0 14232.777777777797 14232.777777777797 14232.777777777797 
2.010040174465063 0.0 0.0 0.0 135.0 14232.777777777797 14232.777777777797 14232.777777777797 
3.010040174465063 0.0 0.0 0.0 135.0 14232.777777777797 14232.777777777797 14232.777777777797 
4.010040174465063 0.0 0.0 0.0 135.0 14232.777777777797 14232.777777777797 14232.777777777797 
5.010040174465063 0.0 0.0 0.0 135.0 14232.777777777797 14232.777777777797 14232.777777777797 
6.010040174465063 0.0 0.0 0.0 135.0 14232.777777777797 14232.777777777797 14232.777777777797 
7.010040174465063 0.0 0.0 0.0 135.0 14232.777777777797 14232.777777777797 14232.777777777797 
8.010040174465063 0.0 0.0 0.0 135.0 14232.777777777797 14232.777777777797 14232.777777777797 
9.010040174465063 0.0 0.0 0.0 135.0 14232.777777777797 14232.777777777797 14232.777777777797 
10.010040174465063 0.0 0.0 0.0 135.0 14232.777777777797 14232.777777777797 14232.777777777797 
11.010040174465063 0.0 0.0 0.0 135.0 14232.777777777797 14232.777777777797 14232.777777777797 
12.010040174465063 0.0 0.0 0.0 135.0 14232.777777777797 14232.777777777797 14232.777777777797 
13.010040174465063 0.0 0.0 0.0 135.0 14232.777777777797 14232.777777777797 14232.777777777797 
14.010040174465063 0.0 0.0 0.0 135.0 14232.777777777797 14232.777777777797 14232.777777777797 
15.010040174465063 0.0 0.0 0.0 135.0 14232.777777777797 14232.777777777797 14232.777777777797 
16.01004017446506 0.0 0.0 0.0 135.0 14232.777777777797 14232.777777777797 14232.777777777797 
17.01004017446506 0.0 0.0 0.0 135.0 14232.777777777797 14232.777777777797 14232.777777777797 
18.01004017446506 0.0 0.0 0.0 135.0 14232.777777777797 14232.777777777797 14232.777777777797 
19.01004017446506 0.0 0.0 0.0 135.0 14232.777777777797 14232.777777777797 14232.777777777797 
20.01004017446506 0.0 0.0 0.0 135.0 14232.777777777797 14232.777777777797 14232.777777777797 
21.01004017446506 0.0 0.0 1.0 135.0 14232.777777777797 14232.777777777797 14232.777777777797 
22.01004017446506 1.0 0.0 0.0 135.0 14232.465185185178 14229.651851851839 14232.777777777797 
23.01004017446506 1.0 0.0 1.0 135.0 14232.496444444467 14232.777777777797 14232.777777777797 
24.01004017446506 2.0 0.0 0.0 135.0 14230.76309629629 14215.162962962962 14232.777777777797 
25.01004017446506 2.0 0.0 0.0 135.0 14230.964564444415 14232.777777777797 14232.777777777797 
26.01004017446506 2.0 0.0 0.0 135.0 14231.1458857778 14232.777777777797 14232.777777777797 
27.01004017446506 2.0 0.0 0.0 135.0 14231.30907497777 14232.777777777797 14232.777777777797 
28.01004017446506 2.0 0.0 0.0 135.0 14231.455945257765 14232.777777777797 14232.777777777797 
29.01004017446506 2.0 0.0 0.0 135.0 14231.588128509778 14232.777777777797 14232.777777777797 
30.01004017446506 2.0 0.0 0.0 135.0 14231.707093436575 14232.777777777797 14232.777777777797 
31.01004017446506 2.0 0.0 1.0 135.0 14231.814161870692 14232.777777777797 14232.777777777797 
32.01004017446506 3.0 0.0 0.0 135.0 14231.597930868791 14229.651851851839 14232.777777777797 
33.01004017446506 3.0 0.0 0.0 135.0 14231.715915559707 14232.777777777797 14232.777777777797 
34.01004017446506 3.0 0.0 0.0 135.0 14231.822101781512 14232.777777777797 14232.777777777797 
35.01004017446506 3.0 0.0 0.0 135.0 14231.917669381128 14232.777777777797 14232.777777777797 
36.01004017446506 3.0 0.0 0.0 135.0 14232.003680220805 14232.777777777797 14232.777777777797 
37.01004017446506 3.0 0.0 0.0 135.0 14232.081089976522 14232.777777777797 14232.777777777797 
38.01004017446506 3.0 0.0 0.0 135.0 14232.150758756627 14232.777777777797 14232.777777777797 
39.01004017446506 3.0 0.0 0.0 135.0 14232.213460658739 14232.777777777797 14232.777777777797 
40.01004017446506 3.0 0.0 0.0 135.0 14232.269892370654 14232.777777777797 14232.777777777797 
41.01004017446506 3.0 0.0 0.0 135.0 14232.320680911327 14232.777777777797 14232.777777777797 
42.01004017446506 3.0 0.0 0.0 135.0 14232.366390598001 14232.777777777797 14232.777777777797 
43.01004017446506 3.0 0.0 0.0 135.0 14232.407529315975 14232.777777777797 14232.777777777797 
44.01004017446506 3.0 0.0 0.0 135.0 14232.444554162133 14232.777777777797 14232.777777777797 
45.01004017446506 3.0 0.0 0.0 135.0 14232.477876523708 14232.777777777797 14232.777777777797 
46.01004017446506 3.0 0.0 0.0 135.0 14232.507866649137 14232.777777777797 14232.777777777797 
47.01004017446506 3.0 0.0 0.0 135.0 14232.534857761962 14232.777777777797 14232.777777777797 
48.01004017446506 3.0 0.0 0.0 135.0 14232.559149763589 14232.777777777797 14232.777777777797 
49.01004017446506 3.0 0.0 1.0 135.0 14232.581012565017 14232.777777777797 14232.777777777797 
50.01004017446506 4.0 0.0 0.0 135.0 14230.839207604811 14215.162962962962 14232.777777777797 
51.01004017446506 4.0 0.0 0.0 135.0 14231.033064622072 14232.777777777797 14232.777777777797 
52.01004017446506 4.0 0.0 0.0 135.0 14231.20753593765 14232.777777777797 14232.777777777797 
53.01004017446506 4.0 0.0 0.0 135.0 14231.364560121669 14232.777777777797 14232.777777777797 
54.01004017446506 4.0 0.0 0.0 135.0 14231.50588188726 14232.777777777797 14232.777777777797 
55.01004017446506 4.0 0.0 0.0 135.0 14231.633071476313 14232.777777777797 14232.777777777797 
56.01004017446506 4.0 0.0 0.0 135.0 14231.747542106477 14232.777777777797 14232.777777777797 
57.01004017446506 4.0 0.0 0.0 135.0 14231.850565673636 14232.777777777797 14232.777777777797 
58.01004017446506 4.0 0.0 0.0 135.0 14231.943286884016 14232.777777777797 14232.777777777797 
59.01004017446506 4.0 0.0 0.0 135.0 14232.026735973403 14232.777777777797 14232.777777777797 
60.01004017446506 4.0 0.0 0.0 135.0 14232.101840153853 14232.777777777797 14232.777777777797 
61.01004017446506 4.0 0.0 1.0 135.0 14232.169433916237 14232.777777777797 14232.777777777797 
62.01004017446506 5.0 0.0 0.0 135.0 14231.917675709772 14229.651851851839 14232.777777777797 
63.01004017446506 5.0 0.0 0.0 135.0 14232.00368591662 14232.777777777797 14232.777777777797 
64.01004017446506 5.0 0.0 0.0 135.0 14232.081095102709 14232.777777777797 14232.777777777797 
65.01004017446506 5.0 0.0 0.0 135.0 14232.15076337021 14232.777777777797 14232.777777777797 
66.01004017446506 5.0 0.0 0.0 135.0 14232.213464810966 14232.777777777797 14232.777777777797 
67.01004017446506 5.0 0.0 0.0 135.0 14232.269896107655 14232.777777777797 14232.777777777797 
68.01004017446506 5.0 0.0 0.0 135.0 14232.320684274673 14232.777777777797 14232.777777777797 
69.01004017446506 5.0 0.0 1.0 135.0 14232.366393624985 14232.777777777797 14232.777777777797 
70.01004017446506 6.0 0.0 0.0 135.0 14232.094939447641 14229.651851851839 14232.777777777797 
71.01004017446506 6.0 0.0 0.0 135.0 14232.163223280688 14232.777777777797 14232.777777777797 
72.01004017446506 6.0 0.0 0.0 135.0 14232.224678730405 14232.777777777797 14232.777777777797 
73.01004017446506 6.0 0.0 0.0 135.0 14232.279988635142 14232.777777777797 14232.777777777797 
74.01004017446506 6.0 0.0 0.0 135.0 14232.329767549376 14232.777777777797 14232.777777777797 
75.01004017446506 6.0 0.0 0.0 135.0 14232.374568572206 14232.777777777797 14232.777777777797 
76.01004017446506 6.0 0.0 0.0 135.0 14232.414889492777 14232.777777777797 14232.777777777797 
77.01004017446506 6.0 0.0 0.0 135.0 14232.451178321275 14232.777777777797 14232.777777777797 
78.01004017446506 6.0 0.0 0.0 135.0 14232.48383826694 14232.777777777797 14232.777777777797 
79.01004017446506 6.0 0.0 0.0 135.0 14232.513232218014 14232.777777777797 14232.777777777797 
80.01004017446506 6.0 0.0 0.0 135.0 14232.539686773995 14232.777777777797 14232.777777777797 
81.01004017446506 6.0 0.0 0.0 135.0 14232.563495874354 14232.777777777797 14232.777777777797 
82.01004017446506 6.0 0.0 0.0 135.0 14232.584924064704 14232.777777777797 14232.777777777797 
83.01004017446506 6.0 0.0 0.0 135.0 14232.604209436015 14232.777777777797 14232.777777777797 
84.01004017446506 6.0 0.0 0.0 135.0 14232.621566270167 14232.777777777797 14232.777777777797 
85.01004017446506 6.0 0.0 0.0 135.0 14232.63718742096 14232.777777777797 14232.777777777797 
86.01004017446506 6.0 0.0 0.0 135.0 14232.651246456617 14232.777777777797 14232.777777777797 
87.01004017446506 6.0 0.0 0.0 135.0 14232.66389958873 14232.777777777797 14232.777777777797 
88.01004017446506 6.0 0.0 1.0 135.0 14232.675287407645 14232.777777777797 14232.777777777797 
89.01004017446506 7.0 0.0 0.0 135.0 14232.372943852055 14229.651851851839 14232.777777777797 
90.01004017446506 7.0 0.0 1.0 135.0 14232.413427244646 14232.777777777797 14232.777777777797 
91.01004017446506 8.0 0.0 0.0 135.0 14230.688380816464 14215.162962962962 14232.777777777797 
92.01004017446506 8.0 0.0 0.0 135.0 14230.897320512606 14232.777777777797 14232.777777777797 
93.01004017446506 8.0 0.0 1.0 135.0 14231.08536623915 14232.777777777797 14232.777777777797 
94.01004017446506 9.0 0.0 0.0 135.0 14230.942014800401 14229.651851851839 14232.777777777797 
95.01004017446506 9.0 0.0 0.0 135.0 14231.125591098154 14232.777777777797 14232.777777777797 
96.01004017446506 9.0 0.0 0.0 135.0 14231.290809766067 14232.777777777797 14232.777777777797 
97.01004017446506 9.0 0.0 0.0 135.0 14231.439506567238 14232.777777777797 14232.777777777797 
98.01004017446506 9.0 0.0 0.0 135.0 14231.573333688322 14232.777777777797 14232.777777777797 
99.01004017446506 9.0 0.0 0.0 135.0 14231.693778097271 14232.777777777797 14232.777777777797 
100.01004017446506 9.0 0.0 0.0 135.0 14231.80217806533 14232.777777777797 14232.777777777797 
101.01004017446506 9.0 0.0 1.0 135.0 14231.899738036564 14232.777777777797 14232.777777777797 
102.01004017446506 10.0 0.0 0.0 135.0 14230.226060529183 14215.162962962962 14232.777777777797 
103.01004017446506 10.0 0.0 0.0 135.0 14230.481232254051 14232.777777777797 14232.777777777797 
104.01004017446506 10.0 0.0 0.0 135.0 14230.710886806404 14232.777777777797 14232.777777777797 
105.01004017446506 10.0 0.0 0.0 135.0 14230.91757590357 14232.777777777797 14232.777777777797 
106.01004017446506 10.0 0.0 0.0 135.0 14231.10359609096 14232.777777777797 14232.777777777797 
107.01004017446506 10.0 0.0 0.0 135.0 14231.271014259668 14232.777777777797 14232.777777777797 
108.01004017446506 10.0 0.0 0.0 135.0 14231.421690611476 14232.777777777797 14232.777777777797 
109.01004017446506 10.0 0.0 0.0 135.0 14231.557299328102 14232.777777777797 14232.777777777797 
110.01004017446506 10.0 0.0 0.0 135.0 14231.67934717307 14232.777777777797 14232.777777777797 
111.01004017446506 10.0 0.0 0.0 135.0 14231.789190233547 14232.777777777797 14232.777777777797 
112.01004017446506 10.0 0.0 0.0 135.0 14231.88804898796 14232.777777777797 14232.777777777797 
113.01004017446506 10.0 0.0 0.0 135.0 14231.977021866951 14232.777777777797 14232.777777777797 
114.01004017446506 10.0 0.0 0.0 135.0 14232.057097458019 14232.777777777797 14232.777777777797 
115.01004017446506 10.0 0.0 0.0 135.0 14232.129165490007 14232.777777777797 14232.777777777797 
116.01004017446506 10.0 0.0 0.0 135.0 14232.194026718793 14232.777777777797 14232.777777777797 
117.01004017446506 10.0 0.0 0.0 135.0 14232.252401824695 14232.777777777797 14232.777777777797 
118.01004017446506 10.0 0.0 0.0 135.0 14232.304939420012 14232.777777777797 14232.777777777797 
119.01004017446506 10.0 0.0 0.0 135.0 14232.352223255779 14232.777777777797 14232.777777777797 
120.01004017446506 10.0 0.0 0.0 135.0 14232.394778707956 14232.777777777797 14232.777777777797 
121.01004017446506 10.0 0.0 0.0 135.0 14232.43307861493 14232.777777777797 14232.777777777797 
122.01004017446506 10.0 0.0 0.0 135.0 14232.467548531224 14232.777777777797 14232.777777777797 
123.01004017446506 10.0 0.0 0.0 135.0 14232.498571455857 14232.777777777797 14232.777777777797 
124.01004017446506 10.0 0.0 0.0 135.0 14232.52649208806 14232.777777777797 14232.777777777797 
125.01004017446506 10.0 0.0 0.0 135.0 14232.551620657025 14232.777777777797 14232.777777777797 
126.01004017446506 10.0 0.0 0.0 135.0 14232.574236369108 14232.777777777797 14232.777777777797 
127.01004017446506 10.0 0.0 0.0 135.0 14232.59459050997 14232.777777777797 14232.777777777797 
128.01004017446508 10.0 0.0 0.0 135.0 14232.612909236766 14232.777777777797 14232.777777777797 
129.01004017446508 10.0 0.0 0.0 135.0 14232.629396090882 14232.777777777797 14232.777777777797 
130.01004017446508 10.0 0.0 0.0 135.0 14232.644234259526 14232.777777777797 14232.777777777797 
131.01004017446508 10.0 0.0 0.0 135.0 14232.657588611395 14232.777777777797 14232.777777777797 
132.01004017446508 10.0 0.0 1.0 135.0 14232.66960752802 14232.777777777797 14232.777777777797 
133.01004017446508 11.0 0.0 0.0 135.0 14230.918943071521 14215.162962962962 14232.777777777797 
134.01004017446508 11.0 0.0 0.0 135.0 14231.10482654217 14232.777777777797 14232.777777777797 
135.01004017446508 11.0 0.0 0.0 135.0 14231.272121665708 14232.777777777797 14232.777777777797 
136.01004017446508 11.0 0.0 0.0 135.0 14231.422687276885 14232.777777777797 14232.777777777797 
137.01004017446508 11.0 0.0 0.0 135.0 14231.558196327023 14232.777777777797 14232.777777777797 
138.01004017446508 11.0 0.0 0.0 135.0 14231.68015447205 14232.777777777797 14232.777777777797 
139.01004017446508 11.0 0.0 0.0 135.0 14231.789916802636 14232.777777777797 14232.777777777797 
140.01004017446508 11.0 0.0 0.0 135.0 14231.888702900165 14232.777777777797 14232.777777777797 
141.01004017446508 11.0 0.0 0.0 135.0 14231.977610387923 14232.777777777797 14232.777777777797 
142.01004017446508 11.0 0.0 0.0 135.0 14232.057627126915 14232.777777777797 14232.777777777797 
143.01004017446508 11.0 0.0 0.0 135.0 14232.129642191967 14232.777777777797 14232.777777777797 
144.01004017446508 11.0 0.0 0.0 135.0 14232.1944557506 14232.777777777797 14232.777777777797 
145.01004017446508 11.0 0.0 0.0 135.0 14232.252787953319 14232.777777777797 14232.777777777797 
146.01004017446508 11.0 0.0 0.0 135.0 14232.305286935725 14232.777777777797 14232.777777777797 
147.01004017446508 11.0 0.0 1.0 135.0 14232.352536019944 14232.777777777797 14232.777777777797 
148.01004017446508 12.0 0.0 0.0 135.0 14232.08246760315 14229.651851851839 14232.777777777797 
149.01004017446508 12.0 0.0 0.0 135.0 14232.151998620593 14232.777777777797 14232.777777777797 
150.01004017446508 12.0 0.0 0.0 135.0 14232.214576536313 14232.777777777797 14232.777777777797 
151.01004017446508 12.0 0.0 0.0 135.0 14232.270896660459 14232.777777777797 14232.777777777797 
152.01004017446508 12.0 0.0 0.0 135.0 14232.32158477221 14232.777777777797 14232.777777777797 
153.01004017446508 12.0 0.0 1.0 135.0 14232.367204072763 14232.777777777797 14232.777777777797 
154.01004017446508 13.0 0.0 1.0 135.0 14232.095668850645 14229.651851851839 14232.777777777797 
155.01004017446508 14.0 0.0 0.0 135.0 14231.8512871508 14229.651851851839 14232.777777777797 
156.01004017446508 14.0 0.0 0.0 135.0 14231.943936213487 14232.777777777797 14232.777777777797 
157.01004017446508 14.0 0.0 0.0 135.0 14232.027320369905 14232.777777777797 14232.777777777797 
158.01004017446508 14.0 0.0 0.0 135.0 14232.1023661107 14232.777777777797 14232.777777777797 
159.01004017446508 14.0 0.0 0.0 135.0 14232.169907277383 14232.777777777797 14232.777777777797 
160.01004017446508 14.0 0.0 0.0 135.0 14232.230694327442 14232.777777777797 14232.777777777797 
161.01004017446508 14.0 0.0 1.0 135.0 14232.285402672494 14232.777777777797 14232.777777777797 
162.01004017446508 15.0 0.0 0.0 135.0 14232.022047590388 14229.651851851839 14232.777777777797 
163.01004017446508 15.0 0.0 0.0 135.0 14232.097620609158 14232.777777777797 14232.777777777797 
164.01004017446508 15.0 0.0 0.0 135.0 14232.165636326004 14232.777777777797 14232.777777777797 
165.01004017446508 15.0 0.0 0.0 135.0 14232.226850471168 14232.777777777797 14232.777777777797 
166.01004017446508 15.0 0.0 0.0 135.0 14232.28194320184 14232.777777777797 14232.777777777797 
167.01004017446508 15.0 0.0 1.0 135.0 14232.33152665945 14232.777777777797 14232.777777777797 
168.01004017446508 16.0 0.0 1.0 135.0 14232.063559178656 14229.651851851839 14232.777777777797 
169.01004017446508 17.0 0.0 0.0 135.0 14231.82238844602 14229.651851851839 14232.777777777797 
170.01004017446508 17.0 0.0 0.0 135.0 14231.917927379178 14232.777777777797 14232.777777777797 
171.01004017446508 17.0 0.0 1.0 135.0 14232.003912419017 14232.777777777797 14232.777777777797 
172.01004017446508 18.0 0.0 1.0 135.0 14231.76870636232 14229.651851851839 14232.777777777797 
173.01004017446508 19.0 0.0 0.0 135.0 14231.557020911288 14229.651851851839 14232.777777777797 
174.01004017446508 19.0 0.0 1.0 135.0 14231.679096597909 14232.777777777797 14232.777777777797 
175.01004017446508 20.0 0.0 0.0 135.0 14231.476372123316 14229.651851851839 14232.777777777797 
176.01004017446508 20.0 0.0 1.0 135.0 14231.606512688742 14232.777777777797 14232.777777777797 
177.01004017446508 21.0 0.0 0.0 135.0 14231.411046605059 14229.651851851839 14232.777777777797 
178.01004017446508 21.0 0.0 0.0 135.0 14231.54771972232 14232.777777777797 14232.777777777797 
179.01004017446508 21.0 0.0 2.0 135.0 14231.670725527869 14232.777777777797 14232.777777777797 
180.01004017446508 23.0 0.0 0.0 135.0 14229.70735667881 14212.037037037013 14232.777777777797 
181.01004017446508 23.0 0.0 0.0 135.0 14230.014398788688 14232.777777777797 14232.777777777797 
182.01004017446508 23.0 0.0 0.0 135.0 14230.29073668761 14232.777777777797 14232.777777777797 
183.01004017446508 23.0 0.0 0.0 135.0 14230.539440796623 14232.777777777797 14232.777777777797 
184.01004017446508 23.0 0.0 0.0 135.0 14230.763274494713 14232.777777777797 14232.777777777797 
185.01004017446508 23.0 0.0 0.0 135.0 14230.964724823038 14232.777777777797 14232.777777777797 
186.01004017446508 23.0 0.0 0.0 135.0 14231.146030118543 14232.777777777797 14232.777777777797 
187.01004017446508 23.0 0.0 0.0 135.0 14231.309204884452 14232.777777777797 14232.777777777797 
188.01004017446508 23.0 0.0 0.0 135.0 14231.456062173773 14232.777777777797 14232.777777777797 
189.01004017446508 23.0 0.0 0.0 135.0 14231.588233734175 14232.777777777797 14232.777777777797 
190.01004017446508 23.0 0.0 1.0 135.0 14231.70718813855 14232.777777777797 14232.777777777797 
191.01004017446508 24.0 0.0 0.0 135.0 14231.501654509839 14229.651851851839 14232.777777777797 
192.01004017446508 24.0 0.0 0.0 135.0 14231.629266836644 14232.777777777797 14232.777777777797 
193.01004017446508 24.0 0.0 0.0 135.0 14231.744117930773 14232.777777777797 14232.777777777797 
194.01004017446508 24.0 0.0 0.0 135.0 14231.847483915457 14232.777777777797 14232.777777777797 
195.01004017446508 24.0 0.0 0.0 135.0 14231.940513301732 14232.777777777797 14232.777777777797 
196.01004017446508 24.0 0.0 0.0 135.0 14232.0242397493 14232.777777777797 14232.777777777797 
197.01004017446508 24.0 0.0 0.0 135.0 14232.099593552159 14232.777777777797 14232.777777777797 
198.01004017446508 24.0 0.0 0.0 135.0 14232.167411974722 14232.777777777797 14232.777777777797 
199.01004017446508 24.0 0.0 0.0 135.0 14232.228448555023 14232.777777777797 14232.777777777797 
200.01004017446508 24.0 0.0 0.0 135.0 14232.283381477297 14232.777777777797 14232.777777777797 
201.01004017446508 24.0 0.0 0.0 135.0 14232.332821107359 14232.777777777797 14232.777777777797 
202.01004017446508 24.0 0.0 0.0 135.0 14232.377316774418 14232.777777777797 14232.777777777797 
203.01004017446508 24.0 0.0 0.0 135.0 14232.417362874714 14232.777777777797 14232.777777777797 
204.01004017446508 24.0 0.0 0.0 135.0 14232.453404365036 14232.777777777797 14232.777777777797 
205.01004017446508 24.0 0.0 0.0 135.0 14232.485841706308 14232.777777777797 14232.777777777797 
206.01004017446508 24.0 0.0 0.0 135.0 14232.515035313447 14232.777777777797 14232.777777777797 
207.01004017446508 24.0 0.0 0.0 135.0 14232.541309559896 14232.777777777797 14232.777777777797 
208.01004017446508 24.0 0.0 0.0 135.0 14232.564956381673 14232.777777777797 14232.777777777797 
209.01004017446508 24.0 0.0 0.0 135.0 14232.586238521277 14232.777777777797 14232.777777777797 
210.01004017446508 24.0 0.0 0.0 135.0 14232.605392446916 14232.777777777797 14232.777777777797 
211.01004017446508 24.0 0.0 0.0 135.0 14232.622630980019 14232.777777777797 14232.777777777797 
212.01004017446508 24.0 0.0 0.0 135.0 14232.638145659777 14232.777777777797 14232.777777777797 
213.01004017446508 24.0 0.0 0.0 135.0 14232.652108871582 14232.777777777797 14232.777777777797 
214.01004017446508 24.0 0.0 0.0 135.0 14232.66467576223 14232.777777777797 14232.777777777797 
215.01004017446508 24.0 0.0 1.0 135.0 14232.675985963759 14232.777777777797 14232.777777777797 
216.01004017446508 25.0 0.0 0.0 135.0 14232.373572552575 14229.651851851839 14232.777777777797 
217.01004017446508 25.0 0.0 1.0 135.0 14232.413993075092 14232.777777777797 14232.777777777797 
218.01004017446508 26.0 0.0 0.0 135.0 14232.1377789528 14229.651851851839 14232.777777777797 
219.01004017446508 26.0 0.0 0.0 135.0 14232.201778835255 14232.777777777797 14232.777777777797 
220.01004017446508 26.0 0.0 0.0 135.0 14232.259378729515 14232.777777777797 14232.777777777797 
221.01004017446508 26.0 0.0 0.0 135.0 14232.311218634357 14232.777777777797 14232.777777777797 
222.01004017446508 26.0 0.0 0.0 135.0 14232.357874548694 14232.777777777797 14232.777777777797 
223.01004017446508 26.0 0.0 0.0 135.0 14232.3998648716 14232.777777777797 14232.777777777797 
224.01004017446508 26.0 0.0 0.0 135.0 14232.437656162218 14232.777777777797 14232.777777777797 
225.01004017446508 26.0 0.0 0.0 135.0 14232.471668323791 14232.777777777797 14232.777777777797 
226.01004017446508 26.0 0.0 0.0 135.0 14232.502279269163 14232.777777777797 14232.777777777797 
227.01004017446508 26.0 0.0 0.0 135.0 14232.529829120038 14232.777777777797 14232.777777777797 
228.01004017446508 26.0 0.0 0.0 135.0 14232.554623985805 14232.777777777797 14232.777777777797 
229.01004017446508 26.0 0.0 1.0 135.0 14232.57693936502 14232.777777777797 14232.777777777797 
230.01004017446508 27.0 0.0 1.0 135.0 14232.284430613667 14229.651851851839 14232.777777777797 
231.01004017446508 28.0 0.0 0.0 135.0 14232.021172737524 14229.651851851839 14232.777777777797 
232.01004017446508 28.0 0.0 0.0 135.0 14232.096833241525 14232.777777777797 14232.777777777797 
233.01004017446508 28.0 0.0 1.0 135.0 14232.164927695145 14232.777777777797 14232.777777777797 
234.01004017446508 29.0 0.0 0.0 135.0 14231.913620110823 14229.651851851839 14232.777777777797 
235.01004017446508 29.0 0.0 1.0 135.0 14232.000035877503 14232.777777777797 14232.777777777797 
236.01004017446508 30.0 0.0 1.0 135.0 14231.765217474958 14229.651851851839 14232.777777777797 
237.01004017446508 31.0 0.0 0.0 135.0 14230.104992023755 14215.162962962962 14232.777777777797 
238.01004017446508 31.0 0.0 0.0 135.0 14230.372270599157 14232.777777777797 14232.777777777797 
239.01004017446508 31.0 0.0 0.0 135.0 14230.612821317005 14232.777777777797 14232.777777777797 
240.01004017446508 31.0 0.0 0.0 135.0 14230.829316963082 14232.777777777797 14232.777777777797 
241.01004017446508 31.0 0.0 0.0 135.0 14231.024163044583 14232.777777777797 14232.777777777797 
242.01004017446508 31.0 0.0 0.0 135.0 14231.199524517895 14232.777777777797 14232.777777777797 
243.01004017446508 31.0 0.0 0.0 135.0 14231.357349843876 14232.777777777797 14232.777777777797 
244.01004017446508 31.0 0.0 2.0 135.0 14231.499392637257 14232.777777777797 14232.777777777797 
245.01004017446508 33.0 0.0 1.0 135.0 14229.55315707724 14212.037037037013 14232.777777777797 
246.01004017446508 34.0 0.0 0.0 135.0 14228.114137665803 14215.162962962962 14232.777777777797 
247.01004017446508 34.0 0.0 1.0 135.0 14228.580501677015 14232.777777777797 14232.777777777797 
248.01004017446508 35.0 0.0 0.0 135.0 14228.687636694496 14229.651851851839 14232.777777777797 
249.01004017446508 35.0 0.0 0.0 135.0 14229.096650802825 14232.777777777797 14232.777777777797 
250.01004017446508 35.0 0.0 0.0 135.0 14229.464763500344 14232.777777777797 14232.777777777797 
251.01004017446508 35.0 0.0 0.0 135.0 14229.79606492805 14232.777777777797 14232.777777777797 
252.01004017446508 35.0 0.0 0.0 135.0 14230.094236213046 14232.777777777797 14232.777777777797 
253.01004017446508 35.0 0.0 0.0 135.0 14230.36259036949 14232.777777777797 14232.777777777797 
254.01004017446508 35.0 0.0 0.0 135.0 14230.604109110354 14232.777777777797 14232.777777777797 
255.01004017446508 35.0 0.0 1.0 135.0 14230.821475977084 14232.777777777797 14232.777777777797 
256.0100401744651 36.0 0.0 0.0 135.0 14229.255624675676 14215.162962962962 14232.777777777797 
257.0100401744651 36.0 0.0 0.0 135.0 14229.60783998587 14232.777777777797 14232.777777777797 
258.0100401744651 36.0 0.0 0.0 135.0 14229.924833765095 14232.777777777797 14232.777777777797 
259.0100401744651 36.0 0.0 0.0 135.0 14230.210128166347 14232.777777777797 14232.777777777797 
260.0100401744651 36.0 0.0 0.0 135.0 14230.466893127506 14232.777777777797 14232.777777777797 
261.0100401744651 36.0 0.0 0.0 135.0 14230.69798159252 14232.777777777797 14232.777777777797 
262.0100401744651 36.0 0.0 0.0 135.0 14230.905961211021 14232.777777777797 14232.777777777797 
263.0100401744651 36.0 0.0 1.0 135.0 14231.09314286771 14232.777777777797 14232.777777777797 
264.0100401744651 37.0 0.0 2.0 135.0 14230.949013766123 14229.651851851839 14232.777777777797 
265.0100401744651 39.0 0.0 0.0 135.0 14230.50670498209 14226.525925925918 14232.777777777797 
266.0100401744651 39.0 0.0 0.0 135.0 14230.733812261671 14232.777777777797 14232.777777777797 
267.0100401744651 39.0 0.0 0.0 135.0 14230.938208813268 14232.777777777797 14232.777777777797 
268.0100401744651 39.0 0.0 0.0 135.0 14231.12216570973 14232.777777777797 14232.777777777797 
269.0100401744651 39.0 0.0 0.0 135.0 14231.287726916542 14232.777777777797 14232.777777777797 
270.0100401744651 39.0 0.0 0.0 135.0 14231.436732002647 14232.777777777797 14232.777777777797 
271.0100401744651 39.0 0.0 0.0 135.0 14231.570836580197 14232.777777777797 14232.777777777797 
272.0100401744651 39.0 0.0 0.0 135.0 14231.691530699936 14232.777777777797 14232.777777777797 
273.0100401744651 39.0 0.0 0.0 135.0 14231.800155407705 14232.777777777797 14232.777777777797 
274.0100401744651 39.0 0.0 0.0 135.0 14231.89791764472 14232.777777777797 14232.777777777797 
275.0100401744651 39.0 0.0 0.0 135.0 14231.985903658056 14232.777777777797 14232.777777777797 
276.0100401744651 39.0 0.0 0.0 135.0 14232.065091069993 14232.777777777797 14232.777777777797 
277.0100401744651 39.0 0.0 0.0 135.0 14232.136359740796 14232.777777777797 14232.777777777797 
278.0100401744651 39.0 0.0 1.0 135.0 14232.200501544483 14232.777777777797 14232.777777777797 
279.0100401744651 40.0 0.0 1.0 135.0 14231.945636575228 14229.651851851839 14232.777777777797 
280.0100401744651 41.0 0.0 1.0 135.0 14231.716258102882 14229.651851851839 14232.777777777797 
281.0100401744651 42.0 0.0 0.0 135.0 14231.509817477776 14229.651851851839 14232.777777777797 
282.0100401744651 42.0 0.0 0.0 135.0 14231.63661350779 14232.777777777797 14232.777777777797 
283.0100401744651 42.0 0.0 0.0 135.0 14231.750729934776 14232.777777777797 14232.777777777797 
284.0100401744651 42.0 0.0 0.0 135.0 14231.853434719078 14232.777777777797 14232.777777777797 
285.0100401744651 42.0 0.0 0.0 135.0 14231.94586902496 14232.777777777797 14232.777777777797 
286.0100401744651 42.0 0.0 0.0 135.0 14232.029059900251 14232.777777777797 14232.777777777797 
287.0100401744651 42.0 0.0 1.0 135.0 14232.103931687978 14232.777777777797 14232.777777777797 
288.0100401744651 43.0 0.0 0.0 135.0 14231.858723704367 14229.651851851839 14232.777777777797 
289.0100401744651 43.0 0.0 0.0 135.0 14231.95062911172 14232.777777777797 14232.777777777797 
290.0100401744651 43.0 0.0 0.0 135.0 14232.03334397832 14232.777777777797 14232.777777777797 
291.0100401744651 43.0 0.0 0.0 135.0 14232.107787358265 14232.777777777797 14232.777777777797 
292.0100401744651 43.0 0.0 1.0 135.0 14232.174786400217 14232.777777777797 14232.777777777797 
293.0100401744651 44.0 0.0 0.0 135.0 14231.922492945403 14229.651851851839 14232.777777777797 
294.0100401744651 44.0 0.0 0.0 135.0 14232.008021428615 14232.777777777797 14232.777777777797 
295.0100401744651 44.0 0.0 0.0 135.0 14232.08499706355 14232.777777777797 14232.777777777797 
296.0100401744651 44.0 0.0 0.0 135.0 14232.154275134983 14232.777777777797 14232.777777777797 
297.0100401744651 44.0 0.0 0.0 135.0 14232.216625399264 14232.777777777797 14232.777777777797 
298.0100401744651 44.0 0.0 1.0 135.0 14232.272740637092 14232.777777777797 14232.777777777797 
299.0100401744651 45.0 0.0 0.0 135.0 14232.010651758574 14229.651851851839 14232.777777777797 
300.0100401744651 45.0 0.0 0.0 135.0 14232.087364360506 14232.777777777797 14232.777777777797 
301.0100401744651 45.0 0.0 0.0 135.0 14232.15640570221 14232.777777777797 14232.777777777797 
302.0100401744651 45.0 0.0 1.0 135.0 14232.218542909799 14232.777777777797 14232.777777777797 
303.0100401744651 46.0 0.0 0.0 135.0 14231.961873803979 14229.651851851839 14232.777777777797 
304.0100401744651 46.0 0.0 0.0 135.0 14232.043464201362 14232.777777777797 14232.777777777797 
305.0100401744651 46.0 0.0 0.0 135.0 14232.116895559 14232.777777777797 14232.777777777797 
306.0100401744651 46.0 0.0 0.0 135.0 14232.182983780876 14232.777777777797 14232.777777777797 
307.0100401744651 46.0 0.0 1.0 135.0 14232.242463180577 14232.777777777797 14232.777777777797 
308.0100401744651 47.0 0.0 0.0 135.0 14231.983402047705 14229.651851851839 14232.777777777797 
309.0100401744651 47.0 0.0 0.0 135.0 14232.06283962069 14232.777777777797 14232.777777777797 
310.0100401744651 47.0 0.0 0.0 135.0 14232.134333436428 14232.777777777797 14232.777777777797 
311.0100401744651 47.0 0.0 0.0 135.0 14232.198677870561 14232.777777777797 14232.777777777797 
312.0100401744651 47.0 0.0 0.0 135.0 14232.256587861279 14232.777777777797 14232.777777777797 
313.0100401744651 47.0 0.0 1.0 135.0 14232.30870685293 14232.777777777797 14232.777777777797 
314.0100401744651 48.0 0.0 0.0 135.0 14232.043021352816 14229.651851851839 14232.777777777797 
315.0100401744651 48.0 0.0 0.0 135.0 14232.116496995308 14232.777777777797 14232.777777777797 
316.0100401744651 48.0 0.0 0.0 135.0 14232.182625073563 14232.777777777797 14232.777777777797 
317.0100401744651 48.0 0.0 0.0 135.0 14232.242140343988 14232.777777777797 14232.777777777797 
318.0100401744651 48.0 0.0 0.0 135.0 14232.295704087357 14232.777777777797 14232.777777777797 
319.0100401744651 48.0 0.0 0.0 135.0 14232.343911456397 14232.777777777797 14232.777777777797 
320.0100401744651 48.0 0.0 0.0 135.0 14232.38729808855 14232.777777777797 14232.777777777797 
321.0100401744651 48.0 0.0 0.0 135.0 14232.42634605746 14232.777777777797 14232.777777777797 
322.0100401744651 48.0 0.0 0.0 135.0 14232.461489229509 14232.777777777797 14232.777777777797 
323.0100401744651 48.0 0.0 1.0 135.0 14232.49311808435 14232.777777777797 14232.777777777797 
324.0100401744651 49.0 0.0 0.0 135.0 14232.208991461088 14229.651851851839 14232.777777777797 
325.0100401744651 49.0 0.0 1.0 135.0 14232.265870092751 14232.777777777797 14232.777777777797 
326.0100401744651 50.0 0.0 2.0 135.0 14232.004468268628 14229.651851851839 14232.777777777797 
327.0100401744651 52.0 0.0 0.0 135.0 14231.457354775106 14226.533333333318 14232.777777777797 
328.0100401744651 52.0 0.0 0.0 135.0 14231.589397075408 14232.777777777797 14232.777777777797 
329.0100401744651 52.0 0.0 0.0 135.0 14231.708235145634 14232.777777777797 14232.777777777797 
330.0100401744651 52.0 0.0 0.0 135.0 14231.81518940885 14232.777777777797 14232.777777777797 
331.0100401744651 52.0 0.0 0.0 135.0 14231.911448245744 14232.777777777797 14232.777777777797 
332.0100401744651 52.0 0.0 0.0 135.0 14231.998081198964 14232.777777777797 14232.777777777797 
333.0100401744651 52.0 0.0 1.0 135.0 14232.076050856807 14232.777777777797 14232.777777777797 
334.0100401744651 53.0 0.0 0.0 135.0 14231.833630956331 14229.651851851839 14232.777777777797 
335.0100401744651 53.0 0.0 1.0 135.0 14231.92804563848 14232.777777777797 14232.777777777797 
336.0100401744651 54.0 0.0 0.0 135.0 14231.700426259826 14229.651851851839 14232.777777777797 
337.0100401744651 54.0 0.0 0.0 135.0 14231.808161411582 14232.777777777797 14232.777777777797 
338.0100401744651 54.0 0.0 1.0 135.0 14231.905123048222 14232.777777777797 14232.777777777797 
339.0100401744651 55.0 0.0 1.0 135.0 14231.679795928612 14229.651851851839 14232.777777777797 
340.0100401744651 56.0 0.0 0.0 135.0 14231.477001520923 14229.651851851839 14232.777777777797 
341.0100401744651 56.0 0.0 0.0 135.0 14231.607079146605 14232.777777777797 14232.777777777797 
342.0100401744651 56.0 0.0 0.0 135.0 14231.724149009739 14232.777777777797 14232.777777777797 
343.0100401744651 56.0 0.0 0.0 135.0 14231.829511886548 14232.777777777797 14232.777777777797 
344.0100401744651 56.0 0.0 1.0 135.0 14231.924338475654 14232.777777777797 14232.777777777797 
345.0100401744651 57.0 0.0 1.0 135.0 14231.697089813271 14229.651851851839 14232.777777777797 
346.0100401744651 58.0 0.0 1.0 135.0 14231.492566017128 14229.651851851839 14232.777777777797 
347.0100401744651 59.0 0.0 0.0 135.0 14229.859605711707 14215.162962962962 14232.777777777797 
348.0100401744651 59.0 0.0 0.0 135.0 14230.151422918327 14232.777777777797 14232.777777777797 
349.0100401744651 59.0 0.0 0.0 135.0 14230.414058404256 14232.777777777797 14232.777777777797 
350.0100401744651 59.0 0.0 0.0 135.0 14230.650430341602 14232.777777777797 14232.777777777797 
351.0100401744651 59.0 0.0 0.0 135.0 14230.863165085248 14232.777777777797 14232.777777777797 
352.0100401744651 59.0 0.0 0.0 135.0 14231.054626354486 14232.777777777797 14232.777777777797 
353.0100401744651 59.0 0.0 0.0 135.0 14231.226941496805 14232.777777777797 14232.777777777797 
354.0100401744651 59.0 0.0 2.0 135.0 14231.382025124885 14232.777777777797 14232.777777777797 
355.0100401744651 61.0 0.0 0.0 135.0 14229.447526316104 14212.037037037013 14232.777777777797 
356.0100401744651 61.0 0.0 0.0 135.0 14229.780551462292 14232.777777777797 14232.777777777797 
357.0100401744651 61.0 0.0 0.0 135.0 14230.080274093814 14232.777777777797 14232.777777777797 
358.0100401744651 61.0 0.0 0.0 135.0 14230.350024462246 14232.777777777797 14232.777777777797 
359.0100401744651 61.0 0.0 0.0 135.0 14230.592799793787 14232.777777777797 14232.777777777797 
360.0100401744651 61.0 0.0 0.0 135.0 14230.811297592156 14232.777777777797 14232.777777777797 
361.0100401744651 61.0 0.0 1.0 135.0 14231.007945610741 14232.777777777797 14232.777777777797 
362.0100401744651 62.0 0.0 0.0 135.0 14230.87233623484 14229.651851851839 14232.777777777797 
363.0100401744651 62.0 0.0 0.0 135.0 14231.062880389145 14232.777777777797 14232.777777777797 
364.0100401744651 62.0 0.0 1.0 135.0 14231.234370128006 14232.777777777797 14232.777777777797 
365.0100401744651 63.0 0.0 0.0 135.0 14231.076118300378 14229.651851851839 14232.777777777797 
366.0100401744651 63.0 0.0 2.0 135.0 14231.246284248127 14232.777777777797 14232.777777777797 
367.0100401744651 65.0 0.0 0.0 135.0 14230.774248415908 14226.525925925918 14232.777777777797 
368.0100401744651 65.0 0.0 0.0 135.0 14230.974601352082 14232.777777777797 14232.777777777797 
369.0100401744651 65.0 0.0 0.0 135.0 14231.154918994667 14232.777777777797 14232.777777777797 
370.0100401744651 65.0 0.0 0.0 135.0 14231.317204872972 14232.777777777797 14232.777777777797 
371.0100401744651 65.0 0.0 1.0 135.0 14231.463262163443 14232.777777777797 14232.777777777797 
372.0100401744651 66.0 0.0 0.0 135.0 14231.282121132303 14229.651851851839 14232.777777777797 
373.0100401744651 66.0 0.0 1.0 135.0 14231.431686796835 14232.777777777797 14232.777777777797 
374.0100401744651 67.0 0.0 0.0 135.0 14231.253703302358 14229.651851851839 14232.777777777797 
375.0100401744651 67.0 0.0 1.0 135.0 14231.406110749886 14232.777777777797 14232.777777777797 
376.0100401744651 68.0 0.0 0.0 135.0 14229.781795971205 14215.162962962962 14232.777777777797 
377.0100401744651 68.0 0.0 0.0 135.0 14230.08139415185 14232.777777777797 14232.777777777797 
378.0100401744651 68.0 0.0 0.0 135.0 14230.351032514447 14232.777777777797 14232.777777777797 
379.0100401744651 68.0 0.0 0.0 135.0 14230.593707040767 14232.777777777797 14232.777777777797 
380.0100401744651 68.0 0.0 0.0 135.0 14230.812114114478 14232.777777777797 14232.777777777797 
381.0100401744651 68.0 0.0 0.0 135.0 14231.00868048083 14232.777777777797 14232.777777777797 
382.0100401744651 68.0 0.0 0.0 135.0 14231.185590210498 14232.777777777797 14232.777777777797 
383.0100401744651 68.0 0.0 0.0 135.0 14231.344808967233 14232.777777777797 14232.777777777797 
384.0100401744651 68.0 0.0 1.0 135.0 14231.48810584829 14232.777777777797 14232.777777777797 
385.0100401744651 69.0 0.0 1.0 135.0 14231.304480448669 14229.651851851839 14232.777777777797 
386.0100401744651 70.0 0.0 0.0 135.0 14231.139217588961 14229.651851851839 14232.777777777797 
387.0100401744651 70.0 0.0 0.0 135.0 14231.303073607845 14232.777777777797 14232.777777777797 
388.0100401744651 70.0 0.0 0.0 135.0 14231.450544024849 14232.777777777797 14232.777777777797 
389.0100401744651 70.0 0.0 0.0 135.0 14231.583267400134 14232.777777777797 14232.777777777797 
390.0100401744651 70.0 0.0 0.0 135.0 14231.702718437906 14232.777777777797 14232.777777777797 
391.0100401744651 70.0 0.0 0.0 135.0 14231.810224371884 14232.777777777797 14232.777777777797 
392.0100401744651 70.0 0.0 0.0 135.0 14231.906979712496 14232.777777777797 14232.777777777797 
393.0100401744651 70.0 0.0 0.0 135.0 14231.994059519011 14232.777777777797 14232.777777777797 
394.0100401744651 70.0 0.0 0.0 135.0 14232.072431344895 14232.777777777797 14232.777777777797 
395.0100401744651 70.0 0.0 1.0 135.0 14232.142965988167 14232.777777777797 14232.777777777797 
396.0100401744651 71.0 0.0 3.0 135.0 14231.893854574539 14229.651851851839 14232.777777777797 
397.0100401744651 74.0 0.0 0.0 135.0 14228.1466913393 14194.422222222236 14232.777777777797 
398.0100401744651 74.0 0.0 0.0 135.0 14228.609799983135 14232.777777777797 14232.777777777797 
399.0100401744651 74.0 0.0 1.0 135.0 14229.026597762611 14232.777777777797 14232.777777777797 
400.0100401744651 75.0 0.0 1.0 135.0 14229.089123171549 14229.651851851839 14232.777777777797 
401.0100401744651 76.0 0.0 0.0 135.0 14229.145396039561 14229.651851851839 14232.777777777797 
402.0100401744651 76.0 0.0 0.0 135.0 14229.508634213407 14232.777777777797 14232.777777777797 
403.0100401744651 76.0 0.0 0.0 135.0 14229.835548569827 14232.777777777797 14232.777777777797 
404.0100401744651 76.0 0.0 1.0 135.0 14230.12977149064 14232.777777777797 14232.777777777797 
405.0100401744651 77.0 0.0 0.0 135.0 14230.08197952675 14229.651851851839 14232.777777777797 
406.0100401744651 77.0 0.0 1.0 135.0 14230.35155935183 14232.777777777797 14232.777777777797 
407.0100401744651 78.0 0.0 0.0 135.0 14230.28158860184 14229.651851851839 14232.777777777797 
408.0100401744651 78.0 0.0 1.0 135.0 14230.531207519449 14232.777777777797 14232.777777777797 
409.0100401744651 79.0 0.0 1.0 135.0 14230.443271952689 14229.651851851839 14232.777777777797 
410.0100401744651 80.0 0.0 1.0 135.0 14230.364129942594 14229.651851851839 14232.777777777797 
411.0100401744651 81.0 0.0 0.0 135.0 14228.844013244652 14215.162962962962 14232.777777777797 
412.0100401744651 81.0 0.0 0.0 135.0 14229.23738969797 14232.777777777797 14232.777777777797 
413.0100401744651 81.0 0.0 1.0 135.0 14229.59142850592 14232.777777777797 14232.777777777797 
414.0100401744651 82.0 0.0 1.0 135.0 14229.597470840528 14229.651851851839 14232.777777777797 
415.0100401744651 83.0 0.0 0.0 135.0 14229.602908941642 14229.651851851839 14232.777777777797 
416.0100401744651 83.0 0.0 3.0 135.0 14229.920395825258 14232.777777777797 14232.777777777797 
417.0100401744651 86.0 0.0 0.0 135.0 14229.268356242765 14223.400000000001 14232.777777777797 
418.0100401744651 86.0 0.0 1.0 135.0 14229.619298396248 14232.777777777797 14232.777777777797 
419.0100401744651 87.0 0.0 1.0 135.0 14229.622553741816 14229.651851851839 14232.777777777797 
420.0100401744651 88.0 0.0 0.0 135.0 14229.625483552796 14229.651851851839 14232.777777777797 
421.0100401744651 88.0 0.0 2.0 135.0 14229.940712975293 14232.777777777797 14232.777777777797 
422.0100401744651 90.0 0.0 1.0 135.0 14228.150345381471 14212.037037037013 14232.777777777797 
423.0100401744651 91.0 0.0 0.0 135.0 14228.300496028523 14229.651851851839 14232.777777777797 
424.0100401744651 91.0 0.0 1.0 135.0 14228.748224203426 14232.777777777797 14232.777777777797 
425.0100401744651 92.0 0.0 0.0 135.0 14228.83858696828 14229.651851851839 14232.777777777797 
426.0100401744651 92.0 0.0 1.0 135.0 14229.232506049222 14232.777777777797 14232.777777777797 
427.0100401744651 93.0 0.0 0.0 135.0 14229.2744406295 14229.651851851839 14232.777777777797 
428.0100401744651 93.0 0.0 0.0 135.0 14229.624774344344 14232.777777777797 14232.777777777797 
429.0100401744651 93.0 0.0 1.0 135.0 14229.940074687673 14232.777777777797 14232.777777777797 
430.0100401744651 94.0 0.0 0.0 135.0 14229.911252404074 14229.651851851839 14232.777777777797 
431.0100401744651 94.0 0.0 0.0 135.0 14230.197904941455 14232.777777777797 14232.777777777797 
432.0100401744651 94.0 0.0 0.0 135.0 14230.455892225114 14232.777777777797 14232.777777777797 
433.0100401744651 94.0 0.0 0.0 135.0 14230.688080780354 14232.777777777797 14232.777777777797 
434.0100401744651 94.0 0.0 0.0 135.0 14230.897050480082 14232.777777777797 14232.777777777797 
435.0100401744651 94.0 0.0 0.0 135.0 14231.08512320988 14232.777777777797 14232.777777777797 
436.0100401744651 94.0 0.0 0.0 135.0 14231.254388666632 14232.777777777797 14232.777777777797 
437.0100401744651 94.0 0.0 0.0 135.0 14231.406727577758 14232.777777777797 14232.777777777797 
438.0100401744651 94.0 0.0 1.0 135.0 14231.543832597761 14232.777777777797 14232.777777777797 
439.0100401744651 95.0 0.0 0.0 135.0 14231.354634523188 14229.651851851839 14232.777777777797 
440.0100401744651 95.0 0.0 0.0 135.0 14231.496948848635 14232.777777777797 14232.777777777797 
441.0100401744651 95.0 0.0 1.0 135.0 14231.625031741542 14232.777777777797 14232.777777777797 
442.0100401744651 96.0 0.0 0.0 135.0 14231.427713752588 14229.651851851839 14232.777777777797 
443.0100401744651 96.0 0.0 0.0 135.0 14231.562720155098 14232.777777777797 14232.777777777797 
444.0100401744651 96.0 0.0 2.0 135.0 14231.684225917386 14232.777777777797 14232.777777777797 
445.0100401744651 98.0 0.0 0.0 135.0 14229.719507029356 14212.037037037013 14232.777777777797 
446.0100401744651 98.0 0.0 0.0 135.0 14230.025334104173 14232.777777777797 14232.777777777797 
447.0100401744651 98.0 0.0 0.0 135.0 14230.300578471553 14232.777777777797 14232.777777777797 
448.0100401744651 98.0 0.0 0.0 135.0 14230.548298402164 14232.777777777797 14232.777777777797 
449.0100401744651 98.0 0.0 0.0 135.0 14230.771246339718 14232.777777777797 14232.777777777797 
450.0100401744651 98.0 0.0 0.0 135.0 14230.971899483504 14232.777777777797 14232.777777777797 
451.0100401744651 98.0 0.0 0.0 135.0 14231.152487312971 14232.777777777797 14232.777777777797 
452.0100401744651 98.0 0.0 0.0 135.0 14231.315016359455 14232.777777777797 14232.777777777797 
453.0100401744651 98.0 0.0 0.0 135.0 14231.461292501257 14232.777777777797 14232.777777777797 
454.0100401744651 98.0 0.0 0.0 135.0 14231.592941028919 14232.777777777797 14232.777777777797 
455.0100401744651 98.0 0.0 0.0 135.0 14231.711424703813 14232.777777777797 14232.777777777797 
456.0100401744651 98.0 0.0 0.0 135.0 14231.8180600112 14232.777777777797 14232.777777777797 
457.0100401744651 98.0 0.0 0.0 135.0 14231.914031787868 14232.777777777797 14232.777777777797 
458.0100401744651 98.0 0.0 0.0 135.0 14232.000406386873 14232.777777777797 14232.777777777797 
459.0100401744651 98.0 0.0 0.0 135.0 14232.078143525949 14232.777777777797 14232.777777777797 
460.0100401744651 98.0 0.0 0.0 135.0 14232.148106951132 14232.777777777797 14232.777777777797 
461.0100401744651 98.0 0.0 1.0 135.0 14232.21107403381 14232.777777777797 14232.777777777797 
462.0100401744651 99.0 0.0 0.0 135.0 14230.506262926718 14215.162962962962 14232.777777777797 
463.0100401744651 99.0 0.0 0.0 135.0 14230.733414411832 14232.777777777797 14232.777777777797 
464.0100401744651 99.0 0.0 0.0 135.0 14230.937850748407 14232.777777777797 14232.777777777797 
465.0100401744651 99.0 0.0 0.0 135.0 14231.121843451325 14232.777777777797 14232.777777777797 
466.0100401744651 99.0 0.0 1.0 135.0 14231.287436884 14232.777777777797 14232.777777777797 
467.0100401744651 100.0 0.0 0.0 135.0 14231.12387838079 14229.651851851839 14232.777777777797 
468.0100401744651 100.0 0.0 0.0 135.0 14231.289268320501 14232.777777777797 14232.777777777797 
469.0100401744651 100.0 0.0 1.0 135.0 14231.43811926622 14232.777777777797 14232.777777777797 
470.0100401744651 101.0 0.0 0.0 135.0 14231.259492524787 14229.651851851839 14232.777777777797 
471.0100401744651 101.0 0.0 0.0 135.0 14231.411321050095 14232.777777777797 14232.777777777797 
472.0100401744651 101.0 0.0 3.0 135.0 14231.547966722832 14232.777777777797 14232.777777777797 
473.0100401744651 104.0 0.0 0.0 135.0 14229.284281161692 14208.911111111145 14232.777777777797 
474.0100401744651 104.0 0.0 0.0 135.0 14229.633630823286 14232.777777777797 14232.777777777797 
475.0100401744651 104.0 0.0 1.0 135.0 14229.948045518737 14232.777777777797 14232.777777777797 
476.0100401744651 105.0 0.0 0.0 135.0 14229.918426152026 14229.651851851839 14232.777777777797 
477.0100401744651 105.0 0.0 0.0 135.0 14230.2043613146 14232.777777777797 14232.777777777797 
478.0100401744651 105.0 0.0 0.0 135.0 14230.46170296093 14232.777777777797 14232.777777777797 
479.0100401744651 105.0 0.0 1.0 135.0 14230.693310442619 14232.777777777797 14232.777777777797 
480.0100401744651 106.0 0.0 0.0 135.0 14230.589164583538 14229.651851851839 14232.777777777797 
481.0100401744651 106.0 0.0 0.0 135.0 14230.808025902952 14232.777777777797 14232.777777777797 
482.0100401744651 106.0 0.0 0.0 135.0 14231.005001090436 14232.777777777797 14232.777777777797 
483.0100401744651 106.0 0.0 0.0 135.0 14231.182278759186 14232.777777777797 14232.777777777797 
484.0100401744651 106.0 0.0 0.0 135.0 14231.34182866104 14232.777777777797 14232.777777777797 
485.0100401744651 106.0 0.0 1.0 135.0 14231.485423572693 14232.777777777797 14232.777777777797 
486.0100401744651 107.0 0.0 0.0 135.0 14231.302066400614 14229.651851851839 14232.777777777797 
487.0100401744651 107.0 0.0 1.0 135.0 14231.44963753836 14232.777777777797 14232.777777777797 
488.0100401744651 108.0 0.0 0.0 135.0 14231.2698589697 14229.651851851839 14232.777777777797 
489.0100401744651 108.0 0.0 0.0 135.0 14231.42065085049 14232.777777777797 14232.777777777797 
490.0100401744651 108.0 0.0 0.0 135.0 14231.556363543217 14232.777777777797 14232.777777777797 
491.0100401744651 108.0 0.0 0.0 135.0 14231.678504966689 14232.777777777797 14232.777777777797 
492.0100401744651 108.0 0.0 0.0 135.0 14231.788432247793 14232.777777777797 14232.777777777797 
493.0100401744651 108.0 0.0 1.0 135.0 14231.887366800784 14232.777777777797 14232.777777777797 
494.0100401744651 109.0 0.0 0.0 135.0 14231.663815305907 14229.651851851839 14232.777777777797 
495.0100401744651 109.0 0.0 0.0 135.0 14231.775211553078 14232.777777777797 14232.777777777797 
496.0100401744651 109.0 0.0 0.0 135.0 14231.875468175553 14232.777777777797 14232.777777777797 
497.0100401744651 109.0 0.0 0.0 135.0 14231.965699135766 14232.777777777797 14232.777777777797 
498.0100401744651 109.0 0.0 0.0 135.0 14232.046906999964 14232.777777777797 14232.777777777797 
499.0100401744651 109.0 0.0 0.0 135.0 14232.119994077751 14232.777777777797 14232.777777777797 
500.0100401744651 109.0 0.0 0.0 135.0 14232.18577244775 14232.777777777797 14232.777777777797 
501.0100401744651 109.0 0.0 1.0 135.0 14232.24497298074 14232.777777777797 14232.777777777797 
502.0100401744651 110.0 0.0 0.0 135.0 14231.98566086788 14229.651851851839 14232.777777777797 
503.0100401744651 110.0 0.0 0.0 135.0 14232.06487255886 14232.777777777797 14232.777777777797 
504.0100401744651 110.0 0.0 1.0 135.0 14232.136163080748 14232.777777777797 14232.777777777797 
505.0100401744651 111.0 0.0 0.0 135.0 14231.887731957857 14229.651851851839 14232.777777777797 
506.0100401744651 111.0 0.0 0.0 135.0 14231.976736539867 14232.777777777797 14232.777777777797 
507.0100401744651 111.0 0.0 0.0 135.0 14232.056840663654 14232.777777777797 14232.777777777797 
508.0100401744651 111.0 0.0 0.0 135.0 14232.128934375078 14232.777777777797 14232.777777777797 
509.0100401744651 111.0 0.0 0.0 135.0 14232.193818715332 14232.777777777797 14232.777777777797 
510.0100401744651 111.0 0.0 1.0 135.0 14232.252214621592 14232.777777777797 14232.777777777797 
511.0100401744651 112.0 0.0 0.0 135.0 14230.543289455702 14215.162962962962 14232.777777777797 
512.0100401744651 112.0 0.0 2.0 135.0 14230.766738287939 14232.777777777797 14232.777777777797 
513.0100401744651 114.0 0.0 0.0 135.0 14230.342657051702 14226.525925925918 14232.777777777797 
514.0100401744651 114.0 0.0 0.0 135.0 14230.586169124315 14232.777777777797 14232.777777777797 
515.0100401744651 114.0 0.0 0.0 135.0 14230.80532998969 14232.777777777797 14232.777777777797 
516.0100401744651 114.0 0.0 1.0 135.0 14231.002574768494 14232.777777777797 14232.777777777797 
517.0100401744651 115.0 0.0 0.0 135.0 14230.86750247683 14229.651851851839 14232.777777777797 
518.0100401744651 115.0 0.0 1.0 135.0 14231.058530006901 14232.777777777797 14232.777777777797 
519.0100401744651 116.0 0.0 0.0 135.0 14230.917862191412 14229.651851851839 14232.777777777797 
520.0100401744651 116.0 0.0 0.0 135.0 14231.10385375005 14232.777777777797 14232.777777777797 
521.0100401744651 116.0 0.0 1.0 135.0 14231.271246152804 14232.777777777797 14232.777777777797 
522.0100401744651 117.0 0.0 1.0 135.0 14231.109306722725 14229.651851851839 14232.777777777797 
523.0100401744651 118.0 0.0 1.0 135.0 14229.514672346753 14215.162962962962 14232.777777777797 
524.0100401744651 119.0 0.0 0.0 135.0 14229.528390297257 14229.651851851839 14232.777777777797 
525.0100401744651 119.0 0.0 0.0 135.0 14229.853329045314 14232.777777777797 14232.777777777797 
526.0100401744651 119.0 0.0 0.0 135.0 14230.145773918535 14232.777777777797 14232.777777777797 
527.0100401744651 119.0 0.0 0.0 135.0 14230.408974304471 14232.777777777797 14232.777777777797 
528.0100401744651 119.0 0.0 1.0 135.0 14230.645854651822 14232.777777777797 14232.777777777797 
529.0100401744651 120.0 0.0 0.0 135.0 14230.546454371806 14229.651851851839 14232.777777777797 
530.0100401744651 120.0 0.0 0.0 135.0 14230.769586712428 14232.777777777797 14232.777777777797 
531.0100401744651 120.0 0.0 0.0 135.0 14230.970405818962 14232.777777777797 14232.777777777797 
532.0100401744651 120.0 0.0 0.0 135.0 14231.151143014828 14232.777777777797 14232.777777777797 
533.0100401744651 120.0 0.0 1.0 135.0 14231.313806491116 14232.777777777797 14232.777777777797 
534.0100401744651 121.0 0.0 0.0 135.0 14229.698722138308 14215.162962962962 14232.777777777797 
535.0100401744651 121.0 0.0 1.0 135.0 14230.006627702267 14232.777777777797 14232.777777777797 
536.0100401744651 122.0 0.0 0.0 135.0 14229.971150117206 14229.651851851839 14232.777777777797 
537.0100401744651 122.0 0.0 0.0 135.0 14230.25181288328 14232.777777777797 14232.777777777797 
538.0100401744651 122.0 0.0 0.0 135.0 14230.504409372717 14232.777777777797 14232.777777777797 
539.0100401744651 122.0 0.0 0.0 135.0 14230.731746213205 14232.777777777797 14232.777777777797 
540.0100401744651 122.0 0.0 0.0 135.0 14230.93634936969 14232.777777777797 14232.777777777797 
541.0100401744651 122.0 0.0 0.0 135.0 14231.120492210495 14232.777777777797 14232.777777777797 
542.0100401744651 122.0 0.0 0.0 135.0 14231.286220767213 14232.777777777797 14232.777777777797 
543.0100401744651 122.0 0.0 0.0 135.0 14231.435376468275 14232.777777777797 14232.777777777797 
544.0100401744651 122.0 0.0 0.0 135.0 14231.569616599221 14232.777777777797 14232.777777777797 
545.0100401744651 122.0 0.0 0.0 135.0 14231.690432717076 14232.777777777797 14232.777777777797 
546.0100401744651 122.0 0.0 0.0 135.0 14231.799167223166 14232.777777777797 14232.777777777797 
547.0100401744651 122.0 0.0 0.0 135.0 14231.897028278629 14232.777777777797 14232.777777777797 
548.0100401744651 122.0 0.0 0.0 135.0 14231.98510322853 14232.777777777797 14232.777777777797 
549.0100401744651 122.0 0.0 1.0 135.0 14232.064370683453 14232.777777777797 14232.777777777797 
550.0100401744651 123.0 0.0 0.0 135.0 14231.82311880029 14229.651851851839 14232.777777777797 
551.0100401744651 123.0 0.0 0.0 135.0 14231.918584698038 14232.777777777797 14232.777777777797 
552.0100401744651 123.0 0.0 0.0 135.0 14232.004504006005 14232.777777777797 14232.777777777797 
553.0100401744651 123.0 0.0 0.0 135.0 14232.08183138318 14232.777777777797 14232.777777777797 
554.0100401744651 123.0 0.0 0.0 135.0 14232.151426022652 14232.777777777797 14232.777777777797 
555.0100401744651 123.0 0.0 1.0 135.0 14232.214061198172 14232.777777777797 14232.777777777797 
556.0100401744651 124.0 0.0 0.0 135.0 14231.957840263527 14229.651851851839 14232.777777777797 
557.0100401744651 124.0 0.0 0.0 135.0 14232.039834014971 14232.777777777797 14232.777777777797 
558.0100401744651 124.0 0.0 0.0 135.0 14232.113628391236 14232.777777777797 14232.777777777797 
559.0100401744651 124.0 0.0 0.0 135.0 14232.18004332989 14232.777777777797 14232.777777777797 
560.0100401744651 124.0 0.0 0.0 135.0 14232.23981677468 14232.777777777797 14232.777777777797 
561.0100401744651 124.0 0.0 0.0 135.0 14232.293612874972 14232.777777777797 14232.777777777797 
562.0100401744651 124.0 0.0 0.0 135.0 14232.342029365278 14232.777777777797 14232.777777777797 
563.0100401744651 124.0 0.0 0.0 135.0 14232.385604206534 14232.777777777797 14232.777777777797 
564.0100401744651 124.0 0.0 0.0 135.0 14232.424821563663 14232.777777777797 14232.777777777797 
565.0100401744651 124.0 0.0 0.0 135.0 14232.460117185072 14232.777777777797 14232.777777777797 
566.0100401744651 124.0 0.0 0.0 135.0 14232.491883244315 14232.777777777797 14232.777777777797 
567.0100401744651 124.0 0.0 0.0 135.0 14232.520472697674 14232.777777777797 14232.777777777797 
568.0100401744651 124.0 0.0 0.0 135.0 14232.546203205688 14232.777777777797 14232.777777777797 
569.0100401744651 124.0 0.0 0.0 135.0 14232.569360662872 14232.777777777797 14232.777777777797 
570.0100401744651 124.0 0.0 1.0 135.0 14232.590202374384 14232.777777777797 14232.777777777797 
571.0100401744651 125.0 0.0 0.0 135.0 14232.29636732214 14229.651851851839 14232.777777777797 
572.0100401744651 125.0 0.0 0.0 135.0 14232.344508367707 14232.777777777797 14232.777777777797 
573.0100401744651 125.0 0.0 0.0 135.0 14232.387835308713 14232.777777777797 14232.777777777797 
574.0100401744651 125.0 0.0 0.0 135.0 14232.426829555612 14232.777777777797 14232.777777777797 
575.0100401744651 125.0 0.0 0.0 135.0 14232.461924377827 14232.777777777797 14232.777777777797 
576.0100401744651 125.0 0.0 0.0 135.0 14232.493509717824 14232.777777777797 14232.777777777797 
577.0100401744651 125.0 0.0 2.0 135.0 14232.521936523823 14232.777777777797 14232.777777777797 
578.0100401744651 127.0 0.0 1.0 135.0 14231.922335464022 14226.525925925918 14232.777777777797 
579.0100401744651 128.0 0.0 0.0 135.0 14231.695287102797 14229.651851851839 14232.777777777797 
580.0100401744651 128.0 0.0 0.0 135.0 14231.8035361703 14232.777777777797 14232.777777777797 
581.0100401744651 128.0 0.0 0.0 135.0 14231.900960331044 14232.777777777797 14232.777777777797 
582.0100401744651 128.0 0.0 0.0 135.0 14231.988642075725 14232.777777777797 14232.777777777797 
583.0100401744651 128.0 0.0 0.0 135.0 14232.067555645925 14232.777777777797 14232.777777777797 
584.0100401744651 128.0 0.0 0.0 135.0 14232.138577859103 14232.777777777797 14232.777777777797 
585.0100401744651 128.0 0.0 0.0 135.0 14232.202497850996 14232.777777777797 14232.777777777797 
586.0100401744651 128.0 0.0 1.0 135.0 14232.260025843656 14232.777777777797 14232.777777777797 
587.0100401744651 129.0 0.0 0.0 135.0 14231.999208444473 14229.651851851839 14232.777777777797 
588.0100401744651 129.0 0.0 1.0 135.0 14232.077065377813 14232.777777777797 14232.777777777797 
589.0100401744651 130.0 0.0 0.0 135.0 14231.834544025221 14229.651851851839 14232.777777777797 
590.0100401744651 130.0 0.0 0.0 135.0 14231.928867400475 14232.777777777797 14232.777777777797 
591.0100401744651 130.0 0.0 0.0 135.0 14232.013758438216 14232.777777777797 14232.777777777797 
592.0100401744651 130.0 0.0 0.0 135.0 14232.090160372145 14232.777777777797 14232.777777777797 
593.0100401744651 130.0 0.0 0.0 135.0 14232.158922112705 14232.777777777797 14232.777777777797 
594.0100401744651 130.0 0.0 0.0 135.0 14232.22080767922 14232.777777777797 14232.777777777797 
595.0100401744651 130.0 0.0 0.0 135.0 14232.276504689064 14232.777777777797 14232.777777777797 
596.0100401744651 130.0 0.0 1.0 135.0 14232.326631997958 14232.777777777797 14232.777777777797 
597.0100401744651 131.0 0.0 0.0 135.0 14232.059153983326 14229.651851851839 14232.777777777797 
598.0100401744651 131.0 0.0 0.0 135.0 14232.131016362791 14232.777777777797 14232.777777777797 
599.0100401744651 131.0 0.0 1.0 135.0 14232.195692504281 14232.777777777797 14232.777777777797 
600.0100401744651 132.0 0.0 1.0 135.0 14231.941308439053 14229.651851851839 14232.777777777797 
#####################################################################
# End of data export. Simulation finished at: 2020-02-18T08:01+0000 #
#####################################################################
