#####################################################################
# Alchemist log file - simulation started at: 2020-02-13T02:50+0000 #
#####################################################################
# longseed = 27.0, meanTaskSize = 10, peakFrequency = 0.1
#
# The columns have the following meaning: 
# time done[Sum] drop[Sum] waiting[Sum] isLeader[Sum] capacity[Mean] freeCapacity[Mean] maxCapacity[Mean] 
0.0 NaN 0.0 NaN NaN NaN NaN NaN 
1.0007905823598768 0.0 0.0 0.0 135.0 14232.777777777797 14232.777777777797 14232.777777777797 
2.000790582359877 0.0 0.0 0.0 135.0 14232.777777777797 14232.777777777797 14232.777777777797 
3.000790582359877 0.0 0.0 0.0 135.0 14232.777777777797 14232.777777777797 14232.777777777797 
4.000790582359877 0.0 0.0 0.0 135.0 14232.777777777797 14232.777777777797 14232.777777777797 
5.000790582359877 0.0 0.0 0.0 135.0 14232.777777777797 14232.777777777797 14232.777777777797 
6.000790582359877 0.0 0.0 0.0 135.0 14232.777777777797 14232.777777777797 14232.777777777797 
7.000790582359877 0.0 0.0 0.0 135.0 14232.777777777797 14232.777777777797 14232.777777777797 
8.000790582359876 0.0 0.0 0.0 135.0 14232.777777777797 14232.777777777797 14232.777777777797 
9.000790582359876 0.0 0.0 0.0 135.0 14232.777777777797 14232.777777777797 14232.777777777797 
10.000790582359876 0.0 0.0 0.0 135.0 14232.777777777797 14232.777777777797 14232.777777777797 
11.000790582359876 0.0 0.0 0.0 135.0 14232.777777777797 14232.777777777797 14232.777777777797 
12.000790582359876 0.0 0.0 0.0 135.0 14232.777777777797 14232.777777777797 14232.777777777797 
13.000790582359876 0.0 0.0 0.0 135.0 14232.777777777797 14232.777777777797 14232.777777777797 
14.000790582359876 0.0 0.0 0.0 135.0 14232.777777777797 14232.777777777797 14232.777777777797 
15.000790582359876 0.0 0.0 0.0 135.0 14232.777777777797 14232.777777777797 14232.777777777797 
16.000790582359876 0.0 0.0 0.0 135.0 14232.777777777797 14232.777777777797 14232.777777777797 
17.000790582359876 0.0 0.0 0.0 135.0 14232.777777777797 14232.777777777797 14232.777777777797 
18.000790582359876 0.0 0.0 0.0 135.0 14232.777777777797 14232.777777777797 14232.777777777797 
19.000790582359876 0.0 0.0 0.0 135.0 14232.777777777797 14232.777777777797 14232.777777777797 
20.000790582359876 0.0 0.0 0.0 135.0 14232.777777777797 14232.777777777797 14232.777777777797 
21.000790582359876 0.0 0.0 0.0 135.0 14232.777777777797 14232.777777777797 14232.777777777797 
22.000790582359876 0.0 0.0 0.0 135.0 14232.777777777797 14232.777777777797 14232.777777777797 
23.000790582359876 0.0 0.0 0.0 135.0 14232.777777777797 14232.777777777797 14232.777777777797 
24.000790582359876 0.0 0.0 1.0 135.0 14232.777777777797 14232.777777777797 14232.777777777797 
25.000790582359876 1.0 0.0 0.0 135.0 14232.465185185178 14229.651851851839 14232.777777777797 
26.000790582359876 1.0 0.0 0.0 135.0 14232.496444444467 14232.777777777797 14232.777777777797 
27.000790582359876 1.0 0.0 0.0 135.0 14232.524577777745 14232.777777777797 14232.777777777797 
28.000790582359876 1.0 0.0 0.0 135.0 14232.549897777782 14232.777777777797 14232.777777777797 
29.000790582359876 1.0 0.0 0.0 135.0 14232.572685777786 14232.777777777797 14232.777777777797 
30.000790582359876 1.0 0.0 0.0 135.0 14232.593194977784 14232.777777777797 14232.777777777797 
31.000790582359876 1.0 0.0 1.0 135.0 14232.611653257776 14232.777777777797 14232.777777777797 
32.000790582359876 2.0 0.0 0.0 135.0 14232.315673117171 14229.651851851839 14232.777777777797 
33.000790582359876 2.0 0.0 0.0 135.0 14232.361883583244 14232.777777777797 14232.777777777797 
34.000790582359876 2.0 0.0 0.0 135.0 14232.403473002702 14232.777777777797 14232.777777777797 
35.000790582359876 2.0 0.0 1.0 135.0 14232.440903480228 14232.777777777797 14232.777777777797 
36.000790582359876 2.0 0.0 1.0 135.0 14232.16199831739 14229.651851851839 14232.777777777797 
37.000790582359876 3.0 0.0 0.0 135.0 14231.910983670821 14229.651851851839 14232.777777777797 
38.000790582359876 3.0 0.0 0.0 135.0 14231.997663081498 14232.777777777797 14232.777777777797 
39.000790582359876 3.0 0.0 0.0 135.0 14232.075674551133 14232.777777777797 14232.777777777797 
40.000790582359876 3.0 0.0 0.0 135.0 14232.145884873798 14232.777777777797 14232.777777777797 
41.000790582359876 3.0 0.0 0.0 135.0 14232.209074164206 14232.777777777797 14232.777777777797 
42.000790582359876 3.0 0.0 0.0 135.0 14232.265944525538 14232.777777777797 14232.777777777797 
43.000790582359876 3.0 0.0 1.0 135.0 14232.317127850747 14232.777777777797 14232.777777777797 
44.000790582359876 4.0 0.0 0.0 135.0 14230.601711362006 14215.162962962962 14232.777777777797 
45.000790582359876 4.0 0.0 0.0 135.0 14230.819318003576 14232.777777777797 14232.777777777797 
46.000790582359876 4.0 0.0 0.0 135.0 14231.01516398101 14232.777777777797 14232.777777777797 
47.000790582359876 4.0 0.0 0.0 135.0 14231.191425360683 14232.777777777797 14232.777777777797 
48.000790582359876 4.0 0.0 0.0 135.0 14231.35006060237 14232.777777777797 14232.777777777797 
49.000790582359876 4.0 0.0 0.0 135.0 14231.492832319942 14232.777777777797 14232.777777777797 
50.000790582359876 4.0 0.0 0.0 135.0 14231.621326865712 14232.777777777797 14232.777777777797 
51.000790582359876 4.0 0.0 0.0 135.0 14231.736971956923 14232.777777777797 14232.777777777797 
52.000790582359876 4.0 0.0 0.0 135.0 14231.841052539034 14232.777777777797 14232.777777777797 
53.000790582359876 4.0 0.0 0.0 135.0 14231.934725062858 14232.777777777797 14232.777777777797 
54.000790582359876 4.0 0.0 1.0 135.0 14232.019030334337 14232.777777777797 14232.777777777797 
55.000790582359876 4.0 0.0 1.0 135.0 14231.782312486133 14229.651851851839 14232.777777777797 
56.000790582359876 4.0 0.0 1.0 135.0 14231.569266422712 14229.651851851839 14232.777777777797 
57.000790582359876 5.0 0.0 0.0 135.0 14231.377524965616 14229.651851851839 14232.777777777797 
58.000790582359876 5.0 0.0 0.0 135.0 14231.517550246845 14232.777777777797 14232.777777777797 
59.000790582359876 5.0 0.0 0.0 135.0 14231.643572999952 14232.777777777797 14232.777777777797 
60.000790582359876 5.0 0.0 0.0 135.0 14231.756993477713 14232.777777777797 14232.777777777797 
61.000790582359876 5.0 0.0 0.0 135.0 14231.8590719077 14232.777777777797 14232.777777777797 
62.000790582359876 5.0 0.0 1.0 135.0 14231.950942494743 14232.777777777797 14232.777777777797 
63.000790582359876 6.0 0.0 0.0 135.0 14231.721033430438 14229.651851851839 14232.777777777797 
64.00079058235988 6.0 0.0 0.0 135.0 14231.8267078652 14232.777777777797 14232.777777777797 
65.00079058235988 6.0 0.0 0.0 135.0 14231.921814856425 14232.777777777797 14232.777777777797 
66.00079058235988 6.0 0.0 0.0 135.0 14232.007411148568 14232.777777777797 14232.777777777797 
67.00079058235988 6.0 0.0 0.0 135.0 14232.084447811472 14232.777777777797 14232.777777777797 
68.00079058235988 6.0 0.0 0.0 135.0 14232.153780808112 14232.777777777797 14232.777777777797 
69.00079058235988 6.0 0.0 0.0 135.0 14232.21618050508 14232.777777777797 14232.777777777797 
70.00079058235988 6.0 0.0 1.0 135.0 14232.27234023235 14232.777777777797 14232.777777777797 
71.00079058235988 7.0 0.0 1.0 135.0 14232.01029139429 14229.651851851839 14232.777777777797 
72.00079058235988 7.0 0.0 1.0 135.0 14231.774447440037 14229.651851851839 14232.777777777797 
73.00079058235988 8.0 0.0 1.0 135.0 14231.562187881254 14229.651851851839 14232.777777777797 
74.00079058235988 8.0 0.0 1.0 135.0 14231.371154278308 14229.651851851839 14232.777777777797 
75.00079058235988 9.0 0.0 0.0 135.0 14231.199224035658 14229.651851851839 14232.777777777797 
76.00079058235988 9.0 0.0 0.0 135.0 14231.357079409874 14232.777777777797 14232.777777777797 
77.00079058235988 9.0 0.0 0.0 135.0 14231.49914924668 14232.777777777797 14232.777777777797 
78.00079058235988 9.0 0.0 1.0 135.0 14231.627012099774 14232.777777777797 14232.777777777797 
79.00079058235988 9.0 0.0 2.0 135.0 14231.42949607495 14229.651851851839 14232.777777777797 
80.00079058235988 11.0 0.0 0.0 135.0 14230.939139060076 14226.525925925918 14232.777777777797 
81.00079058235988 11.0 0.0 0.0 135.0 14231.123002931836 14232.777777777797 14232.777777777797 
82.00079058235988 11.0 0.0 0.0 135.0 14231.288480416455 14232.777777777797 14232.777777777797 
83.00079058235988 11.0 0.0 0.0 135.0 14231.437410152597 14232.777777777797 14232.777777777797 
84.00079058235988 11.0 0.0 0.0 135.0 14231.571446915099 14232.777777777797 14232.777777777797 
85.00079058235988 11.0 0.0 0.0 135.0 14231.692080001367 14232.777777777797 14232.777777777797 
86.00079058235988 11.0 0.0 0.0 135.0 14231.800649779005 14232.777777777797 14232.777777777797 
87.00079058235988 11.0 0.0 0.0 135.0 14231.898362578908 14232.777777777797 14232.777777777797 
88.00079058235988 11.0 0.0 0.0 135.0 14231.986304098788 14232.777777777797 14232.777777777797 
89.00079058235988 11.0 0.0 0.0 135.0 14232.065451466648 14232.777777777797 14232.777777777797 
90.00079058235988 11.0 0.0 0.0 135.0 14232.136684097763 14232.777777777797 14232.777777777797 
91.00079058235988 11.0 0.0 0.0 135.0 14232.200793465752 14232.777777777797 14232.777777777797 
92.00079058235988 11.0 0.0 0.0 135.0 14232.258491896957 14232.777777777797 14232.777777777797 
93.00079058235988 11.0 0.0 0.0 135.0 14232.31042048506 14232.777777777797 14232.777777777797 
94.00079058235988 11.0 0.0 0.0 135.0 14232.357156214352 14232.777777777797 14232.777777777797 
95.00079058235988 11.0 0.0 0.0 135.0 14232.399218370678 14232.777777777797 14232.777777777797 
96.00079058235988 11.0 0.0 1.0 135.0 14232.437074311385 14232.777777777797 14232.777777777797 
97.00079058235988 12.0 0.0 0.0 135.0 14232.1585520654 14229.651851851839 14232.777777777797 
98.00079058235988 12.0 0.0 0.0 135.0 14232.220474636682 14232.777777777797 14232.777777777797 
99.00079058235988 12.0 0.0 0.0 135.0 14232.276204950778 14232.777777777797 14232.777777777797 
100.00079058235988 12.0 0.0 0.0 135.0 14232.326362233487 14232.777777777797 14232.777777777797 
101.00079058235988 12.0 0.0 0.0 135.0 14232.371503787908 14232.777777777797 14232.777777777797 
102.00079058235988 12.0 0.0 0.0 135.0 14232.412131186893 14232.777777777797 14232.777777777797 
103.00079058235988 12.0 0.0 0.0 135.0 14232.448695845984 14232.777777777797 14232.777777777797 
104.00079058235988 12.0 0.0 0.0 135.0 14232.481604039143 14232.777777777797 14232.777777777797 
105.00079058235988 12.0 0.0 0.0 135.0 14232.51122141302 14232.777777777797 14232.777777777797 
106.00079058235988 12.0 0.0 0.0 135.0 14232.537877049479 14232.777777777797 14232.777777777797 
107.00079058235988 12.0 0.0 0.0 135.0 14232.561867122344 14232.777777777797 14232.777777777797 
108.00079058235988 12.0 0.0 0.0 135.0 14232.58345818788 14232.777777777797 14232.777777777797 
109.00079058235988 12.0 0.0 0.0 135.0 14232.602890146847 14232.777777777797 14232.777777777797 
110.00079058235988 12.0 0.0 0.0 135.0 14232.620378909955 14232.777777777797 14232.777777777797 
111.00079058235988 12.0 0.0 0.0 135.0 14232.63611879674 14232.777777777797 14232.777777777797 
112.00079058235988 12.0 0.0 0.0 135.0 14232.65028469485 14232.777777777797 14232.777777777797 
113.00079058235988 12.0 0.0 1.0 135.0 14232.663034003133 14232.777777777797 14232.777777777797 
114.00079058235988 13.0 0.0 0.0 135.0 14232.361915788008 14229.651851851839 14232.777777777797 
115.00079058235988 13.0 0.0 1.0 135.0 14232.403501986979 14232.777777777797 14232.777777777797 
116.00079058235988 14.0 0.0 0.0 135.0 14232.128336973463 14229.651851851839 14232.777777777797 
117.00079058235988 14.0 0.0 0.0 135.0 14232.19328105391 14232.777777777797 14232.777777777797 
118.00079058235988 14.0 0.0 1.0 135.0 14232.251730726266 14232.777777777797 14232.777777777797 
119.00079058235988 14.0 0.0 1.0 135.0 14231.991742838827 14229.651851851839 14232.777777777797 
120.00079058235988 15.0 0.0 0.0 135.0 14231.757753740147 14229.651851851839 14232.777777777797 
121.00079058235988 15.0 0.0 0.0 135.0 14231.859756143913 14232.777777777797 14232.777777777797 
122.00079058235988 15.0 0.0 0.0 135.0 14231.951558307306 14232.777777777797 14232.777777777797 
123.00079058235988 15.0 0.0 0.0 135.0 14232.034180254337 14232.777777777797 14232.777777777797 
124.00079058235988 15.0 0.0 0.0 135.0 14232.108540006691 14232.777777777797 14232.777777777797 
125.00079058235988 15.0 0.0 0.0 135.0 14232.175463783804 14232.777777777797 14232.777777777797 
126.00079058235988 15.0 0.0 0.0 135.0 14232.23569518319 14232.777777777797 14232.777777777797 
127.00079058235988 15.0 0.0 1.0 135.0 14232.289903442674 14232.777777777797 14232.777777777797 
128.00079058235988 15.0 0.0 1.0 135.0 14232.02609828358 14229.651851851839 14232.777777777797 
129.00079058235988 16.0 0.0 0.0 135.0 14231.788673640409 14229.651851851839 14232.777777777797 
130.00079058235988 16.0 0.0 1.0 135.0 14231.887584054131 14232.777777777797 14232.777777777797 
131.00079058235988 17.0 0.0 0.0 135.0 14231.664010833889 14229.651851851839 14232.777777777797 
132.00079058235988 17.0 0.0 0.0 135.0 14231.775387528265 14232.777777777797 14232.777777777797 
133.00079058235988 17.0 0.0 1.0 135.0 14231.87562655325 14232.777777777797 14232.777777777797 
134.00079058235988 18.0 0.0 0.0 135.0 14231.65324908312 14229.651851851839 14232.777777777797 
135.00079058235988 18.0 0.0 1.0 135.0 14231.765701952549 14232.777777777797 14232.777777777797 
136.00079058235988 18.0 0.0 3.0 135.0 14231.554316942502 14229.651851851839 14232.777777777797 
137.00079058235988 20.0 0.0 1.0 135.0 14229.289996359368 14208.911111111145 14232.777777777797 
138.00079058235988 21.0 0.0 0.0 135.0 14229.326181908615 14229.651851851839 14232.777777777797 
139.00079058235988 21.0 0.0 1.0 135.0 14229.671341495497 14232.777777777797 14232.777777777797 
140.00079058235988 21.0 0.0 1.0 135.0 14229.669392531145 14229.651851851839 14232.777777777797 
141.00079058235988 22.0 0.0 4.0 135.0 14229.667638463246 14229.651851851839 14232.777777777797 
142.00079058235988 25.0 0.0 2.0 135.0 14227.280133876164 14205.792592592627 14232.777777777797 
143.00079058235988 26.0 0.0 1.0 135.0 14227.204713081135 14226.525925925918 14232.777777777797 
144.00079058235988 27.0 0.0 0.0 135.0 14227.449426958223 14229.651851851839 14232.777777777797 
145.00079058235988 27.0 0.0 0.0 135.0 14227.982262040165 14232.777777777797 14232.777777777797 
146.00079058235988 27.0 0.0 0.0 135.0 14228.46181361393 14232.777777777797 14232.777777777797 
147.00079058235988 27.0 0.0 1.0 135.0 14228.893410030336 14232.777777777797 14232.777777777797 
148.00079058235988 28.0 0.0 0.0 135.0 14228.969254212478 14229.651851851839 14232.777777777797 
149.00079058235988 28.0 0.0 1.0 135.0 14229.35010656899 14232.777777777797 14232.777777777797 
150.00079058235988 29.0 0.0 0.0 135.0 14227.931392208375 14215.162962962962 14232.777777777797 
151.00079058235988 29.0 0.0 1.0 135.0 14228.416030765364 14232.777777777797 14232.777777777797 
152.00079058235988 30.0 0.0 0.0 135.0 14227.090723985088 14215.162962962962 14232.777777777797 
153.00079058235988 30.0 0.0 0.0 135.0 14227.65942936436 14232.777777777797 14232.777777777797 
154.00079058235988 30.0 0.0 0.0 135.0 14228.17126420572 14232.777777777797 14232.777777777797 
155.00079058235988 30.0 0.0 0.0 135.0 14228.631915562903 14232.777777777797 14232.777777777797 
156.00079058235988 30.0 0.0 0.0 135.0 14229.046501784422 14232.777777777797 14232.777777777797 
157.00079058235988 30.0 0.0 0.0 135.0 14229.419629383732 14232.777777777797 14232.777777777797 
158.00079058235988 30.0 0.0 1.0 135.0 14229.755444223143 14232.777777777797 14232.777777777797 
159.00079058235988 31.0 0.0 1.0 135.0 14229.745084986016 14229.651851851839 14232.777777777797 
160.00079058235988 32.0 0.0 1.0 135.0 14228.286872783729 14215.162962962962 14232.777777777797 
161.00079058235988 33.0 0.0 0.0 135.0 14228.423370690502 14229.651851851839 14232.777777777797 
162.00079058235988 33.0 0.0 1.0 135.0 14228.85881139927 14232.777777777797 14232.777777777797 
163.00079058235988 34.0 0.0 0.0 135.0 14228.938115444515 14229.651851851839 14232.777777777797 
164.00079058235988 34.0 0.0 0.0 135.0 14229.322081677823 14232.777777777797 14232.777777777797 
165.00079058235988 34.0 0.0 2.0 135.0 14229.667651287833 14232.777777777797 14232.777777777797 
166.00079058235988 35.0 0.0 2.0 135.0 14227.904589862723 14212.037037037013 14232.777777777797 
167.00079058235988 37.0 0.0 0.0 135.0 14226.317834580184 14212.037037037013 14232.777777777797 
168.00079058235988 37.0 0.0 0.0 135.0 14226.963828899956 14232.777777777797 14232.777777777797 
169.00079058235988 37.0 0.0 0.0 135.0 14227.545223787714 14232.777777777797 14232.777777777797 
170.00079058235988 37.0 0.0 1.0 135.0 14228.068479186739 14232.777777777797 14232.777777777797 
171.00079058235988 38.0 0.0 1.0 135.0 14228.226816453227 14229.651851851839 14232.777777777797 
172.00079058235988 38.0 0.0 1.0 135.0 14228.36931999312 14229.651851851839 14232.777777777797 
173.00079058235988 39.0 0.0 1.0 135.0 14228.49757317899 14229.651851851839 14232.777777777797 
174.00079058235988 40.0 0.0 4.0 135.0 14228.613001046284 14229.651851851839 14232.777777777797 
175.00079058235988 44.0 0.0 0.0 135.0 14226.330960200916 14205.792592592627 14232.777777777797 
176.00079058235988 44.0 0.0 2.0 135.0 14226.975641958592 14232.777777777797 14232.777777777797 
177.00079058235988 46.0 0.0 0.0 135.0 14225.48178146645 14212.037037037013 14232.777777777797 
178.00079058235988 46.0 0.0 1.0 135.0 14226.211381097572 14232.777777777797 14232.777777777797 
179.00079058235988 47.0 0.0 4.0 135.0 14225.1065392841 14215.162962962962 14232.777777777797 
180.00079058235988 50.0 0.0 2.0 135.0 14223.174403874222 14205.785185185186 14232.777777777797 
181.00079058235988 52.0 0.0 1.0 135.0 14223.50955607939 14226.525925925918 14232.777777777797 
182.00079058235988 52.0 0.0 3.0 135.0 14224.123785656628 14229.651851851839 14232.777777777797 
183.00079058235988 54.0 0.0 2.0 135.0 14224.052147831717 14223.407407407401 14232.777777777797 
184.00079058235988 55.0 0.0 1.0 134.0 14222.85063675224 14212.037037037013 14232.777777777797 
185.00079058235988 56.0 0.0 0.0 134.0 14223.530758262192 14229.651851851839 14232.777777777797 
186.00079058235988 56.0 0.0 1.0 134.0 14224.455460213763 14232.777777777797 14232.777777777797 
187.00079058235988 56.0 0.0 3.0 135.0 14223.526210488686 14215.162962962962 14232.777777777797 
188.00079058235988 59.0 0.0 4.0 134.0 14222.064700550953 14208.911111111145 14232.777777777797 
189.00079058235988 59.0 0.0 5.0 134.0 14218.676008273605 14188.17777777776 14232.777777777797 
190.00079058235988 64.0 0.0 3.0 134.0 14218.835814853652 14220.274074074052 14232.777777777797 
191.00079058235988 64.0 0.0 4.0 134.0 14217.844085220133 14208.918518518494 14232.777777777797 
192.00079058235988 68.0 0.0 3.0 133.0 14216.95152854998 14208.918518518494 14232.777777777797 
193.00079058235988 70.0 0.0 1.0 134.0 14214.698597917211 14194.422222222236 14232.777777777797 
194.00079058235988 71.0 0.0 2.0 134.0 14216.193923310668 14229.651851851839 14232.777777777797 
195.00079058235988 73.0 0.0 2.0 134.0 14216.914530979595 14223.400000000001 14232.777777777797 
196.00079058235988 74.0 0.0 3.0 133.0 14217.87641121499 14226.533333333318 14232.777777777797 
197.00079058235988 76.0 0.0 3.0 134.0 14216.97988120459 14208.911111111145 14232.777777777797 
198.00079058235988 79.0 0.0 3.0 134.0 14217.622633824893 14223.407407407401 14232.777777777797 
199.00079058235988 80.0 0.0 3.0 134.0 14218.51296303497 14226.525925925918 14232.777777777797 
200.00079058235988 82.0 0.0 4.0 134.0 14217.552777842573 14208.911111111145 14232.777777777797 
201.00079058235988 85.0 0.0 3.0 133.0 14217.825648206459 14220.281481481483 14232.777777777797 
202.00079058235988 87.0 0.0 4.0 134.0 14216.934194496953 14208.911111111145 14232.777777777797 
203.00079058235988 89.0 0.0 3.0 134.0 14214.370404676887 14191.296296296277 14232.777777777797 
204.00079058235988 91.0 0.0 2.0 135.0 14215.585956801797 14226.525925925918 14232.777777777797 
205.00079058235988 93.0 0.0 2.0 133.0 14216.679953714201 14226.525925925918 14232.777777777797 
206.00079058235988 95.0 0.0 3.0 134.0 14217.66455093536 14226.525925925918 14232.777777777797 
207.00079058235988 96.0 0.0 5.0 134.0 14218.238095841833 14223.400000000001 14232.777777777797 
208.00079058235988 99.0 0.0 4.0 135.0 14213.783175146544 14173.688888888892 14232.777777777797 
209.00079058235988 103.0 0.0 2.0 135.0 14214.432265039284 14220.274074074052 14232.777777777797 
210.00079058235988 104.0 0.0 2.0 135.0 14214.192742239064 14212.037037037013 14232.777777777797 
211.00079058235988 106.0 0.0 1.0 135.0 14215.426060607755 14226.525925925918 14232.777777777797 
212.00079058235988 106.0 0.0 3.0 135.0 14216.848639732165 14229.651851851839 14232.777777777797 
213.00079058235988 107.0 0.0 4.0 134.0 14217.504516499692 14223.407407407401 14232.777777777797 
214.00079058235988 110.0 0.0 5.0 134.0 14216.333324108984 14205.792592592627 14232.777777777797 
215.00079058235988 113.0 0.0 2.0 134.0 14215.278510216582 14205.785185185186 14232.777777777797 
216.00079058235988 114.0 0.0 1.0 134.0 14216.403251787515 14226.525925925918 14232.777777777797 
217.00079058235988 115.0 0.0 3.0 135.0 14217.728111793951 14229.651851851839 14232.777777777797 
218.00079058235988 117.0 0.0 2.0 135.0 14218.29530061457 14223.400000000001 14232.777777777797 
219.00079058235988 119.0 0.0 0.0 134.0 14219.118363145684 14226.525925925918 14232.777777777797 
220.00079058235988 119.0 0.0 1.0 135.0 14220.4843046089 14232.777777777797 14232.777777777797 
221.00079058235988 119.0 0.0 1.0 135.0 14221.401059333188 14229.651851851839 14232.777777777797 
222.00079058235988 120.0 0.0 0.0 135.0 14222.226138585094 14229.651851851839 14232.777777777797 
223.00079058235988 120.0 0.0 1.0 135.0 14223.281302504343 14232.777777777797 14232.777777777797 
224.00079058235988 120.0 0.0 3.0 135.0 14223.918357439079 14229.651851851839 14232.777777777797 
225.00079058235988 123.0 0.0 3.0 135.0 14222.417632806268 14208.911111111145 14232.777777777797 
226.00079058235988 126.0 0.0 3.0 135.0 14219.618091747898 14194.422222222236 14232.777777777797 
227.00079058235988 127.0 0.0 2.0 135.0 14219.997023313837 14223.407407407401 14232.777777777797 
228.00079058235988 128.0 0.0 3.0 135.0 14220.650654315785 14226.533333333318 14232.777777777797 
229.00079058235988 131.0 0.0 3.0 134.0 14220.92558888423 14223.400000000001 14232.777777777797 
230.00079058235988 134.0 0.0 3.0 135.0 14216.827104069867 14179.940740740722 14232.777777777797 
231.00079058235988 135.0 0.0 2.0 134.0 14217.48439366288 14223.400000000001 14232.777777777797 
232.00079058235988 137.0 0.0 3.0 134.0 14218.38854688918 14226.525925925918 14232.777777777797 
233.00079058235988 138.0 0.0 3.0 134.0 14217.440803311369 14208.911111111145 14232.777777777797 
234.00079058235988 140.0 0.0 1.0 135.0 14218.036722980252 14223.400000000001 14232.777777777797 
235.00079058235988 140.0 0.0 3.0 135.0 14219.198235867401 14229.651851851839 14232.777777777797 
236.00079058235988 141.0 0.0 4.0 135.0 14219.619153021411 14223.407407407401 14232.777777777797 
237.00079058235988 142.0 0.0 4.0 134.0 14219.685385867408 14220.281481481483 14232.777777777797 
238.00079058235988 144.0 0.0 4.0 134.0 14219.74425468809 14220.274074074052 14232.777777777797 
239.00079058235988 147.0 0.0 3.0 134.0 14219.797977367414 14220.281481481483 14232.777777777797 
240.00079058235988 148.0 0.0 2.0 134.0 14220.158920371401 14223.407407407401 14232.777777777797 
241.00079058235988 150.0 0.0 0.0 134.0 14220.795620926852 14226.525925925918 14232.777777777797 
242.00079058235988 150.0 0.0 4.0 134.0 14221.993836611946 14232.777777777797 14232.777777777797 
243.00079058235988 153.0 0.0 4.0 134.0 14220.372971469267 14205.785185185186 14232.777777777797 
244.00079058235988 154.0 0.0 6.0 134.0 14220.36308172977 14220.274074074052 14232.777777777797 
245.00079058235988 159.0 0.0 3.0 135.0 14219.729736519748 14214.029629629666 14232.777777777797 
246.00079058235988 160.0 0.0 6.0 134.0 14220.097503608491 14223.407407407401 14232.777777777797 
247.00079058235988 163.0 0.0 4.0 134.0 14215.144049543951 14170.562962962935 14232.777777777797 
248.00079058235988 167.0 0.0 1.0 134.0 14214.520755700663 14208.911111111145 14232.777777777797 
249.00079058235988 168.0 0.0 1.0 134.0 14214.58497642691 14215.162962962962 14232.777777777797 
250.00079058235988 169.0 0.0 3.0 134.0 14216.091663969373 14229.651851851839 14232.777777777797 
251.00079058235988 172.0 0.0 0.0 134.0 14216.822497572433 14223.400000000001 14232.777777777797 
252.00079058235988 172.0 0.0 4.0 134.0 14218.418025592966 14232.777777777797 14232.777777777797 
253.00079058235988 175.0 0.0 2.0 135.0 14217.154741552215 14205.785185185186 14232.777777777797 
254.00079058235988 177.0 0.0 1.0 135.0 14218.091859989587 14226.525925925918 14232.777777777797 
255.00079058235988 178.0 0.0 1.0 135.0 14219.247859175824 14229.651851851839 14232.777777777797 
256.00079058235985 179.0 0.0 2.0 135.0 14218.839369554515 14215.162962962962 14232.777777777797 
257.00079058235985 180.0 0.0 2.0 135.0 14218.159136302778 14212.037037037013 14232.777777777797 
258.00079058235985 181.0 0.0 3.0 135.0 14218.995815265092 14226.525925925918 14232.777777777797 
259.00079058235985 184.0 0.0 4.0 135.0 14217.98734484969 14208.911111111145 14232.777777777797 
260.00079058235985 186.0 0.0 4.0 135.0 14218.216758512854 14220.281481481483 14232.777777777797 
261.00079058235985 189.0 0.0 1.0 134.0 14218.422490069011 14220.274074074052 14232.777777777797 
262.00079058235985 190.0 0.0 0.0 135.0 14219.545426247287 14229.651851851839 14232.777777777797 
263.00079058235985 190.0 0.0 2.0 135.0 14220.868661400329 14232.777777777797 14232.777777777797 
264.00079058235985 192.0 0.0 1.0 135.0 14218.536610075109 14197.54814814815 14232.777777777797 
265.00079058235985 193.0 0.0 2.0 135.0 14219.6481342528 14229.651851851839 14232.777777777797 
266.00079058235985 194.0 0.0 3.0 135.0 14218.887024531201 14212.037037037013 14232.777777777797 
267.00079058235985 196.0 0.0 5.0 135.0 14217.889433189193 14208.911111111145 14232.777777777797 
268.00079058235985 197.0 0.0 5.0 135.0 14217.81530468507 14217.14814814815 14232.777777777797 
269.00079058235985 201.0 0.0 3.0 135.0 14217.748589031402 14217.14814814815 14232.777777777797 
270.00079058235985 203.0 0.0 6.0 135.0 14218.313730128257 14223.400000000001 14232.777777777797 
271.00079058235985 207.0 0.0 4.0 135.0 14216.435690448761 14199.533333333318 14232.777777777797 
272.00079058235985 209.0 0.0 4.0 134.0 14216.819528811297 14220.274074074052 14232.777777777797 
273.00079058235985 211.0 0.0 3.0 135.0 14217.164983337565 14220.274074074052 14232.777777777797 
274.00079058235985 214.0 0.0 1.0 134.0 14217.788485003794 14223.400000000001 14232.777777777797 
275.00079058235985 215.0 0.0 3.0 134.0 14218.974821688626 14229.651851851839 14232.777777777797 
276.00079058235985 216.0 0.0 6.0 135.0 14217.968450630873 14208.911111111145 14232.777777777797 
277.00079058235985 220.0 0.0 7.0 134.0 14217.574568530728 14214.029629629666 14232.777777777797 
278.00079058235985 225.0 0.0 6.0 135.0 14216.90822278878 14210.911111111145 14232.777777777797 
279.00079058235985 229.0 0.0 7.0 134.0 14216.620363472863 14214.029629629666 14232.777777777797 
280.00079058235985 234.0 0.0 8.0 134.0 14216.048697495964 14210.903703703707 14232.777777777797 
281.00079058235985 241.0 0.0 6.0 132.0 14210.875679598217 14164.318518518547 14232.777777777797 
282.00079058235985 246.0 0.0 2.0 133.0 14208.605889416167 14188.17777777776 14232.777777777797 
283.00079058235985 247.0 0.0 3.0 133.0 14207.187522696757 14194.422222222236 14232.777777777797 
284.00079058235985 249.0 0.0 2.0 132.0 14208.496177834515 14220.274074074052 14232.777777777797 
285.00079058235985 251.0 0.0 1.0 133.0 14209.98656005103 14223.400000000001 14232.777777777797 
286.00079058235985 252.0 0.0 2.0 134.0 14210.504200342235 14215.162962962962 14232.777777777797 
287.00079058235985 253.0 0.0 4.0 134.0 14212.106372900607 14226.525925925918 14232.777777777797 
288.00079058235985 256.0 0.0 4.0 135.0 14211.474254129073 14205.785185185186 14232.777777777797 
289.00079058235985 259.0 0.0 3.0 135.0 14210.90534723469 14205.785185185186 14232.777777777797 
290.00079058235985 262.0 0.0 0.0 135.0 14210.70666436306 14208.918518518494 14232.777777777797 
291.00079058235985 262.0 0.0 2.0 135.0 14212.913775704521 14232.777777777797 14232.777777777797 
292.00079058235985 263.0 0.0 3.0 135.0 14214.274990726677 14226.525925925918 14232.777777777797 
293.00079058235985 265.0 0.0 4.0 135.0 14213.738602765105 14208.911111111145 14232.777777777797 
294.00079058235985 265.0 0.0 6.0 135.0 14214.392149896024 14220.274074074052 14232.777777777797 
295.00079058235985 270.0 0.0 5.0 134.0 14212.906268239756 14199.533333333318 14232.777777777797 
296.00079058235985 274.0 0.0 5.0 135.0 14213.330456230598 14217.14814814815 14232.777777777797 
297.00079058235985 278.0 0.0 2.0 135.0 14213.712225422343 14217.14814814815 14232.777777777797 
298.00079058235985 280.0 0.0 5.0 135.0 14213.544706583814 14212.037037037013 14232.777777777797 
299.00079058235985 285.0 0.0 4.0 135.0 14213.90505074024 14217.14814814815 14232.777777777797 
300.00079058235985 287.0 0.0 4.0 135.0 14214.541953073644 14220.274074074052 14232.777777777797 
301.00079058235985 291.0 0.0 1.0 135.0 14215.115905914394 14220.281481481483 14232.777777777797 
302.00079058235985 292.0 0.0 4.0 135.0 14216.56950050815 14229.651851851839 14232.777777777797 
303.00079058235985 293.0 0.0 6.0 135.0 14215.491068975858 14205.785185185186 14232.777777777797 
304.00079058235985 297.0 0.0 3.0 135.0 14215.3441843005 14214.022222222226 14232.777777777797 
305.00079058235985 299.0 0.0 5.0 135.0 14216.149765870441 14223.400000000001 14232.777777777797 
306.00079058235985 302.0 0.0 3.0 135.0 14214.801455950073 14202.666666666668 14232.777777777797 
307.00079058235985 305.0 0.0 4.0 134.0 14215.66205109578 14223.407407407401 14232.777777777797 
308.00079058235985 307.0 0.0 8.0 135.0 14214.986957097331 14208.911111111145 14232.777777777797 
309.00079058235985 312.0 0.0 6.0 134.0 14211.054928054273 14175.666666666668 14232.777777777797 
310.00079058235985 317.0 0.0 4.0 134.0 14208.141287100672 14181.918518518494 14232.777777777797 
311.00079058235985 320.0 0.0 7.0 133.0 14209.35530653878 14220.281481481483 14232.777777777797 
312.00079058235985 324.0 0.0 4.0 135.0 14208.373109218239 14199.533333333318 14232.777777777797 
313.00079058235985 328.0 0.0 1.0 133.0 14206.352835333437 14188.17037037036 14232.777777777797 
314.00079058235985 328.0 0.0 1.0 134.0 14208.370144392693 14226.525925925918 14232.777777777797 
315.00079058235985 329.0 0.0 3.0 134.0 14210.185722546028 14226.525925925918 14232.777777777797 
316.00079058235985 330.0 0.0 4.0 133.0 14210.058261402532 14208.911111111145 14232.777777777797 
317.00079058235985 333.0 0.0 2.0 133.0 14211.39243526227 14223.400000000001 14232.777777777797 
318.00079058235985 334.0 0.0 1.0 134.0 14211.456895439747 14212.037037037013 14232.777777777797 
319.00079058235985 335.0 0.0 1.0 135.0 14213.276391080955 14229.651851851839 14232.777777777797 
320.00079058235985 336.0 0.0 2.0 135.0 14213.465048269167 14215.162962962962 14232.777777777797 
321.00079058235985 338.0 0.0 3.0 135.0 14213.322247145956 14212.037037037013 14232.777777777797 
322.00079058235985 340.0 0.0 4.0 135.0 14214.330022431346 14223.400000000001 14232.777777777797 
323.00079058235985 344.0 0.0 5.0 135.0 14212.026649817857 14191.296296296277 14232.777777777797 
324.00079058235985 347.0 0.0 6.0 135.0 14211.090651502722 14202.666666666668 14232.777777777797 
325.00079058235985 350.0 0.0 4.0 134.0 14208.48677153762 14185.05185185184 14232.777777777797 
326.00079058235985 353.0 0.0 3.0 134.0 14208.217353643126 14205.792592592627 14232.777777777797 
327.00079058235985 355.0 0.0 4.0 134.0 14208.286729389923 14208.911111111145 14232.777777777797 
328.00079058235985 357.0 0.0 5.0 134.0 14209.485463858342 14220.274074074052 14232.777777777797 
329.00079058235985 360.0 0.0 6.0 134.0 14208.802843398451 14202.659259259277 14232.777777777797 
330.00079058235985 362.0 0.0 11.0 133.0 14209.325522021558 14214.029629629666 14232.777777777797 
331.00079058235985 371.0 0.0 7.0 134.0 14203.887043893472 14154.940740740722 14232.777777777797 
332.00079058235985 375.0 0.0 7.0 134.0 14204.587969133749 14210.896296296318 14232.777777777797 
333.00079058235985 379.0 0.0 4.0 134.0 14205.218801850018 14210.896296296318 14232.777777777797 
334.00079058235985 383.0 0.0 2.0 134.0 14206.724329072411 14220.274074074052 14232.777777777797 
335.00079058235985 384.0 0.0 3.0 134.0 14208.70448875777 14226.525925925918 14232.777777777797 
336.00079058235985 387.0 0.0 2.0 135.0 14210.17403988199 14223.400000000001 14232.777777777797 
337.00079058235985 388.0 0.0 6.0 135.0 14210.360339597497 14212.037037037013 14232.777777777797 
338.00079058235985 392.0 0.0 5.0 134.0 14207.82949082291 14185.05185185184 14232.777777777797 
339.00079058235985 395.0 0.0 2.0 134.0 14207.6258009999 14205.792592592627 14232.777777777797 
340.00079058235985 397.0 0.0 5.0 134.0 14208.066924603598 14212.037037037013 14232.777777777797 
341.00079058235985 400.0 0.0 5.0 134.0 14207.838750661751 14205.785185185186 14232.777777777797 
342.00079058235985 405.0 0.0 2.0 134.0 14205.87191263264 14188.17037037036 14232.777777777797 
343.00079058235985 406.0 0.0 4.0 134.0 14207.937313961962 14226.525925925918 14232.777777777797 
344.00079058235985 410.0 0.0 5.0 135.0 14207.722101084282 14205.785185185186 14232.777777777797 
345.00079058235985 414.0 0.0 5.0 135.0 14205.767668753631 14188.17777777776 14232.777777777797 
346.00079058235985 417.0 0.0 8.0 135.0 14206.905716693102 14217.14814814815 14232.777777777797 
347.00079058235985 422.0 0.0 3.0 135.0 14204.09514502376 14178.799999999974 14232.777777777797 
348.00079058235985 425.0 0.0 5.0 135.0 14206.02563052141 14223.400000000001 14232.777777777797 
349.00079058235985 429.0 0.0 6.0 135.0 14205.688993395195 14202.659259259277 14232.777777777797 
350.00079058235985 432.0 0.0 9.0 135.0 14206.522316277891 14214.022222222226 14232.777777777797 
351.00079058235985 435.0 0.0 12.0 134.0 14206.33526983527 14204.651851851839 14232.777777777797 
352.00079058235985 445.0 0.0 7.0 133.0 14200.883224333227 14151.814814814803 14232.777777777797 
353.00079058235985 452.0 0.0 6.0 133.0 14200.436383381391 14196.414814814798 14232.777777777797 
354.00079058235985 457.0 0.0 3.0 134.0 14197.448300598811 14170.555555555586 14232.777777777797 
355.00079058235985 459.0 0.0 7.0 135.0 14200.043470538938 14223.400000000001 14232.777777777797 
356.00079058235985 463.0 0.0 8.0 135.0 14198.2309753369 14181.918518518494 14232.777777777797 
357.00079058235985 469.0 0.0 4.0 134.0 14197.736025951352 14193.281481481483 14232.777777777797 
358.00079058235985 472.0 0.0 4.0 135.0 14199.989830763618 14220.274074074052 14232.777777777797 
359.00079058235985 476.0 0.0 2.0 135.0 14202.018255094657 14220.274074074052 14232.777777777797 
360.00079058235985 477.0 0.0 7.0 135.0 14204.469022177791 14226.525925925918 14232.777777777797 
361.00079058235985 480.0 0.0 8.0 134.0 14205.112490330393 14210.903703703707 14232.777777777797 
362.00079058235985 487.0 0.0 3.0 134.0 14204.241982038073 14196.407407407401 14232.777777777797 
363.00079058235985 489.0 0.0 5.0 134.0 14204.708894945388 14208.911111111145 14232.777777777797 
364.00079058235985 491.0 0.0 6.0 135.0 14205.952820265666 14217.14814814815 14232.777777777797 
365.00079058235985 495.0 0.0 7.0 135.0 14206.760501202063 14214.029629629666 14232.777777777797 
366.00079058235985 500.0 0.0 6.0 134.0 14202.827414044817 14167.429629629629 14232.777777777797 
367.00079058235985 505.0 0.0 5.0 133.0 14203.94689486256 14214.022222222226 14232.777777777797 
368.00079058235985 509.0 0.0 6.0 135.0 14203.818131302223 14202.659259259277 14232.777777777797 
369.00079058235985 514.0 0.0 5.0 134.0 14203.39039224607 14199.540740740757 14232.777777777797 
370.00079058235985 515.0 0.0 7.0 134.0 14204.766908577025 14217.155555555531 14232.777777777797 
371.00079058235985 520.0 0.0 3.0 134.0 14205.380588089702 14210.903703703707 14232.777777777797 
372.00079058235985 523.0 0.0 4.0 134.0 14205.733640391833 14208.911111111145 14232.777777777797 
373.00079058235985 525.0 0.0 8.0 134.0 14207.187683760065 14220.274074074052 14232.777777777797 
374.00079058235985 530.0 0.0 5.0 135.0 14204.348915384051 14178.799999999974 14232.777777777797 
375.00079058235985 534.0 0.0 5.0 134.0 14204.180690512327 14202.666666666668 14232.777777777797 
376.00079058235985 537.0 0.0 4.0 134.0 14205.477436275893 14217.14814814815 14232.777777777797 
377.00079058235985 539.0 0.0 5.0 134.0 14206.957100055713 14220.274074074052 14232.777777777797 
378.00079058235985 541.0 0.0 4.0 134.0 14207.976204864974 14217.14814814815 14232.777777777797 
379.00079058235985 543.0 0.0 6.0 133.0 14209.518584378464 14223.400000000001 14232.777777777797 
380.00079058235985 548.0 0.0 6.0 135.0 14207.07191112579 14185.05185185184 14232.777777777797 
381.00079058235985 552.0 0.0 7.0 134.0 14207.767682976186 14214.029629629666 14232.777777777797 
382.00079058235985 555.0 0.0 8.0 134.0 14208.393136900788 14214.022222222226 14232.777777777797 
383.00079058235985 562.0 0.0 5.0 134.0 14205.433082469963 14178.792592592627 14232.777777777797 
384.00079058235985 565.0 0.0 11.0 134.0 14206.604589037775 14217.14814814815 14232.777777777797 
385.00079058235985 571.0 0.0 9.0 133.0 14204.335981985854 14183.918518518494 14232.777777777797 
386.00079058235985 578.0 0.0 6.0 134.0 14200.020902305774 14161.185185185197 14232.777777777797 
387.00079058235985 581.0 0.0 8.0 133.0 14201.421775038196 14214.029629629666 14232.777777777797 
388.00079058235985 588.0 0.0 4.0 134.0 14199.471449386216 14181.918518518494 14232.777777777797 
389.00079058235985 592.0 0.0 0.0 134.0 14198.653934077216 14191.296296296277 14232.777777777797 
390.00079058235985 592.0 0.0 2.0 134.0 14202.066318447285 14232.777777777797 14232.777777777797 
391.00079058235985 593.0 0.0 3.0 135.0 14204.51227919513 14226.525925925918 14232.777777777797 
392.00079058235985 595.0 0.0 3.0 135.0 14206.401051275607 14223.400000000001 14232.777777777797 
393.00079058235985 596.0 0.0 4.0 135.0 14208.100946148059 14223.400000000001 14232.777777777797 
394.00079058235985 597.0 0.0 7.0 133.0 14209.318258940644 14220.274074074052 14232.777777777797 
395.00079058235985 600.0 0.0 6.0 134.0 14208.027173787328 14196.407407407401 14232.777777777797 
396.00079058235985 605.0 0.0 4.0 134.0 14208.626678630839 14214.022222222226 14232.777777777797 
397.00079058235985 608.0 0.0 3.0 134.0 14209.791418175148 14220.274074074052 14232.777777777797 
398.00079058235985 611.0 0.0 3.0 135.0 14211.152276357632 14223.400000000001 14232.777777777797 
399.00079058235985 614.0 0.0 4.0 135.0 14208.03038205521 14179.933333333322 14232.777777777797 
400.00079058235985 616.0 0.0 4.0 135.0 14209.255491997843 14220.281481481483 14232.777777777797 
401.00079058235985 619.0 0.0 8.0 134.0 14210.358090946185 14220.281481481483 14232.777777777797 
402.00079058235985 624.0 0.0 6.0 134.0 14207.202281851587 14178.799999999974 14232.777777777797 
403.00079058235985 629.0 0.0 1.0 134.0 14204.98649811087 14185.044444444442 14232.777777777797 
404.00079058235985 630.0 0.0 3.0 134.0 14207.453033484948 14229.651851851839 14232.777777777797 
405.00079058235985 631.0 0.0 3.0 134.0 14209.04773013648 14223.400000000001 14232.777777777797 
406.00079058235985 633.0 0.0 3.0 134.0 14210.48295712281 14223.400000000001 14232.777777777797 
407.00079058235985 636.0 0.0 2.0 135.0 14210.325772521657 14208.911111111145 14232.777777777797 
408.00079058235985 638.0 0.0 2.0 135.0 14211.945787862074 14226.525925925918 14232.777777777797 
409.00079058235985 639.0 0.0 1.0 135.0 14213.403801668464 14226.525925925918 14232.777777777797 
410.00079058235985 640.0 0.0 3.0 135.0 14215.028606686794 14229.651851851839 14232.777777777797 
411.00079058235985 642.0 0.0 3.0 135.0 14214.416857129241 14208.911111111145 14232.777777777797 
412.00079058235985 643.0 0.0 5.0 135.0 14215.315171416309 14223.400000000001 14232.777777777797 
413.00079058235985 647.0 0.0 2.0 135.0 14214.049580200612 14202.659259259277 14232.777777777797 
414.00079058235985 649.0 0.0 1.0 135.0 14215.29721477314 14226.525925925918 14232.777777777797 
415.00079058235985 649.0 0.0 1.0 135.0 14216.73267848101 14229.651851851839 14232.777777777797 
416.00079058235985 650.0 0.0 0.0 135.0 14218.024595818093 14229.651851851839 14232.777777777797 
417.00079058235985 650.0 0.0 1.0 135.0 14219.499914014079 14232.777777777797 14232.777777777797 
418.00079058235985 650.0 0.0 2.0 135.0 14220.515107797837 14229.651851851839 14232.777777777797 
419.00079058235985 650.0 0.0 2.0 135.0 14221.116189610637 14226.525925925918 14232.777777777797 
420.00079058235985 651.0 0.0 1.0 135.0 14221.657163242187 14226.525925925918 14232.777777777797 
421.00079058235985 652.0 0.0 1.0 135.0 14222.456632103145 14229.651851851839 14232.777777777797 
422.00079058235985 653.0 0.0 0.0 135.0 14223.17615407803 14229.651851851839 14232.777777777797 
423.00079058235985 653.0 0.0 1.0 135.0 14224.136316447984 14232.777777777797 14232.777777777797 
424.00079058235985 653.0 0.0 1.0 135.0 14224.687869988371 14229.651851851839 14232.777777777797 
425.00079058235985 654.0 0.0 1.0 135.0 14225.184268174731 14229.651851851839 14232.777777777797 
426.00079058235985 654.0 0.0 2.0 135.0 14225.631026542434 14229.651851851839 14232.777777777797 
427.00079058235985 656.0 0.0 1.0 135.0 14225.720516480804 14226.525925925918 14232.777777777797 
428.00079058235985 657.0 0.0 1.0 135.0 14226.113650017896 14229.651851851839 14232.777777777797 
429.00079058235985 658.0 0.0 0.0 135.0 14225.018581312404 14215.162962962962 14232.777777777797 
430.00079058235985 658.0 0.0 0.0 135.0 14225.794500958935 14232.777777777797 14232.777777777797 
431.00079058235985 658.0 0.0 1.0 135.0 14226.492828640803 14232.777777777797 14232.777777777797 
432.00079058235985 659.0 0.0 0.0 135.0 14225.359842073036 14215.162962962962 14232.777777777797 
433.00079058235985 659.0 0.0 1.0 135.0 14226.101635643503 14232.777777777797 14232.777777777797 
434.00079058235985 659.0 0.0 1.0 135.0 14226.456657264329 14229.651851851839 14232.777777777797 
435.00079058235985 660.0 0.0 0.0 135.0 14226.77617672309 14229.651851851839 14232.777777777797 
436.00079058235985 660.0 0.0 0.0 135.0 14227.376336828556 14232.777777777797 14232.777777777797 
437.00079058235985 660.0 0.0 0.0 135.0 14227.916480923464 14232.777777777797 14232.777777777797 
438.00079058235985 660.0 0.0 0.0 135.0 14228.402610608911 14232.777777777797 14232.777777777797 
439.00079058235985 660.0 0.0 0.0 135.0 14228.840127325777 14232.777777777797 14232.777777777797 
440.00079058235985 660.0 0.0 0.0 135.0 14229.233892371016 14232.777777777797 14232.777777777797 
441.00079058235985 660.0 0.0 1.0 135.0 14229.588280911661 14232.777777777797 14232.777777777797 
442.00079058235985 661.0 0.0 0.0 135.0 14228.145749116811 14215.162962962962 14232.777777777797 
443.00079058235985 661.0 0.0 1.0 135.0 14228.6089519829 14232.777777777797 14232.777777777797 
444.00079058235985 661.0 0.0 2.0 135.0 14228.713241969795 14229.651851851839 14232.777777777797 
445.00079058235985 663.0 0.0 2.0 135.0 14227.045621476524 14212.037037037013 14232.777777777797 
446.00079058235985 664.0 0.0 2.0 135.0 14226.993651921473 14226.525925925918 14232.777777777797 
447.00079058235985 665.0 0.0 1.0 135.0 14226.946879321891 14226.525925925918 14232.777777777797 
448.00079058235985 666.0 0.0 0.0 135.0 14227.217376574908 14229.651851851839 14232.777777777797 
449.00079058235985 666.0 0.0 0.0 135.0 14227.773416695187 14232.777777777797 14232.777777777797 
450.00079058235985 666.0 0.0 0.0 135.0 14228.273852803448 14232.777777777797 14232.777777777797 
451.00079058235985 666.0 0.0 0.0 135.0 14228.724245300875 14232.777777777797 14232.777777777797 
452.00079058235985 666.0 0.0 0.0 135.0 14229.12959854857 14232.777777777797 14232.777777777797 
453.00079058235985 666.0 0.0 0.0 135.0 14229.494416471487 14232.777777777797 14232.777777777797 
454.00079058235985 666.0 0.0 0.0 135.0 14229.822752602102 14232.777777777797 14232.777777777797 
455.00079058235985 666.0 0.0 0.0 135.0 14230.118255119683 14232.777777777797 14232.777777777797 
456.00079058235985 666.0 0.0 0.0 135.0 14230.38420738549 14232.777777777797 14232.777777777797 
457.00079058235985 666.0 0.0 0.0 135.0 14230.623564424732 14232.777777777797 14232.777777777797 
458.00079058235985 666.0 0.0 0.0 135.0 14230.838985760036 14232.777777777797 14232.777777777797 
459.00079058235985 666.0 0.0 0.0 135.0 14231.032864961813 14232.777777777797 14232.777777777797 
460.00079058235985 666.0 0.0 2.0 135.0 14231.2073562434 14232.777777777797 14232.777777777797 
461.00079058235985 667.0 0.0 1.0 135.0 14229.290324322756 14212.037037037013 14232.777777777797 
462.00079058235985 668.0 0.0 0.0 135.0 14229.326477075661 14229.651851851839 14232.777777777797 
463.00079058235985 668.0 0.0 0.0 135.0 14229.671607145881 14232.777777777797 14232.777777777797 
464.00079058235985 668.0 0.0 0.0 135.0 14229.982224209069 14232.777777777797 14232.777777777797 
465.00079058235985 668.0 0.0 0.0 135.0 14230.261779565952 14232.777777777797 14232.777777777797 
466.00079058235985 668.0 0.0 0.0 135.0 14230.513379387137 14232.777777777797 14232.777777777797 
467.00079058235985 668.0 0.0 0.0 135.0 14230.739819226197 14232.777777777797 14232.777777777797 
468.00079058235985 668.0 0.0 0.0 135.0 14230.94361508135 14232.777777777797 14232.777777777797 
469.00079058235985 668.0 0.0 0.0 135.0 14231.127031350996 14232.777777777797 14232.777777777797 
470.00079058235985 668.0 0.0 0.0 135.0 14231.292105993654 14232.777777777797 14232.777777777797 
471.00079058235985 668.0 0.0 0.0 135.0 14231.440673172077 14232.777777777797 14232.777777777797 
472.00079058235985 668.0 0.0 0.0 135.0 14231.574383632647 14232.777777777797 14232.777777777797 
473.00079058235985 668.0 0.0 1.0 135.0 14231.694723047161 14232.777777777797 14232.777777777797 
474.00079058235985 669.0 0.0 0.0 135.0 14230.041547038742 14215.162962962962 14232.777777777797 
475.00079058235985 669.0 0.0 0.0 135.0 14230.315170112657 14232.777777777797 14232.777777777797 
476.00079058235985 669.0 0.0 0.0 135.0 14230.56143087916 14232.777777777797 14232.777777777797 
477.00079058235985 669.0 0.0 0.0 135.0 14230.783065569012 14232.777777777797 14232.777777777797 
478.00079058235985 669.0 0.0 0.0 135.0 14230.9825367899 14232.777777777797 14232.777777777797 
479.00079058235985 669.0 0.0 1.0 135.0 14231.162060888677 14232.777777777797 14232.777777777797 
480.00079058235985 670.0 0.0 0.0 135.0 14229.56215109613 14215.162962962962 14232.777777777797 
481.00079058235985 670.0 0.0 0.0 135.0 14229.883713764275 14232.777777777797 14232.777777777797 
482.00079058235985 670.0 0.0 0.0 135.0 14230.173120165624 14232.777777777797 14232.777777777797 
483.00079058235985 670.0 0.0 0.0 135.0 14230.433585926823 14232.777777777797 14232.777777777797 
484.00079058235985 670.0 0.0 0.0 135.0 14230.668005111938 14232.777777777797 14232.777777777797 
485.00079058235985 670.0 0.0 0.0 135.0 14230.878982378512 14232.777777777797 14232.777777777797 
486.00079058235985 670.0 0.0 0.0 135.0 14231.068861918446 14232.777777777797 14232.777777777797 
487.00079058235985 670.0 0.0 0.0 135.0 14231.239753504375 14232.777777777797 14232.777777777797 
488.00079058235985 670.0 0.0 0.0 135.0 14231.39355593171 14232.777777777797 14232.777777777797 
489.00079058235985 670.0 0.0 0.0 135.0 14231.531978116305 14232.777777777797 14232.777777777797 
490.00079058235985 670.0 0.0 0.0 135.0 14231.656558082479 14232.777777777797 14232.777777777797 
491.00079058235985 670.0 0.0 0.0 135.0 14231.768680052004 14232.777777777797 14232.777777777797 
492.00079058235985 670.0 0.0 0.0 135.0 14231.869589824588 14232.777777777797 14232.777777777797 
493.00079058235985 670.0 0.0 0.0 135.0 14231.96040861991 14232.777777777797 14232.777777777797 
494.00079058235985 670.0 0.0 0.0 135.0 14232.042145535694 14232.777777777797 14232.777777777797 
495.00079058235985 670.0 0.0 0.0 135.0 14232.11570875989 14232.777777777797 14232.777777777797 
496.00079058235985 670.0 0.0 0.0 135.0 14232.181915661671 14232.777777777797 14232.777777777797 
497.00079058235985 670.0 0.0 0.0 135.0 14232.241501873292 14232.777777777797 14232.777777777797 
498.00079058235985 670.0 0.0 1.0 135.0 14232.295129463728 14232.777777777797 14232.777777777797 
499.00079058235985 670.0 0.0 1.0 135.0 14232.030801702556 14229.651851851839 14232.777777777797 
500.00079058235985 670.0 0.0 2.0 135.0 14231.792906717477 14229.651851851839 14232.777777777797 
501.00079058235985 672.0 0.0 0.0 135.0 14231.266208638313 14226.525925925918 14232.777777777797 
502.00079058235985 672.0 0.0 0.0 135.0 14231.417365552277 14232.777777777797 14232.777777777797 
503.00079058235985 672.0 0.0 0.0 135.0 14231.553406774821 14232.777777777797 14232.777777777797 
504.00079058235985 672.0 0.0 0.0 135.0 14231.675843875104 14232.777777777797 14232.777777777797 
505.00079058235985 672.0 0.0 0.0 135.0 14231.786037265398 14232.777777777797 14232.777777777797 
506.00079058235985 672.0 0.0 0.0 135.0 14231.885211316616 14232.777777777797 14232.777777777797 
507.00079058235985 672.0 0.0 0.0 135.0 14231.974467962737 14232.777777777797 14232.777777777797 
508.00079058235985 672.0 0.0 0.0 135.0 14232.054798944242 14232.777777777797 14232.777777777797 
509.00079058235985 672.0 0.0 1.0 135.0 14232.12709682759 14232.777777777797 14232.777777777797 
510.00079058235985 673.0 0.0 0.0 135.0 14231.879572330015 14229.651851851839 14232.777777777797 
511.00079058235985 673.0 0.0 0.0 135.0 14231.969392874806 14232.777777777797 14232.777777777797 
512.0007905823599 673.0 0.0 0.0 135.0 14232.050231365094 14232.777777777797 14232.777777777797 
513.0007905823599 673.0 0.0 0.0 135.0 14232.122986006372 14232.777777777797 14232.777777777797 
514.0007905823599 673.0 0.0 0.0 135.0 14232.188465183495 14232.777777777797 14232.777777777797 
515.0007905823599 673.0 0.0 0.0 135.0 14232.247396442926 14232.777777777797 14232.777777777797 
516.0007905823599 673.0 0.0 0.0 135.0 14232.300434576417 14232.777777777797 14232.777777777797 
517.0007905823599 673.0 0.0 0.0 135.0 14232.348168896564 14232.777777777797 14232.777777777797 
518.0007905823599 673.0 0.0 0.0 135.0 14232.391129784673 14232.777777777797 14232.777777777797 
519.0007905823599 673.0 0.0 0.0 135.0 14232.429794583999 14232.777777777797 14232.777777777797 
520.0007905823599 673.0 0.0 0.0 135.0 14232.464592903354 14232.777777777797 14232.777777777797 
521.0007905823599 673.0 0.0 0.0 135.0 14232.495911390815 14232.777777777797 14232.777777777797 
522.0007905823599 673.0 0.0 0.0 135.0 14232.524098029498 14232.777777777797 14232.777777777797 
523.0007905823599 673.0 0.0 0.0 135.0 14232.549466004319 14232.777777777797 14232.777777777797 
524.0007905823599 673.0 0.0 0.0 135.0 14232.572297181661 14232.777777777797 14232.777777777797 
525.0007905823599 673.0 0.0 0.0 135.0 14232.592845241275 14232.777777777797 14232.777777777797 
526.0007905823599 673.0 0.0 0.0 135.0 14232.611338494926 14232.777777777797 14232.777777777797 
527.0007905823599 673.0 0.0 0.0 135.0 14232.627982423233 14232.777777777797 14232.777777777797 
528.0007905823599 673.0 0.0 0.0 135.0 14232.642961958676 14232.777777777797 14232.777777777797 
529.0007905823599 673.0 0.0 0.0 135.0 14232.656443540594 14232.777777777797 14232.777777777797 
530.0007905823599 673.0 0.0 0.0 135.0 14232.668576964294 14232.777777777797 14232.777777777797 
531.0007905823599 673.0 0.0 0.0 135.0 14232.679497045636 14232.777777777797 14232.777777777797 
532.0007905823599 673.0 0.0 0.0 135.0 14232.689325118852 14232.777777777797 14232.777777777797 
533.0007905823599 673.0 0.0 0.0 135.0 14232.698170384745 14232.777777777797 14232.777777777797 
534.0007905823599 673.0 0.0 0.0 135.0 14232.706131124054 14232.777777777797 14232.777777777797 
535.0007905823599 673.0 0.0 1.0 135.0 14232.713295789428 14232.777777777797 14232.777777777797 
536.0007905823599 673.0 0.0 1.0 135.0 14232.407151395664 14229.651851851839 14232.777777777797 
537.0007905823599 673.0 0.0 1.0 135.0 14232.131621441269 14229.651851851839 14232.777777777797 
538.0007905823599 674.0 0.0 0.0 135.0 14231.883644482341 14229.651851851839 14232.777777777797 
539.0007905823599 674.0 0.0 0.0 135.0 14231.973057811905 14232.777777777797 14232.777777777797 
540.0007905823599 674.0 0.0 1.0 135.0 14232.053529808465 14232.777777777797 14232.777777777797 
541.0007905823599 675.0 0.0 1.0 135.0 14231.8133620128 14229.651851851839 14232.777777777797 
542.0007905823599 676.0 0.0 0.0 135.0 14231.597210996706 14229.651851851839 14232.777777777797 
543.0007905823599 676.0 0.0 0.0 135.0 14231.71526767482 14232.777777777797 14232.777777777797 
544.0007905823599 676.0 0.0 0.0 135.0 14231.821518685118 14232.777777777797 14232.777777777797 
545.0007905823599 676.0 0.0 0.0 135.0 14231.917144594378 14232.777777777797 14232.777777777797 
546.0007905823599 676.0 0.0 0.0 135.0 14232.003207912738 14232.777777777797 14232.777777777797 
547.0007905823599 676.0 0.0 0.0 135.0 14232.080664899237 14232.777777777797 14232.777777777797 
548.0007905823599 676.0 0.0 0.0 135.0 14232.150376187079 14232.777777777797 14232.777777777797 
549.0007905823599 676.0 0.0 0.0 135.0 14232.213116346147 14232.777777777797 14232.777777777797 
550.0007905823599 676.0 0.0 0.0 135.0 14232.269582489324 14232.777777777797 14232.777777777797 
551.0007905823599 676.0 0.0 0.0 135.0 14232.320402018155 14232.777777777797 14232.777777777797 
552.0007905823599 676.0 0.0 0.0 135.0 14232.36613959411 14232.777777777797 14232.777777777797 
553.0007905823599 676.0 0.0 0.0 135.0 14232.407303412498 14232.777777777797 14232.777777777797 
554.0007905823599 676.0 0.0 1.0 135.0 14232.44435084902 14232.777777777797 14232.777777777797 
555.0007905823599 676.0 0.0 1.0 135.0 14232.165100949285 14229.651851851839 14232.777777777797 
556.0007905823599 676.0 0.0 1.0 135.0 14231.91377603954 14229.651851851839 14232.777777777797 
557.0007905823599 677.0 0.0 0.0 135.0 14231.687583620776 14229.651851851839 14232.777777777797 
558.0007905823599 677.0 0.0 0.0 135.0 14231.796603036475 14232.777777777797 14232.777777777797 
559.0007905823599 677.0 0.0 0.0 135.0 14231.89472051062 14232.777777777797 14232.777777777797 
560.0007905823599 677.0 0.0 1.0 135.0 14231.983026237334 14232.777777777797 14232.777777777797 
561.0007905823599 678.0 0.0 0.0 135.0 14231.749908798765 14229.651851851839 14232.777777777797 
562.0007905823599 678.0 0.0 0.0 135.0 14231.85269569668 14232.777777777797 14232.777777777797 
563.0007905823599 678.0 0.0 0.0 135.0 14231.945203904797 14232.777777777797 14232.777777777797 
564.0007905823599 678.0 0.0 0.0 135.0 14232.02846129209 14232.777777777797 14232.777777777797 
565.0007905823599 678.0 0.0 0.0 135.0 14232.103392940662 14232.777777777797 14232.777777777797 
566.0007905823599 678.0 0.0 0.0 135.0 14232.170831424359 14232.777777777797 14232.777777777797 
567.0007905823599 678.0 0.0 0.0 135.0 14232.231526059706 14232.777777777797 14232.777777777797 
568.0007905823599 678.0 0.0 0.0 135.0 14232.286151231518 14232.777777777797 14232.777777777797 
569.0007905823599 678.0 0.0 0.0 135.0 14232.335313886135 14232.777777777797 14232.777777777797 
570.0007905823599 678.0 0.0 0.0 135.0 14232.379560275302 14232.777777777797 14232.777777777797 
571.0007905823599 678.0 0.0 0.0 135.0 14232.419382025553 14232.777777777797 14232.777777777797 
572.0007905823599 678.0 0.0 0.0 135.0 14232.455221600758 14232.777777777797 14232.777777777797 
573.0007905823599 678.0 0.0 0.0 135.0 14232.487477218465 14232.777777777797 14232.777777777797 
574.0007905823599 678.0 0.0 0.0 135.0 14232.516507274404 14232.777777777797 14232.777777777797 
575.0007905823599 678.0 0.0 0.0 135.0 14232.54263432475 14232.777777777797 14232.777777777797 
576.0007905823599 678.0 0.0 0.0 135.0 14232.566148670034 14232.777777777797 14232.777777777797 
577.0007905823599 678.0 0.0 0.0 135.0 14232.58731158083 14232.777777777797 14232.777777777797 
578.0007905823599 678.0 0.0 0.0 135.0 14232.606358200504 14232.777777777797 14232.777777777797 
579.0007905823599 678.0 0.0 0.0 135.0 14232.623500158244 14232.777777777797 14232.777777777797 
580.0007905823599 678.0 0.0 0.0 135.0 14232.638927920194 14232.777777777797 14232.777777777797 
581.0007905823599 678.0 0.0 0.0 135.0 14232.65281290596 14232.777777777797 14232.777777777797 
582.0007905823599 678.0 0.0 0.0 135.0 14232.66530939315 14232.777777777797 14232.777777777797 
583.0007905823599 678.0 0.0 0.0 135.0 14232.676556231596 14232.777777777797 14232.777777777797 
584.0007905823599 678.0 0.0 0.0 135.0 14232.686678386219 14232.777777777797 14232.777777777797 
585.0007905823599 678.0 0.0 0.0 135.0 14232.695788325373 14232.777777777797 14232.777777777797 
586.0007905823599 678.0 0.0 0.0 135.0 14232.703987270615 14232.777777777797 14232.777777777797 
587.0007905823599 678.0 0.0 0.0 135.0 14232.711366321328 14232.777777777797 14232.777777777797 
588.0007905823599 678.0 0.0 0.0 135.0 14232.718007466963 14232.777777777797 14232.777777777797 
589.0007905823599 678.0 0.0 0.0 135.0 14232.72398449805 14232.777777777797 14232.777777777797 
590.0007905823599 678.0 0.0 0.0 135.0 14232.729363826025 14232.777777777797 14232.777777777797 
591.0007905823599 678.0 0.0 0.0 135.0 14232.7342052212 14232.777777777797 14232.777777777797 
592.0007905823599 678.0 0.0 0.0 135.0 14232.738562476869 14232.777777777797 14232.777777777797 
593.0007905823599 678.0 0.0 0.0 135.0 14232.742484006947 14232.777777777797 14232.777777777797 
594.0007905823599 678.0 0.0 1.0 135.0 14232.746013384018 14232.777777777797 14232.777777777797 
595.0007905823599 679.0 0.0 0.0 135.0 14232.436597230802 14229.651851851839 14232.777777777797 
596.0007905823599 679.0 0.0 0.0 135.0 14232.470715285512 14232.777777777797 14232.777777777797 
597.0007905823599 679.0 0.0 0.0 135.0 14232.50142153475 14232.777777777797 14232.777777777797 
598.0007905823599 679.0 0.0 0.0 135.0 14232.529057159027 14232.777777777797 14232.777777777797 
599.0007905823599 679.0 0.0 0.0 135.0 14232.553929220927 14232.777777777797 14232.777777777797 
600.0007905823599 679.0 0.0 0.0 135.0 14232.576314076608 14232.777777777797 14232.777777777797 
#####################################################################
# End of data export. Simulation finished at: 2020-02-13T05:32+0000 #
#####################################################################
