#####################################################################
# Alchemist log file - simulation started at: 2020-01-31T20:27+0000 #
#####################################################################
# seed = 5.0, meanTaskSize = 1000, smoothing = 0.9, grain = 1700.0, peakFrequency = 0.03
#
# The columns have the following meaning: 
# time done[Sum] drop[Sum] waiting[Sum] isLeader[Sum] capacity[Mean] freeCapacity[Mean] maxCapacity[Mean] 
0.0 NaN 0.0 NaN NaN NaN NaN NaN 
1.0031365367908396 0.0 0.0 0.0 134.0 14232.777777777797 14232.777777777797 14232.777777777797 
2.00313653679084 0.0 0.0 0.0 35.0 14232.777777777797 14232.777777777797 14232.777777777797 
3.00313653679084 0.0 0.0 0.0 35.0 14232.777777777797 14232.777777777797 14232.777777777797 
4.00313653679084 0.0 0.0 0.0 35.0 14232.777777777797 14232.777777777797 14232.777777777797 
5.00313653679084 0.0 0.0 0.0 35.0 14232.777777777797 14232.777777777797 14232.777777777797 
6.00313653679084 0.0 0.0 0.0 35.0 14232.777777777797 14232.777777777797 14232.777777777797 
7.00313653679084 0.0 0.0 0.0 35.0 14232.777777777797 14232.777777777797 14232.777777777797 
8.00313653679084 0.0 0.0 0.0 35.0 14232.777777777797 14232.777777777797 14232.777777777797 
9.00313653679084 0.0 0.0 0.0 35.0 14232.777777777797 14232.777777777797 14232.777777777797 
10.00313653679084 0.0 0.0 0.0 35.0 14232.777777777797 14232.777777777797 14232.777777777797 
11.00313653679084 0.0 0.0 0.0 35.0 14232.777777777797 14232.777777777797 14232.777777777797 
12.00313653679084 0.0 0.0 0.0 35.0 14232.777777777797 14232.777777777797 14232.777777777797 
13.00313653679084 0.0 0.0 0.0 35.0 14232.777777777797 14232.777777777797 14232.777777777797 
14.00313653679084 0.0 0.0 1.0 35.0 14232.777777777797 14232.777777777797 14232.777777777797 
15.00313653679084 0.0 0.0 1.0 35.0 14216.924444444427 14215.162962962962 14232.777777777797 
16.00313653679084 0.0 0.0 1.0 35.0 14215.3391111111 14215.162962962962 14232.777777777797 
17.00313653679084 0.0 0.0 1.0 35.0 14215.180577777766 14215.162962962962 14232.777777777797 
18.00313653679084 0.0 0.0 2.0 35.0 14215.164724444443 14215.162962962962 14232.777777777797 
19.00313653679084 0.0 0.0 2.0 35.0 14199.30980577778 14197.54814814815 14232.777777777797 
20.00313653679084 0.0 0.0 2.0 35.0 14197.724313911112 14197.54814814815 14232.777777777797 
21.00313653679084 0.0 0.0 2.0 35.0 14197.565764724452 14197.54814814815 14232.777777777797 
22.00313653679084 0.0 0.0 2.0 35.0 14197.549909805772 14197.54814814815 14232.777777777797 
23.00313653679084 0.0 0.0 2.0 35.0 14197.548324313891 14197.54814814815 14232.777777777797 
24.00313653679084 0.0 0.0 2.0 35.0 14197.548165764716 14197.54814814815 14232.777777777797 
25.00313653679084 0.0 0.0 2.0 35.0 14197.548149909791 14197.54814814815 14232.777777777797 
26.00313653679084 0.0 0.0 2.0 35.0 14197.548148324307 14197.54814814815 14232.777777777797 
27.00313653679084 1.0 0.0 2.0 35.0 14197.54814816576 14197.54814814815 14232.777777777797 
28.00313653679084 1.0 0.0 3.0 35.0 14197.548148149937 14197.54814814815 14232.777777777797 
29.00313653679084 1.0 0.0 3.0 35.0 14197.54814814833 14197.54814814815 14232.777777777797 
30.00313653679084 1.0 0.0 3.0 35.0 14181.694814814851 14179.933333333322 14232.777777777797 
31.00313653679084 1.0 0.0 3.0 35.0 14180.1094814815 14179.933333333322 14232.777777777797 
32.00313653679084 1.0 0.0 3.0 35.0 14179.950948148164 14179.933333333322 14232.777777777797 
33.00313653679084 1.0 0.0 3.0 35.0 14179.935094814808 14179.933333333322 14232.777777777797 
34.00313653679084 1.0 0.0 3.0 35.0 14179.933509481496 14179.933333333322 14232.777777777797 
35.00313653679084 1.0 0.0 3.0 35.0 14179.933350948146 14179.933333333322 14232.777777777797 
36.00313653679084 1.0 0.0 3.0 35.0 14179.933335094822 14179.933333333322 14232.777777777797 
37.00313653679084 1.0 0.0 4.0 35.0 14179.9333335095 14179.933333333322 14232.777777777797 
38.00313653679084 2.0 0.0 3.0 35.0 14179.933333350942 14179.933333333322 14232.777777777797 
39.00313653679084 2.0 0.0 3.0 35.0 14179.933333335111 14179.933333333322 14232.777777777797 
40.00313653679084 2.0 0.0 3.0 35.0 14179.93333333351 14179.933333333322 14232.777777777797 
41.00313653679084 3.0 0.0 2.0 35.0 14179.933333333352 14179.933333333322 14232.777777777797 
42.00313653679084 3.0 0.0 2.0 35.0 14195.786666666692 14197.54814814815 14232.777777777797 
43.00313653679084 4.0 0.0 1.0 35.0 14197.37200000002 14197.54814814815 14232.777777777797 
44.00313653679084 5.0 0.0 0.0 35.0 14229.237199999998 14232.777777777797 14232.777777777797 
45.00313653679084 5.0 0.0 0.0 35.0 14232.423719999999 14232.777777777797 14232.777777777797 
46.00313653679084 5.0 0.0 0.0 35.0 14232.742372000013 14232.777777777797 14232.777777777797 
47.00313653679084 5.0 0.0 0.0 35.0 14232.774237200003 14232.777777777797 14232.777777777797 
48.00313653679084 5.0 0.0 0.0 35.0 14232.777423719986 14232.777777777797 14232.777777777797 
49.00313653679084 5.0 0.0 0.0 35.0 14232.777742372013 14232.777777777797 14232.777777777797 
50.00313653679084 5.0 0.0 1.0 35.0 14232.77777423721 14232.777777777797 14232.777777777797 
51.00313653679084 5.0 0.0 1.0 35.0 14232.77777742373 14232.777777777797 14232.777777777797 
52.00313653679084 5.0 0.0 1.0 35.0 14216.924444409013 14215.162962962962 14232.777777777797 
53.00313653679084 5.0 0.0 1.0 35.0 14215.339111107578 14215.162962962962 14232.777777777797 
54.00313653679084 5.0 0.0 1.0 35.0 14215.180577777428 14215.162962962962 14232.777777777797 
55.00313653679084 5.0 0.0 2.0 35.0 14215.164724444405 14215.162962962962 14232.777777777797 
56.00313653679084 5.0 0.0 2.0 35.0 14199.309805777773 14197.54814814815 14232.777777777797 
57.00313653679084 5.0 0.0 2.0 35.0 14197.72431391111 14197.54814814815 14232.777777777797 
58.00313653679084 6.0 0.0 1.0 35.0 14197.565764724452 14197.54814814815 14232.777777777797 
59.00313653679084 6.0 0.0 1.0 35.0 14213.403243139086 14215.162962962962 14232.777777777797 
60.00313653679084 6.0 0.0 1.0 35.0 14214.986990980584 14215.162962962962 14232.777777777797 
61.00313653679084 6.0 0.0 1.0 35.0 14215.145365764734 14215.162962962962 14232.777777777797 
62.00313653679084 6.0 0.0 1.0 35.0 14215.161203243131 14215.162962962962 14232.777777777797 
63.00313653679084 6.0 0.0 2.0 35.0 14215.162786990997 14215.162962962962 14232.777777777797 
64.00313653679083 6.0 0.0 2.0 35.0 14199.30961203243 14197.54814814815 14232.777777777797 
65.00313653679083 6.0 0.0 2.0 35.0 14197.724294536567 14197.54814814815 14232.777777777797 
66.00313653679083 7.0 0.0 1.0 35.0 14197.565762786999 14197.54814814815 14232.777777777797 
67.00313653679083 7.0 0.0 1.0 35.0 14213.40324294537 14215.162962962962 14232.777777777797 
68.00313653679083 7.0 0.0 1.0 35.0 14214.986990961179 14215.162962962962 14232.777777777797 
69.00313653679083 7.0 0.0 1.0 35.0 14215.14536576281 14215.162962962962 14232.777777777797 
70.00313653679083 7.0 0.0 1.0 35.0 14215.161203242958 14215.162962962962 14232.777777777797 
71.00313653679083 7.0 0.0 1.0 35.0 14215.162786990963 14215.162962962962 14232.777777777797 
72.00313653679083 7.0 0.0 1.0 35.0 14215.162945365759 14215.162962962962 14232.777777777797 
73.00313653679083 7.0 0.0 1.0 35.0 14215.162961203252 14215.162962962962 14232.777777777797 
74.00313653679083 7.0 0.0 1.0 35.0 14215.162962786986 14215.162962962962 14232.777777777797 
75.00313653679083 8.0 0.0 0.0 35.0 14215.162962945342 14215.162962962962 14232.777777777797 
76.00313653679083 8.0 0.0 0.0 35.0 14231.01629629455 14232.777777777797 14232.777777777797 
77.00313653679083 8.0 0.0 0.0 35.0 14232.60162962943 14232.777777777797 14232.777777777797 
78.00313653679083 8.0 0.0 1.0 35.0 14232.760162962964 14232.777777777797 14232.777777777797 
79.00313653679083 8.0 0.0 2.0 35.0 14232.776016296259 14232.777777777797 14232.777777777797 
80.00313653679083 8.0 0.0 2.0 35.0 14201.070934962974 14197.54814814815 14232.777777777797 
81.00313653679083 8.0 0.0 2.0 35.0 14197.900426829636 14197.54814814815 14232.777777777797 
82.00313653679083 8.0 0.0 3.0 35.0 14197.583376016286 14197.54814814815 14232.777777777797 
83.00313653679083 8.0 0.0 3.0 35.0 14181.698337601621 14179.933333333322 14232.777777777797 
84.00313653679083 8.0 0.0 3.0 35.0 14180.109833760145 14179.933333333322 14232.777777777797 
85.00313653679083 8.0 0.0 3.0 35.0 14179.950983376024 14179.933333333322 14232.777777777797 
86.00313653679083 9.0 0.0 2.0 35.0 14179.93509833759 14179.933333333322 14232.777777777797 
87.00313653679083 10.0 0.0 1.0 35.0 14195.78684316706 14197.54814814815 14232.777777777797 
88.00313653679083 10.0 0.0 1.0 35.0 14213.225350983384 14215.162962962962 14232.777777777797 
89.00313653679083 10.0 0.0 1.0 35.0 14214.969201764989 14215.162962962962 14232.777777777797 
90.00313653679083 10.0 0.0 1.0 35.0 14215.143586843154 14215.162962962962 14232.777777777797 
91.00313653679083 10.0 0.0 1.0 35.0 14215.161025350977 14215.162962962962 14232.777777777797 
92.00313653679083 10.0 0.0 2.0 35.0 14215.162769201761 14215.162962962962 14232.777777777797 
93.00313653679083 11.0 0.0 1.0 35.0 14215.162943586838 14215.162962962962 14232.777777777797 
94.00313653679083 11.0 0.0 1.0 35.0 14215.162961025355 14215.162962962962 14232.777777777797 
95.00313653679083 11.0 0.0 1.0 35.0 14215.162962769225 14215.162962962962 14232.777777777797 
96.00313653679083 11.0 0.0 1.0 35.0 14215.162962943608 14215.162962962962 14232.777777777797 
97.00313653679083 11.0 0.0 2.0 35.0 14215.162962961038 14215.162962962962 14232.777777777797 
98.00313653679083 11.0 0.0 2.0 35.0 14199.309629629433 14197.54814814815 14232.777777777797 
99.00313653679083 12.0 0.0 1.0 35.0 14197.7242962963 14197.54814814815 14232.777777777797 
100.00313653679083 12.0 0.0 1.0 35.0 14213.419096296308 14215.162962962962 14232.777777777797 
101.00313653679083 12.0 0.0 1.0 35.0 14214.98857629632 14215.162962962962 14232.777777777797 
102.00313653679083 12.0 0.0 1.0 35.0 14215.1455242963 14215.162962962962 14232.777777777797 
103.00313653679083 12.0 0.0 1.0 35.0 14215.16121909631 14215.162962962962 14232.777777777797 
104.00313653679083 12.0 0.0 1.0 35.0 14215.162788576301 14215.162962962962 14232.777777777797 
105.00313653679083 12.0 0.0 1.0 35.0 14215.162945524275 14215.162962962962 14232.777777777797 
106.00313653679083 12.0 0.0 1.0 35.0 14215.16296121908 14215.162962962962 14232.777777777797 
107.00313653679083 12.0 0.0 2.0 35.0 14215.162962788578 14215.162962962962 14232.777777777797 
108.00313653679083 12.0 0.0 2.0 35.0 14215.162962945542 14215.162962962962 14232.777777777797 
109.00313653679083 12.0 0.0 2.0 35.0 14199.309629627882 14197.54814814815 14232.777777777797 
110.00313653679083 12.0 0.0 2.0 35.0 14197.724296296135 14197.54814814815 14232.777777777797 
111.00313653679083 12.0 0.0 2.0 35.0 14197.565762962964 14197.54814814815 14232.777777777797 
112.00313653679083 12.0 0.0 2.0 35.0 14197.54990962963 14197.54814814815 14232.777777777797 
113.00313653679083 12.0 0.0 2.0 35.0 14197.54832429632 14197.54814814815 14232.777777777797 
114.00313653679083 12.0 0.0 2.0 35.0 14197.548165762972 14197.54814814815 14232.777777777797 
115.00313653679083 13.0 0.0 1.0 35.0 14197.54814990965 14197.54814814815 14232.777777777797 
116.00313653679083 13.0 0.0 1.0 35.0 14213.401481657644 14215.162962962962 14232.777777777797 
117.00313653679083 14.0 0.0 0.0 35.0 14214.986814832446 14215.162962962962 14232.777777777797 
118.00313653679083 14.0 0.0 1.0 35.0 14230.99868148324 14232.777777777797 14232.777777777797 
119.00313653679083 14.0 0.0 1.0 35.0 14232.599868148318 14232.777777777797 14232.777777777797 
120.00313653679083 14.0 0.0 2.0 35.0 14216.90665348148 14215.162962962962 14232.777777777797 
121.00313653679083 15.0 0.0 1.0 35.0 14215.3373320148 14215.162962962962 14232.777777777797 
122.00313653679083 15.0 0.0 1.0 35.0 14215.180399868132 14215.162962962962 14232.777777777797 
123.00313653679083 15.0 0.0 1.0 35.0 14215.164706653497 14215.162962962962 14232.777777777797 
124.00313653679083 15.0 0.0 1.0 35.0 14215.163137331981 14215.162962962962 14232.777777777797 
125.00313653679083 15.0 0.0 1.0 35.0 14215.162980399866 14215.162962962962 14232.777777777797 
126.00313653679083 15.0 0.0 1.0 35.0 14215.162964706671 14215.162962962962 14232.777777777797 
127.00313653679083 15.0 0.0 1.0 35.0 14215.162963137325 14215.162962962962 14232.777777777797 
128.00313653679083 15.0 0.0 1.0 35.0 14215.162962980392 14215.162962962962 14232.777777777797 
129.00313653679083 15.0 0.0 2.0 35.0 14215.162962964683 14215.162962962962 14232.777777777797 
130.00313653679083 15.0 0.0 2.0 35.0 14199.309629629783 14197.54814814815 14232.777777777797 
131.00313653679083 15.0 0.0 3.0 35.0 14197.724296296308 14197.54814814815 14232.777777777797 
132.00313653679083 15.0 0.0 3.0 35.0 14181.712429629624 14179.933333333322 14232.777777777797 
133.00313653679083 15.0 0.0 3.0 35.0 14180.111242962943 14179.933333333322 14232.777777777797 
134.00313653679083 15.0 0.0 3.0 35.0 14179.951124296302 14179.933333333322 14232.777777777797 
135.00313653679083 15.0 0.0 3.0 35.0 14179.93511242963 14179.933333333322 14232.777777777797 
136.00313653679083 15.0 0.0 3.0 35.0 14179.933511242954 14179.933333333322 14232.777777777797 
137.00313653679083 15.0 0.0 3.0 35.0 14179.933351124284 14179.933333333322 14232.777777777797 
138.00313653679083 16.0 0.0 2.0 35.0 14179.933335112446 14179.933333333322 14232.777777777797 
139.00313653679083 16.0 0.0 2.0 35.0 14195.786666844573 14197.54814814815 14232.777777777797 
140.00313653679083 16.0 0.0 2.0 35.0 14197.372000017775 14197.54814814815 14232.777777777797 
141.00313653679083 18.0 0.0 1.0 35.0 14213.383866668444 14215.162962962962 14232.777777777797 
142.00313653679083 18.0 0.0 1.0 35.0 14230.838386666825 14232.777777777797 14232.777777777797 
143.00313653679083 18.0 0.0 1.0 35.0 14216.730505333346 14215.162962962962 14232.777777777797 
144.00313653679083 18.0 0.0 1.0 35.0 14215.319717199996 14215.162962962962 14232.777777777797 
145.00313653679083 18.0 0.0 2.0 35.0 14215.178638386653 14215.162962962962 14232.777777777797 
146.00313653679083 18.0 0.0 2.0 35.0 14199.311197171999 14197.54814814815 14232.777777777797 
147.00313653679083 18.0 0.0 2.0 35.0 14197.72445305052 14197.54814814815 14232.777777777797 
148.00313653679083 18.0 0.0 3.0 35.0 14197.565778638384 14197.54814814815 14232.777777777797 
149.00313653679083 18.0 0.0 3.0 35.0 14181.696577863835 14179.933333333322 14232.777777777797 
150.00313653679083 18.0 0.0 3.0 35.0 14180.109657786375 14179.933333333322 14232.777777777797 
151.00313653679083 19.0 0.0 2.0 35.0 14179.950965778622 14179.933333333322 14232.777777777797 
152.00313653679083 20.0 0.0 1.0 35.0 14195.788429911168 14197.54814814815 14232.777777777797 
153.00313653679083 20.0 0.0 1.0 35.0 14213.225509657806 14215.162962962962 14232.777777777797 
154.00313653679083 20.0 0.0 1.0 35.0 14214.969217632455 14215.162962962962 14232.777777777797 
155.00313653679083 20.0 0.0 2.0 35.0 14215.143588429903 14215.162962962962 14232.777777777797 
156.00313653679083 21.0 0.0 1.0 35.0 14215.161025509631 14215.162962962962 14232.777777777797 
157.00313653679083 21.0 0.0 1.0 35.0 14215.162769217619 14215.162962962962 14232.777777777797 
158.00313653679083 21.0 0.0 2.0 35.0 14215.162943588432 14215.162962962962 14232.777777777797 
159.00313653679083 21.0 0.0 2.0 35.0 14199.309627692157 14197.54814814815 14232.777777777797 
160.00313653679083 21.0 0.0 2.0 35.0 14197.724296102566 14197.54814814815 14232.777777777797 
161.00313653679083 21.0 0.0 2.0 35.0 14197.565762943588 14197.54814814815 14232.777777777797 
162.00313653679083 21.0 0.0 3.0 35.0 14197.549909627694 14197.54814814815 14232.777777777797 
163.00313653679083 21.0 0.0 3.0 35.0 14181.69499096279 14179.933333333322 14232.777777777797 
164.00313653679083 21.0 0.0 3.0 35.0 14180.109499096288 14179.933333333322 14232.777777777797 
165.00313653679083 22.0 0.0 2.0 35.0 14179.950949909624 14179.933333333322 14232.777777777797 
166.00313653679083 22.0 0.0 3.0 35.0 14195.788428324311 14197.54814814815 14232.777777777797 
167.00313653679083 22.0 0.0 3.0 35.0 14197.372176165758 14197.54814814815 14232.777777777797 
168.00313653679083 22.0 0.0 3.0 35.0 14181.67721761659 14179.933333333322 14232.777777777797 
169.00313653679083 23.0 0.0 2.0 35.0 14195.96105509499 14197.54814814815 14232.777777777797 
170.00313653679083 23.0 0.0 2.0 35.0 14197.389438842798 14197.54814814815 14232.777777777797 
171.00313653679083 24.0 0.0 1.0 35.0 14197.53227721763 14197.54814814815 14232.777777777797 
172.00313653679083 24.0 0.0 2.0 35.0 14213.399894388449 14215.162962962962 14232.777777777797 
173.00313653679083 24.0 0.0 2.0 35.0 14214.9866561055 14215.162962962962 14232.777777777797 
174.00313653679083 24.0 0.0 3.0 35.0 14199.291998943894 14197.54814814815 14232.777777777797 
175.00313653679083 24.0 0.0 3.0 35.0 14181.869199894403 14179.933333333322 14232.777777777797 
176.00313653679083 24.0 0.0 4.0 35.0 14180.126919989421 14179.933333333322 14232.777777777797 
177.00313653679083 24.0 0.0 5.0 35.0 14164.099358665611 14162.318518518547 14232.777777777797 
178.00313653679083 25.0 0.0 4.0 35.0 14162.496602533225 14162.318518518547 14232.777777777797 
179.00313653679083 26.0 0.0 3.0 35.0 14178.189660253329 14179.933333333322 14232.777777777797 
180.00313653679083 27.0 0.0 2.0 35.0 14179.758966025325 14179.933333333322 14232.777777777797 
181.00313653679083 27.0 0.0 2.0 35.0 14195.769229935864 14197.54814814815 14232.777777777797 
182.00313653679083 27.0 0.0 2.0 35.0 14197.37025632692 14197.54814814815 14232.777777777797 
183.00313653679083 27.0 0.0 2.0 35.0 14197.530358966053 14197.54814814815 14232.777777777797 
184.00313653679083 27.0 0.0 3.0 35.0 14197.546369229955 14197.54814814815 14232.777777777797 
185.00313653679083 27.0 0.0 3.0 35.0 14197.547970256343 14197.54814814815 14232.777777777797 
186.00313653679083 27.0 0.0 3.0 35.0 14181.701463692267 14179.940740740722 14232.777777777797 
187.00313653679083 27.0 0.0 3.0 35.0 14180.116813035882 14179.940740740722 14232.777777777797 
188.00313653679083 27.0 0.0 3.0 35.0 14179.958347970263 14179.940740740722 14232.777777777797 
189.00313653679083 27.0 0.0 3.0 35.0 14179.94250146369 14179.940740740722 14232.777777777797 
190.00313653679083 27.0 0.0 3.0 35.0 14179.94091681307 14179.940740740722 14232.777777777797 
191.00313653679083 27.0 0.0 3.0 35.0 14179.940758347964 14179.940740740722 14232.777777777797 
192.00313653679083 27.0 0.0 3.0 35.0 14179.940742501429 14179.940740740722 14232.777777777797 
193.00313653679083 28.0 0.0 2.0 35.0 14179.94074091682 14179.940740740722 14232.777777777797 
194.00313653679083 28.0 0.0 2.0 35.0 14195.787407425027 14197.54814814815 14232.777777777797 
195.00313653679083 28.0 0.0 2.0 35.0 14197.372074075836 14197.54814814815 14232.777777777797 
196.0024877351967 29.0 0.0 1.0 35.0 14197.530540740925 14197.54814814815 14232.777777777797 
197.00313653679083 29.0 0.0 2.0 35.0 14213.399720740772 14215.162962962962 14232.777777777797 
198.00313653679083 29.0 0.0 2.0 35.0 14199.133305407435 14197.54814814815 14232.777777777797 
199.00313653679083 29.0 0.0 3.0 35.0 14197.70666387408 14197.54814814815 14232.777777777797 
200.00313653679083 29.0 0.0 3.0 35.0 14197.563999720727 14197.54814814815 14232.777777777797 
201.00313653679083 29.0 0.0 3.0 35.0 14181.696399972076 14179.933333333322 14232.777777777797 
202.00313653679083 29.0 0.0 3.0 35.0 14180.109639997208 14179.933333333322 14232.777777777797 
203.00313653679083 29.0 0.0 3.0 35.0 14179.950963999738 14179.933333333322 14232.777777777797 
204.00313653679083 29.0 0.0 3.0 35.0 14179.93509639999 14179.933333333322 14232.777777777797 
205.00313653679083 29.0 0.0 3.0 35.0 14179.93350963999 14179.933333333322 14232.777777777797 
206.00313653679083 29.0 0.0 3.0 35.0 14179.933350964011 14179.933333333322 14232.777777777797 
207.00313653679083 29.0 0.0 3.0 35.0 14179.933335096433 14179.933333333322 14232.777777777797 
208.00313653679083 30.0 0.0 2.0 35.0 14195.78666684298 14197.54814814815 14232.777777777797 
209.00313653679083 31.0 0.0 1.0 35.0 14197.372000017609 14197.54814814815 14232.777777777797 
210.00313653679083 31.0 0.0 1.0 35.0 14213.383866668417 14215.162962962962 14232.777777777797 
211.00313653679083 31.0 0.0 1.0 35.0 14214.985053333543 14215.162962962962 14232.777777777797 
212.00313653679083 31.0 0.0 1.0 35.0 14215.145172000022 14215.162962962962 14232.777777777797 
213.00313653679083 32.0 0.0 0.0 35.0 14231.014517200036 14232.777777777797 14232.777777777797 
214.00313653679083 32.0 0.0 0.0 35.0 14232.601451719984 14232.777777777797 14232.777777777797 
215.00313653679083 32.0 0.0 0.0 35.0 14232.760145171993 14232.777777777797 14232.777777777797 
216.00313653679083 32.0 0.0 0.0 35.0 14232.776014517198 14232.777777777797 14232.777777777797 
217.00313653679083 32.0 0.0 0.0 35.0 14232.777601451733 14232.777777777797 14232.777777777797 
218.00313653679083 32.0 0.0 0.0 35.0 14232.77776014517 14232.777777777797 14232.777777777797 
219.00313653679083 32.0 0.0 0.0 35.0 14232.77777601451 14232.777777777797 14232.777777777797 
220.00313653679083 32.0 0.0 0.0 35.0 14232.777777601426 14232.777777777797 14232.777777777797 
221.00313653679083 32.0 0.0 2.0 35.0 14232.777777760146 14232.777777777797 14232.777777777797 
222.00313653679083 32.0 0.0 2.0 35.0 14216.924444442673 14215.162962962962 14232.777777777797 
223.00313653679083 32.0 0.0 2.0 35.0 14199.48577777759 14197.54814814815 14232.777777777797 
224.00313653679083 33.0 0.0 1.0 35.0 14197.741911111094 14197.54814814815 14232.777777777797 
225.00313653679083 33.0 0.0 1.0 35.0 14213.420857777752 14215.162962962962 14232.777777777797 
226.00313653679083 34.0 0.0 0.0 35.0 14214.988752444451 14215.162962962962 14232.777777777797 
227.00313653679083 34.0 0.0 0.0 35.0 14230.998875244446 14232.777777777797 14232.777777777797 
228.00313653679083 34.0 0.0 0.0 35.0 14232.599887524411 14232.777777777797 14232.777777777797 
229.00313653679083 34.0 0.0 1.0 35.0 14232.759988752458 14232.777777777797 14232.777777777797 
230.00313653679083 34.0 0.0 2.0 35.0 14216.92266554191 14215.162962962962 14232.777777777797 
231.00313653679083 34.0 0.0 3.0 35.0 14199.485599887506 14197.54814814815 14232.777777777797 
232.00313653679083 34.0 0.0 3.0 35.0 14197.741893322103 14197.54814814815 14232.777777777797 
233.00313653679083 34.0 0.0 3.0 35.0 14181.714189332206 14179.933333333322 14232.777777777797 
234.00313653679083 35.0 0.0 3.0 35.0 14180.111418933222 14179.933333333322 14232.777777777797 
235.00313653679083 35.0 0.0 3.0 35.0 14179.957808559984 14179.940740740722 14232.777777777797 
236.00313653679083 35.0 0.0 3.0 35.0 14179.942447522675 14179.940740740722 14232.777777777797 
237.00313653679083 35.0 0.0 3.0 35.0 14179.9409114189 14179.940740740722 14232.777777777797 
238.00313653679083 36.0 0.0 3.0 35.0 14195.787424475246 14197.54814814815 14232.777777777797 
239.00313653679083 36.0 0.0 4.0 35.0 14181.525409114201 14179.940740740722 14232.777777777797 
240.00313653679083 37.0 0.0 4.0 35.0 14180.099207578087 14179.940740740722 14232.777777777797 
241.00313653679083 37.0 0.0 4.0 35.0 14164.10325409114 14162.325925925896 14232.777777777797 
242.00313653679083 38.0 0.0 3.0 35.0 14162.503658742466 14162.325925925896 14232.777777777797 
243.00313653679083 38.0 0.0 3.0 35.0 14178.197032540926 14179.940740740722 14232.777777777797 
244.00313653679083 38.0 0.0 3.0 35.0 14179.766369920751 14179.940740740722 14232.777777777797 
245.00313653679083 39.0 0.0 2.0 35.0 14179.923303658734 14179.940740740722 14232.777777777797 
246.00313653679083 39.0 0.0 4.0 35.0 14195.785663699175 14197.54814814815 14232.777777777797 
247.00313653679083 39.0 0.0 5.0 35.0 14181.51856636992 14179.933333333322 14232.777777777797 
248.00313653679083 40.0 0.0 5.0 35.0 14164.245189970308 14162.325925925896 14232.777777777797 
249.00313653679083 40.0 0.0 6.0 35.0 14146.657852330352 14144.70370370372 14232.777777777797 
250.00313653679083 41.0 0.0 6.0 35.0 14129.045785233024 14127.088888888855 14232.777777777797 
251.00313653679083 41.0 0.0 6.0 35.0 14143.137911856635 14144.70370370372 14232.777777777797 
252.00313653679083 41.0 0.0 6.0 35.0 14128.69379118567 14127.088888888855 14232.777777777797 
253.00313653679083 41.0 0.0 7.0 35.0 14127.249379118557 14127.088888888855 14232.777777777797 
254.00313653679083 41.0 0.0 7.0 35.0 14127.104937911845 14127.088888888855 14232.777777777797 
255.00313653679083 41.0 0.0 8.0 35.0 14111.23716045785 14109.474074074082 14232.777777777797 
256.00313653679086 42.0 0.0 7.0 35.0 14125.503716045805 14127.088888888855 14232.777777777797 
257.00313653679086 42.0 0.0 7.0 35.0 14111.083704937893 14109.481481481478 14232.777777777797 
258.00313653679086 42.0 0.0 7.0 35.0 14109.641703827152 14109.481481481478 14232.777777777797 
259.00313653679086 43.0 0.0 6.0 35.0 14125.350837049376 14127.096296296291 14232.777777777797 
260.00313653679086 43.0 0.0 7.0 35.0 14126.921750371623 14127.096296296291 14232.777777777797 
261.00313653679086 43.0 0.0 8.0 35.0 14111.225508370524 14109.481481481478 14232.777777777797 
262.00313653679086 43.0 0.0 8.0 35.0 14109.655884170354 14109.481481481478 14232.777777777797 
263.00313653679086 44.0 0.0 8.0 35.0 14093.652255083724 14091.874074074081 14232.777777777797 
264.00313653679086 44.0 0.0 8.0 35.0 14107.898558841702 14109.481481481478 14232.777777777797 
265.00313653679086 44.0 0.0 8.0 35.0 14093.476522550834 14091.874074074081 14232.777777777797 
266.00313653679086 45.0 0.0 7.0 35.0 14092.03431892174 14091.874074074081 14232.777777777797 
267.00313653679086 45.0 0.0 7.0 35.0 14107.74343189218 14109.488888888909 14232.777777777797 
268.00313653679086 47.0 0.0 6.0 35.0 14125.167676522553 14127.103703703682 14232.777777777797 
269.00313653679086 47.0 0.0 7.0 35.0 14142.75676765227 14144.711111111119 14232.777777777797 
270.00313653679086 48.0 0.0 7.0 35.0 14112.815676765198 14109.488888888909 14232.777777777797 
271.00313653679086 48.0 0.0 7.0 35.0 14109.821567676543 14109.488888888909 14232.777777777797 
272.00313653679086 48.0 0.0 7.0 35.0 14109.522156767664 14109.488888888909 14232.777777777797 
273.00313653679086 48.0 0.0 7.0 35.0 14109.492215676755 14109.488888888909 14232.777777777797 
274.00313653679086 48.0 0.0 7.0 35.0 14109.48922156768 14109.488888888909 14232.777777777797 
275.00313653679086 49.0 0.0 8.0 35.0 14109.48892215677 14109.488888888909 14232.777777777797 
276.00313653679086 50.0 0.0 7.0 35.0 14093.64222554901 14091.88148148148 14232.777777777797 
277.00313653679086 51.0 0.0 6.0 35.0 14107.904222554904 14109.488888888909 14232.777777777797 
278.00313653679086 51.0 0.0 6.0 35.0 14125.183755588834 14127.103703703682 14232.777777777797 
279.00313653679086 52.0 0.0 7.0 35.0 14126.911708892203 14127.103703703682 14232.777777777797 
280.00313653679086 53.0 0.0 7.0 35.0 14142.931170889244 14144.711111111119 14232.777777777797 
281.00313653679086 53.0 0.0 7.0 35.0 14112.826450422259 14109.481481481478 14232.777777777797 
282.00313653679086 53.0 0.0 8.0 35.0 14109.815978375551 14109.481481481478 14232.777777777797 
283.00313653679086 54.0 0.0 7.0 35.0 14109.521597837549 14109.488888888909 14232.777777777797 
284.00313653679086 54.0 0.0 9.0 35.0 14109.492159783753 14109.488888888909 14232.777777777797 
285.00313653679086 54.0 0.0 10.0 35.0 14093.635882645032 14091.874074074081 14232.777777777797 
286.00313653679086 54.0 0.0 10.0 35.0 14060.350254931169 14056.651851851839 14232.777777777797 
287.00313653679086 55.0 0.0 11.0 35.0 14057.021692159768 14056.651851851839 14232.777777777797 
288.00313653679086 56.0 0.0 10.0 35.0 14056.688835882636 14056.651851851839 14232.777777777797 
289.00313653679086 57.0 0.0 9.0 35.0 14072.508883588276 14074.266666666657 14232.777777777797 
290.00313653679086 58.0 0.0 8.0 35.0 14074.090888358793 14074.266666666657 14232.777777777797 
291.00313653679086 58.0 0.0 8.0 35.0 14090.102422169235 14091.88148148148 14232.777777777797 
292.00313653679086 60.0 0.0 6.0 35.0 14123.403575550232 14127.103703703682 14232.777777777797 
293.00313653679086 60.0 0.0 6.0 35.0 14126.733690888337 14127.103703703682 14232.777777777797 
294.00313653679086 60.0 0.0 6.0 35.0 14127.066702422144 14127.103703703682 14232.777777777797 
295.00313653679086 60.0 0.0 8.0 35.0 14127.100003575562 14127.103703703682 14232.777777777797 
296.00313653679086 60.0 0.0 8.0 35.0 14111.256667024225 14109.496296296304 14232.777777777797 
297.00313653679086 60.0 0.0 9.0 35.0 14093.825666702416 14091.88888888888 14232.777777777797 
298.00313653679086 61.0 0.0 9.0 35.0 14092.08256667025 14091.88888888888 14232.777777777797 
299.00313653679086 62.0 0.0 8.0 35.0 14076.048256667027 14074.266666666657 14232.777777777797 
300.00313653679086 63.0 0.0 9.0 35.0 14090.298159000055 14091.88148148148 14232.777777777797 
301.00313653679086 63.0 0.0 11.0 35.0 14091.723149233334 14091.88148148148 14232.777777777797 
302.00313653679086 63.0 0.0 11.0 35.0 14044.312314923307 14039.04444444444 14232.777777777797 
303.00313653679086 64.0 0.0 10.0 35.0 14055.417898158996 14056.651851851839 14232.777777777797 
304.00313653679086 65.0 0.0 10.0 35.0 14072.375123149224 14074.259259259266 14232.777777777797 
305.00313653679086 65.0 0.0 11.0 35.0 14058.224178981587 14056.651851851839 14232.777777777797 
306.00313653679086 66.0 0.0 10.0 35.0 14056.809084564828 14056.651851851839 14232.777777777797 
307.00313653679086 66.0 0.0 10.0 35.0 14056.667575123138 14056.651851851839 14232.777777777797 
308.00313653679086 69.0 0.0 8.0 35.0 14056.653424178998 14056.651851851839 14232.777777777797 
309.00313653679086 69.0 0.0 9.0 35.0 14088.358675751233 14091.88148148148 14232.777777777797 
310.00313653679086 70.0 0.0 8.0 35.0 14091.529200908435 14091.88148148148 14232.777777777797 
311.00313653679086 70.0 0.0 10.0 35.0 14091.846253424179 14091.88148148148 14232.777777777797 
312.00313653679086 70.0 0.0 14.0 35.0 14060.184625342423 14056.666666666668 14232.777777777797 
313.00313653679086 70.0 0.0 15.0 35.0 14009.458462534241 14003.82222222224 14232.777777777797 
314.00313653679086 72.0 0.0 15.0 35.0 14004.38584625343 14003.82222222224 14232.777777777797 
315.00313653679086 73.0 0.0 14.0 35.0 13988.031917958675 13986.214814814812 14232.777777777797 
316.00313653679086 75.0 0.0 13.0 35.0 14002.243191795853 14003.82222222224 14232.777777777797 
317.00313653679086 77.0 0.0 12.0 35.0 14019.504319179598 14021.422222222236 14232.777777777797 
318.00313653679086 77.0 0.0 13.0 35.0 14021.223765251283 14021.414814814802 14232.777777777797 
319.00313653679086 78.0 0.0 13.0 35.0 14005.549043191782 14003.807407407408 14232.777777777797 
320.00313653679086 79.0 0.0 14.0 35.0 14003.988237652537 14003.814814814803 14232.777777777797 
321.00313653679086 79.0 0.0 14.0 35.0 14003.832157098577 14003.814814814803 14232.777777777797 
322.00313653679086 82.0 0.0 12.0 35.0 14003.816549043206 14003.814814814803 14232.777777777797 
323.00313653679086 82.0 0.0 12.0 35.0 14035.51498823764 14039.037037037015 14232.777777777797 
324.00313653679086 82.0 0.0 12.0 35.0 14022.831498823774 14021.422222222236 14232.777777777797 
325.00313653679086 83.0 0.0 12.0 35.0 14021.56314988237 14021.422222222236 14232.777777777797 
326.00313653679086 84.0 0.0 11.0 35.0 14021.442981654895 14021.42962962963 14232.777777777797 
327.00313653679086 85.0 0.0 11.0 35.0 14053.137631498827 14056.659259259277 14232.777777777797 
328.00313653679086 85.0 0.0 11.0 35.0 14040.453763149862 14039.04444444444 14232.777777777797 
329.00313653679086 85.0 0.0 11.0 35.0 14039.185376314988 14039.04444444444 14232.777777777797 
330.00313653679086 85.0 0.0 13.0 35.0 14039.05853763148 14039.04444444444 14232.777777777797 
331.00313653679086 85.0 0.0 14.0 35.0 14023.192520429795 14021.42962962963 14232.777777777797 
332.00313653679086 85.0 0.0 14.0 35.0 13989.905918709619 13986.207407407375 14232.777777777797 
333.00313653679086 86.0 0.0 14.0 35.0 14002.43059187097 14003.82222222224 14232.777777777797 
334.00313653679086 86.0 0.0 15.0 35.0 13987.836392520414 13986.214814814812 14232.777777777797 
335.00313653679086 89.0 0.0 13.0 35.0 14002.223639252046 14003.82222222224 14232.777777777797 
336.00313653679086 92.0 0.0 11.0 35.0 14035.36903059187 14039.05185185184 14232.777777777797 
337.00313653679086 93.0 0.0 11.0 35.0 14038.676903059159 14039.04444444444 14232.777777777797 
338.00313653679086 94.0 0.0 10.0 35.0 14039.007690305925 14039.04444444444 14232.777777777797 
339.00313653679086 95.0 0.0 10.0 35.0 14070.740769030586 14074.266666666657 14232.777777777797 
340.00313653679086 95.0 0.0 12.0 35.0 14058.060743569733 14056.651851851839 14232.777777777797 
341.00313653679086 96.0 0.0 12.0 35.0 14056.79940769031 14056.659259259277 14232.777777777797 
342.00313653679086 98.0 0.0 11.0 35.0 14040.826607435689 14039.05185185184 14232.777777777797 
343.00313653679086 99.0 0.0 12.0 35.0 14055.082660743567 14056.666666666668 14232.777777777797 
344.00313653679086 100.0 0.0 11.0 35.0 14056.508266074363 14056.666666666668 14232.777777777797 
345.00313653679086 100.0 0.0 11.0 35.0 14040.797493274113 14039.05185185184 14232.777777777797 
346.00313653679086 101.0 0.0 12.0 35.0 14039.226415994062 14039.05185185184 14232.777777777797 
347.00313653679086 101.0 0.0 13.0 35.0 14023.222641599428 14021.444444444414 14232.777777777797 
348.00313653679086 101.0 0.0 15.0 35.0 14005.775597493288 14003.83703703704 14232.777777777797 
349.00313653679086 102.0 0.0 14.0 35.0 14004.024226415995 14003.82962962964 14232.777777777797 
350.00313653679086 102.0 0.0 15.0 35.0 13987.99575597495 13986.214814814812 14232.777777777797 
351.00313653679086 102.0 0.0 15.0 35.0 13970.539575597486 13968.599999999999 14232.777777777797 
352.00313653679086 102.0 0.0 17.0 35.0 13968.793957559736 13968.599999999999 14232.777777777797 
353.00313653679086 103.0 0.0 17.0 35.0 13952.772729089338 13950.992592592598 14232.777777777797 
354.00313653679086 104.0 0.0 17.0 35.0 13951.170606242269 13950.992592592598 14232.777777777797 
355.00313653679086 105.0 0.0 16.0 35.0 13935.163727290877 13933.385185185174 14232.777777777797 
356.00313653679086 105.0 0.0 18.0 35.0 13949.416372729087 13951.0 14232.777777777797 
357.00313653679086 106.0 0.0 18.0 35.0 13950.841637272937 13951.0 14232.777777777797 
358.00313653679086 108.0 0.0 16.0 35.0 13950.97749706062 13950.992592592598 14232.777777777797 
359.00313653679086 110.0 0.0 14.0 35.0 13982.684416372738 13986.207407407375 14232.777777777797 
360.00313653679086 111.0 0.0 13.0 35.0 13985.855108303933 13986.207407407375 14232.777777777797 
361.00313653679086 111.0 0.0 13.0 35.0 14002.025510830425 14003.82222222224 14232.777777777797 
362.00313653679086 112.0 0.0 13.0 35.0 14019.48921774971 14021.42962962963 14232.777777777797 
363.00313653679086 113.0 0.0 16.0 35.0 14037.08225510832 14039.037037037015 14232.777777777797 
364.00313653679086 114.0 0.0 17.0 35.0 13975.448225510861 13968.599999999999 14232.777777777797 
365.00313653679086 115.0 0.0 18.0 35.0 13937.59148921777 13933.385185185174 14232.777777777797 
366.00313653679086 117.0 0.0 17.0 35.0 13965.505815588458 13968.607407407428 14232.777777777797 
367.00313653679086 119.0 0.0 17.0 35.0 13936.59724822553 13933.385185185174 14232.777777777797 
368.00313653679086 119.0 0.0 18.0 35.0 13949.54639148922 13950.985185185162 14232.777777777797 
369.00313653679086 120.0 0.0 17.0 35.0 13950.841305815571 13950.985185185162 14232.777777777797 
370.00313653679086 120.0 0.0 21.0 35.0 13935.124130581586 13933.377777777787 14232.777777777797 
371.00313653679086 121.0 0.0 21.0 35.0 13885.999079724845 13880.540740740757 14232.777777777797 
372.00313653679086 121.0 0.0 23.0 35.0 13865.23990797247 13862.933333333322 14232.777777777797 
373.00313653679086 123.0 0.0 22.0 35.0 13863.163990797255 13862.933333333322 14232.777777777797 
374.00313653679086 123.0 0.0 22.0 35.0 13847.103065746403 13845.318518518547 14232.777777777797 
375.00313653679086 125.0 0.0 20.0 35.0 13861.343639907973 13862.925925925929 14232.777777777797 
376.00313653679086 127.0 0.0 19.0 35.0 13894.474363990783 13898.155555555531 14232.777777777797 
377.00313653679086 129.0 0.0 17.0 35.0 13929.487436399068 13933.377777777787 14232.777777777797 
378.00313653679086 130.0 0.0 17.0 35.0 13948.842076973215 13950.992592592598 14232.777777777797 
379.00313653679086 130.0 0.0 20.0 35.0 13950.777541030651 13950.992592592598 14232.777777777797 
380.00313653679086 131.0 0.0 19.0 35.0 13935.11775410307 13933.377777777787 14232.777777777797 
381.00313653679086 132.0 0.0 19.0 35.0 13901.851775410281 13898.155555555531 14232.777777777797 
382.00313653679086 133.0 0.0 19.0 35.0 13898.525177541027 13898.155555555531 14232.777777777797 
383.00313653679086 134.0 0.0 18.0 35.0 13898.192517754076 13898.155555555531 14232.777777777797 
384.00313653679086 137.0 0.0 17.0 35.0 13929.859251775415 13933.377777777787 14232.777777777797 
385.00313653679086 138.0 0.0 17.0 35.0 13948.872591844212 13950.985185185162 14232.777777777797 
386.00313653679086 138.0 0.0 18.0 35.0 13950.773925851076 13950.985185185162 14232.777777777797 
387.00313653679086 138.0 0.0 18.0 35.0 13919.264059251773 13915.76296296296 14232.777777777797 
388.00313653679086 138.0 0.0 19.0 35.0 13916.113072591854 13915.76296296296 14232.777777777797 
389.00313653679086 140.0 0.0 18.0 35.0 13915.791307259176 13915.755555555561 14232.777777777797 
390.00313653679086 140.0 0.0 21.0 35.0 13915.759130725943 13915.755555555561 14232.777777777797 
391.00313653679086 141.0 0.0 20.0 35.0 13868.209246405955 13862.925925925929 14232.777777777797 
392.00313653679086 143.0 0.0 20.0 35.0 13911.007591307263 13915.76296296296 14232.777777777797 
393.00313653679086 147.0 0.0 16.0 35.0 13931.134092464034 13933.370370370389 14232.777777777797 
394.00313653679086 150.0 0.0 15.0 35.0 13996.533409246413 14003.799999999974 14232.777777777797 
395.00313653679086 150.0 0.0 16.0 35.0 13987.226674257956 13986.192592592592 14232.777777777797 
396.00313653679086 151.0 0.0 17.0 35.0 13970.44933409248 13968.5851851852 14232.777777777797 
397.00313653679086 152.0 0.0 21.0 35.0 13952.92493340925 13950.977777777773 14232.777777777797 
398.00313653679086 153.0 0.0 20.0 35.0 13935.32582667427 13933.370370370389 14232.777777777797 
399.00313653679086 155.0 0.0 18.0 35.0 13886.019249334091 13880.540740740757 14232.777777777797 
400.00313653679086 156.0 0.0 18.0 35.0 13912.788591600105 13915.76296296296 14232.777777777797 
401.00313653679086 157.0 0.0 18.0 35.0 13915.465525826678 13915.76296296296 14232.777777777797 
402.00313653679086 158.0 0.0 18.0 35.0 13947.433219249313 13950.985185185162 14232.777777777797 
403.00313653679086 159.0 0.0 17.0 35.0 13950.623321924946 13950.977777777773 14232.777777777797 
404.00313653679086 161.0 0.0 18.0 35.0 13950.942332192502 13950.977777777773 14232.777777777797 
405.00313653679086 161.0 0.0 18.0 35.0 13935.127566552583 13933.370370370389 14232.777777777797 
406.00313653679086 162.0 0.0 21.0 35.0 13933.546089988595 13933.370370370389 14232.777777777797 
407.00313653679086 165.0 0.0 18.0 35.0 13917.527942332183 13915.748148148132 14232.777777777797 
408.00313653679086 165.0 0.0 18.0 35.0 13915.91946089988 13915.740740740732 14232.777777777797 
409.00313653679086 167.0 0.0 17.0 35.0 13931.61194608999 13933.355555555561 14232.777777777797 
410.00313653679086 170.0 0.0 15.0 35.0 13933.181194608984 13933.355555555561 14232.777777777797 
411.00313653679086 170.0 0.0 15.0 35.0 13980.884786127552 13986.185185185197 14232.777777777797 
412.00313653679086 171.0 0.0 15.0 35.0 13969.808478612751 13968.577777777764 14232.777777777797 
413.00313653679086 173.0 0.0 13.0 35.0 14000.40084786126 14003.799999999974 14232.777777777797 
414.00313653679086 175.0 0.0 11.0 35.0 14035.166751452793 14039.029629629666 14232.777777777797 
415.00313653679086 175.0 0.0 11.0 35.0 14038.643341811956 14039.029629629666 14232.777777777797 
416.00313653679086 175.0 0.0 11.0 35.0 14038.991000847845 14039.029629629666 14232.777777777797 
417.00313653679086 175.0 0.0 12.0 35.0 14039.02576675143 14039.029629629666 14232.777777777797 
418.00313653679086 176.0 0.0 13.0 35.0 14023.182576675119 14021.422222222236 14232.777777777797 
419.00313653679086 176.0 0.0 15.0 35.0 14021.591591000879 14021.4148148148 14232.777777777797 
420.00313653679086 179.0 0.0 12.0 35.0 13973.885825766769 13968.5851851852 14232.777777777797 
421.00313653679086 180.0 0.0 11.0 35.0 14016.661915910028 14021.4148148148 14232.777777777797 
422.00313653679086 181.0 0.0 10.0 35.0 14036.792858257682 14039.029629629666 14232.777777777797 
423.00313653679086 181.0 0.0 11.0 35.0 14054.659285825765 14056.644444444439 14232.777777777797 
424.00313653679086 182.0 0.0 12.0 35.0 14056.445928582565 14056.644444444439 14232.777777777797 
425.00313653679086 183.0 0.0 11.0 35.0 14040.771259524914 14039.029629629666 14232.777777777797 
426.00313653679086 184.0 0.0 10.0 35.0 14039.20379261917 14039.029629629666 14232.777777777797 
427.00313653679086 185.0 0.0 11.0 35.0 14070.75371259527 14074.259259259266 14232.777777777797 
428.00313653679086 186.0 0.0 10.0 35.0 14042.208704592842 14039.037037037015 14232.777777777797 
429.00313653679086 186.0 0.0 12.0 35.0 14055.20087045929 14056.644444444439 14232.777777777797 
430.00313653679086 186.0 0.0 12.0 35.0 14040.65342037927 14039.037037037015 14232.777777777797 
431.00313653679086 186.0 0.0 12.0 35.0 14023.345342037906 14021.422222222236 14232.777777777797 
432.00313653679086 187.0 0.0 11.0 35.0 14037.467867537107 14039.037037037015 14232.777777777797 
433.00313653679086 187.0 0.0 11.0 35.0 14038.880120087051 14039.037037037015 14232.777777777797 
434.00313653679086 187.0 0.0 11.0 35.0 14039.021345342031 14039.037037037015 14232.777777777797 
435.00313653679086 188.0 0.0 10.0 35.0 14039.03546786755 14039.037037037015 14232.777777777797 
436.00313653679086 189.0 0.0 9.0 35.0 14070.73688012007 14074.259259259266 14232.777777777797 
437.00313653679086 191.0 0.0 8.0 35.0 14105.607021345368 14109.481481481478 14232.777777777797 
438.00313653679086 192.0 0.0 8.0 35.0 14124.940702134552 14127.088888888855 14232.777777777797 
439.00313653679086 192.0 0.0 9.0 35.0 14095.174070213452 14091.86666666665 14232.777777777797 
440.00313653679086 194.0 0.0 7.0 35.0 14092.197407021351 14091.86666666665 14232.777777777797 
441.00313653679086 194.0 0.0 9.0 35.0 14107.753074035445 14109.481481481478 14232.777777777797 
442.00313653679086 194.0 0.0 9.0 35.0 14093.455307403532 14091.86666666665 14232.777777777797 
443.00313653679086 194.0 0.0 9.0 35.0 14076.178864073678 14074.259259259266 14232.777777777797 
444.00313653679086 195.0 0.0 8.0 35.0 14074.4512197407 14074.259259259266 14232.777777777797 
445.00313653679086 195.0 0.0 8.0 35.0 14090.12512197407 14091.86666666665 14232.777777777797 
446.00313653679086 195.0 0.0 10.0 35.0 14091.692512197398 14091.86666666665 14232.777777777797 
447.00313653679086 195.0 0.0 10.0 35.0 14060.149251219744 14056.644444444439 14232.777777777797 
448.00313653679086 196.0 0.0 9.0 35.0 14072.848258455328 14074.259259259266 14232.777777777797 
449.00313653679086 197.0 0.0 8.0 35.0 14089.971492512219 14091.874074074081 14232.777777777797 
450.00313653679086 197.0 0.0 9.0 35.0 14091.683815917864 14091.874074074081 14232.777777777797 
451.00313653679086 198.0 0.0 8.0 35.0 14076.00171492512 14074.259259259266 14232.777777777797 
452.00313653679086 198.0 0.0 8.0 35.0 14090.286838159165 14091.874074074081 14232.777777777797 
453.00313653679086 199.0 0.0 7.0 35.0 14091.715350482564 14091.874074074081 14232.777777777797 
454.00313653679086 199.0 0.0 7.0 35.0 14107.70486838158 14109.481481481478 14232.777777777797 
455.00313653679086 199.0 0.0 7.0 35.0 14109.303820171495 14109.481481481478 14232.777777777797 
456.00313653679086 199.0 0.0 7.0 35.0 14109.463715350477 14109.481481481478 14232.777777777797 
457.00313653679086 200.0 0.0 6.0 35.0 14109.479704868387 14109.481481481478 14232.777777777797 
458.00313653679086 201.0 0.0 5.0 35.0 14141.187970486837 14144.711111111119 14232.777777777797 
459.00313653679086 201.0 0.0 5.0 35.0 14144.358797048684 14144.711111111119 14232.777777777797 
460.00313653679086 201.0 0.0 5.0 35.0 14144.675879704873 14144.711111111119 14232.777777777797 
461.00313653679086 201.0 0.0 5.0 35.0 14144.707587970477 14144.711111111119 14232.777777777797 
462.00313653679086 202.0 0.0 4.0 35.0 14160.56409213037 14162.325925925896 14232.777777777797 
463.00313653679086 202.0 0.0 4.0 35.0 14162.149742546379 14162.325925925896 14232.777777777797 
464.00313653679086 202.0 0.0 4.0 35.0 14162.308307587979 14162.325925925896 14232.777777777797 
465.00313653679086 202.0 0.0 5.0 35.0 14162.32416409216 14162.325925925896 14232.777777777797 
466.00313653679086 202.0 0.0 5.0 35.0 14162.325749742535 14162.325925925896 14232.777777777797 
467.00313653679086 202.0 0.0 6.0 35.0 14146.472574974254 14144.711111111119 14232.777777777797 
468.00313653679086 202.0 0.0 6.0 35.0 14144.88725749742 14144.711111111119 14232.777777777797 
469.00313653679086 203.0 0.0 5.0 35.0 14144.728725749728 14144.711111111119 14232.777777777797 
470.00313653679086 203.0 0.0 5.0 35.0 14144.712872574984 14144.711111111119 14232.777777777797 
471.00313653679086 203.0 0.0 5.0 35.0 14144.711287257498 14144.711111111119 14232.777777777797 
472.00313653679086 204.0 0.0 4.0 35.0 14160.56446205908 14162.325925925896 14232.777777777797 
473.00313653679086 204.0 0.0 4.0 35.0 14162.14977953924 14162.325925925896 14232.777777777797 
474.00313653679086 204.0 0.0 4.0 35.0 14162.308311287226 14162.325925925896 14232.777777777797 
475.00313653679086 204.0 0.0 4.0 35.0 14162.32416446207 14162.325925925896 14232.777777777797 
476.00313653679086 204.0 0.0 4.0 35.0 14162.325749779515 14162.325925925896 14232.777777777797 
477.00313653679086 204.0 0.0 4.0 35.0 14162.3259083113 14162.325925925896 14232.777777777797 
478.00313653679086 204.0 0.0 4.0 35.0 14162.325924164463 14162.325925925896 14232.777777777797 
479.00313653679086 205.0 0.0 4.0 35.0 14162.32592574981 14162.325925925896 14232.777777777797 
480.00313653679086 205.0 0.0 5.0 35.0 14162.31925924162 14162.318518518547 14232.777777777797 
481.00313653679086 205.0 0.0 5.0 35.0 14162.318592590833 14162.318518518547 14232.777777777797 
482.00313653679086 205.0 0.0 5.0 35.0 14146.465192592386 14144.70370370372 14232.777777777797 
483.00313653679086 206.0 0.0 4.0 35.0 14144.87985259258 14144.70370370372 14232.777777777797 
484.00313653679086 206.0 0.0 4.0 35.0 14160.57465192593 14162.318518518547 14232.777777777797 
485.00313653679086 206.0 0.0 4.0 35.0 14162.144131859237 14162.318518518547 14232.777777777797 
486.00313653679086 206.0 0.0 4.0 35.0 14162.301079852596 14162.318518518547 14232.777777777797 
487.00313653679086 206.0 0.0 5.0 35.0 14162.316774651954 14162.318518518547 14232.777777777797 
488.00313653679086 206.0 0.0 5.0 35.0 14162.318344131887 14162.318518518547 14232.777777777797 
489.00313653679086 206.0 0.0 5.0 35.0 14146.465167746532 14144.70370370372 14232.777777777797 
490.00313653679086 206.0 0.0 6.0 35.0 14144.879850108007 14144.70370370372 14232.777777777797 
491.00313653679086 207.0 0.0 5.0 35.0 14128.867985010773 14127.088888888855 14232.777777777797 
492.00313653679086 209.0 0.0 3.0 35.0 14158.973465167737 14162.318518518547 14232.777777777797 
493.00313653679086 210.0 0.0 2.0 35.0 14177.837346516768 14179.933333333322 14232.777777777797 
494.00313653679086 210.0 0.0 2.0 35.0 14195.577067985034 14197.54814814815 14232.777777777797 
495.00313653679086 210.0 0.0 4.0 35.0 14197.35104013181 14197.54814814815 14232.777777777797 
496.00313653679086 210.0 0.0 4.0 35.0 14165.82177067982 14162.318518518547 14232.777777777797 
497.00313653679086 211.0 0.0 4.0 35.0 14178.522177067995 14179.933333333322 14232.777777777797 
498.00313653679086 211.0 0.0 4.0 35.0 14179.792217706801 14179.933333333322 14232.777777777797 
499.00313653679086 212.0 0.0 3.0 35.0 14164.065888437344 14162.318518518547 14232.777777777797 
500.00313653679086 212.0 0.0 3.0 35.0 14178.346588843737 14179.933333333322 14232.777777777797 
501.00313653679086 212.0 0.0 3.0 35.0 14179.774658884362 14179.933333333322 14232.777777777797 
502.00313653679086 212.0 0.0 3.0 35.0 14179.917465888444 14179.933333333322 14232.777777777797 
503.00313653679086 212.0 0.0 3.0 35.0 14179.931746588874 14179.933333333322 14232.777777777797 
504.00313653679086 212.0 0.0 3.0 35.0 14179.933174658887 14179.933333333322 14232.777777777797 
505.00313653679086 212.0 0.0 3.0 35.0 14179.93331746586 14179.933333333322 14232.777777777797 
506.00313653679086 212.0 0.0 3.0 35.0 14179.933331746575 14179.933333333322 14232.777777777797 
507.00313653679086 212.0 0.0 3.0 35.0 14179.933333174666 14179.933333333322 14232.777777777797 
508.00313653679086 212.0 0.0 4.0 35.0 14179.933333317438 14179.933333333322 14232.777777777797 
509.00313653679086 212.0 0.0 4.0 35.0 14179.933333331768 14179.933333333322 14232.777777777797 
510.00313653679086 212.0 0.0 4.0 35.0 14164.079999999842 14162.318518518547 14232.777777777797 
511.00313653679086 213.0 0.0 4.0 35.0 14162.494666666653 14162.318518518547 14232.777777777797 
512.0031365367909 213.0 0.0 4.0 35.0 14178.189466666669 14179.933333333322 14232.777777777797 
513.0031365367909 213.0 0.0 4.0 35.0 14163.90561333334 14162.318518518547 14232.777777777797 
514.0031365367909 213.0 0.0 4.0 35.0 14162.477228000009 14162.318518518547 14232.777777777797 
515.0031365367909 213.0 0.0 4.0 35.0 14162.33438946668 14162.318518518547 14232.777777777797 
516.0031365367909 213.0 0.0 4.0 35.0 14162.320105613318 14162.318518518547 14232.777777777797 
517.0031365367909 214.0 0.0 3.0 35.0 14178.172010561344 14179.933333333322 14232.777777777797 
518.0031365367909 215.0 0.0 2.0 35.0 14195.610534389447 14197.54814814815 14232.777777777797 
519.0031365367909 215.0 0.0 2.0 35.0 14197.354386772291 14197.54814814815 14232.777777777797 
520.0031365367909 215.0 0.0 2.0 35.0 14197.52877201056 14197.54814814815 14232.777777777797 
521.0031365367909 215.0 0.0 2.0 35.0 14197.546210534378 14197.54814814815 14232.777777777797 
522.0031365367909 215.0 0.0 2.0 35.0 14197.547954386753 14197.54814814815 14232.777777777797 
523.0031365367909 215.0 0.0 2.0 35.0 14197.548128771983 14197.54814814815 14232.777777777797 
524.0031365367909 215.0 0.0 2.0 35.0 14197.548146210536 14197.54814814815 14232.777777777797 
525.0031365367909 215.0 0.0 2.0 35.0 14197.5481479544 14197.54814814815 14232.777777777797 
526.0031365367909 215.0 0.0 3.0 35.0 14197.54814812878 14197.54814814815 14232.777777777797 
527.0031365367909 215.0 0.0 3.0 35.0 14197.54814814621 14197.54814814815 14232.777777777797 
528.0031365367909 215.0 0.0 3.0 35.0 14181.694814814615 14179.933333333322 14232.777777777797 
529.0031365367909 216.0 0.0 2.0 35.0 14180.109481481464 14179.933333333322 14232.777777777797 
530.0031365367909 216.0 0.0 2.0 35.0 14195.804281481489 14197.54814814815 14232.777777777797 
531.0031365367909 216.0 0.0 2.0 35.0 14197.373761481496 14197.54814814815 14232.777777777797 
532.0031365367909 216.0 0.0 2.0 35.0 14197.530709481478 14197.54814814815 14232.777777777797 
533.0031365367909 216.0 0.0 2.0 35.0 14197.546404281484 14197.54814814815 14232.777777777797 
534.0031365367909 216.0 0.0 3.0 35.0 14197.547973761477 14197.54814814815 14232.777777777797 
535.0031365367909 216.0 0.0 3.0 35.0 14197.548130709501 14197.54814814815 14232.777777777797 
536.0031365367909 217.0 0.0 3.0 35.0 14181.694813070939 14179.933333333322 14232.777777777797 
537.0031365367909 217.0 0.0 3.0 35.0 14180.109481307076 14179.933333333322 14232.777777777797 
538.0031365367909 217.0 0.0 3.0 35.0 14179.950948130707 14179.933333333322 14232.777777777797 
539.0031365367909 217.0 0.0 4.0 35.0 14179.935094813045 14179.933333333322 14232.777777777797 
540.0031365367909 217.0 0.0 5.0 35.0 14179.933509481314 14179.933333333322 14232.777777777797 
541.0031365367909 217.0 0.0 5.0 35.0 14164.080017614797 14162.318518518547 14232.777777777797 
542.0031365367909 218.0 0.0 5.0 35.0 14162.501335094805 14162.325925925896 14232.777777777797 
543.0031365367909 218.0 0.0 5.0 35.0 14162.343466842833 14162.325925925896 14232.777777777797 
544.0031365367909 218.0 0.0 6.0 35.0 14146.474346684274 14144.711111111119 14232.777777777797 
545.0031365367909 218.0 0.0 6.0 35.0 14144.887434668457 14144.711111111119 14232.777777777797 
546.0031365367909 218.0 0.0 6.0 35.0 14128.875410133514 14127.096296296291 14232.777777777797 
547.0031365367909 218.0 0.0 6.0 35.0 14127.274207680013 14127.096296296291 14232.777777777797 
548.0031365367909 218.0 0.0 6.0 35.0 14127.114087434642 14127.096296296291 14232.777777777797 
549.0031365367909 218.0 0.0 6.0 35.0 14127.098075410144 14127.096296296291 14232.777777777797 
550.0031365367909 218.0 0.0 6.0 35.0 14127.09647420766 14127.096296296291 14232.777777777797 
551.0031365367909 219.0 0.0 5.0 35.0 14127.096314087437 14127.096296296291 14232.777777777797 
552.0031365367909 220.0 0.0 4.0 35.0 14142.94963140872 14144.711111111119 14232.777777777797 
553.0031365367909 220.0 0.0 4.0 35.0 14160.388296474182 14162.325925925896 14232.777777777797 
554.0031365367909 220.0 0.0 4.0 35.0 14162.132162980766 14162.325925925896 14232.777777777797 
555.0031365367909 220.0 0.0 4.0 35.0 14162.306549631396 14162.325925925896 14232.777777777797 
556.0031365367909 221.0 0.0 3.0 35.0 14162.323988296472 14162.325925925896 14232.777777777797 
557.0031365367909 221.0 0.0 3.0 35.0 14178.172398829676 14179.933333333322 14232.777777777797 
558.0031365367909 221.0 0.0 3.0 35.0 14179.75723988296 14179.933333333322 14232.777777777797 
559.0031365367909 221.0 0.0 3.0 35.0 14179.915723988277 14179.933333333322 14232.777777777797 
560.0031365367909 221.0 0.0 3.0 35.0 14179.93157239881 14179.933333333322 14232.777777777797 
561.0031365367909 221.0 0.0 4.0 35.0 14179.93315723988 14179.933333333322 14232.777777777797 
562.0031365367909 221.0 0.0 4.0 35.0 14179.933315723985 14179.933333333322 14232.777777777797 
563.0031365367909 222.0 0.0 3.0 35.0 14164.079998239053 14162.318518518547 14232.777777777797 
564.0031365367909 222.0 0.0 3.0 35.0 14178.34799982391 14179.933333333322 14232.777777777797 
565.0031365367909 223.0 0.0 2.0 35.0 14179.774799982388 14179.933333333322 14232.777777777797 
566.0031365367909 223.0 0.0 2.0 35.0 14195.77081333158 14197.54814814815 14232.777777777797 
567.0031365367909 224.0 0.0 1.0 35.0 14197.370414666477 14197.54814814815 14232.777777777797 
568.0031365367909 224.0 0.0 2.0 35.0 14213.383708133293 14215.162962962962 14232.777777777797 
569.0031365367909 224.0 0.0 2.0 35.0 14199.131704146666 14197.54814814815 14232.777777777797 
570.0031365367909 224.0 0.0 2.0 35.0 14197.70650374802 14197.54814814815 14232.777777777797 
571.0031365367909 224.0 0.0 2.0 35.0 14197.56398370812 14197.54814814815 14232.777777777797 
572.0031365367909 224.0 0.0 2.0 35.0 14197.549731704128 14197.54814814815 14232.777777777797 
573.0031365367909 224.0 0.0 2.0 35.0 14197.548306503722 14197.54814814815 14232.777777777797 
574.0031365367909 224.0 0.0 2.0 35.0 14197.548163983685 14197.54814814815 14232.777777777797 
575.0031365367909 224.0 0.0 2.0 35.0 14197.548149731698 14197.54814814815 14232.777777777797 
576.0031365367909 224.0 0.0 2.0 35.0 14197.548148306478 14197.54814814815 14232.777777777797 
577.0031365367909 224.0 0.0 2.0 35.0 14197.548148163985 14197.54814814815 14232.777777777797 
578.0031365367909 224.0 0.0 2.0 35.0 14197.548148149745 14197.54814814815 14232.777777777797 
579.0031365367909 224.0 0.0 2.0 35.0 14197.548148148306 14197.54814814815 14232.777777777797 
580.0031365367909 224.0 0.0 2.0 35.0 14197.548148148173 14197.54814814815 14232.777777777797 
581.0031365367909 224.0 0.0 2.0 35.0 14197.54814814815 14197.54814814815 14232.777777777797 
582.0031365367909 224.0 0.0 2.0 35.0 14197.54814814815 14197.54814814815 14232.777777777797 
583.0031365367909 224.0 0.0 3.0 35.0 14197.54814814815 14197.54814814815 14232.777777777797 
584.0031365367909 224.0 0.0 3.0 35.0 14197.54814814815 14197.54814814815 14232.777777777797 
585.0031365367909 226.0 0.0 2.0 35.0 14197.54814814815 14197.54814814815 14232.777777777797 
586.0031365367909 226.0 0.0 3.0 35.0 14197.548148148147 14197.54814814815 14232.777777777797 
587.0031365367909 227.0 0.0 2.0 35.0 14181.694814814819 14179.933333333322 14232.777777777797 
588.0031365367909 228.0 0.0 1.0 35.0 14211.816148148144 14215.162962962962 14232.777777777797 
589.0031365367909 228.0 0.0 1.0 35.0 14214.828281481461 14215.162962962962 14232.777777777797 
590.0031365367909 228.0 0.0 1.0 35.0 14215.129494814812 14215.162962962962 14232.777777777797 
591.0031365367909 228.0 0.0 1.0 35.0 14215.159616148176 14215.162962962962 14232.777777777797 
592.0031365367909 228.0 0.0 1.0 35.0 14215.162628281485 14215.162962962962 14232.777777777797 
593.0031365367909 228.0 0.0 1.0 35.0 14215.162929494787 14215.162962962962 14232.777777777797 
594.0031365367909 228.0 0.0 1.0 35.0 14215.162959616137 14215.162962962962 14232.777777777797 
595.0031365367909 228.0 0.0 1.0 35.0 14215.16296262827 14215.162962962962 14232.777777777797 
596.0031365367909 228.0 0.0 1.0 35.0 14215.162962929493 14215.162962962962 14232.777777777797 
597.0031365367909 229.0 0.0 0.0 35.0 14215.162962959621 14215.162962962962 14232.777777777797 
598.0031365367909 229.0 0.0 0.0 35.0 14231.016296295988 14232.777777777797 14232.777777777797 
599.0031365367909 229.0 0.0 1.0 35.0 14232.601629629602 14232.777777777797 14232.777777777797 
600.0031365367909 229.0 0.0 1.0 35.0 14216.90682962962 14215.162962962962 14232.777777777797 
#####################################################################
# End of data export. Simulation finished at: 2020-01-31T20:39+0000 #
#####################################################################
