#####################################################################
# Alchemist log file - simulation started at: 2020-02-15T08:44+0000 #
#####################################################################
# longseed = 46.0, meanTaskSize = 1000, peakFrequency = 0.03
#
# The columns have the following meaning: 
# time done[Sum] drop[Sum] waiting[Sum] isLeader[Sum] capacity[Mean] freeCapacity[Mean] maxCapacity[Mean] 
0.0 NaN 0.0 NaN NaN NaN NaN NaN 
1.0078925216985197 0.0 0.0 0.0 135.0 14232.777777777797 14232.777777777797 14232.777777777797 
2.00789252169852 0.0 0.0 0.0 135.0 14232.777777777797 14232.777777777797 14232.777777777797 
3.00789252169852 0.0 0.0 0.0 135.0 14232.777777777797 14232.777777777797 14232.777777777797 
4.00789252169852 0.0 0.0 0.0 135.0 14232.777777777797 14232.777777777797 14232.777777777797 
5.00789252169852 0.0 0.0 0.0 135.0 14232.777777777797 14232.777777777797 14232.777777777797 
6.00789252169852 0.0 0.0 0.0 135.0 14232.777777777797 14232.777777777797 14232.777777777797 
7.00789252169852 0.0 0.0 0.0 135.0 14232.777777777797 14232.777777777797 14232.777777777797 
8.007892521698519 0.0 0.0 0.0 135.0 14232.777777777797 14232.777777777797 14232.777777777797 
9.007892521698519 0.0 0.0 0.0 135.0 14232.777777777797 14232.777777777797 14232.777777777797 
10.007892521698519 0.0 0.0 0.0 135.0 14232.777777777797 14232.777777777797 14232.777777777797 
11.007892521698519 0.0 0.0 0.0 135.0 14232.777777777797 14232.777777777797 14232.777777777797 
12.007892521698519 0.0 0.0 1.0 135.0 14232.777777777797 14232.777777777797 14232.777777777797 
13.007892521698519 0.0 0.0 1.0 135.0 14232.465185185178 14229.651851851839 14232.777777777797 
14.007892521698519 0.0 0.0 1.0 135.0 14232.183851851856 14229.651851851839 14232.777777777797 
15.007892521698519 0.0 0.0 1.0 135.0 14231.930651851853 14229.651851851839 14232.777777777797 
16.00789252169852 0.0 0.0 1.0 135.0 14231.70277185189 14229.651851851839 14232.777777777797 
17.00789252169852 0.0 0.0 1.0 135.0 14231.497679851847 14229.651851851839 14232.777777777797 
18.00789252169852 0.0 0.0 1.0 134.0 14231.313097051876 14229.651851851839 14232.777777777797 
19.00789252169852 0.0 0.0 1.0 134.0 14231.14697253186 14229.651851851839 14232.777777777797 
20.00789252169852 0.0 0.0 1.0 134.0 14230.997460463845 14229.651851851839 14232.777777777797 
21.00789252169852 0.0 0.0 1.0 134.0 14230.862899602673 14229.651851851839 14232.777777777797 
22.00789252169852 0.0 0.0 2.0 134.0 14230.741794827538 14229.651851851839 14232.777777777797 
23.00789252169852 0.0 0.0 2.0 134.0 14230.320207937422 14226.525925925918 14232.777777777797 
24.00789252169852 0.0 0.0 2.0 134.0 14229.940779736255 14226.525925925918 14232.777777777797 
25.00789252169852 0.0 0.0 2.0 134.0 14229.59929435523 14226.525925925918 14232.777777777797 
26.00789252169852 0.0 0.0 3.0 134.0 14229.291957512312 14226.525925925918 14232.777777777797 
27.00789252169852 0.0 0.0 3.0 134.0 14228.702761761067 14223.400000000001 14232.777777777797 
28.00789252169852 0.0 0.0 3.0 133.0 14228.172485584968 14223.400000000001 14232.777777777797 
29.00789252169852 0.0 0.0 3.0 133.0 14227.69523702646 14223.400000000001 14232.777777777797 
30.00789252169852 0.0 0.0 3.0 133.0 14227.265713323803 14223.400000000001 14232.777777777797 
31.00789252169852 0.0 0.0 3.0 133.0 14226.879141991401 14223.400000000001 14232.777777777797 
32.00789252169852 0.0 0.0 3.0 132.0 14226.531227792293 14223.400000000001 14232.777777777797 
33.00789252169852 0.0 0.0 4.0 132.0 14226.21810501309 14223.400000000001 14232.777777777797 
34.00789252169852 0.0 0.0 4.0 132.0 14225.623701919154 14220.274074074052 14232.777777777797 
35.00789252169852 0.0 0.0 5.0 132.0 14225.088739134684 14220.274074074052 14232.777777777797 
36.00789252169852 0.0 0.0 5.0 132.0 14224.294680036011 14217.14814814815 14232.777777777797 
37.00789252169852 0.0 0.0 5.0 132.0 14223.580026847221 14217.14814814815 14232.777777777797 
38.00789252169852 0.0 0.0 5.0 132.0 14222.936838977334 14217.14814814815 14232.777777777797 
39.00789252169852 0.0 0.0 5.0 131.0 14222.357969894394 14217.14814814815 14232.777777777797 
40.00789252169852 0.0 0.0 5.0 131.0 14221.836987719762 14217.14814814815 14232.777777777797 
41.00789252169852 0.0 0.0 6.0 130.0 14221.368103762597 14217.14814814815 14232.777777777797 
42.00789252169852 0.0 0.0 6.0 130.0 14220.633515608566 14214.022222222226 14232.777777777797 
43.00789252169852 0.0 0.0 6.0 130.0 14219.972386269947 14214.022222222226 14232.777777777797 
44.00789252169852 0.0 0.0 7.0 130.0 14219.377369865162 14214.022222222226 14232.777777777797 
45.00789252169852 0.0 0.0 7.0 130.0 14217.080373619398 14196.407407407401 14232.777777777797 
46.00789252169852 0.0 0.0 7.0 130.0 14215.013076998182 14196.407407407401 14232.777777777797 
47.00789252169852 0.0 0.0 7.0 129.0 14213.152510039106 14196.407407407401 14232.777777777797 
48.00789252169852 0.0 0.0 7.0 129.0 14211.477999775962 14196.407407407401 14232.777777777797 
49.00789252169852 0.0 0.0 7.0 129.0 14209.970940539053 14196.407407407401 14232.777777777797 
50.00789252169852 0.0 0.0 7.0 129.0 14208.614587225899 14196.407407407401 14232.777777777797 
51.00789252169852 0.0 0.0 7.0 129.0 14207.393869244093 14196.407407407401 14232.777777777797 
52.00789252169852 1.0 0.0 6.0 129.0 14206.295223060415 14196.407407407401 14232.777777777797 
53.00789252169852 1.0 0.0 6.0 129.0 14207.067922976597 14214.022222222226 14232.777777777797 
54.00789252169852 1.0 0.0 6.0 129.0 14207.763352901147 14214.022222222226 14232.777777777797 
55.00789252169852 1.0 0.0 6.0 129.0 14208.389239833275 14214.022222222226 14232.777777777797 
56.00789252169852 1.0 0.0 6.0 129.0 14208.952538072168 14214.022222222226 14232.777777777797 
57.00789252169852 1.0 0.0 6.0 129.0 14209.45950648716 14214.022222222226 14232.777777777797 
58.00789252169852 1.0 0.0 6.0 129.0 14209.915778060658 14214.022222222226 14232.777777777797 
59.00789252169852 1.0 0.0 6.0 129.0 14210.326422476823 14214.022222222226 14232.777777777797 
60.00789252169852 1.0 0.0 7.0 129.0 14210.696002451348 14214.022222222226 14232.777777777797 
61.00789252169852 1.0 0.0 7.0 129.0 14209.26714294696 14196.407407407401 14232.777777777797 
62.00789252169852 1.0 0.0 7.0 129.0 14207.981169392988 14196.407407407401 14232.777777777797 
63.00789252169852 1.0 0.0 7.0 129.0 14206.823793194426 14196.407407407401 14232.777777777797 
64.00789252169852 1.0 0.0 7.0 129.0 14205.782154615756 14196.407407407401 14232.777777777797 
65.00789252169852 2.0 0.0 6.0 129.0 14204.844679894943 14196.407407407401 14232.777777777797 
66.00789252169852 2.0 0.0 6.0 129.0 14205.762434127633 14214.022222222226 14232.777777777797 
67.00789252169852 2.0 0.0 6.0 129.0 14206.5884129371 14214.022222222226 14232.777777777797 
68.00789252169852 2.0 0.0 6.0 129.0 14207.331793865593 14214.022222222226 14232.777777777797 
69.00789252169852 2.0 0.0 6.0 129.0 14208.000836701272 14214.022222222226 14232.777777777797 
70.00789252169852 2.0 0.0 7.0 129.0 14208.602975253352 14214.022222222226 14232.777777777797 
71.00789252169852 2.0 0.0 7.0 129.0 14208.832307357661 14210.896296296318 14232.777777777797 
72.00789252169852 2.0 0.0 7.0 129.0 14209.038706251538 14210.896296296318 14232.777777777797 
73.00789252169852 2.0 0.0 7.0 129.0 14209.224465256002 14210.896296296318 14232.777777777797 
74.00789252169852 2.0 0.0 7.0 129.0 14209.391648360013 14210.896296296318 14232.777777777797 
75.00789252169852 2.0 0.0 7.0 129.0 14209.542113153664 14210.896296296318 14232.777777777797 
76.00789252169852 2.0 0.0 8.0 128.0 14209.67753146793 14210.896296296318 14232.777777777797 
77.00789252169852 2.0 0.0 8.0 128.0 14209.486815358152 14207.77037037036 14232.777777777797 
78.00789252169852 2.0 0.0 8.0 128.0 14209.315170859392 14207.77037037036 14232.777777777797 
79.00789252169852 2.0 0.0 9.0 128.0 14209.16069081046 14207.77037037036 14232.777777777797 
80.00789252169852 2.0 0.0 9.0 128.0 14207.26017728502 14190.155555555531 14232.777777777797 
81.00789252169852 2.0 0.0 9.0 128.0 14205.549715112049 14190.155555555531 14232.777777777797 
82.00789252169852 3.0 0.0 8.0 127.0 14204.010299156385 14190.155555555531 14232.777777777797 
83.00789252169852 3.0 0.0 8.0 127.0 14202.93741738892 14193.281481481483 14232.777777777797 
84.00789252169852 3.0 0.0 8.0 127.0 14201.971823798161 14193.281481481483 14232.777777777797 
85.00789252169852 3.0 0.0 8.0 127.0 14201.102789566508 14193.281481481483 14232.777777777797 
86.00789252169852 3.0 0.0 8.0 127.0 14200.320658757966 14193.281481481483 14232.777777777797 
87.00789252169852 3.0 0.0 8.0 127.0 14199.616741030351 14193.281481481483 14232.777777777797 
88.00789252169852 4.0 0.0 7.0 127.0 14198.983215075465 14193.281481481483 14232.777777777797 
89.00789252169852 4.0 0.0 7.0 127.0 14200.174523197518 14210.896296296318 14232.777777777797 
90.00789252169852 4.0 0.0 7.0 128.0 14201.246700507407 14210.896296296318 14232.777777777797 
91.00789252169852 4.0 0.0 7.0 128.0 14202.211660086296 14210.896296296318 14232.777777777797 
92.00789252169852 4.0 0.0 7.0 128.0 14203.080123707321 14210.896296296318 14232.777777777797 
93.00789252169852 4.0 0.0 7.0 128.0 14203.861740966217 14210.896296296318 14232.777777777797 
94.00789252169852 4.0 0.0 7.0 128.0 14204.565196499203 14210.896296296318 14232.777777777797 
95.00789252169852 4.0 0.0 7.0 128.0 14205.198306478913 14210.896296296318 14232.777777777797 
96.00789252169852 5.0 0.0 6.0 128.0 14205.768105460658 14210.896296296318 14232.777777777797 
97.00789252169852 5.0 0.0 6.0 128.0 14206.593517136844 14214.022222222226 14232.777777777797 
98.00789252169852 5.0 0.0 7.0 128.0 14207.336387645351 14214.022222222226 14232.777777777797 
99.00789252169852 5.0 0.0 7.0 128.0 14207.692378510428 14210.896296296318 14232.777777777797 
100.00789252169852 5.0 0.0 8.0 128.0 14208.012770289004 14210.896296296318 14232.777777777797 
101.00789252169852 5.0 0.0 9.0 128.0 14206.539641408299 14193.281481481483 14232.777777777797 
102.00789252169852 6.0 0.0 8.0 128.0 14204.90123282299 14190.155555555531 14232.777777777797 
103.00789252169852 6.0 0.0 8.0 129.0 14203.739257688847 14193.281481481483 14232.777777777797 
104.00789252169852 6.0 0.0 8.0 128.0 14202.693480068116 14193.281481481483 14232.777777777797 
105.00789252169852 6.0 0.0 8.0 128.0 14201.752280209457 14193.281481481483 14232.777777777797 
106.00789252169852 6.0 0.0 8.0 128.0 14200.905200336658 14193.281481481483 14232.777777777797 
107.00789252169852 7.0 0.0 7.0 127.0 14200.142828451133 14193.281481481483 14232.777777777797 
108.00789252169852 7.0 0.0 8.0 127.0 14201.218175235645 14210.896296296318 14232.777777777797 
109.00789252169852 7.0 0.0 8.0 127.0 14200.424505860241 14193.281481481483 14232.777777777797 
110.00789252169852 7.0 0.0 9.0 128.0 14199.710203422354 14193.281481481483 14232.777777777797 
111.00789252169852 7.0 0.0 9.0 128.0 14198.754738635671 14190.155555555531 14232.777777777797 
112.00789252169852 7.0 0.0 9.0 128.0 14197.894820327683 14190.155555555531 14232.777777777797 
113.00789252169852 7.0 0.0 9.0 128.0 14197.120893850459 14190.155555555531 14232.777777777797 
114.00789252169852 7.0 0.0 9.0 128.0 14196.424360020943 14190.155555555531 14232.777777777797 
115.00789252169852 7.0 0.0 9.0 128.0 14195.797479574423 14190.155555555531 14232.777777777797 
116.00789252169852 7.0 0.0 9.0 127.0 14195.233287172536 14190.155555555531 14232.777777777797 
117.00789252169852 7.0 0.0 9.0 127.0 14194.72551401084 14190.155555555531 14232.777777777797 
118.00789252169852 8.0 0.0 8.0 127.0 14194.26851816531 14190.155555555531 14232.777777777797 
119.00789252169852 8.0 0.0 8.0 127.0 14195.618703385824 14207.77037037036 14232.777777777797 
120.00789252169852 8.0 0.0 8.0 127.0 14196.833870084283 14207.77037037036 14232.777777777797 
121.00789252169852 8.0 0.0 8.0 127.0 14197.927520112908 14207.77037037036 14232.777777777797 
122.00789252169852 8.0 0.0 8.0 127.0 14198.911805138601 14207.77037037036 14232.777777777797 
123.00789252169852 8.0 0.0 8.0 127.0 14199.79766166181 14207.77037037036 14232.777777777797 
124.00789252169852 8.0 0.0 8.0 127.0 14200.594932532678 14207.77037037036 14232.777777777797 
125.00789252169852 8.0 0.0 8.0 127.0 14201.312476316414 14207.77037037036 14232.777777777797 
126.00789252169852 8.0 0.0 8.0 127.0 14201.958265721845 14207.77037037036 14232.777777777797 
127.00789252169852 8.0 0.0 9.0 127.0 14202.539476186652 14207.77037037036 14232.777777777797 
128.00789252169852 8.0 0.0 10.0 127.0 14203.062565605038 14207.77037037036 14232.777777777797 
129.00789252169852 10.0 0.0 8.0 127.0 14200.010383118606 14172.540740740757 14232.777777777797 
130.00789252169852 10.0 0.0 9.0 127.0 14199.337492954899 14193.281481481483 14232.777777777797 
131.00789252169852 10.0 0.0 9.0 127.0 14198.419299214958 14190.155555555531 14232.777777777797 
132.00789252169852 10.0 0.0 9.0 127.0 14197.592924849021 14190.155555555531 14232.777777777797 
133.00789252169852 10.0 0.0 9.0 127.0 14196.849187919704 14190.155555555531 14232.777777777797 
134.00789252169852 10.0 0.0 10.0 127.0 14196.179824683268 14190.155555555531 14232.777777777797 
135.00789252169852 10.0 0.0 10.0 127.0 14195.577397770508 14190.155555555531 14232.777777777797 
136.00789252169852 10.0 0.0 10.0 126.0 14193.274472808276 14172.54814814815 14232.777777777797 
137.00789252169852 10.0 0.0 10.0 127.0 14191.201840342253 14172.54814814815 14232.777777777797 
138.00789252169852 10.0 0.0 13.0 127.0 14189.336471122839 14172.54814814815 14232.777777777797 
139.00789252169852 11.0 0.0 14.0 127.0 14185.896157343901 14154.933333333322 14232.777777777797 
140.00789252169852 11.0 0.0 14.0 127.0 14179.277652720612 14119.711111111119 14232.777777777797 
141.00789252169852 11.0 0.0 15.0 127.0 14171.56025781892 14102.103703703682 14232.777777777797 
142.00789252169852 11.0 0.0 16.0 127.0 14162.853120925922 14084.488888888909 14232.777777777797 
143.00789252169852 12.0 0.0 15.0 127.0 14153.255956981473 14066.88148148148 14232.777777777797 
144.00789252169852 13.0 0.0 14.0 127.0 14146.379250172216 14084.488888888909 14232.777777777797 
145.00789252169852 15.0 0.0 13.0 127.0 14141.951695525388 14102.103703703682 14232.777777777797 
146.00789252169852 17.0 0.0 11.0 127.0 14139.728377824698 14119.718518518519 14232.777777777797 
147.00789252169852 17.0 0.0 11.0 127.0 14139.80072522737 14140.45185185185 14232.777777777797 
148.00789252169852 17.0 0.0 11.0 127.0 14139.865837889829 14140.45185185185 14232.777777777797 
149.00789252169852 17.0 0.0 11.0 127.0 14139.924439286046 14140.45185185185 14232.777777777797 
150.00789252169852 17.0 0.0 11.0 127.0 14139.97718054261 14140.45185185185 14232.777777777797 
151.00789252169852 18.0 0.0 11.0 127.0 14140.024647673528 14140.45185185185 14232.777777777797 
152.00789252169852 18.0 0.0 11.0 128.0 14138.61847920248 14125.962962962985 14232.777777777797 
153.00789252169852 18.0 0.0 11.0 128.0 14137.352927578537 14125.962962962985 14232.777777777797 
154.00789252169852 18.0 0.0 11.0 128.0 14136.213931116981 14125.962962962985 14232.777777777797 
155.00789252169852 18.0 0.0 11.0 128.0 14135.188834301574 14125.962962962985 14232.777777777797 
156.00789252169852 20.0 0.0 9.0 128.0 14134.266247167714 14125.962962962985 14232.777777777797 
157.00789252169852 22.0 0.0 8.0 128.0 14138.718881710207 14178.792592592627 14232.777777777797 
158.00789252169852 22.0 0.0 8.0 128.0 14144.17514168733 14193.281481481483 14232.777777777797 
159.00789252169852 24.0 0.0 6.0 129.0 14150.847257148218 14210.896296296318 14232.777777777797 
160.00789252169852 24.0 0.0 6.0 129.0 14157.164753655607 14214.022222222226 14232.777777777797 
161.00789252169852 24.0 0.0 7.0 129.0 14162.85050051227 14214.022222222226 14232.777777777797 
162.00789252169852 24.0 0.0 7.0 129.0 14167.967672683268 14214.022222222226 14232.777777777797 
163.00789252169852 24.0 0.0 7.0 128.0 14170.811646155693 14196.407407407401 14232.777777777797 
164.00789252169852 25.0 0.0 6.0 128.0 14173.37122228085 14196.407407407401 14232.777777777797 
165.00789252169852 25.0 0.0 7.0 128.0 14175.987433386108 14199.533333333318 14232.777777777797 
166.00789252169852 25.0 0.0 7.0 128.0 14176.580541899353 14181.918518518494 14232.777777777797 
167.00789252169852 26.0 0.0 7.0 129.0 14177.114339561263 14181.918518518494 14232.777777777797 
168.00789252169852 26.0 0.0 7.0 129.0 14177.594757456978 14181.918518518494 14232.777777777797 
169.00789252169852 26.0 0.0 8.0 129.0 14178.027133563146 14181.918518518494 14232.777777777797 
170.00789252169852 27.0 0.0 8.0 129.0 14178.103679466103 14178.792592592627 14232.777777777797 
171.00789252169852 28.0 0.0 8.0 129.0 14179.621459667622 14193.281481481483 14232.777777777797 
172.00789252169852 28.0 0.0 8.0 130.0 14182.43635073789 14207.77037037036 14232.777777777797 
173.00789252169852 28.0 0.0 8.0 130.0 14184.96975270115 14207.77037037036 14232.777777777797 
174.00789252169852 28.0 0.0 9.0 130.0 14187.249814468081 14207.77037037036 14232.777777777797 
175.00789252169852 28.0 0.0 9.0 129.0 14187.540388576816 14190.155555555531 14232.777777777797 
176.00789252169852 28.0 0.0 9.0 128.0 14187.80190527469 14190.155555555531 14232.777777777797 
177.00789252169852 28.0 0.0 9.0 127.0 14188.03727030277 14190.155555555531 14232.777777777797 
178.00789252169852 28.0 0.0 11.0 127.0 14188.249098828053 14190.155555555531 14232.777777777797 
179.00789252169852 28.0 0.0 12.0 127.0 14187.814559315644 14183.903703703707 14232.777777777797 
180.00789252169852 28.0 0.0 12.0 126.0 14187.111621902593 14180.785185185186 14232.777777777797 
181.00789252169852 28.0 0.0 12.0 126.0 14186.47897823083 14180.785185185186 14232.777777777797 
182.00789252169852 28.0 0.0 12.0 126.0 14185.909598926255 14180.785185185186 14232.777777777797 
183.00789252169852 28.0 0.0 13.0 126.0 14185.397157552154 14180.785185185186 14232.777777777797 
184.00789252169852 29.0 0.0 12.0 125.0 14184.935960315457 14180.785185185186 14232.777777777797 
185.00789252169852 29.0 0.0 13.0 125.0 14183.071993913572 14166.296296296277 14232.777777777797 
186.00789252169852 30.0 0.0 12.0 125.0 14181.081831559237 14163.17037037036 14232.777777777797 
187.00789252169852 30.0 0.0 12.0 125.0 14179.603278032928 14166.296296296277 14232.777777777797 
188.00789252169852 30.0 0.0 13.0 125.0 14178.272579859291 14166.296296296277 14232.777777777797 
189.00789252169852 30.0 0.0 14.0 125.0 14175.313470021494 14148.681481481453 14232.777777777797 
190.00789252169852 31.0 0.0 13.0 125.0 14174.099160056403 14163.17037037036 14232.777777777797 
191.00789252169852 32.0 0.0 13.0 124.0 14173.006281087779 14163.17037037036 14232.777777777797 
192.00789252169852 32.0 0.0 14.0 125.0 14172.335282608634 14166.296296296277 14232.777777777797 
193.00789252169852 32.0 0.0 15.0 125.0 14169.657309903338 14145.555555555586 14232.777777777797 
194.00789252169852 33.0 0.0 15.0 126.0 14166.934541875955 14142.429629629629 14232.777777777797 
195.00789252169852 33.0 0.0 15.0 125.0 14165.93368028095 14156.92592592593 14232.777777777797 
196.00789252169852 33.0 0.0 16.0 125.0 14165.032904845459 14156.92592592593 14232.777777777797 
197.00789252169852 33.0 0.0 16.0 125.0 14162.46072547199 14139.311111111108 14232.777777777797 
198.00789252169852 34.0 0.0 15.0 124.0 14160.14576403595 14139.311111111108 14232.777777777797 
199.00789252169852 35.0 0.0 14.0 124.0 14158.374891336021 14142.437037037065 14232.777777777797 
200.00789252169852 35.0 0.0 14.0 124.0 14158.542587387623 14160.05185185184 14232.777777777797 
201.00789252169852 36.0 0.0 14.0 124.0 14158.69351383403 14160.05185185184 14232.777777777797 
202.00789252169852 36.0 0.0 14.0 124.0 14160.590829117305 14177.666666666668 14232.777777777797 
203.00789252169852 36.0 0.0 16.0 125.0 14160.536931390743 14160.05185185184 14232.777777777797 
204.00789252169852 36.0 0.0 16.0 124.0 14160.175830844257 14156.92592592593 14232.777777777797 
205.00789252169852 36.0 0.0 17.0 124.0 14158.08935887096 14139.311111111108 14232.777777777797 
206.00789252169852 36.0 0.0 18.0 124.0 14155.898941502363 14136.185185185197 14232.777777777797 
207.00789252169852 36.0 0.0 18.0 124.0 14153.614973278092 14133.059259259278 14232.777777777797 
208.00789252169852 36.0 0.0 19.0 124.0 14151.559401876184 14133.059259259278 14232.777777777797 
209.00789252169852 37.0 0.0 19.0 123.0 14147.948646873776 14115.45185185185 14232.777777777797 
210.00789252169852 38.0 0.0 19.0 123.0 14144.698967371554 14115.45185185185 14232.777777777797 
211.00789252169852 38.0 0.0 20.0 122.0 14141.773515078847 14115.444444444414 14232.777777777797 
212.00789252169852 39.0 0.0 19.0 122.0 14138.828015422814 14112.318518518547 14232.777777777797 
213.00789252169852 39.0 0.0 19.0 122.0 14136.489658324983 14115.444444444414 14232.777777777797 
214.00789252169852 39.0 0.0 19.0 122.0 14134.385136936922 14115.444444444414 14232.777777777797 
215.00789252169852 39.0 0.0 19.0 122.0 14132.491067687679 14115.444444444414 14232.777777777797 
216.00789252169852 39.0 0.0 21.0 122.0 14130.786405363358 14115.444444444414 14232.777777777797 
217.00789252169852 41.0 0.0 19.0 121.0 14127.178135197397 14094.70370370372 14232.777777777797 
218.00789252169852 41.0 0.0 19.0 121.0 14126.004766122081 14115.444444444414 14232.777777777797 
219.00789252169852 43.0 0.0 19.0 121.0 14124.94873395434 14115.444444444414 14232.777777777797 
220.00789252169852 44.0 0.0 18.0 121.0 14127.521267966307 14150.674074074106 14232.777777777797 
221.00789252169852 44.0 0.0 18.0 121.0 14128.075067095602 14133.059259259278 14232.777777777797 
222.00789252169852 44.0 0.0 18.0 121.0 14128.573486311961 14133.059259259278 14232.777777777797 
223.00789252169852 45.0 0.0 18.0 121.0 14130.783545088178 14150.674074074106 14232.777777777797 
224.00789252169852 45.0 0.0 18.0 121.0 14131.01111650528 14133.059259259278 14232.777777777797 
225.00789252169852 45.0 0.0 18.0 122.0 14131.215930780681 14133.059259259278 14232.777777777797 
226.00789252169852 45.0 0.0 20.0 122.0 14131.400263628544 14133.059259259278 14232.777777777797 
227.00789252169852 45.0 0.0 20.0 122.0 14128.043940969403 14097.83703703704 14232.777777777797 
228.00789252169852 45.0 0.0 20.0 122.0 14125.02325057617 14097.83703703704 14232.777777777797 
229.00789252169852 45.0 0.0 21.0 122.0 14122.304629222235 14097.83703703704 14232.777777777797 
230.00789252169852 45.0 0.0 22.0 122.0 14119.857870003741 14097.83703703704 14232.777777777797 
231.00789252169852 46.0 0.0 22.0 122.0 14114.132823744092 14062.607407407428 14232.777777777797 
232.00789252169852 46.0 0.0 23.0 122.0 14110.429170999314 14077.096296296291 14232.777777777797 
233.00789252169852 47.0 0.0 23.0 122.0 14107.095883529008 14077.096296296291 14232.777777777797 
234.00789252169852 47.0 0.0 25.0 122.0 14100.886295176113 14045.0 14232.777777777797 
235.00789252169852 48.0 0.0 25.0 122.0 14095.297665658496 14045.0 14232.777777777797 
236.00789252169852 51.0 0.0 23.0 122.0 14087.057528722258 14012.896296296318 14232.777777777797 
237.00789252169852 51.0 0.0 23.0 121.0 14081.402886961176 14030.511111111091 14232.777777777797 
238.00789252169852 51.0 0.0 23.0 121.0 14076.313709376165 14030.511111111091 14232.777777777797 
239.00789252169852 52.0 0.0 22.0 121.0 14071.73344954965 14030.511111111091 14232.777777777797 
240.00789252169852 53.0 0.0 23.0 121.0 14071.133437928009 14065.733333333343 14232.777777777797 
241.00789252169852 54.0 0.0 23.0 122.0 14068.519353394477 14044.9925925926 14232.777777777797 
242.00789252169852 54.0 0.0 23.0 120.0 14064.40519583281 14027.377777777787 14232.777777777797 
243.00789252169852 54.0 0.0 27.0 121.0 14060.702454027323 14027.377777777787 14232.777777777797 
244.00789252169852 55.0 0.0 26.0 122.0 14054.671467883833 14000.392592592572 14232.777777777797 
245.00789252169852 55.0 0.0 26.0 121.0 14050.692469243584 14014.88148148148 14232.777777777797 
246.00789252169852 56.0 0.0 25.0 120.0 14048.872111208124 14032.488888888909 14232.777777777797 
247.00789252169852 57.0 0.0 25.0 120.0 14047.233788976195 14032.488888888909 14232.777777777797 
248.00789252169852 57.0 0.0 27.0 120.0 14047.20818785637 14046.977777777774 14232.777777777797 
249.00789252169852 58.0 0.0 27.0 118.0 14045.111813515161 14026.244444444439 14232.777777777797 
250.00789252169852 58.0 0.0 27.0 116.0 14043.225076608085 14026.244444444439 14232.777777777797 
251.00789252169852 59.0 0.0 26.0 116.0 14041.527013391733 14026.244444444439 14232.777777777797 
252.00789252169852 60.0 0.0 26.0 116.0 14039.998756497002 14026.244444444439 14232.777777777797 
253.00789252169852 61.0 0.0 25.0 116.0 14038.623325291734 14026.244444444439 14232.777777777797 
254.00789252169852 61.0 0.0 26.0 115.0 14039.146918688493 14043.859259259254 14232.777777777797 
255.00789252169852 62.0 0.0 25.0 115.0 14041.066300893743 14058.340740740723 14232.777777777797 
256.0078925216985 62.0 0.0 27.0 115.0 14042.793744878441 14058.340740740723 14232.777777777797 
257.0078925216985 62.0 0.0 27.0 115.0 14040.826222242447 14023.11851851852 14232.777777777797 
258.0078925216985 65.0 0.0 25.0 116.0 14040.816933351503 14040.733333333343 14232.777777777797 
259.0078925216985 65.0 0.0 26.0 116.0 14041.12042520155 14043.85185185185 14232.777777777797 
260.0078925216985 67.0 0.0 25.0 115.0 14039.632827125834 14026.244444444439 14232.777777777797 
261.0078925216985 67.0 0.0 25.0 115.0 14038.607322191036 14029.377777777787 14232.777777777797 
262.0078925216985 68.0 0.0 24.0 115.0 14039.44510849045 14046.985185185162 14232.777777777797 
263.0078925216985 69.0 0.0 23.0 115.0 14040.199116159922 14046.985185185162 14232.777777777797 
264.0078925216985 70.0 0.0 22.0 116.0 14042.639204543937 14064.599999999999 14232.777777777797 
265.0078925216985 71.0 0.0 22.0 116.0 14048.35676557101 14099.814814814803 14232.777777777797 
266.0078925216985 72.0 0.0 22.0 116.0 14053.502570495402 14099.814814814803 14232.777777777797 
267.0078925216985 72.0 0.0 22.0 116.0 14057.821202334762 14096.688888888892 14232.777777777797 
268.0078925216985 72.0 0.0 25.0 117.0 14061.707970990157 14096.688888888892 14232.777777777797 
269.0078925216985 73.0 0.0 25.0 117.0 14061.683099817092 14061.459259259243 14232.777777777797 
270.0078925216985 74.0 0.0 24.0 116.0 14061.348863909423 14058.340740740723 14232.777777777797 
271.0078925216985 74.0 0.0 28.0 116.0 14062.80953307406 14075.955555555558 14232.777777777797 
272.0078925216985 76.0 0.0 26.0 115.0 14059.975987174039 14034.474074074082 14232.777777777797 
273.0078925216985 77.0 0.0 27.0 114.0 14060.948018086274 14069.696296296283 14232.777777777797 
274.0078925216985 77.0 0.0 28.0 114.0 14062.135438499867 14072.82222222224 14232.777777777797 
275.0078925216985 78.0 0.0 28.0 115.0 14057.921894649884 14020.0 14232.777777777797 
276.0078925216985 78.0 0.0 28.0 115.0 14054.442297777492 14023.125925925919 14232.777777777797 
277.0078925216985 78.0 0.0 29.0 114.0 14049.54917911083 14005.511111111091 14232.777777777797 
278.0078925216985 79.0 0.0 29.0 114.0 14044.832779718268 14002.385185185176 14232.777777777797 
279.0078925216985 81.0 0.0 29.0 114.0 14040.588020264984 14002.385185185176 14232.777777777797 
280.0078925216985 83.0 0.0 28.0 114.0 14039.977366386627 14034.481481481478 14232.777777777797 
281.0078925216985 83.0 0.0 30.0 114.0 14041.188518636845 14052.088888888855 14232.777777777797 
282.0078925216985 84.0 0.0 31.0 114.0 14036.994851958341 13999.251851851868 14232.777777777797 
283.0078925216985 84.0 0.0 33.0 114.0 14031.772403799552 13984.77037037036 14232.777777777797 
284.0078925216985 84.0 0.0 33.0 114.0 14023.549978234405 13949.54814814815 14232.777777777797 
285.0078925216985 85.0 0.0 32.0 113.0 14014.388313744306 13931.933333333322 14232.777777777797 
286.0078925216985 87.0 0.0 31.0 113.0 14008.216149036549 13952.666666666668 14232.777777777797 
287.0078925216985 88.0 0.0 33.0 113.0 14002.973052651414 13955.785185185188 14232.777777777797 
288.0078925216985 91.0 0.0 31.0 113.0 13997.629080719615 13949.53333333332 14232.777777777797 
289.0078925216985 92.0 0.0 30.0 113.0 13996.342468943945 13984.76296296296 14232.777777777797 
290.0078925216985 93.0 0.0 31.0 114.0 13995.184518345826 13984.76296296296 14232.777777777797 
291.0078925216985 93.0 0.0 33.0 114.0 13995.903103548277 14002.370370370389 14232.777777777797 
292.0078925216985 93.0 0.0 34.0 113.0 13991.267608008282 13949.54814814815 14232.777777777797 
293.0078925216985 93.0 0.0 34.0 112.0 13985.334180540782 13931.933333333322 14232.777777777797 
294.0078925216985 94.0 0.0 34.0 113.0 13979.993355079281 13931.925925925929 14232.777777777797 
295.0078925216985 94.0 0.0 34.0 112.0 13974.874019571376 13928.799999999974 14232.777777777797 
296.0078925216985 95.0 0.0 35.0 112.0 13968.505876873496 13911.192592592592 14232.777777777797 
297.0078925216985 96.0 0.0 34.0 112.0 13959.56491881577 13879.096296296291 14232.777777777797 
298.0078925216985 97.0 0.0 34.0 112.0 13953.278797304563 13896.703703703719 14232.777777777797 
299.0078925216985 100.0 0.0 32.0 112.0 13951.143510166703 13931.925925925929 14232.777777777797 
300.0078925216985 100.0 0.0 33.0 112.0 13950.670640631515 13946.414814814802 14232.777777777797 
301.0078925216985 100.0 0.0 33.0 112.0 13948.483576568378 13928.799999999974 14232.777777777797 
302.0078925216985 100.0 0.0 33.0 112.0 13946.51521891152 13928.799999999974 14232.777777777797 
303.0078925216985 102.0 0.0 32.0 112.0 13944.743697020373 13928.799999999974 14232.777777777797 
304.0078925216985 104.0 0.0 34.0 113.0 13946.984142133157 13967.14814814815 14232.777777777797 
305.0078925216985 104.0 0.0 34.0 111.0 13946.61461680873 13943.288888888881 14232.777777777797 
306.0078925216985 104.0 0.0 35.0 111.0 13944.520562535266 13925.674074074104 14232.777777777797 
307.0078925216985 105.0 0.0 39.0 111.0 13940.874432207665 13908.059259259278 14232.777777777797 
308.0078925216985 105.0 0.0 40.0 111.0 13930.86106306097 13840.740740740732 14232.777777777797 
309.0078925216985 108.0 0.0 39.0 111.0 13921.849030828944 13840.740740740732 14232.777777777797 
310.0078925216985 109.0 0.0 38.0 110.0 13915.498942560856 13858.34814814816 14232.777777777797 
311.0078925216985 109.0 0.0 41.0 111.0 13908.023122378852 13840.740740740732 14232.777777777797 
312.0078925216985 112.0 0.0 39.0 111.0 13897.772661992823 13805.51851851852 14232.777777777797 
313.0078925216985 113.0 0.0 38.0 111.0 13890.307988386126 13823.125925925919 14232.777777777797 
314.0078925216985 113.0 0.0 38.0 111.0 13885.350522880857 13840.733333333346 14232.777777777797 
315.0078925216985 113.0 0.0 41.0 112.0 13880.88880392611 13840.733333333346 14232.777777777797 
316.0078925216985 114.0 0.0 41.0 111.0 13873.038442052017 13802.385185185174 14232.777777777797 
317.0078925216985 114.0 0.0 42.0 111.0 13865.660523772742 13799.259259259268 14232.777777777797 
318.0078925216985 116.0 0.0 42.0 111.0 13857.25965658065 13781.65185185184 14232.777777777797 
319.0078925216985 117.0 0.0 44.0 111.0 13852.908505737396 13813.748148148132 14232.777777777797 
320.0078925216985 117.0 0.0 46.0 110.0 13848.36802553401 13807.503703703695 14232.777777777797 
321.0078925216985 119.0 0.0 45.0 110.0 13842.519371128772 13789.88148148148 14232.777777777797 
322.0078925216985 121.0 0.0 43.0 110.0 13838.70521179367 13804.377777777787 14232.777777777797 
323.0078925216985 124.0 0.0 41.0 110.0 13838.793949873563 13839.592592592599 14232.777777777797 
324.0078925216985 125.0 0.0 41.0 109.0 13840.635295626955 13857.207407407375 14232.777777777797 
325.0078925216985 125.0 0.0 42.0 108.0 13842.293247545731 13857.214814814812 14232.777777777797 
326.0078925216985 125.0 0.0 44.0 108.0 13843.785404272658 13857.214814814812 14232.777777777797 
327.0078925216985 126.0 0.0 43.0 107.0 13841.606123104624 13821.992592592598 14232.777777777797 
328.0078925216985 127.0 0.0 45.0 107.0 13839.957362646037 13825.11851851852 14232.777777777797 
329.0078925216985 127.0 0.0 45.0 107.0 13834.638663418467 13786.770370370361 14232.777777777797 
330.0078925216985 128.0 0.0 45.0 107.0 13829.851834113655 13786.770370370361 14232.777777777797 
331.0078925216985 128.0 0.0 46.0 107.0 13826.993317368966 13801.266666666654 14232.777777777797 
332.0078925216985 130.0 0.0 46.0 107.0 13827.942874520952 13836.488888888909 14232.777777777797 
333.0078925216985 130.0 0.0 46.0 107.0 13825.27599447626 13801.274074074052 14232.777777777797 
334.0078925216985 133.0 0.0 45.0 107.0 13822.875061695295 13801.266666666654 14232.777777777797 
335.0078925216985 135.0 0.0 46.0 108.0 13819.265333303545 13786.777777777797 14232.777777777797 
336.0078925216985 137.0 0.0 46.0 107.0 13815.080281454671 13777.414814814802 14232.777777777797 
337.0078925216985 138.0 0.0 45.0 107.0 13808.104105161065 13745.318518518547 14232.777777777797 
338.0078925216985 142.0 0.0 41.0 107.0 13805.347027978285 13780.533333333322 14232.777777777797 
339.0078925216985 143.0 0.0 40.0 107.0 13808.150102958234 13833.377777777787 14232.777777777797 
340.0078925216985 144.0 0.0 40.0 106.0 13812.433611180926 13850.985185185162 14232.777777777797 
341.0078925216985 145.0 0.0 39.0 106.0 13816.28950932209 13850.992592592598 14232.777777777797 
342.0078925216985 148.0 0.0 37.0 97.0 13819.759817649143 13850.992592592598 14232.777777777797 
343.0078925216985 149.0 0.0 36.0 93.0 13824.643835884215 13868.599999999999 14232.777777777797 
344.0078925216985 149.0 0.0 37.0 104.0 13826.966118962466 13847.86666666665 14232.777777777797 
345.0078925216985 149.0 0.0 39.0 97.0 13829.056173732899 13847.86666666665 14232.777777777797 
346.0078925216985 151.0 0.0 38.0 104.0 13830.62537117442 13844.748148148132 14232.777777777797 
347.0038986103733 151.0 0.0 38.0 96.0 13830.588759982887 13830.259259259268 14232.777777777797 
348.0078925216985 153.0 0.0 42.0 102.0 13832.316550651265 13847.86666666665 14232.777777777797 
349.0078925216985 156.0 0.0 41.0 96.0 13828.587858549125 13795.029629629666 14232.777777777797 
350.0078925216985 158.0 0.0 42.0 93.0 13824.094998620125 13783.659259259277 14232.777777777797 
351.0078925216985 159.0 0.0 43.0 104.0 13815.081054313674 13733.955555555562 14232.777777777797 
352.0078925216985 162.0 0.0 40.0 107.0 13806.967763697125 13733.94814814816 14232.777777777797 
353.0078925216985 162.0 0.0 45.0 107.0 13798.217653994072 13719.466666666676 14232.777777777797 
354.0078925216985 163.0 0.0 46.0 107.0 13785.88403674281 13674.88148148148 14232.777777777797 
355.0078925216985 163.0 0.0 47.0 105.0 13774.471929364823 13671.76296296296 14232.777777777797 
356.0078925216985 163.0 0.0 48.0 106.0 13762.439551243157 13654.148148148148 14232.777777777797 
357.0078925216985 166.0 0.0 46.0 106.0 13747.463744267 13612.681481481453 14232.777777777797 
358.0078925216985 166.0 0.0 48.0 107.0 13737.82033280325 13651.029629629666 14232.777777777797 
359.0078925216985 167.0 0.0 50.0 106.0 13725.306447671095 13612.681481481453 14232.777777777797 
360.0078925216985 168.0 0.0 50.0 96.0 13713.730617718795 13609.548148148151 14232.777777777797 
361.0078925216985 170.0 0.0 51.0 92.0 13699.689407798756 13573.318518518547 14232.777777777797 
362.0078925216985 174.0 0.0 48.0 102.0 13689.337504055924 13596.17037037036 14232.777777777797 
363.0078925216985 174.0 0.0 50.0 95.0 13675.050420316991 13546.466666666676 14232.777777777797 
364.0078925216985 175.0 0.0 50.0 102.0 13662.19204495197 13546.466666666676 14232.777777777797 
365.0078925216985 177.0 0.0 48.0 95.0 13649.592840456768 13536.200000000026 14232.777777777797 
366.0078925216985 179.0 0.0 46.0 92.0 13639.70170455924 13550.681481481453 14232.777777777797 
367.0078925216985 182.0 0.0 43.0 92.0 13632.56116373295 13568.296296296283 14232.777777777797 
368.0078925216985 184.0 0.0 42.0 91.0 13629.656158470752 13603.511111111091 14232.777777777797 
369.0078925216985 186.0 0.0 41.0 101.0 13628.80313521629 13621.12592592592 14232.777777777797 
370.0078925216985 186.0 0.0 43.0 95.0 13622.753192065009 13568.303703703716 14232.777777777797 
371.0078925216985 187.0 0.0 42.0 91.0 13617.308243228881 13568.303703703716 14232.777777777797 
372.0078925216985 187.0 0.0 44.0 91.0 13612.407048535624 13568.296296296283 14232.777777777797 
373.0078925216985 188.0 0.0 44.0 100.0 13607.6833807191 13565.17037037036 14232.777777777797 
374.0078925216985 189.0 0.0 45.0 95.0 13601.98393153608 13550.688888888888 14232.777777777797 
375.0078925216985 189.0 0.0 49.0 91.0 13593.3314643084 13515.459259259243 14232.777777777797 
376.0078925216985 194.0 0.0 44.0 91.0 13587.304984544222 13533.066666666678 14232.777777777797 
377.0078925216985 195.0 0.0 45.0 91.0 13581.881893497219 13533.074074074073 14232.777777777797 
378.0078925216985 197.0 0.0 46.0 94.0 13577.00037081416 13533.066666666678 14232.777777777797 
379.0078925216985 197.0 0.0 48.0 94.0 13572.606259658658 13533.059259259275 14232.777777777797 
380.0078925216985 198.0 0.0 47.0 90.0 13556.32563369281 13409.799999999974 14232.777777777797 
381.0078925216985 200.0 0.0 47.0 91.0 13543.745662916106 13430.525925925918 14232.777777777797 
382.0078925216985 203.0 0.0 47.0 91.0 13537.082948476364 13477.11851851852 14232.777777777797 
383.0078925216985 203.0 0.0 47.0 90.0 13529.536875850925 13461.622222222211 14232.777777777797 
384.0078925216985 204.0 0.0 47.0 95.0 13527.506151228808 13509.229629629637 14232.777777777797 
385.0078925216985 204.0 0.0 49.0 91.0 13522.155536105933 13474.0 14232.777777777797 
386.0078925216985 205.0 0.0 49.0 90.0 13513.818501013851 13438.78518518519 14232.777777777797 
387.0078925216985 207.0 0.0 47.0 90.0 13507.764058319886 13453.274074074054 14232.777777777797 
388.0078925216985 210.0 0.0 45.0 90.0 13507.90987471011 13509.222222222203 14232.777777777797 
389.0078925216985 213.0 0.0 43.0 92.0 13511.249998350224 13541.311111111112 14232.777777777797 
390.0078925216985 215.0 0.0 43.0 92.0 13518.089442959643 13579.644444444439 14232.777777777797 
391.0078925216985 219.0 0.0 41.0 89.0 13529.527165330335 13632.466666666678 14232.777777777797 
392.0078925216985 220.0 0.0 40.0 88.0 13537.134448797304 13605.6 14232.777777777797 
393.0078925216985 220.0 0.0 43.0 88.0 13542.220263176834 13587.992592592598 14232.777777777797 
394.0041849668117 223.0 0.0 40.0 88.0 13543.27601463692 13552.777777777797 14232.777777777797 
395.0078925216985 224.0 0.0 41.0 93.0 13547.749153913986 13588.007407407402 14232.777777777797 
396.0078925216985 224.0 0.0 41.0 92.0 13552.297201485526 13593.229629629639 14232.777777777797 
397.0078925216985 227.0 0.0 39.0 89.0 13556.391185040698 13593.23703703704 14232.777777777797 
398.0078925216985 228.0 0.0 39.0 89.0 13562.675029499578 13619.229629629639 14232.777777777797 
399.0078925216985 228.0 0.0 42.0 89.0 13559.5253043274 13531.177777777762 14232.777777777797 
400.0078925216985 229.0 0.0 43.0 89.0 13554.09277389467 13505.200000000026 14232.777777777797 
401.0078925216985 231.0 0.0 41.0 96.0 13552.201274282967 13535.177777777762 14232.777777777797 
402.0078925216985 232.0 0.0 40.0 93.0 13550.498924632453 13535.177777777762 14232.777777777797 
403.0078925216985 236.0 0.0 37.0 89.0 13552.489032169213 13570.4 14232.777777777797 
404.0078925216985 236.0 0.0 37.0 89.0 13558.42753635968 13611.87407407408 14232.777777777797 
405.0078925216985 236.0 0.0 40.0 89.0 13565.009967908894 13624.251851851868 14232.777777777797 
406.0078925216985 239.0 0.0 38.0 93.0 13569.172674821732 13606.63703703704 14232.777777777797 
407.0078925216985 240.0 0.0 39.0 93.0 13574.679851783994 13624.24444444444 14232.777777777797 
408.0078925216985 240.0 0.0 40.0 89.0 13581.39779253153 13641.859259259252 14232.777777777797 
409.0078925216985 240.0 0.0 42.0 89.0 13582.684679945047 13594.266666666654 14232.777777777797 
410.0078925216985 241.0 0.0 42.0 89.0 13580.31991565424 13559.037037037015 14232.777777777797 
411.0078925216985 242.0 0.0 44.0 95.0 13581.713850014736 13594.259259259268 14232.777777777797 
412.0078925216985 242.0 0.0 45.0 95.0 13581.41876130956 13578.76296296296 14232.777777777797 
413.0078925216985 243.0 0.0 46.0 90.0 13575.870218511945 13525.933333333322 14232.777777777797 
414.0078925216985 245.0 0.0 46.0 90.0 13570.053567031106 13517.703703703717 14232.777777777797 
415.0078925216985 246.0 0.0 45.0 89.0 13563.057099216898 13500.088888888855 14232.777777777797 
416.0078925216985 249.0 0.0 44.0 89.0 13559.758055961855 13530.066666666678 14232.777777777797 
417.0078925216985 253.0 0.0 40.0 90.0 13560.62299110641 13568.407407407401 14232.777777777797 
418.0078925216985 254.0 0.0 39.0 94.0 13565.548840143916 13609.88148148148 14232.777777777797 
419.0078925216985 256.0 0.0 37.0 90.0 13574.219141314712 13652.251851851868 14232.777777777797 
420.0078925216985 257.0 0.0 38.0 90.0 13584.408338294359 13676.111111111119 14232.777777777797 
421.0078925216985 258.0 0.0 38.0 93.0 13591.505282242702 13655.377777777789 14232.777777777797 
422.0078925216985 260.0 0.0 37.0 100.0 13600.789568833232 13684.34814814816 14232.777777777797 
423.0078925216985 263.0 0.0 34.0 104.0 13609.144686024014 13684.340740740723 14232.777777777797 
424.0078925216985 265.0 0.0 32.0 95.0 13627.2302174216 13790.0 14232.777777777797 
425.0078925216985 266.0 0.0 32.0 92.0 13645.268677160919 13807.614814814824 14232.777777777797 
426.0078925216985 266.0 0.0 32.0 100.0 13661.5032909263 13807.614814814824 14232.777777777797 
427.0078925216985 268.0 0.0 31.0 96.0 13676.42555442626 13810.725925925948 14232.777777777797 
428.0078925216985 269.0 0.0 30.0 91.0 13689.542998983634 13807.599999999999 14232.777777777797 
429.0078925216985 271.0 0.0 28.0 101.0 13706.630921307506 13860.422222222236 14232.777777777797 
430.0078925216985 272.0 0.0 29.0 95.0 13723.458940287876 13874.911111111145 14232.777777777797 
431.0078925216985 274.0 0.0 27.0 91.0 13740.053046259067 13889.400000000001 14232.777777777797 
432.0078925216985 275.0 0.0 26.0 91.0 13753.539593485018 13874.918518518494 14232.777777777797 
433.0078925216985 275.0 0.0 27.0 91.0 13765.990078580962 13878.04444444444 14232.777777777797 
434.0078925216985 276.0 0.0 27.0 100.0 13778.119959611757 13887.288888888881 14232.777777777797 
435.0078925216985 277.0 0.0 30.0 94.0 13790.485000687602 13901.77037037036 14232.777777777797 
436.0078925216985 278.0 0.0 29.0 90.0 13800.164648767 13887.281481481481 14232.777777777797 
437.0078925216985 279.0 0.0 29.0 100.0 13807.114850556982 13869.666666666668 14232.777777777797 
438.0078925216985 281.0 0.0 27.0 92.0 13815.131513649414 13887.281481481481 14232.777777777797 
439.0078925216985 282.0 0.0 26.0 100.0 13824.419843765958 13908.014814814838 14232.777777777797 
440.0078925216985 282.0 0.0 26.0 92.0 13828.856377907883 13868.785185185186 14232.777777777797 
441.0078925216985 282.0 0.0 28.0 100.0 13832.849258635602 13868.785185185186 14232.777777777797 
442.0078925216985 282.0 0.0 28.0 92.0 13834.369517957239 13848.05185185184 14232.777777777797 
443.0078925216985 282.0 0.0 30.0 101.0 13835.737751346698 13848.05185185184 14232.777777777797 
444.0078925216985 283.0 0.0 29.0 92.0 13836.343976212027 13841.799999999974 14232.777777777797 
445.0078925216985 284.0 0.0 28.0 99.0 13839.274763776024 13865.65185185184 14232.777777777797 
446.0078925216985 286.0 0.0 26.0 92.0 13843.67395406507 13883.266666666657 14232.777777777797 
447.0078925216985 287.0 0.0 25.0 100.0 13849.707299399302 13904.0074074074 14232.777777777797 
448.0078925216985 287.0 0.0 25.0 92.0 13855.137310200114 13904.0074074074 14232.777777777797 
449.0078925216985 289.0 0.0 23.0 100.0 13860.024319920849 13904.0074074074 14232.777777777797 
450.0078925216985 290.0 0.0 23.0 92.0 13870.94411015098 13969.222222222203 14232.777777777797 
451.0078925216985 291.0 0.0 22.0 100.0 13883.982291728478 14001.325925925896 14232.777777777797 
452.0078925216985 293.0 0.0 20.0 94.0 13897.478136629703 14018.940740740722 14232.777777777797 
453.0078925216985 293.0 0.0 22.0 102.0 13909.936989633412 14022.066666666678 14232.777777777797 
454.0078925216985 293.0 0.0 22.0 94.0 13917.939586966355 13989.962962962985 14232.777777777797 
455.0078925216985 293.0 0.0 23.0 103.0 13925.141924566013 13989.962962962985 14232.777777777797 
456.0078925216985 293.0 0.0 23.0 93.0 13931.311435813137 13986.83703703704 14232.777777777797 
457.0078925216985 294.0 0.0 23.0 103.0 13936.863995935502 13986.83703703704 14232.777777777797 
458.0078925216985 294.0 0.0 23.0 94.0 13941.861300045673 13986.83703703704 14232.777777777797 
459.0078925216985 295.0 0.0 23.0 103.0 13946.358873744797 13986.83703703704 14232.777777777797 
460.0078925216985 295.0 0.0 24.0 94.0 13952.168171555499 14004.45185185185 14232.777777777797 
461.0078925216985 295.0 0.0 24.0 103.0 13955.635058103653 13986.83703703704 14232.777777777797 
462.0078925216985 295.0 0.0 24.0 94.0 13958.75525599701 13986.83703703704 14232.777777777797 
463.0078925216985 295.0 0.0 24.0 102.0 13961.563434101 13986.83703703704 14232.777777777797 
464.0078925216985 295.0 0.0 24.0 94.0 13965.327831431638 13999.207407407375 14232.777777777797 
465.0078925216985 295.0 0.0 24.0 103.0 13968.715789029215 13999.207407407375 14232.777777777797 
466.0078925216985 296.0 0.0 23.0 95.0 13971.764950867031 13999.207407407375 14232.777777777797 
467.0078925216985 298.0 0.0 21.0 103.0 13978.344752076631 14037.562962962935 14232.777777777797 
468.0078925216985 301.0 0.0 18.0 95.0 13984.579165757852 14040.688888888892 14232.777777777797 
469.0078925216985 301.0 0.0 18.0 92.0 13994.024952885773 14079.037037037013 14232.777777777797 
470.0078925216985 303.0 0.0 18.0 92.0 14002.526161300884 14079.037037037013 14232.777777777797 
471.0078925216985 303.0 0.0 18.0 92.0 14011.938730355978 14096.651851851839 14232.777777777797 
472.0078925216985 303.0 0.0 19.0 104.0 14018.648561024096 14079.037037037013 14232.777777777797 
473.0078925216985 303.0 0.0 20.0 96.0 14022.613334551317 14058.296296296277 14232.777777777797 
474.0078925216985 303.0 0.0 20.0 92.0 14026.181630725812 14058.296296296277 14232.777777777797 
475.0078925216985 303.0 0.0 20.0 93.0 14027.631615801381 14040.681481481453 14232.777777777797 
476.0078925216985 303.0 0.0 21.0 93.0 14028.93660236938 14040.681481481453 14232.777777777797 
477.0078925216985 304.0 0.0 20.0 93.0 14029.798497687998 14037.555555555586 14232.777777777797 
478.0078925216985 304.0 0.0 21.0 94.0 14030.886796067356 14040.681481481453 14232.777777777797 
479.0078925216985 304.0 0.0 21.0 93.0 14031.241079423588 14034.429629629629 14232.777777777797 
480.0078925216985 304.0 0.0 21.0 93.0 14031.55993444419 14034.429629629629 14232.777777777797 
481.0078925216985 304.0 0.0 21.0 93.0 14032.158755814587 14037.54814814815 14232.777777777797 
482.0078925216985 305.0 0.0 20.0 102.0 14034.459176529419 14055.162962962962 14232.777777777797 
483.0078925216985 305.0 0.0 20.0 96.0 14036.216962580178 14052.037037037013 14232.777777777797 
484.0078925216985 306.0 0.0 19.0 101.0 14037.798970025866 14052.037037037013 14232.777777777797 
485.0078925216985 306.0 0.0 19.0 96.0 14041.085739689945 14070.666666666668 14232.777777777797 
486.0078925216985 306.0 0.0 19.0 102.0 14044.043832387619 14070.666666666668 14232.777777777797 
487.0078925216985 306.0 0.0 19.0 96.0 14046.706115815514 14070.666666666668 14232.777777777797 
488.0078925216985 306.0 0.0 19.0 101.0 14049.102170900629 14070.666666666668 14232.777777777797 
489.0078925216985 306.0 0.0 19.0 96.0 14051.25862047723 14070.666666666668 14232.777777777797 
490.0078925216985 307.0 0.0 18.0 101.0 14053.199425096194 14070.666666666668 14232.777777777797 
491.0078925216985 307.0 0.0 18.0 96.0 14055.258741845822 14073.792592592627 14232.777777777797 
492.0078925216985 307.0 0.0 18.0 102.0 14058.349904698269 14086.17037037036 14232.777777777797 
493.0078925216985 308.0 0.0 17.0 97.0 14061.131951265483 14086.17037037036 14232.777777777797 
494.0078925216985 309.0 0.0 16.0 102.0 14063.948385768575 14089.296296296277 14232.777777777797 
495.0078925216985 309.0 0.0 16.0 98.0 14068.244658302823 14106.911111111145 14232.777777777797 
496.0078925216985 309.0 0.0 17.0 103.0 14072.111303583657 14106.911111111145 14232.777777777797 
497.0078925216985 309.0 0.0 17.0 99.0 14073.829802854918 14089.296296296277 14232.777777777797 
498.0078925216985 309.0 0.0 17.0 104.0 14075.376452199056 14089.296296296277 14232.777777777797 
499.0078925216985 310.0 0.0 16.0 99.0 14078.52991809028 14106.911111111145 14232.777777777797 
500.0078925216985 310.0 0.0 16.0 104.0 14081.368037392336 14106.911111111145 14232.777777777797 
501.0078925216985 311.0 0.0 15.0 100.0 14083.922344764218 14106.911111111145 14232.777777777797 
502.0078925216985 311.0 0.0 15.0 105.0 14087.982702880388 14124.525925925918 14232.777777777797 
503.0078925216985 313.0 0.0 14.0 100.0 14091.637025184951 14124.525925925918 14232.777777777797 
504.0078925216985 313.0 0.0 14.0 105.0 14093.789618962739 14113.162962962962 14232.777777777797 
505.0078925216985 313.0 0.0 14.0 100.0 14095.726953362755 14113.162962962962 14232.777777777797 
506.0078925216985 313.0 0.0 14.0 105.0 14097.470554322785 14113.162962962962 14232.777777777797 
507.0078925216985 314.0 0.0 13.0 100.0 14099.039795186793 14113.162962962962 14232.777777777797 
508.0078925216985 314.0 0.0 13.0 105.0 14100.764704557017 14116.288888888881 14232.777777777797 
509.0078925216985 314.0 0.0 13.0 100.0 14102.317122990202 14116.288888888881 14232.777777777797 
510.0078925216985 314.0 0.0 13.0 105.0 14103.71429958006 14116.288888888881 14232.777777777797 
511.0078925216985 314.0 0.0 13.0 102.0 14104.971758510954 14116.288888888881 14232.777777777797 
512.0078925216985 314.0 0.0 13.0 107.0 14106.103471548735 14116.288888888881 14232.777777777797 
513.0078925216985 314.0 0.0 14.0 102.0 14107.12201328277 14116.288888888881 14232.777777777797 
514.0078925216985 314.0 0.0 14.0 107.0 14106.589811954478 14101.799999999974 14232.777777777797 
515.0078925216985 314.0 0.0 14.0 103.0 14106.110830759037 14101.799999999974 14232.777777777797 
516.0078925216985 315.0 0.0 13.0 108.0 14105.67974768313 14101.799999999974 14232.777777777797 
517.0078925216985 315.0 0.0 13.0 103.0 14107.053254396298 14119.414814814798 14232.777777777797 
518.0078925216985 315.0 0.0 13.0 108.0 14108.289410438154 14119.414814814798 14232.777777777797 
519.0078925216985 317.0 0.0 11.0 103.0 14110.027136060997 14125.666666666668 14232.777777777797 
520.0078925216985 317.0 0.0 11.0 108.0 14113.66516319563 14146.407407407401 14232.777777777797 
521.0078925216985 317.0 0.0 11.0 104.0 14116.939387616809 14146.407407407401 14232.777777777797 
522.0078925216985 317.0 0.0 11.0 109.0 14119.886189595885 14146.407407407401 14232.777777777797 
523.0078925216985 317.0 0.0 11.0 104.0 14122.538311377033 14146.407407407401 14232.777777777797 
524.0078925216985 317.0 0.0 11.0 109.0 14124.92522098007 14146.407407407401 14232.777777777797 
525.0078925216985 318.0 0.0 10.0 104.0 14127.07343962281 14146.407407407401 14232.777777777797 
526.0078925216985 318.0 0.0 10.0 111.0 14129.319428993856 14149.533333333318 14232.777777777797 
527.0078925216985 319.0 0.0 9.0 107.0 14131.340819427816 14149.533333333318 14232.777777777797 
528.0078925216985 319.0 0.0 10.0 112.0 14134.921552299837 14167.14814814815 14232.777777777797 
529.0078925216985 319.0 0.0 11.0 107.0 14136.382730403178 14149.533333333318 14232.777777777797 
530.0078925216985 319.0 0.0 11.0 112.0 14136.772605511012 14140.281481481483 14232.777777777797 
531.0078925216985 319.0 0.0 11.0 107.0 14136.810900515486 14137.155555555531 14232.777777777797 
532.0078925216985 319.0 0.0 11.0 112.0 14137.15795861207 14140.281481481483 14232.777777777797 
533.0078925216985 319.0 0.0 11.0 108.0 14137.470310899025 14140.281481481483 14232.777777777797 
534.0078925216985 320.0 0.0 10.0 113.0 14138.989205735039 14152.659259259277 14232.777777777797 
535.0078925216985 320.0 0.0 10.0 108.0 14140.356211087472 14152.659259259277 14232.777777777797 
536.0078925216985 322.0 0.0 9.0 112.0 14141.586515904635 14152.659259259277 14232.777777777797 
537.0078925216985 322.0 0.0 9.0 109.0 14143.31823468454 14158.903703703707 14232.777777777797 
538.0078925216985 322.0 0.0 9.0 113.0 14144.87678158646 14158.903703703707 14232.777777777797 
539.0078925216985 322.0 0.0 10.0 110.0 14146.59206639078 14162.029629629666 14232.777777777797 
540.0078925216985 322.0 0.0 10.0 114.0 14146.37434123319 14144.414814814798 14232.777777777797 
541.0078925216985 322.0 0.0 10.0 110.0 14146.178388591334 14144.414814814798 14232.777777777797 
542.0078925216985 322.0 0.0 10.0 113.0 14146.002031213688 14144.414814814798 14232.777777777797 
543.0078925216985 322.0 0.0 10.0 109.0 14145.843309573793 14144.414814814798 14232.777777777797 
544.0078925216985 322.0 0.0 10.0 115.0 14145.700460097905 14144.414814814798 14232.777777777797 
545.0078925216985 323.0 0.0 9.0 111.0 14145.571895569603 14144.414814814798 14232.777777777797 
546.0078925216985 323.0 0.0 10.0 116.0 14145.768780086719 14147.540740740757 14232.777777777797 
547.0078925216985 323.0 0.0 10.0 111.0 14144.49708726321 14133.05185185184 14232.777777777797 
548.0078925216985 323.0 0.0 10.0 116.0 14143.352563722096 14133.05185185184 14232.777777777797 
549.0078925216985 323.0 0.0 11.0 111.0 14142.635085127658 14136.17777777776 14232.777777777797 
550.0078925216985 325.0 0.0 9.0 116.0 14141.989354392668 14136.17777777776 14232.777777777797 
551.0078925216985 325.0 0.0 9.0 110.0 14143.169678212676 14153.792592592627 14232.777777777797 
552.0078925216985 325.0 0.0 10.0 107.0 14144.231969650664 14153.792592592627 14232.777777777797 
553.0078925216985 326.0 0.0 9.0 108.0 14144.875439352249 14150.666666666668 14232.777777777797 
554.0078925216985 326.0 0.0 9.0 108.0 14147.21604356517 14168.281481481483 14232.777777777797 
555.0078925216985 326.0 0.0 9.0 108.0 14149.322587356803 14168.281481481483 14232.777777777797 
556.0078925216985 326.0 0.0 9.0 108.0 14151.218476769269 14168.281481481483 14232.777777777797 
557.0078925216985 326.0 0.0 9.0 108.0 14152.9247772405 14168.281481481483 14232.777777777797 
558.0078925216985 326.0 0.0 9.0 107.0 14154.460447664584 14168.281481481483 14232.777777777797 
559.0078925216985 326.0 0.0 9.0 107.0 14155.842551046282 14168.281481481483 14232.777777777797 
560.0078925216985 326.0 0.0 9.0 107.0 14157.086444089799 14168.281481481483 14232.777777777797 
561.0078925216985 326.0 0.0 9.0 107.0 14158.205947828978 14168.281481481483 14232.777777777797 
562.0078925216985 326.0 0.0 9.0 107.0 14159.213501194214 14168.281481481483 14232.777777777797 
563.0078925216985 326.0 0.0 9.0 118.0 14160.12029922294 14168.281481481483 14232.777777777797 
564.0078925216985 326.0 0.0 9.0 121.0 14160.936417448806 14168.281481481483 14232.777777777797 
565.0078925216985 326.0 0.0 9.0 121.0 14161.670923852056 14168.281481481483 14232.777777777797 
566.0078925216985 327.0 0.0 8.0 121.0 14162.331979615006 14168.281481481483 14232.777777777797 
567.0078925216985 327.0 0.0 8.0 121.0 14163.239522394242 14171.407407407401 14232.777777777797 
568.0078925216985 328.0 0.0 7.0 121.0 14165.817792377045 14189.022222222226 14232.777777777797 
569.0078925216985 328.0 0.0 7.0 121.0 14168.13823536157 14189.022222222226 14232.777777777797 
570.0078925216985 328.0 0.0 7.0 121.0 14170.22663404763 14189.022222222226 14232.777777777797 
571.0078925216985 328.0 0.0 7.0 121.0 14172.106192865089 14189.022222222226 14232.777777777797 
572.0078925216985 328.0 0.0 7.0 121.0 14173.7977958008 14189.022222222226 14232.777777777797 
573.0078925216985 328.0 0.0 7.0 121.0 14175.320238442942 14189.022222222226 14232.777777777797 
574.0078925216985 328.0 0.0 7.0 122.0 14176.69043682087 14189.022222222226 14232.777777777797 
575.0078925216985 328.0 0.0 7.0 122.0 14177.923615361004 14189.022222222226 14232.777777777797 
576.0078925216985 328.0 0.0 7.0 122.0 14179.033476047129 14189.022222222226 14232.777777777797 
577.0078925216985 328.0 0.0 8.0 122.0 14180.03235066464 14189.022222222226 14232.777777777797 
578.0078925216985 328.0 0.0 8.0 122.0 14179.16985633891 14171.407407407401 14232.777777777797 
579.0078925216985 328.0 0.0 9.0 122.0 14178.393611445754 14171.407407407401 14232.777777777797 
580.0078925216985 329.0 0.0 8.0 122.0 14177.38239844933 14168.281481481483 14232.777777777797 
581.0078925216985 329.0 0.0 8.0 122.0 14176.784899345146 14171.407407407401 14232.777777777797 
582.0078925216985 329.0 0.0 8.0 122.0 14176.247150151366 14171.407407407401 14232.777777777797 
583.0078925216985 329.0 0.0 8.0 122.0 14175.763175876973 14171.407407407401 14232.777777777797 
584.0078925216985 329.0 0.0 8.0 122.0 14175.639450881872 14174.525925925918 14232.777777777797 
585.0078925216985 329.0 0.0 8.0 121.0 14175.528098386281 14174.525925925918 14232.777777777797 
586.0078925216985 330.0 0.0 7.0 121.0 14175.427881140231 14174.525925925918 14232.777777777797 
587.0078925216985 330.0 0.0 7.0 121.0 14177.411759692888 14195.266666666657 14232.777777777797 
588.0078925216985 330.0 0.0 7.0 122.0 14179.197250390254 14195.266666666657 14232.777777777797 
589.0078925216985 330.0 0.0 7.0 122.0 14180.804192017897 14195.266666666657 14232.777777777797 
590.0078925216985 330.0 0.0 7.0 122.0 14182.250439482787 14195.266666666657 14232.777777777797 
591.0078925216985 330.0 0.0 7.0 122.0 14183.552062201157 14195.266666666657 14232.777777777797 
592.0078925216985 331.0 0.0 6.0 122.0 14185.036115240304 14198.392592592572 14232.777777777797 
593.0078925216985 331.0 0.0 6.0 122.0 14186.684355568123 14201.518518518522 14232.777777777797 
594.0078925216985 331.0 0.0 6.0 123.0 14188.167771863154 14201.518518518522 14232.777777777797 
595.0078925216985 331.0 0.0 6.0 123.0 14189.502846528707 14201.518518518522 14232.777777777797 
596.0078925216985 331.0 0.0 6.0 123.0 14190.704413727693 14201.518518518522 14232.777777777797 
597.0078925216985 331.0 0.0 6.0 123.0 14191.785824206772 14201.518518518522 14232.777777777797 
598.0078925216985 331.0 0.0 6.0 123.0 14192.759093637942 14201.518518518522 14232.777777777797 
599.0078925216985 331.0 0.0 6.0 124.0 14193.635036125997 14201.518518518522 14232.777777777797 
600.0078925216985 331.0 0.0 7.0 125.0 14194.42338436525 14201.518518518522 14232.777777777797 
#####################################################################
# End of data export. Simulation finished at: 2020-02-15T10:39+0000 #
#####################################################################
