#####################################################################
# Alchemist log file - simulation started at: 2020-02-06T04:54+0000 #
#####################################################################
# seed = 9.0, meanTaskSize = 1, smoothing = 0.01, grain = 1700.0, peakFrequency = 0.001
#
# The columns have the following meaning: 
# time done[Sum] drop[Sum] waiting[Sum] isLeader[Sum] capacity[Mean] freeCapacity[Mean] maxCapacity[Mean] 
0.0 NaN 0.0 NaN NaN NaN NaN NaN 
1.0015323036356916 0.0 0.0 0.0 134.0 14232.777777777797 14232.777777777797 14232.777777777797 
2.001532303635692 0.0 0.0 0.0 35.0 14232.777777777797 14232.777777777797 14232.777777777797 
3.001532303635692 0.0 0.0 0.0 35.0 14232.777777777797 14232.777777777797 14232.777777777797 
4.001532303635692 0.0 0.0 0.0 35.0 14232.777777777797 14232.777777777797 14232.777777777797 
5.001532303635692 0.0 0.0 0.0 35.0 14232.777777777797 14232.777777777797 14232.777777777797 
6.001532303635692 0.0 0.0 0.0 35.0 14232.777777777797 14232.777777777797 14232.777777777797 
7.001532303635692 0.0 0.0 0.0 35.0 14232.777777777797 14232.777777777797 14232.777777777797 
8.001532303635692 0.0 0.0 0.0 35.0 14232.777777777797 14232.777777777797 14232.777777777797 
9.001532303635692 0.0 0.0 0.0 35.0 14232.777777777797 14232.777777777797 14232.777777777797 
10.001532303635692 0.0 0.0 0.0 35.0 14232.777777777797 14232.777777777797 14232.777777777797 
11.001532303635692 0.0 0.0 0.0 35.0 14232.777777777797 14232.777777777797 14232.777777777797 
12.001532303635692 0.0 0.0 0.0 35.0 14232.777777777797 14232.777777777797 14232.777777777797 
13.001532303635692 0.0 0.0 0.0 35.0 14232.777777777797 14232.777777777797 14232.777777777797 
14.001532303635692 0.0 0.0 0.0 35.0 14232.777777777797 14232.777777777797 14232.777777777797 
15.001532303635692 0.0 0.0 0.0 35.0 14232.777777777797 14232.777777777797 14232.777777777797 
16.001532303635692 0.0 0.0 0.0 35.0 14232.777777777797 14232.777777777797 14232.777777777797 
17.001532303635692 0.0 0.0 0.0 35.0 14232.777777777797 14232.777777777797 14232.777777777797 
18.001532303635692 0.0 0.0 0.0 35.0 14232.777777777797 14232.777777777797 14232.777777777797 
19.001532303635692 0.0 0.0 0.0 35.0 14232.777777777797 14232.777777777797 14232.777777777797 
20.001532303635692 0.0 0.0 2.0 35.0 14232.777777777797 14232.777777777797 14232.777777777797 
21.001532303635692 0.0 0.0 2.0 35.0 14232.601629629624 14215.162962962962 14232.777777777797 
22.001532303635692 2.0 0.0 0.0 35.0 14232.427242962967 14215.162962962962 14232.777777777797 
23.001532303635692 2.0 0.0 0.0 35.0 14232.430748311119 14232.777777777797 14232.777777777797 
24.001532303635692 2.0 0.0 0.0 35.0 14232.434218605795 14232.777777777797 14232.777777777797 
25.001532303635692 2.0 0.0 0.0 35.0 14232.437654197525 14232.777777777797 14232.777777777797 
26.001532303635692 2.0 0.0 0.0 35.0 14232.441055433268 14232.777777777797 14232.777777777797 
27.001532303635692 2.0 0.0 0.0 35.0 14232.444422656745 14232.777777777797 14232.777777777797 
28.001532303635692 2.0 0.0 0.0 35.0 14232.447756207923 14232.777777777797 14232.777777777797 
29.001532303635692 2.0 0.0 0.0 35.0 14232.451056423688 14232.777777777797 14232.777777777797 
30.001532303635692 2.0 0.0 0.0 35.0 14232.454323637185 14232.777777777797 14232.777777777797 
31.001532303635692 2.0 0.0 0.0 35.0 14232.457558178621 14232.777777777797 14232.777777777797 
32.00153230363569 2.0 0.0 0.0 35.0 14232.460760374615 14232.777777777797 14232.777777777797 
33.00153230363569 2.0 0.0 2.0 35.0 14232.463930548616 14232.777777777797 14232.777777777797 
34.00153230363569 3.0 0.0 1.0 35.0 14232.114772724628 14197.54814814815 14232.777777777797 
35.00153230363569 4.0 0.0 0.0 35.0 14232.121402775138 14232.777777777797 14232.777777777797 
36.00153230363569 4.0 0.0 0.0 35.0 14232.12796652518 14232.777777777797 14232.777777777797 
37.00153230363569 4.0 0.0 0.0 35.0 14232.13446463771 14232.777777777797 14232.777777777797 
38.00153230363569 4.0 0.0 0.0 35.0 14232.140897769106 14232.777777777797 14232.777777777797 
39.00153230363569 4.0 0.0 0.0 35.0 14232.147266569205 14232.777777777797 14232.777777777797 
40.00153230363569 4.0 0.0 0.0 35.0 14232.153571681278 14232.777777777797 14232.777777777797 
41.00153230363569 4.0 0.0 0.0 35.0 14232.159813742242 14232.777777777797 14232.777777777797 
42.00153230363569 4.0 0.0 0.0 35.0 14232.165993382598 14232.777777777797 14232.777777777797 
43.00153230363569 4.0 0.0 0.0 35.0 14232.172111226544 14232.777777777797 14232.777777777797 
44.00153230363569 4.0 0.0 0.0 35.0 14232.178167892062 14232.777777777797 14232.777777777797 
45.00153230363569 4.0 0.0 0.0 35.0 14232.184163990938 14232.777777777797 14232.777777777797 
46.00153230363569 4.0 0.0 2.0 35.0 14232.19010012881 14232.777777777797 14232.777777777797 
47.00153230363569 5.0 0.0 1.0 35.0 14231.843680608963 14197.54814814815 14232.777777777797 
48.00153230363569 6.0 0.0 0.0 35.0 14231.853021580637 14232.777777777797 14232.777777777797 
49.00153230363569 6.0 0.0 0.0 35.0 14231.862269142639 14232.777777777797 14232.777777777797 
50.00153230363569 6.0 0.0 0.0 35.0 14231.871424229008 14232.777777777797 14232.777777777797 
51.00153230363569 6.0 0.0 0.0 35.0 14231.880487764472 14232.777777777797 14232.777777777797 
52.00153230363569 6.0 0.0 0.0 35.0 14231.889460664612 14232.777777777797 14232.777777777797 
53.00153230363569 6.0 0.0 0.0 35.0 14231.898343835759 14232.777777777797 14232.777777777797 
54.00153230363569 6.0 0.0 0.0 35.0 14231.90713817516 14232.777777777797 14232.777777777797 
55.00153230363569 6.0 0.0 0.0 35.0 14231.9158445712 14232.777777777797 14232.777777777797 
56.00153230363569 6.0 0.0 0.0 35.0 14231.924463903235 14232.777777777797 14232.777777777797 
57.00153230363569 6.0 0.0 0.0 35.0 14231.932997042004 14232.777777777797 14232.777777777797 
58.00153230363569 6.0 0.0 1.0 35.0 14231.941444849359 14232.777777777797 14232.777777777797 
59.00153230363569 6.0 0.0 1.0 35.0 14231.949808178611 14232.777777777797 14232.777777777797 
60.00153230363569 7.0 0.0 0.0 35.0 14231.781939726496 14215.162962962962 14232.777777777797 
61.00153230363569 7.0 0.0 0.0 35.0 14231.791898107 14232.777777777797 14232.777777777797 
62.00153230363569 7.0 0.0 0.0 35.0 14231.80175690368 14232.777777777797 14232.777777777797 
63.00153230363569 7.0 0.0 0.0 35.0 14231.811517112472 14232.777777777797 14232.777777777797 
64.00153230363568 7.0 0.0 0.0 35.0 14231.821179719107 14232.777777777797 14232.777777777797 
65.00153230363568 7.0 0.0 0.0 35.0 14231.830745699704 14232.777777777797 14232.777777777797 
66.00153230363568 7.0 0.0 0.0 35.0 14231.840216020451 14232.777777777797 14232.777777777797 
67.00153230363568 7.0 0.0 0.0 35.0 14231.849591638047 14232.777777777797 14232.777777777797 
68.00153230363568 7.0 0.0 0.0 35.0 14231.858873499425 14232.777777777797 14232.777777777797 
69.00153230363568 7.0 0.0 0.0 35.0 14231.868062542226 14232.777777777797 14232.777777777797 
70.00153230363568 7.0 0.0 0.0 35.0 14231.877159694575 14232.777777777797 14232.777777777797 
71.00153230363568 7.0 0.0 0.0 35.0 14231.886165875416 14232.777777777797 14232.777777777797 
72.00153230363568 7.0 0.0 0.0 35.0 14231.895081994437 14232.777777777797 14232.777777777797 
73.00153230363568 7.0 0.0 0.0 35.0 14231.903908952263 14232.777777777797 14232.777777777797 
74.00153230363568 7.0 0.0 1.0 35.0 14231.912647640502 14232.777777777797 14232.777777777797 
75.00153230363568 8.0 0.0 0.0 35.0 14231.745150793718 14215.162962962962 14232.777777777797 
76.00153230363568 8.0 0.0 0.0 35.0 14231.75547706359 14232.777777777797 14232.777777777797 
77.00153230363568 8.0 0.0 0.0 35.0 14231.765700070731 14232.777777777797 14232.777777777797 
78.00153230363568 8.0 0.0 0.0 35.0 14231.775820847788 14232.777777777797 14232.777777777797 
79.00153230363568 8.0 0.0 0.0 35.0 14231.785840417104 14232.777777777797 14232.777777777797 
80.00153230363568 8.0 0.0 0.0 35.0 14231.7957597907 14232.777777777797 14232.777777777797 
81.00153230363568 8.0 0.0 0.0 35.0 14231.80557997057 14232.777777777797 14232.777777777797 
82.00153230363568 8.0 0.0 0.0 35.0 14231.815301948629 14232.777777777797 14232.777777777797 
83.00153230363568 8.0 0.0 0.0 35.0 14231.824926706931 14232.777777777797 14232.777777777797 
84.00153230363568 8.0 0.0 0.0 35.0 14231.834455217626 14232.777777777797 14232.777777777797 
85.00153230363568 8.0 0.0 0.0 35.0 14231.843888443285 14232.777777777797 14232.777777777797 
86.00153230363568 8.0 0.0 0.0 35.0 14231.8532273366 14232.777777777797 14232.777777777797 
87.00153230363568 8.0 0.0 0.0 35.0 14231.86247284099 14232.777777777797 14232.777777777797 
88.00153230363568 8.0 0.0 0.0 35.0 14231.871625890362 14232.777777777797 14232.777777777797 
89.00153230363568 8.0 0.0 0.0 35.0 14231.880687409253 14232.777777777797 14232.777777777797 
90.00153230363568 8.0 0.0 0.0 35.0 14231.889658312939 14232.777777777797 14232.777777777797 
91.00153230363568 8.0 0.0 0.0 35.0 14231.898539507618 14232.777777777797 14232.777777777797 
92.00153230363568 8.0 0.0 0.0 35.0 14231.90733189029 14232.777777777797 14232.777777777797 
93.00153230363568 8.0 0.0 1.0 35.0 14231.916036349161 14232.777777777797 14232.777777777797 
94.00153230363568 8.0 0.0 1.0 35.0 14231.924653763468 14232.777777777797 14232.777777777797 
95.00153230363568 9.0 0.0 0.0 35.0 14231.757036855444 14215.162962962962 14232.777777777797 
96.00153230363568 9.0 0.0 0.0 35.0 14231.767244264642 14232.777777777797 14232.777777777797 
97.00153230363568 9.0 0.0 0.0 35.0 14231.777349599804 14232.777777777797 14232.777777777797 
98.00153230363568 9.0 0.0 0.0 35.0 14231.787353881553 14232.777777777797 14232.777777777797 
99.00153230363568 9.0 0.0 0.0 35.0 14231.797258120567 14232.777777777797 14232.777777777797 
100.00153230363568 9.0 0.0 0.0 35.0 14231.807063317092 14232.777777777797 14232.777777777797 
101.00153230363568 9.0 0.0 0.0 35.0 14231.816770461728 14232.777777777797 14232.777777777797 
102.00153230363568 9.0 0.0 0.0 35.0 14231.826380534887 14232.777777777797 14232.777777777797 
103.00153230363568 9.0 0.0 0.0 35.0 14231.835894507289 14232.777777777797 14232.777777777797 
104.00153230363568 9.0 0.0 0.0 35.0 14231.845313340047 14232.777777777797 14232.777777777797 
105.00153230363568 9.0 0.0 0.0 35.0 14231.854637984376 14232.777777777797 14232.777777777797 
106.00153230363568 9.0 0.0 1.0 35.0 14231.863869382347 14232.777777777797 14232.777777777797 
107.00153230363568 9.0 0.0 1.0 35.0 14231.696860318127 14215.162962962962 14232.777777777797 
108.00153230363568 10.0 0.0 0.0 35.0 14231.707669492727 14232.777777777797 14232.777777777797 
109.00153230363568 10.0 0.0 0.0 35.0 14231.718370575569 14232.777777777797 14232.777777777797 
110.00153230363568 10.0 0.0 0.0 35.0 14231.728964647607 14232.777777777797 14232.777777777797 
111.00153230363568 10.0 0.0 0.0 35.0 14231.739452778906 14232.777777777797 14232.777777777797 
112.00153230363568 10.0 0.0 0.0 35.0 14231.749836028905 14232.777777777797 14232.777777777797 
113.00153230363568 10.0 0.0 0.0 35.0 14231.760115446386 14232.777777777797 14232.777777777797 
114.00153230363568 10.0 0.0 0.0 35.0 14231.770292069703 14232.777777777797 14232.777777777797 
115.00153230363568 10.0 0.0 1.0 35.0 14231.78036692678 14232.777777777797 14232.777777777797 
116.00153230363568 10.0 0.0 1.0 35.0 14231.79034103532 14232.777777777797 14232.777777777797 
117.00153230363568 11.0 0.0 0.0 35.0 14231.624067254546 14215.162962962962 14232.777777777797 
118.00153230363568 11.0 0.0 0.0 35.0 14231.63560435978 14232.777777777797 14232.777777777797 
119.00153230363568 11.0 0.0 0.0 35.0 14231.647026093971 14232.777777777797 14232.777777777797 
120.00153230363568 11.0 0.0 0.0 35.0 14231.658333610814 14232.777777777797 14232.777777777797 
121.00153230363568 11.0 0.0 0.0 35.0 14231.669528052507 14232.777777777797 14232.777777777797 
122.00153230363568 11.0 0.0 0.0 35.0 14231.680610549745 14232.777777777797 14232.777777777797 
123.00153230363568 11.0 0.0 0.0 35.0 14231.69158222203 14232.777777777797 14232.777777777797 
124.00153230363568 11.0 0.0 0.0 35.0 14231.702444177568 14232.777777777797 14232.777777777797 
125.00153230363568 11.0 0.0 0.0 35.0 14231.713197513584 14232.777777777797 14232.777777777797 
126.00153230363568 11.0 0.0 0.0 35.0 14231.723843316218 14232.777777777797 14232.777777777797 
127.00153230363568 11.0 0.0 1.0 35.0 14231.734382660845 14232.777777777797 14232.777777777797 
128.00153230363568 11.0 0.0 1.0 35.0 14231.74481661202 14232.777777777797 14232.777777777797 
129.00153230363568 12.0 0.0 0.0 35.0 14231.57899807549 14215.162962962962 14232.777777777797 
130.00153230363568 12.0 0.0 0.0 35.0 14231.590985872528 14232.777777777797 14232.777777777797 
131.00153230363568 12.0 0.0 0.0 35.0 14231.602853791608 14232.777777777797 14232.777777777797 
132.00153230363568 12.0 0.0 0.0 35.0 14231.614603031476 14232.777777777797 14232.777777777797 
133.00153230363568 12.0 0.0 1.0 35.0 14231.626234778929 14232.777777777797 14232.777777777797 
134.00153230363568 13.0 0.0 0.0 35.0 14231.461602060763 14215.162962962962 14232.777777777797 
135.00153230363568 13.0 0.0 1.0 35.0 14231.474763817927 14232.777777777797 14232.777777777797 
136.00153230363568 13.0 0.0 1.0 35.0 14231.487793957498 14232.777777777797 14232.777777777797 
137.00153230363568 14.0 0.0 0.0 35.0 14231.324545647585 14215.162962962962 14232.777777777797 
138.00153230363568 14.0 0.0 0.0 35.0 14231.3390779689 14232.777777777797 14232.777777777797 
139.00153230363568 14.0 0.0 0.0 35.0 14231.353464966978 14232.777777777797 14232.777777777797 
140.00153230363568 14.0 0.0 0.0 35.0 14231.367708095064 14232.777777777797 14232.777777777797 
141.00153230363568 14.0 0.0 0.0 35.0 14231.3818087919 14232.777777777797 14232.777777777797 
142.00153230363568 14.0 0.0 0.0 35.0 14231.39576848176 14232.777777777797 14232.777777777797 
143.00153230363568 14.0 0.0 0.0 35.0 14231.409588574717 14232.777777777797 14232.777777777797 
144.00153230363568 14.0 0.0 0.0 35.0 14231.42327046677 14232.777777777797 14232.777777777797 
145.00153230363568 14.0 0.0 0.0 35.0 14231.436815539892 14232.777777777797 14232.777777777797 
146.00153230363568 14.0 0.0 0.0 35.0 14231.45022516225 14232.777777777797 14232.777777777797 
147.00153230363568 14.0 0.0 1.0 35.0 14231.463500688405 14232.777777777797 14232.777777777797 
148.00153230363568 14.0 0.0 1.0 35.0 14231.476643459286 14232.777777777797 14232.777777777797 
149.00153230363568 15.0 0.0 1.0 35.0 14231.313506654342 14215.162962962962 14232.777777777797 
150.00153230363568 15.0 0.0 1.0 35.0 14231.328149365569 14232.777777777797 14232.777777777797 
151.00153230363568 16.0 0.0 0.0 35.0 14231.166497501546 14215.162962962962 14232.777777777797 
152.00153230363568 16.0 0.0 0.0 35.0 14231.182610304291 14232.777777777797 14232.777777777797 
153.00153230363568 16.0 0.0 1.0 35.0 14231.198561979065 14232.777777777797 14232.777777777797 
154.00153230363568 16.0 0.0 1.0 35.0 14231.21435413702 14232.777777777797 14232.777777777797 
155.00153230363568 17.0 0.0 0.0 35.0 14231.053840225268 14215.162962962962 14232.777777777797 
156.00153230363568 17.0 0.0 0.0 35.0 14231.071079600799 14232.777777777797 14232.777777777797 
157.00153230363568 17.0 0.0 0.0 35.0 14231.088146582593 14232.777777777797 14232.777777777797 
158.00153230363568 17.0 0.0 0.0 35.0 14231.105042894544 14232.777777777797 14232.777777777797 
159.00153230363568 17.0 0.0 0.0 35.0 14231.121770243353 14232.777777777797 14232.777777777797 
160.00153230363568 17.0 0.0 0.0 35.0 14231.138330318698 14232.777777777797 14232.777777777797 
161.00153230363568 17.0 0.0 2.0 35.0 14231.154724793321 14232.777777777797 14232.777777777797 
162.00153230363568 18.0 0.0 1.0 35.0 14230.994807175008 14215.162962962962 14232.777777777797 
163.00153230363568 19.0 0.0 0.0 35.0 14230.836488732904 14215.162962962962 14232.777777777797 
164.00153230363568 19.0 0.0 0.0 35.0 14230.855901623303 14232.777777777797 14232.777777777797 
165.00153230363568 19.0 0.0 0.0 35.0 14230.875120384888 14232.777777777797 14232.777777777797 
166.00153230363568 19.0 0.0 0.0 35.0 14230.894146958779 14232.777777777797 14232.777777777797 
167.00153230363568 19.0 0.0 0.0 35.0 14230.912983266979 14232.777777777797 14232.777777777797 
168.00153230363568 19.0 0.0 0.0 35.0 14230.931631212083 14232.777777777797 14232.777777777797 
169.00153230363568 19.0 0.0 1.0 35.0 14230.95009267777 14232.777777777797 14232.777777777797 
170.00153230363568 19.0 0.0 1.0 35.0 14230.96836952877 14232.777777777797 14232.777777777797 
171.00153230363568 20.0 0.0 0.0 35.0 14230.810315463112 14215.162962962962 14232.777777777797 
172.00153230363568 20.0 0.0 0.0 35.0 14230.829990086257 14232.777777777797 14232.777777777797 
173.00153230363568 20.0 0.0 0.0 35.0 14230.849467963139 14232.777777777797 14232.777777777797 
174.00153230363568 20.0 0.0 0.0 35.0 14230.868751061313 14232.777777777797 14232.777777777797 
175.00153230363568 20.0 0.0 0.0 35.0 14230.887841328455 14232.777777777797 14232.777777777797 
176.00153230363568 20.0 0.0 0.0 35.0 14230.906740692995 14232.777777777797 14232.777777777797 
177.00153230363568 20.0 0.0 0.0 35.0 14230.92545106383 14232.777777777797 14232.777777777797 
178.00153230363568 20.0 0.0 0.0 35.0 14230.943974330961 14232.777777777797 14232.777777777797 
179.00153230363568 20.0 0.0 0.0 35.0 14230.962312365431 14232.777777777797 14232.777777777797 
180.00153230363568 20.0 0.0 0.0 35.0 14230.980467019519 14232.777777777797 14232.777777777797 
181.00153230363568 20.0 0.0 0.0 35.0 14230.998440127136 14232.777777777797 14232.777777777797 
182.00153230363568 20.0 0.0 0.0 35.0 14231.016233503662 14232.777777777797 14232.777777777797 
183.00153230363568 20.0 0.0 0.0 35.0 14231.033848946387 14232.777777777797 14232.777777777797 
184.00153230363568 20.0 0.0 0.0 35.0 14231.051288234692 14232.777777777797 14232.777777777797 
185.00153230363568 20.0 0.0 0.0 35.0 14231.068553130115 14232.777777777797 14232.777777777797 
186.00153230363568 20.0 0.0 1.0 35.0 14231.085645376595 14232.777777777797 14232.777777777797 
187.00153230363568 20.0 0.0 1.0 35.0 14230.926418552492 14215.162962962962 14232.777777777797 
188.00153230363568 21.0 0.0 0.0 35.0 14230.944932144732 14232.777777777797 14232.777777777797 
189.00153230363568 21.0 0.0 0.0 35.0 14230.963260601053 14232.777777777797 14232.777777777797 
190.00153230363568 21.0 0.0 0.0 35.0 14230.981405772818 14232.777777777797 14232.777777777797 
191.00153230363568 21.0 0.0 0.0 35.0 14230.99936949288 14232.777777777797 14232.777777777797 
192.00153230363568 21.0 0.0 0.0 35.0 14231.017153575722 14232.777777777797 14232.777777777797 
193.00153230363568 21.0 0.0 1.0 35.0 14231.034759817738 14232.777777777797 14232.777777777797 
194.00153230363568 22.0 0.0 0.0 35.0 14230.876041849213 14215.162962962962 14232.777777777797 
195.00153230363568 22.0 0.0 1.0 35.0 14230.895059208478 14232.777777777797 14232.777777777797 
196.00153230363568 22.0 0.0 1.0 35.0 14230.91388639419 14232.777777777797 14232.777777777797 
197.00153230363568 23.0 0.0 0.0 35.0 14230.756377159862 14215.162962962962 14232.777777777797 
198.00153230363568 23.0 0.0 0.0 35.0 14230.776591166052 14232.777777777797 14232.777777777797 
199.00153230363568 23.0 0.0 1.0 35.0 14230.796603032153 14232.777777777797 14232.777777777797 
200.00153230363568 23.0 0.0 1.0 35.0 14230.81641477961 14232.777777777797 14232.777777777797 
201.00153230363568 24.0 0.0 0.0 35.0 14230.659880261463 14215.162962962962 14232.777777777797 
202.00153230363568 24.0 0.0 0.0 35.0 14230.681059236593 14232.777777777797 14232.777777777797 
203.00153230363568 24.0 0.0 0.0 35.0 14230.702026422005 14232.777777777797 14232.777777777797 
204.00153230363568 24.0 0.0 0.0 35.0 14230.722783935582 14232.777777777797 14232.777777777797 
205.00153230363568 24.0 0.0 0.0 35.0 14230.743333873987 14232.777777777797 14232.777777777797 
206.00153230363568 24.0 0.0 0.0 35.0 14230.763678313055 14232.777777777797 14232.777777777797 
207.00153230363568 24.0 0.0 0.0 35.0 14230.783819307699 14232.777777777797 14232.777777777797 
208.00153230363568 24.0 0.0 0.0 35.0 14230.803758892387 14232.777777777797 14232.777777777797 
209.00153230363568 24.0 0.0 0.0 35.0 14230.823499081265 14232.777777777797 14232.777777777797 
210.00153230363568 24.0 0.0 0.0 35.0 14230.843041868224 14232.777777777797 14232.777777777797 
211.00153230363568 24.0 0.0 0.0 35.0 14230.862389227306 14232.777777777797 14232.777777777797 
212.00153230363568 24.0 0.0 0.0 35.0 14230.881543112793 14232.777777777797 14232.777777777797 
213.00153230363568 24.0 0.0 0.0 35.0 14230.900505459485 14232.777777777797 14232.777777777797 
214.00153230363568 24.0 0.0 0.0 35.0 14230.919278182644 14232.777777777797 14232.777777777797 
215.00153230363568 24.0 0.0 0.0 35.0 14230.937863178613 14232.777777777797 14232.777777777797 
216.00153230363568 24.0 0.0 0.0 35.0 14230.956262324598 14232.777777777797 14232.777777777797 
217.00153230363568 24.0 0.0 1.0 35.0 14230.974477479102 14232.777777777797 14232.777777777797 
218.00153230363568 24.0 0.0 1.0 35.0 14230.992510482098 14232.777777777797 14232.777777777797 
219.00153230363568 25.0 0.0 0.0 35.0 14230.834215006898 14215.162962962962 14232.777777777797 
220.00153230363568 25.0 0.0 1.0 35.0 14230.853650634608 14232.777777777797 14232.777777777797 
221.00153230363568 25.0 0.0 1.0 35.0 14230.696743757886 14215.162962962962 14232.777777777797 
222.00153230363568 26.0 0.0 0.0 35.0 14230.717554098113 14232.777777777797 14232.777777777797 
223.00153230363568 26.0 0.0 0.0 35.0 14230.738156334908 14232.777777777797 14232.777777777797 
224.00153230363568 26.0 0.0 0.0 35.0 14230.758552549332 14232.777777777797 14232.777777777797 
225.00153230363568 26.0 0.0 0.0 35.0 14230.778744801597 14232.777777777797 14232.777777777797 
226.00153230363568 26.0 0.0 1.0 35.0 14230.798735131382 14232.777777777797 14232.777777777797 
227.00153230363568 26.0 0.0 1.0 35.0 14230.642377409693 14215.162962962962 14232.777777777797 
228.00153230363568 27.0 0.0 0.0 35.0 14230.663731413351 14232.777777777797 14232.777777777797 
229.00153230363568 27.0 0.0 0.0 35.0 14230.684871876989 14232.777777777797 14232.777777777797 
230.00153230363568 27.0 0.0 0.0 35.0 14230.70580093603 14232.777777777797 14232.777777777797 
231.00153230363568 27.0 0.0 1.0 35.0 14230.72652070445 14232.777777777797 14232.777777777797 
232.00153230363568 27.0 0.0 1.0 35.0 14230.747033275162 14232.777777777797 14232.777777777797 
233.00153230363568 28.0 0.0 0.0 35.0 14230.591192572057 14215.162962962962 14232.777777777797 
234.00153230363568 28.0 0.0 0.0 35.0 14230.613058424131 14232.777777777797 14232.777777777797 
235.00153230363568 28.0 0.0 0.0 35.0 14230.63470561765 14232.777777777797 14232.777777777797 
236.00153230363568 28.0 0.0 0.0 35.0 14230.656136339232 14232.777777777797 14232.777777777797 
237.00153230363568 28.0 0.0 0.0 35.0 14230.677352753646 14232.777777777797 14232.777777777797 
238.00153230363568 28.0 0.0 1.0 35.0 14230.69835700388 14232.777777777797 14232.777777777797 
239.00153230363568 29.0 0.0 0.0 35.0 14230.543003063493 14215.162962962962 14232.777777777797 
240.00153230363568 29.0 0.0 0.0 35.0 14230.565350810615 14232.777777777797 14232.777777777797 
241.00153230363568 29.0 0.0 0.0 35.0 14230.587475080294 14232.777777777797 14232.777777777797 
242.00153230363568 29.0 0.0 0.0 35.0 14230.60937810726 14232.777777777797 14232.777777777797 
243.00153230363568 29.0 0.0 0.0 35.0 14230.631062103961 14232.777777777797 14232.777777777797 
244.00153230363568 29.0 0.0 2.0 35.0 14230.65252926071 14232.777777777797 14232.777777777797 
245.00153230363568 29.0 0.0 2.0 35.0 14230.497633597732 14215.162962962962 14232.777777777797 
246.00153230363568 31.0 0.0 2.0 35.0 14230.344286891366 14215.162962962962 14232.777777777797 
247.00153230363568 31.0 0.0 2.0 35.0 14230.368621800246 14232.777777777797 14232.777777777797 
248.00153230363568 33.0 0.0 1.0 35.0 14230.040417063708 14197.54814814815 14232.777777777797 
249.00153230363568 33.0 0.0 1.0 35.0 14230.067790670862 14232.777777777797 14232.777777777797 
250.00153230363568 34.0 0.0 0.0 35.0 14229.91874239376 14215.162962962962 14232.777777777797 
251.00153230363568 34.0 0.0 0.0 35.0 14229.94733274764 14232.777777777797 14232.777777777797 
252.00153230363568 34.0 0.0 0.0 35.0 14229.975637197911 14232.777777777797 14232.777777777797 
253.00153230363568 34.0 0.0 0.0 35.0 14230.00365860373 14232.777777777797 14232.777777777797 
254.00153230363568 34.0 0.0 0.0 35.0 14230.031399795465 14232.777777777797 14232.777777777797 
255.00153230363568 34.0 0.0 0.0 35.0 14230.058863575274 14232.777777777797 14232.777777777797 
256.0015323036357 34.0 0.0 0.0 35.0 14230.086052717317 14232.777777777797 14232.777777777797 
257.0015323036357 34.0 0.0 0.0 35.0 14230.11296996792 14232.777777777797 14232.777777777797 
258.0015323036357 34.0 0.0 0.0 35.0 14230.13961804602 14232.777777777797 14232.777777777797 
259.0015323036357 34.0 0.0 0.0 35.0 14230.16599964333 14232.777777777797 14232.777777777797 
260.0015323036357 34.0 0.0 0.0 35.0 14230.192117424687 14232.777777777797 14232.777777777797 
261.0015323036357 34.0 0.0 0.0 35.0 14230.21797402821 14232.777777777797 14232.777777777797 
262.0015323036357 34.0 0.0 0.0 35.0 14230.243572065714 14232.777777777797 14232.777777777797 
263.0015323036357 34.0 0.0 0.0 35.0 14230.268914122826 14232.777777777797 14232.777777777797 
264.0015323036357 34.0 0.0 1.0 35.0 14230.294002759392 14232.777777777797 14232.777777777797 
265.0015323036357 34.0 0.0 1.0 35.0 14230.318840509588 14232.777777777797 14232.777777777797 
266.0015323036357 35.0 0.0 0.0 35.0 14230.167281734115 14215.162962962962 14232.777777777797 
267.0015323036357 35.0 0.0 1.0 35.0 14230.193386694522 14232.777777777797 14232.777777777797 
268.0015323036357 35.0 0.0 1.0 35.0 14230.21923060537 14232.777777777797 14232.777777777797 
269.0015323036357 36.0 0.0 0.0 35.0 14230.068667928957 14215.162962962962 14232.777777777797 
270.0015323036357 36.0 0.0 0.0 35.0 14230.09575902745 14232.777777777797 14232.777777777797 
271.0015323036357 36.0 0.0 0.0 35.0 14230.122579214938 14232.777777777797 14232.777777777797 
272.0015323036357 36.0 0.0 0.0 35.0 14230.149131200591 14232.777777777797 14232.777777777797 
273.0015323036357 36.0 0.0 0.0 35.0 14230.17541766635 14232.777777777797 14232.777777777797 
274.0015323036357 36.0 0.0 0.0 35.0 14230.201441267434 14232.777777777797 14232.777777777797 
275.0015323036357 36.0 0.0 0.0 35.0 14230.227204632556 14232.777777777797 14232.777777777797 
276.0015323036357 36.0 0.0 0.0 35.0 14230.252710363986 14232.777777777797 14232.777777777797 
277.0015323036357 36.0 0.0 0.0 35.0 14230.27796103815 14232.777777777797 14232.777777777797 
278.0015323036357 36.0 0.0 0.0 35.0 14230.302959205532 14232.777777777797 14232.777777777797 
279.0015323036357 36.0 0.0 0.0 35.0 14230.327707391283 14232.777777777797 14232.777777777797 
280.0015323036357 36.0 0.0 0.0 35.0 14230.352208095124 14232.777777777797 14232.777777777797 
281.0015323036357 36.0 0.0 0.0 35.0 14230.376463791961 14232.777777777797 14232.777777777797 
282.0015323036357 36.0 0.0 0.0 35.0 14230.40047693181 14232.777777777797 14232.777777777797 
283.0015323036357 36.0 0.0 0.0 35.0 14230.424249940263 14232.777777777797 14232.777777777797 
284.0015323036357 36.0 0.0 0.0 35.0 14230.447785218628 14232.777777777797 14232.777777777797 
285.0015323036357 36.0 0.0 0.0 35.0 14230.47108514426 14232.777777777797 14232.777777777797 
286.0015323036357 36.0 0.0 0.0 35.0 14230.49415207058 14232.777777777797 14232.777777777797 
287.0015323036357 36.0 0.0 0.0 35.0 14230.516988327656 14232.777777777797 14232.777777777797 
288.0015323036357 36.0 0.0 0.0 35.0 14230.539596222176 14232.777777777797 14232.777777777797 
289.0015323036357 36.0 0.0 0.0 35.0 14230.561978037718 14232.777777777797 14232.777777777797 
290.0015323036357 36.0 0.0 0.0 35.0 14230.584136035139 14232.777777777797 14232.777777777797 
291.0015323036357 36.0 0.0 0.0 35.0 14230.60607245254 14232.777777777797 14232.777777777797 
292.0015323036357 36.0 0.0 0.0 35.0 14230.627789505807 14232.777777777797 14232.777777777797 
293.0015323036357 36.0 0.0 0.0 35.0 14230.649289388508 14232.777777777797 14232.777777777797 
294.0015323036357 36.0 0.0 0.0 35.0 14230.670574272392 14232.777777777797 14232.777777777797 
295.0015323036357 36.0 0.0 0.0 35.0 14230.691646307449 14232.777777777797 14232.777777777797 
296.0015323036357 36.0 0.0 0.0 35.0 14230.712507622162 14232.777777777797 14232.777777777797 
297.0015323036357 36.0 0.0 1.0 35.0 14230.733160323729 14232.777777777797 14232.777777777797 
298.0015323036357 36.0 0.0 1.0 35.0 14230.577458350099 14215.162962962962 14232.777777777797 
299.0015323036357 37.0 0.0 1.0 35.0 14230.599461544389 14232.777777777797 14232.777777777797 
300.0015323036357 38.0 0.0 0.0 35.0 14230.445096558573 14215.162962962962 14232.777777777797 
301.0015323036357 38.0 0.0 0.0 35.0 14230.468423370787 14232.777777777797 14232.777777777797 
302.0015323036357 38.0 0.0 0.0 35.0 14230.491516914835 14232.777777777797 14232.777777777797 
303.0015323036357 38.0 0.0 0.0 35.0 14230.514379523476 14232.777777777797 14232.777777777797 
304.0015323036357 38.0 0.0 0.0 35.0 14230.537013505995 14232.777777777797 14232.777777777797 
305.0015323036357 38.0 0.0 0.0 35.0 14230.55942114874 14232.777777777797 14232.777777777797 
306.0015323036357 38.0 0.0 0.0 35.0 14230.581604715038 14232.777777777797 14232.777777777797 
307.0015323036357 38.0 0.0 0.0 35.0 14230.60356644565 14232.777777777797 14232.777777777797 
308.0015323036357 38.0 0.0 0.0 35.0 14230.62530855897 14232.777777777797 14232.777777777797 
309.0015323036357 38.0 0.0 0.0 35.0 14230.646833251161 14232.777777777797 14232.777777777797 
310.0015323036357 38.0 0.0 0.0 35.0 14230.668142696444 14232.777777777797 14232.777777777797 
311.0015323036357 38.0 0.0 0.0 35.0 14230.689239047242 14232.777777777797 14232.777777777797 
312.0015323036357 38.0 0.0 0.0 35.0 14230.71012443455 14232.777777777797 14232.777777777797 
313.0015323036357 38.0 0.0 0.0 35.0 14230.730800967976 14232.777777777797 14232.777777777797 
314.0015323036357 38.0 0.0 0.0 35.0 14230.751270736057 14232.777777777797 14232.777777777797 
315.0015323036357 38.0 0.0 0.0 35.0 14230.771535806489 14232.777777777797 14232.777777777797 
316.0015323036357 38.0 0.0 0.0 35.0 14230.791598226224 14232.777777777797 14232.777777777797 
317.0015323036357 38.0 0.0 0.0 35.0 14230.811460021718 14232.777777777797 14232.777777777797 
318.0015323036357 38.0 0.0 0.0 35.0 14230.831123199261 14232.777777777797 14232.777777777797 
319.0015323036357 38.0 0.0 0.0 35.0 14230.850589745061 14232.777777777797 14232.777777777797 
320.0015323036357 38.0 0.0 0.0 35.0 14230.869861625411 14232.777777777797 14232.777777777797 
321.0015323036357 38.0 0.0 0.0 35.0 14230.888940786901 14232.777777777797 14232.777777777797 
322.0015323036357 38.0 0.0 1.0 35.0 14230.907829156818 14232.777777777797 14232.777777777797 
323.0015323036357 38.0 0.0 1.0 35.0 14230.926528643038 14232.777777777797 14232.777777777797 
324.0015323036357 39.0 0.0 0.0 35.0 14230.768892986243 14215.162962962962 14232.777777777797 
325.0015323036357 39.0 0.0 0.0 35.0 14230.788981834141 14232.777777777797 14232.777777777797 
326.0015323036357 39.0 0.0 0.0 35.0 14230.80886979361 14232.777777777797 14232.777777777797 
327.0015323036357 39.0 0.0 0.0 35.0 14230.82855887345 14232.777777777797 14232.777777777797 
328.0015323036357 39.0 0.0 0.0 35.0 14230.84805106248 14232.777777777797 14232.777777777797 
329.0015323036357 39.0 0.0 0.0 35.0 14230.867348329624 14232.777777777797 14232.777777777797 
330.0015323036357 39.0 0.0 0.0 35.0 14230.886452624114 14232.777777777797 14232.777777777797 
331.0015323036357 39.0 0.0 0.0 35.0 14230.905365875622 14232.777777777797 14232.777777777797 
332.0015323036357 39.0 0.0 0.0 35.0 14230.92408999467 14232.777777777797 14232.777777777797 
333.0015323036357 39.0 0.0 0.0 35.0 14230.94262687251 14232.777777777797 14232.777777777797 
334.0015323036357 39.0 0.0 0.0 35.0 14230.960978381545 14232.777777777797 14232.777777777797 
335.0015323036357 39.0 0.0 0.0 35.0 14230.9791463755 14232.777777777797 14232.777777777797 
336.0015323036357 39.0 0.0 0.0 35.0 14230.997132689543 14232.777777777797 14232.777777777797 
337.0015323036357 39.0 0.0 0.0 35.0 14231.014939140412 14232.777777777797 14232.777777777797 
338.0015323036357 39.0 0.0 0.0 35.0 14231.03256752681 14232.777777777797 14232.777777777797 
339.0015323036357 39.0 0.0 0.0 35.0 14231.050019629312 14232.777777777797 14232.777777777797 
340.0015323036357 39.0 0.0 0.0 35.0 14231.067297210799 14232.777777777797 14232.777777777797 
341.0015323036357 39.0 0.0 1.0 35.0 14231.084402016466 14232.777777777797 14232.777777777797 
342.0015323036357 39.0 0.0 1.0 35.0 14230.92518762593 14215.162962962962 14232.777777777797 
343.0015323036357 40.0 0.0 0.0 35.0 14230.94371352746 14232.777777777797 14232.777777777797 
344.0015323036357 40.0 0.0 0.0 35.0 14230.962054169935 14232.777777777797 14232.777777777797 
345.0015323036357 40.0 0.0 0.0 35.0 14230.980211406037 14232.777777777797 14232.777777777797 
346.0015323036357 40.0 0.0 0.0 35.0 14230.998187069732 14232.777777777797 14232.777777777797 
347.0015323036357 40.0 0.0 0.0 35.0 14231.0159829768 14232.777777777797 14232.777777777797 
348.0015323036357 40.0 0.0 0.0 35.0 14231.033600924831 14232.777777777797 14232.777777777797 
349.0015323036357 40.0 0.0 0.0 35.0 14231.05104269337 14232.777777777797 14232.777777777797 
350.0015323036357 40.0 0.0 0.0 35.0 14231.068310044191 14232.777777777797 14232.777777777797 
351.0015323036357 40.0 0.0 0.0 35.0 14231.085404721543 14232.777777777797 14232.777777777797 
352.0015323036357 40.0 0.0 0.0 35.0 14231.102328452103 14232.777777777797 14232.777777777797 
353.0015323036357 40.0 0.0 0.0 35.0 14231.119082945354 14232.777777777797 14232.777777777797 
354.0015323036357 40.0 0.0 1.0 35.0 14231.135669893696 14232.777777777797 14232.777777777797 
355.0015323036357 40.0 0.0 1.0 35.0 14230.97594282437 14215.162962962962 14232.777777777797 
356.0015323036357 41.0 0.0 0.0 35.0 14230.99396117393 14232.777777777797 14232.777777777797 
357.0015323036357 41.0 0.0 0.0 35.0 14231.011799339984 14232.777777777797 14232.777777777797 
358.0015323036357 41.0 0.0 0.0 35.0 14231.029459124331 14232.777777777797 14232.777777777797 
359.0015323036357 41.0 0.0 0.0 35.0 14231.046942310863 14232.777777777797 14232.777777777797 
360.0015323036357 41.0 0.0 0.0 35.0 14231.064250665568 14232.777777777797 14232.777777777797 
361.0015323036357 41.0 0.0 0.0 35.0 14231.081385936663 14232.777777777797 14232.777777777797 
362.0015323036357 41.0 0.0 0.0 35.0 14231.098349855085 14232.777777777797 14232.777777777797 
363.0015323036357 41.0 0.0 0.0 35.0 14231.115144134319 14232.777777777797 14232.777777777797 
364.0015323036357 41.0 0.0 0.0 35.0 14231.131770470733 14232.777777777797 14232.777777777797 
365.0015323036357 41.0 0.0 1.0 35.0 14231.148230543793 14232.777777777797 14232.777777777797 
366.0015323036357 41.0 0.0 1.0 35.0 14231.16452601615 14232.777777777797 14232.777777777797 
367.0015323036357 42.0 0.0 0.0 35.0 14231.004510385621 14215.162962962962 14232.777777777797 
368.0015323036357 42.0 0.0 1.0 35.0 14231.02224305953 14232.777777777797 14232.777777777797 
369.0015323036357 43.0 0.0 0.0 35.0 14230.863650258545 14215.162962962962 14232.777777777797 
370.0015323036357 43.0 0.0 0.0 35.0 14230.882791533768 14232.777777777797 14232.777777777797 
371.0015323036357 43.0 0.0 1.0 35.0 14230.901741396221 14232.777777777797 14232.777777777797 
372.0015323036357 43.0 0.0 1.0 35.0 14230.744353611874 14215.162962962962 14232.777777777797 
373.0015323036357 44.0 0.0 0.0 35.0 14230.764687853527 14232.777777777797 14232.777777777797 
374.0015323036357 44.0 0.0 0.0 35.0 14230.784818752783 14232.777777777797 14232.777777777797 
375.0015323036357 44.0 0.0 0.0 35.0 14230.804748343004 14232.777777777797 14232.777777777797 
376.0015323036357 44.0 0.0 0.0 35.0 14230.82447863735 14232.777777777797 14232.777777777797 
377.0015323036357 44.0 0.0 0.0 35.0 14230.844011628787 14232.777777777797 14232.777777777797 
378.0015323036357 44.0 0.0 0.0 35.0 14230.863349290272 14232.777777777797 14232.777777777797 
379.0015323036357 44.0 0.0 0.0 35.0 14230.882493575158 14232.777777777797 14232.777777777797 
380.0015323036357 44.0 0.0 0.0 35.0 14230.901446417156 14232.777777777797 14232.777777777797 
381.0015323036357 44.0 0.0 0.0 35.0 14230.920209730792 14232.777777777797 14232.777777777797 
382.0015323036357 44.0 0.0 0.0 35.0 14230.938785411236 14232.777777777797 14232.777777777797 
383.0015323036357 44.0 0.0 0.0 35.0 14230.957175334908 14232.777777777797 14232.777777777797 
384.0015323036357 44.0 0.0 0.0 35.0 14230.975381359327 14232.777777777797 14232.777777777797 
385.0015323036357 44.0 0.0 0.0 35.0 14230.993405323548 14232.777777777797 14232.777777777797 
386.0015323036357 44.0 0.0 0.0 35.0 14231.011249048062 14232.777777777797 14232.777777777797 
387.0015323036357 44.0 0.0 0.0 35.0 14231.028914335344 14232.777777777797 14232.777777777797 
388.0015323036357 44.0 0.0 1.0 35.0 14231.046402969794 14232.777777777797 14232.777777777797 
389.0015323036357 44.0 0.0 1.0 35.0 14231.063716717881 14232.777777777797 14232.777777777797 
390.0015323036357 45.0 0.0 0.0 35.0 14230.904709180302 14215.162962962962 14232.777777777797 
391.0015323036357 45.0 0.0 0.0 35.0 14230.923439866294 14232.777777777797 14232.777777777797 
392.0015323036357 45.0 0.0 0.0 35.0 14230.941983245417 14232.777777777797 14232.777777777797 
393.0015323036357 45.0 0.0 0.0 35.0 14230.96034119076 14232.777777777797 14232.777777777797 
394.0015323036357 45.0 0.0 0.0 35.0 14230.978515556633 14232.777777777797 14232.777777777797 
395.0015323036357 45.0 0.0 0.0 35.0 14230.996508178845 14232.777777777797 14232.777777777797 
396.0015323036357 45.0 0.0 0.0 35.0 14231.014320874807 14232.777777777797 14232.777777777797 
397.0015323036357 45.0 0.0 0.0 35.0 14231.031955443861 14232.777777777797 14232.777777777797 
398.0015323036357 45.0 0.0 0.0 35.0 14231.049413667164 14232.777777777797 14232.777777777797 
399.0015323036357 45.0 0.0 0.0 35.0 14231.066697308268 14232.777777777797 14232.777777777797 
400.0015323036357 45.0 0.0 0.0 35.0 14231.08380811298 14232.777777777797 14232.777777777797 
401.0015323036357 45.0 0.0 0.0 35.0 14231.100747809642 14232.777777777797 14232.777777777797 
402.0015323036357 45.0 0.0 1.0 35.0 14231.117518109324 14232.777777777797 14232.777777777797 
403.0015323036357 45.0 0.0 1.0 35.0 14231.134120705987 14232.777777777797 14232.777777777797 
404.0015323036357 46.0 0.0 0.0 35.0 14230.974409128583 14215.162962962962 14232.777777777797 
405.0015323036357 46.0 0.0 0.0 35.0 14230.992442815039 14232.777777777797 14232.777777777797 
406.0015323036357 46.0 0.0 0.0 35.0 14231.010296164686 14232.777777777797 14232.777777777797 
407.0015323036357 46.0 0.0 0.0 35.0 14231.027970980802 14232.777777777797 14232.777777777797 
408.0015323036357 46.0 0.0 0.0 35.0 14231.045469048773 14232.777777777797 14232.777777777797 
409.0015323036357 46.0 0.0 0.0 35.0 14231.062792136063 14232.777777777797 14232.777777777797 
410.0015323036357 46.0 0.0 0.0 35.0 14231.079941992493 14232.777777777797 14232.777777777797 
411.0015323036357 46.0 0.0 0.0 35.0 14231.09692035036 14232.777777777797 14232.777777777797 
412.0015323036357 46.0 0.0 1.0 35.0 14231.113728924607 14232.777777777797 14232.777777777797 
413.0015323036357 47.0 0.0 0.0 35.0 14230.954221265007 14215.162962962962 14232.777777777797 
414.0015323036357 47.0 0.0 0.0 35.0 14230.972456830157 14232.777777777797 14232.777777777797 
415.0015323036357 47.0 0.0 0.0 35.0 14230.990510039628 14232.777777777797 14232.777777777797 
416.0015323036357 47.0 0.0 0.0 35.0 14231.008382716991 14232.777777777797 14232.777777777797 
417.0015323036357 47.0 0.0 0.0 35.0 14231.026076667593 14232.777777777797 14232.777777777797 
418.0015323036357 47.0 0.0 0.0 35.0 14231.043593678702 14232.777777777797 14232.777777777797 
419.0015323036357 47.0 0.0 1.0 35.0 14231.060935519723 14232.777777777797 14232.777777777797 
420.0015323036357 47.0 0.0 1.0 35.0 14231.07810394225 14232.777777777797 14232.777777777797 
421.0015323036357 48.0 0.0 0.0 35.0 14230.918952532484 14215.162962962962 14232.777777777797 
422.0015323036357 48.0 0.0 0.0 35.0 14230.93754078493 14232.777777777797 14232.777777777797 
423.0015323036357 48.0 0.0 0.0 35.0 14230.955943154859 14232.777777777797 14232.777777777797 
424.0015323036357 48.0 0.0 0.0 35.0 14230.974161501113 14232.777777777797 14232.777777777797 
425.0015323036357 48.0 0.0 0.0 35.0 14230.992197663869 14232.777777777797 14232.777777777797 
426.0015323036357 48.0 0.0 0.0 35.0 14231.010053465003 14232.777777777797 14232.777777777797 
427.0015323036357 48.0 0.0 0.0 35.0 14231.027730708118 14232.777777777797 14232.777777777797 
428.0015323036357 48.0 0.0 1.0 35.0 14231.045231178807 14232.777777777797 14232.777777777797 
429.0015323036357 49.0 0.0 0.0 35.0 14230.886408496679 14215.162962962962 14232.777777777797 
430.0015323036357 49.0 0.0 0.0 35.0 14230.905322189492 14232.777777777797 14232.777777777797 
431.0015323036357 49.0 0.0 0.0 35.0 14230.924046745356 14232.777777777797 14232.777777777797 
432.0015323036357 49.0 0.0 0.0 35.0 14230.942584055672 14232.777777777797 14232.777777777797 
433.0015323036357 49.0 0.0 0.0 35.0 14230.960935992916 14232.777777777797 14232.777777777797 
434.0015323036357 49.0 0.0 1.0 35.0 14230.97910441075 14232.777777777797 14232.777777777797 
435.0015323036357 50.0 0.0 0.0 35.0 14230.820942996263 14215.162962962962 14232.777777777797 
436.0015323036357 50.0 0.0 0.0 35.0 14230.840511344079 14232.777777777797 14232.777777777797 
437.0015323036357 50.0 0.0 0.0 35.0 14230.859884008427 14232.777777777797 14232.777777777797 
438.0015323036357 50.0 0.0 0.0 35.0 14230.879062946131 14232.777777777797 14232.777777777797 
439.0015323036357 50.0 0.0 0.0 35.0 14230.898050094422 14232.777777777797 14232.777777777797 
440.0015323036357 50.0 0.0 0.0 35.0 14230.916847371278 14232.777777777797 14232.777777777797 
441.0015323036357 50.0 0.0 1.0 35.0 14230.935456675343 14232.777777777797 14232.777777777797 
442.0015323036357 50.0 0.0 1.0 35.0 14230.953879886394 14232.777777777797 14232.777777777797 
443.0015323036357 51.0 0.0 0.0 35.0 14230.795970717132 14215.162962962962 14232.777777777797 
444.0015323036357 51.0 0.0 0.0 35.0 14230.815788787719 14232.777777777797 14232.777777777797 
445.0015323036357 51.0 0.0 0.0 35.0 14230.835408677633 14232.777777777797 14232.777777777797 
446.0015323036357 51.0 0.0 0.0 35.0 14230.854832368632 14232.777777777797 14232.777777777797 
447.0015323036357 51.0 0.0 0.0 35.0 14230.874061822735 14232.777777777797 14232.777777777797 
448.0015323036357 51.0 0.0 0.0 35.0 14230.893098982282 14232.777777777797 14232.777777777797 
449.0015323036357 51.0 0.0 0.0 35.0 14230.911945770222 14232.777777777797 14232.777777777797 
450.0015323036357 51.0 0.0 0.0 35.0 14230.930604090323 14232.777777777797 14232.777777777797 
451.0015323036357 51.0 0.0 0.0 35.0 14230.949075827211 14232.777777777797 14232.777777777797 
452.0015323036357 51.0 0.0 0.0 35.0 14230.967362846684 14232.777777777797 14232.777777777797 
453.0015323036357 51.0 0.0 0.0 35.0 14230.985466996022 14232.777777777797 14232.777777777797 
454.0015323036357 51.0 0.0 0.0 35.0 14231.003390103839 14232.777777777797 14232.777777777797 
455.0015323036357 51.0 0.0 1.0 35.0 14231.02113398057 14232.777777777797 14232.777777777797 
456.0015323036357 51.0 0.0 1.0 35.0 14231.038700418532 14232.777777777797 14232.777777777797 
457.0015323036357 52.0 0.0 0.0 35.0 14230.879943044009 14215.162962962962 14232.777777777797 
458.0015323036357 52.0 0.0 0.0 35.0 14230.898921391323 14232.777777777797 14232.777777777797 
459.0015323036357 52.0 0.0 0.0 35.0 14230.917709955193 14232.777777777797 14232.777777777797 
460.0015323036357 52.0 0.0 0.0 35.0 14230.936310633415 14232.777777777797 14232.777777777797 
461.0015323036357 52.0 0.0 0.0 35.0 14230.954725304859 14232.777777777797 14232.777777777797 
462.0015323036357 52.0 0.0 0.0 35.0 14230.972955829575 14232.777777777797 14232.777777777797 
463.0015323036357 52.0 0.0 1.0 35.0 14230.991004049056 14232.777777777797 14232.777777777797 
464.0015323036357 52.0 0.0 1.0 35.0 14231.008871786384 14232.777777777797 14232.777777777797 
465.0015323036357 53.0 0.0 0.0 35.0 14230.850412698117 14215.162962962962 14232.777777777797 
466.0015323036357 53.0 0.0 0.0 35.0 14230.869686348917 14232.777777777797 14232.777777777797 
467.0015323036357 53.0 0.0 0.0 35.0 14230.888767263235 14232.777777777797 14232.777777777797 
468.0015323036357 53.0 0.0 0.0 35.0 14230.907657368363 14232.777777777797 14232.777777777797 
469.0015323036357 53.0 0.0 0.0 35.0 14230.926358572451 14232.777777777797 14232.777777777797 
470.0015323036357 53.0 0.0 0.0 35.0 14230.944872764509 14232.777777777797 14232.777777777797 
471.0015323036357 53.0 0.0 0.0 35.0 14230.96320181463 14232.777777777797 14232.777777777797 
472.0015323036357 53.0 0.0 0.0 35.0 14230.981347574278 14232.777777777797 14232.777777777797 
473.0015323036357 53.0 0.0 0.0 35.0 14230.999311876325 14232.777777777797 14232.777777777797 
474.0015323036357 53.0 0.0 0.0 35.0 14231.017096535323 14232.777777777797 14232.777777777797 
475.0015323036357 53.0 0.0 0.0 35.0 14231.034703347745 14232.777777777797 14232.777777777797 
476.0015323036357 53.0 0.0 0.0 35.0 14231.052134092042 14232.777777777797 14232.777777777797 
477.0015323036357 53.0 0.0 0.0 35.0 14231.069390528894 14232.777777777797 14232.777777777797 
478.0015323036357 53.0 0.0 0.0 35.0 14231.086474401376 14232.777777777797 14232.777777777797 
479.0015323036357 53.0 0.0 0.0 35.0 14231.103387435134 14232.777777777797 14232.777777777797 
480.0015323036357 53.0 0.0 0.0 35.0 14231.120131338588 14232.777777777797 14232.777777777797 
481.0015323036357 53.0 0.0 0.0 35.0 14231.136707802953 14232.777777777797 14232.777777777797 
482.0015323036357 53.0 0.0 0.0 35.0 14231.15311850272 14232.777777777797 14232.777777777797 
483.0015323036357 53.0 0.0 1.0 35.0 14231.169365095486 14232.777777777797 14232.777777777797 
484.0015323036357 53.0 0.0 1.0 35.0 14231.18544922228 14232.777777777797 14232.777777777797 
485.0015323036357 54.0 0.0 0.0 35.0 14231.0252243597 14215.162962962962 14232.777777777797 
486.0015323036357 54.0 0.0 0.0 35.0 14231.042749893897 14232.777777777797 14232.777777777797 
487.0015323036357 54.0 0.0 0.0 35.0 14231.060100172721 14232.777777777797 14232.777777777797 
488.0015323036357 54.0 0.0 0.0 35.0 14231.07727694878 14232.777777777797 14232.777777777797 
489.0015323036357 54.0 0.0 0.0 35.0 14231.094281957085 14232.777777777797 14232.777777777797 
490.0015323036357 54.0 0.0 0.0 35.0 14231.111116915292 14232.777777777797 14232.777777777797 
491.0015323036357 54.0 0.0 0.0 35.0 14231.127783523913 14232.777777777797 14232.777777777797 
492.0015323036357 54.0 0.0 1.0 35.0 14231.14428346644 14232.777777777797 14232.777777777797 
493.0015323036357 55.0 0.0 0.0 35.0 14230.984470261403 14215.162962962962 14232.777777777797 
494.0015323036357 55.0 0.0 0.0 35.0 14231.002403336559 14232.777777777797 14232.777777777797 
495.0015323036357 55.0 0.0 0.0 35.0 14231.020157080971 14232.777777777797 14232.777777777797 
496.0015323036357 55.0 0.0 0.0 35.0 14231.037733287947 14232.777777777797 14232.777777777797 
497.0015323036357 55.0 0.0 0.0 35.0 14231.055133732858 14232.777777777797 14232.777777777797 
498.0015323036357 55.0 0.0 0.0 35.0 14231.072360173277 14232.777777777797 14232.777777777797 
499.0015323036357 55.0 0.0 0.0 35.0 14231.08941434936 14232.777777777797 14232.777777777797 
500.0015323036357 55.0 0.0 0.0 35.0 14231.106297983619 14232.777777777797 14232.777777777797 
501.0015323036357 55.0 0.0 0.0 35.0 14231.123012781547 14232.777777777797 14232.777777777797 
502.0015323036357 55.0 0.0 0.0 35.0 14231.139560431555 14232.777777777797 14232.777777777797 
503.0015323036357 55.0 0.0 1.0 35.0 14231.155942605006 14232.777777777797 14232.777777777797 
504.0015323036357 55.0 0.0 1.0 35.0 14231.172160956694 14232.777777777797 14232.777777777797 
505.0015323036357 56.0 0.0 0.0 35.0 14231.012068976777 14215.162962962962 14232.777777777797 
506.0015323036357 56.0 0.0 0.0 35.0 14231.029726064806 14232.777777777797 14232.777777777797 
507.0015323036357 56.0 0.0 1.0 35.0 14231.047206581914 14232.777777777797 14232.777777777797 
508.0015323036357 56.0 0.0 1.0 35.0 14231.064512293886 14232.777777777797 14232.777777777797 
509.0015323036357 57.0 0.0 0.0 35.0 14230.905496800588 14215.162962962962 14232.777777777797 
510.0015323036357 57.0 0.0 0.0 35.0 14230.92421961032 14232.777777777797 14232.777777777797 
511.0015323036357 57.0 0.0 0.0 35.0 14230.942755192009 14232.777777777797 14232.777777777797 
512.0015323036357 57.0 0.0 1.0 35.0 14230.96110541786 14232.777777777797 14232.777777777797 
513.0015323036357 57.0 0.0 1.0 35.0 14230.80312399333 14215.162962962962 14232.777777777797 
514.0015323036357 58.0 0.0 0.0 35.0 14230.8228705312 14232.777777777797 14232.777777777797 
515.0015323036357 58.0 0.0 0.0 35.0 14230.842419603658 14232.777777777797 14232.777777777797 
516.0015323036357 58.0 0.0 0.0 35.0 14230.861773185365 14232.777777777797 14232.777777777797 
517.0015323036357 58.0 0.0 0.0 35.0 14230.880933231316 14232.777777777797 14232.777777777797 
518.0015323036357 58.0 0.0 0.0 35.0 14230.899901676772 14232.777777777797 14232.777777777797 
519.0015323036357 58.0 0.0 0.0 35.0 14230.918680437755 14232.777777777797 14232.777777777797 
520.0015323036357 58.0 0.0 0.0 35.0 14230.937271411198 14232.777777777797 14232.777777777797 
521.0015323036357 58.0 0.0 0.0 35.0 14230.955676474856 14232.777777777797 14232.777777777797 
522.0015323036357 58.0 0.0 0.0 35.0 14230.973897487887 14232.777777777797 14232.777777777797 
523.0015323036357 58.0 0.0 0.0 35.0 14230.991936290777 14232.777777777797 14232.777777777797 
524.0015323036357 58.0 0.0 0.0 35.0 14231.009794705653 14232.777777777797 14232.777777777797 
525.0015323036357 58.0 0.0 0.0 35.0 14231.027474536388 14232.777777777797 14232.777777777797 
526.0015323036357 58.0 0.0 0.0 35.0 14231.044977568785 14232.777777777797 14232.777777777797 
527.0015323036357 58.0 0.0 0.0 35.0 14231.06230557087 14232.777777777797 14232.777777777797 
528.0015323036357 58.0 0.0 0.0 35.0 14231.079460292933 14232.777777777797 14232.777777777797 
529.0015323036357 58.0 0.0 0.0 35.0 14231.096443467804 14232.777777777797 14232.777777777797 
530.0015323036357 58.0 0.0 0.0 35.0 14231.113256810879 14232.777777777797 14232.777777777797 
531.0015323036357 58.0 0.0 0.0 35.0 14231.129902020566 14232.777777777797 14232.777777777797 
532.0015323036357 58.0 0.0 1.0 35.0 14231.146380778124 14232.777777777797 14232.777777777797 
533.0015323036357 58.0 0.0 1.0 35.0 14231.16269474814 14232.777777777797 14232.777777777797 
534.0015323036357 59.0 0.0 0.0 35.0 14231.00269743026 14215.162962962962 14232.777777777797 
535.0015323036357 59.0 0.0 0.0 35.0 14231.020448233785 14232.777777777797 14232.777777777797 
536.0015323036357 59.0 0.0 0.0 35.0 14231.038021529206 14232.777777777797 14232.777777777797 
537.0015323036357 59.0 0.0 0.0 35.0 14231.055419091685 14232.777777777797 14232.777777777797 
538.0015323036357 59.0 0.0 0.0 35.0 14231.072642678537 14232.777777777797 14232.777777777797 
539.0015323036357 59.0 0.0 2.0 35.0 14231.08969402952 14232.777777777797 14232.777777777797 
540.0015323036357 60.0 0.0 1.0 35.0 14230.930426718858 14215.162962962962 14232.777777777797 
541.0015323036357 61.0 0.0 0.0 35.0 14230.772752081328 14215.162962962962 14232.777777777797 
542.0015323036357 61.0 0.0 0.0 35.0 14230.792802338292 14232.777777777797 14232.777777777797 
543.0015323036357 61.0 0.0 1.0 35.0 14230.812652092683 14232.777777777797 14232.777777777797 
544.0015323036357 61.0 0.0 1.0 35.0 14230.65615520138 14215.162962962962 14232.777777777797 
545.0015323036357 62.0 0.0 0.0 35.0 14230.677371427118 14232.777777777797 14232.777777777797 
546.0015323036357 62.0 0.0 0.0 35.0 14230.698375490649 14232.777777777797 14232.777777777797 
547.0015323036357 62.0 0.0 0.0 35.0 14230.719169513504 14232.777777777797 14232.777777777797 
548.0015323036357 62.0 0.0 2.0 35.0 14230.739755596152 14232.777777777797 14232.777777777797 
549.0015323036357 62.0 0.0 2.0 35.0 14230.583987669852 14215.162962962962 14232.777777777797 
550.0015323036357 64.0 0.0 1.0 35.0 14230.42977742276 14215.162962962962 14232.777777777797 
551.0015323036357 65.0 0.0 0.0 35.0 14230.277109278182 14215.162962962962 14232.777777777797 
552.0015323036357 65.0 0.0 0.0 35.0 14230.302115963163 14232.777777777797 14232.777777777797 
553.0015323036357 65.0 0.0 0.0 35.0 14230.32687258131 14232.777777777797 14232.777777777797 
554.0015323036357 65.0 0.0 0.0 35.0 14230.351381633274 14232.777777777797 14232.777777777797 
555.0015323036357 65.0 0.0 0.0 35.0 14230.375645594737 14232.777777777797 14232.777777777797 
556.0015323036357 65.0 0.0 0.0 35.0 14230.39966691653 14232.777777777797 14232.777777777797 
557.0015323036357 65.0 0.0 0.0 35.0 14230.423448025162 14232.777777777797 14232.777777777797 
558.0015323036357 65.0 0.0 0.0 35.0 14230.44699132268 14232.777777777797 14232.777777777797 
559.0015323036357 65.0 0.0 0.0 35.0 14230.470299187227 14232.777777777797 14232.777777777797 
560.0015323036357 65.0 0.0 1.0 35.0 14230.493373973148 14232.777777777797 14232.777777777797 
561.0015323036357 65.0 0.0 1.0 35.0 14230.516218011191 14232.777777777797 14232.777777777797 
562.0015323036357 66.0 0.0 0.0 35.0 14230.362685460723 14215.162962962962 14232.777777777797 
563.0015323036357 66.0 0.0 0.0 35.0 14230.386836383881 14232.777777777797 14232.777777777797 
564.0015323036357 66.0 0.0 0.0 35.0 14230.410745797823 14232.777777777797 14232.777777777797 
565.0015323036357 66.0 0.0 1.0 35.0 14230.434416117627 14232.777777777797 14232.777777777797 
566.0015323036357 66.0 0.0 2.0 35.0 14230.281701586076 14215.162962962962 14232.777777777797 
567.0015323036357 67.0 0.0 1.0 35.0 14230.13051419984 14215.162962962962 14232.777777777797 
568.0015323036357 68.0 0.0 0.0 35.0 14230.156986835605 14232.777777777797 14232.777777777797 
569.0015323036357 68.0 0.0 0.0 35.0 14230.183194745021 14232.777777777797 14232.777777777797 
570.0015323036357 68.0 0.0 0.0 35.0 14230.209140575384 14232.777777777797 14232.777777777797 
571.0015323036357 68.0 0.0 0.0 35.0 14230.234826947391 14232.777777777797 14232.777777777797 
572.0015323036357 68.0 0.0 1.0 35.0 14230.260256455682 14232.777777777797 14232.777777777797 
573.0015323036357 68.0 0.0 1.0 35.0 14230.285431668915 14232.777777777797 14232.777777777797 
574.0015323036357 69.0 0.0 0.0 35.0 14230.134206981864 14215.162962962962 14232.777777777797 
575.0015323036357 69.0 0.0 0.0 35.0 14230.160642689834 14232.777777777797 14232.777777777797 
576.0015323036357 69.0 0.0 1.0 35.0 14230.186814040728 14232.777777777797 14232.777777777797 
577.0015323036357 70.0 0.0 0.0 35.0 14230.036575529912 14215.162962962962 14232.777777777797 
578.0015323036357 70.0 0.0 0.0 35.0 14230.063987552392 14232.777777777797 14232.777777777797 
579.0015323036357 70.0 0.0 0.0 35.0 14230.091125454659 14232.777777777797 14232.777777777797 
580.0015323036357 70.0 0.0 0.0 35.0 14230.117991977912 14232.777777777797 14232.777777777797 
581.0015323036357 70.0 0.0 0.0 35.0 14230.144589835902 14232.777777777797 14232.777777777797 
582.0015323036357 70.0 0.0 1.0 35.0 14230.170921715317 14232.777777777797 14232.777777777797 
583.0015323036357 70.0 0.0 1.0 35.0 14230.02084212781 14215.162962962962 14232.777777777797 
584.0015323036357 71.0 0.0 0.0 35.0 14230.048411484262 14232.777777777797 14232.777777777797 
585.0015323036357 71.0 0.0 0.0 35.0 14230.075705147237 14232.777777777797 14232.777777777797 
586.0015323036357 71.0 0.0 1.0 35.0 14230.102725873552 14232.777777777797 14232.777777777797 
587.0015323036357 71.0 0.0 1.0 35.0 14230.129476392573 14232.777777777797 14232.777777777797 
588.0015323036357 72.0 0.0 0.0 35.0 14229.979811258267 14215.162962962962 14232.777777777797 
589.0015323036357 72.0 0.0 0.0 35.0 14230.007790923455 14232.777777777797 14232.777777777797 
590.0015323036357 72.0 0.0 0.0 35.0 14230.035490792014 14232.777777777797 14232.777777777797 
591.0015323036357 72.0 0.0 0.0 35.0 14230.062913661895 14232.777777777797 14232.777777777797 
592.0015323036357 72.0 0.0 0.0 35.0 14230.090062303048 14232.777777777797 14232.777777777797 
593.0015323036357 72.0 0.0 0.0 35.0 14230.116939457756 14232.777777777797 14232.777777777797 
594.0015323036357 72.0 0.0 0.0 35.0 14230.143547840977 14232.777777777797 14232.777777777797 
595.0015323036357 72.0 0.0 0.0 35.0 14230.169890140349 14232.777777777797 14232.777777777797 
596.0015323036357 72.0 0.0 0.0 35.0 14230.195969016708 14232.777777777797 14232.777777777797 
597.0015323036357 72.0 0.0 0.0 35.0 14230.221787104314 14232.777777777797 14232.777777777797 
598.0015323036357 72.0 0.0 0.0 35.0 14230.247347011064 14232.777777777797 14232.777777777797 
599.0015323036357 72.0 0.0 0.0 35.0 14230.272651318755 14232.777777777797 14232.777777777797 
600.0015323036357 72.0 0.0 1.0 35.0 14230.297702583326 14232.777777777797 14232.777777777797 
#####################################################################
# End of data export. Simulation finished at: 2020-02-06T05:01+0000 #
#####################################################################
