#####################################################################
# Alchemist log file - simulation started at: 2020-02-20T22:46+0000 #
#####################################################################
# longseed = 92.0, meanTaskSize = 100, peakFrequency = 0.1
#
# The columns have the following meaning: 
# time done[Sum] drop[Sum] waiting[Sum] isLeader[Sum] capacity[Mean] freeCapacity[Mean] maxCapacity[Mean] 
0.0 NaN 0.0 NaN NaN NaN NaN NaN 
1.004183292222383 0.0 0.0 0.0 135.0 14232.777777777797 14232.777777777797 14232.777777777797 
2.004183292222383 0.0 0.0 0.0 135.0 14232.777777777797 14232.777777777797 14232.777777777797 
3.004183292222383 0.0 0.0 0.0 135.0 14232.777777777797 14232.777777777797 14232.777777777797 
4.004183292222383 0.0 0.0 0.0 135.0 14232.777777777797 14232.777777777797 14232.777777777797 
5.004183292222383 0.0 0.0 0.0 135.0 14232.777777777797 14232.777777777797 14232.777777777797 
6.004183292222383 0.0 0.0 0.0 135.0 14232.777777777797 14232.777777777797 14232.777777777797 
7.004183292222383 0.0 0.0 0.0 135.0 14232.777777777797 14232.777777777797 14232.777777777797 
8.004183292222383 0.0 0.0 0.0 135.0 14232.777777777797 14232.777777777797 14232.777777777797 
9.004183292222383 0.0 0.0 0.0 135.0 14232.777777777797 14232.777777777797 14232.777777777797 
10.004183292222383 0.0 0.0 0.0 135.0 14232.777777777797 14232.777777777797 14232.777777777797 
11.004183292222383 0.0 0.0 0.0 135.0 14232.777777777797 14232.777777777797 14232.777777777797 
12.004183292222383 0.0 0.0 0.0 135.0 14232.777777777797 14232.777777777797 14232.777777777797 
13.004183292222383 0.0 0.0 0.0 135.0 14232.777777777797 14232.777777777797 14232.777777777797 
14.004183292222383 0.0 0.0 0.0 135.0 14232.777777777797 14232.777777777797 14232.777777777797 
15.004183292222383 0.0 0.0 0.0 135.0 14232.777777777797 14232.777777777797 14232.777777777797 
16.004183292222383 0.0 0.0 0.0 135.0 14232.777777777797 14232.777777777797 14232.777777777797 
17.004183292222383 0.0 0.0 0.0 135.0 14232.777777777797 14232.777777777797 14232.777777777797 
18.004183292222383 0.0 0.0 1.0 135.0 14232.777777777797 14232.777777777797 14232.777777777797 
19.004183292222383 0.0 0.0 1.0 135.0 14232.465185185178 14229.651851851839 14232.777777777797 
20.004183292222383 0.0 0.0 1.0 135.0 14232.183851851856 14229.651851851839 14232.777777777797 
21.004183292222383 1.0 0.0 0.0 135.0 14231.930651851853 14229.651851851839 14232.777777777797 
22.004183292222383 1.0 0.0 2.0 135.0 14232.015364444447 14232.777777777797 14232.777777777797 
23.004183292222383 1.0 0.0 2.0 135.0 14231.466420592595 14226.525925925918 14232.777777777797 
24.004183292222383 1.0 0.0 2.0 135.0 14230.972371125934 14226.525925925918 14232.777777777797 
25.004183292222383 1.0 0.0 2.0 135.0 14230.527726605931 14226.525925925918 14232.777777777797 
26.004183292222383 1.0 0.0 2.0 135.0 14230.127546537944 14226.525925925918 14232.777777777797 
27.004183292222383 1.0 0.0 2.0 135.0 14229.767384476725 14226.525925925918 14232.777777777797 
28.004183292222383 1.0 0.0 2.0 133.0 14229.443238621638 14226.525925925918 14232.777777777797 
29.004183292222383 1.0 0.0 2.0 133.0 14229.15150735211 14226.525925925918 14232.777777777797 
30.004183292222383 1.0 0.0 2.0 133.0 14228.888949209468 14226.525925925918 14232.777777777797 
31.004183292222383 1.0 0.0 2.0 133.0 14228.652646881128 14226.525925925918 14232.777777777797 
32.00418329222238 1.0 0.0 2.0 133.0 14228.439974785608 14226.525925925918 14232.777777777797 
33.00418329222238 1.0 0.0 2.0 133.0 14228.24856989962 14226.525925925918 14232.777777777797 
34.00418329222238 2.0 0.0 2.0 133.0 14228.076305502256 14226.525925925918 14232.777777777797 
35.00418329222238 2.0 0.0 2.0 133.0 14227.921267544622 14226.525925925918 14232.777777777797 
36.00418329222238 3.0 0.0 1.0 133.0 14227.78173338277 14226.525925925918 14232.777777777797 
37.00418329222238 3.0 0.0 1.0 133.0 14227.96874522965 14229.651851851839 14232.777777777797 
38.00418329222238 3.0 0.0 1.0 133.0 14228.137055891879 14229.651851851839 14232.777777777797 
39.00418329222238 3.0 0.0 1.0 134.0 14228.2885354879 14229.651851851839 14232.777777777797 
40.00418329222238 3.0 0.0 1.0 134.0 14228.424867124259 14229.651851851839 14232.777777777797 
41.00418329222238 3.0 0.0 1.0 134.0 14228.547565597033 14229.651851851839 14232.777777777797 
42.00418329222238 4.0 0.0 0.0 134.0 14228.657994222514 14229.651851851839 14232.777777777797 
43.00418329222238 4.0 0.0 0.0 134.0 14229.069972578036 14232.777777777797 14232.777777777797 
44.00418329222238 4.0 0.0 1.0 134.0 14229.440753098008 14232.777777777797 14232.777777777797 
45.00418329222238 4.0 0.0 1.0 134.0 14229.46186297339 14229.651851851839 14232.777777777797 
46.00418329222238 4.0 0.0 1.0 134.0 14229.480861861233 14229.651851851839 14232.777777777797 
47.00418329222238 4.0 0.0 1.0 134.0 14229.49796086031 14229.651851851839 14232.777777777797 
48.00418329222238 4.0 0.0 1.0 134.0 14229.51334995945 14229.651851851839 14232.777777777797 
49.00418329222238 4.0 0.0 1.0 135.0 14229.527200148716 14229.651851851839 14232.777777777797 
50.00418329222238 4.0 0.0 1.0 134.0 14229.539665319004 14229.651851851839 14232.777777777797 
51.00418329222238 4.0 0.0 1.0 134.0 14229.550883972282 14229.651851851839 14232.777777777797 
52.00418329222238 4.0 0.0 1.0 134.0 14229.560980760247 14229.651851851839 14232.777777777797 
53.00418329222238 4.0 0.0 1.0 134.0 14229.570067869416 14229.651851851839 14232.777777777797 
54.00418329222238 5.0 0.0 0.0 134.0 14229.57824626766 14229.651851851839 14232.777777777797 
55.00418329222238 5.0 0.0 0.0 134.0 14229.898199418682 14232.777777777797 14232.777777777797 
56.00418329222238 5.0 0.0 0.0 134.0 14230.186157254577 14232.777777777797 14232.777777777797 
57.00418329222238 5.0 0.0 1.0 134.0 14230.445319306904 14232.777777777797 14232.777777777797 
58.00418329222238 5.0 0.0 2.0 135.0 14230.365972561402 14229.651851851839 14232.777777777797 
59.00418329222238 5.0 0.0 2.0 135.0 14229.981967897846 14226.525925925918 14232.777777777797 
60.00418329222238 5.0 0.0 2.0 135.0 14229.636363700662 14226.525925925918 14232.777777777797 
61.00418329222238 5.0 0.0 3.0 135.0 14229.325319923157 14226.525925925918 14232.777777777797 
62.00418329222238 6.0 0.0 2.0 135.0 14228.73278793086 14223.400000000001 14232.777777777797 
63.00418329222238 6.0 0.0 2.0 134.0 14228.512101730394 14226.525925925918 14232.777777777797 
64.00418329222238 6.0 0.0 2.0 133.0 14228.313484149927 14226.525925925918 14232.777777777797 
65.00418329222238 7.0 0.0 1.0 133.0 14228.13472832752 14226.525925925918 14232.777777777797 
66.00418329222238 7.0 0.0 1.0 133.0 14228.286440679962 14229.651851851839 14232.777777777797 
67.00418329222238 7.0 0.0 1.0 134.0 14228.422981797139 14229.651851851839 14232.777777777797 
68.00418329222238 7.0 0.0 1.0 134.0 14228.545868802637 14229.651851851839 14232.777777777797 
69.00418329222238 7.0 0.0 2.0 134.0 14228.656467107514 14229.651851851839 14232.777777777797 
70.00418329222238 8.0 0.0 1.0 134.0 14228.44341298938 14226.525925925918 14232.777777777797 
71.00418329222238 8.0 0.0 1.0 134.0 14228.564256875628 14229.651851851839 14232.777777777797 
72.00418329222238 8.0 0.0 2.0 134.0 14228.673016373223 14229.651851851839 14232.777777777797 
73.00418329222238 8.0 0.0 2.0 134.0 14228.458307328501 14226.525925925918 14232.777777777797 
74.00418329222238 8.0 0.0 2.0 134.0 14228.265069188225 14226.525925925918 14232.777777777797 
75.00418329222238 8.0 0.0 2.0 134.0 14228.091154862015 14226.525925925918 14232.777777777797 
76.00418329222238 8.0 0.0 2.0 134.0 14227.934631968434 14226.525925925918 14232.777777777797 
77.00418329222238 8.0 0.0 2.0 134.0 14227.793761364157 14226.525925925918 14232.777777777797 
78.00418329222238 8.0 0.0 2.0 133.0 14227.666977820329 14226.525925925918 14232.777777777797 
79.00418329222238 8.0 0.0 2.0 133.0 14227.552872630893 14226.525925925918 14232.777777777797 
80.00418329222238 8.0 0.0 5.0 133.0 14227.450177960396 14226.525925925918 14232.777777777797 
81.00418329222238 9.0 0.0 4.0 133.0 14226.419974979186 14217.14814814815 14232.777777777797 
82.00418329222238 9.0 0.0 5.0 133.0 14225.805384888652 14220.274074074052 14232.777777777797 
83.00418329222238 9.0 0.0 5.0 133.0 14224.939661214634 14217.14814814815 14232.777777777797 
84.00418329222238 9.0 0.0 5.0 133.0 14224.160509907973 14217.14814814815 14232.777777777797 
85.00418329222238 9.0 0.0 5.0 134.0 14223.45927373196 14217.14814814815 14232.777777777797 
86.00418329222238 9.0 0.0 5.0 131.0 14222.828161173611 14217.14814814815 14232.777777777797 
87.00418329222238 10.0 0.0 4.0 131.0 14222.260159871048 14217.14814814815 14232.777777777797 
88.00418329222238 10.0 0.0 4.0 130.0 14222.061551291363 14220.274074074052 14232.777777777797 
89.00418329222238 10.0 0.0 4.0 130.0 14221.88280356963 14220.274074074052 14232.777777777797 
90.00418329222238 10.0 0.0 6.0 130.0 14221.721930620102 14220.274074074052 14232.777777777797 
91.00418329222238 10.0 0.0 7.0 130.0 14220.951959780303 14214.022222222226 14232.777777777797 
92.00418329222238 10.0 0.0 7.0 130.0 14219.94639343191 14210.896296296318 14232.777777777797 
93.00418329222238 11.0 0.0 7.0 130.0 14219.041383718308 14210.896296296318 14232.777777777797 
94.00418329222238 11.0 0.0 7.0 131.0 14218.226874976093 14210.896296296318 14232.777777777797 
95.00418329222238 11.0 0.0 7.0 131.0 14217.493817108147 14210.896296296318 14232.777777777797 
96.00418329222238 11.0 0.0 7.0 129.0 14216.834065026947 14210.896296296318 14232.777777777797 
97.00418329222238 11.0 0.0 7.0 128.0 14216.24028815389 14210.896296296318 14232.777777777797 
98.00418329222238 13.0 0.0 5.0 129.0 14215.705888968103 14210.896296296318 14232.777777777797 
99.00418329222238 13.0 0.0 6.0 128.0 14215.85011488611 14217.14814814815 14232.777777777797 
100.00418329222238 13.0 0.0 6.0 128.0 14215.667325619735 14214.022222222226 14232.777777777797 
101.00418329222238 13.0 0.0 6.0 129.0 14215.502815279973 14214.022222222226 14232.777777777797 
102.00418329222238 13.0 0.0 6.0 129.0 14215.35475597421 14214.022222222226 14232.777777777797 
103.00418329222238 13.0 0.0 6.0 129.0 14215.221502599012 14214.022222222226 14232.777777777797 
104.00418329222238 14.0 0.0 5.0 129.0 14215.101574561344 14214.022222222226 14232.777777777797 
105.00418329222238 15.0 0.0 4.0 129.0 14215.30623192003 14217.14814814815 14232.777777777797 
106.00418329222238 15.0 0.0 4.0 129.0 14215.803016135398 14220.274074074052 14232.777777777797 
107.00418329222238 16.0 0.0 3.0 129.0 14216.25012192928 14220.274074074052 14232.777777777797 
108.00418329222238 16.0 0.0 3.0 129.0 14216.965109736368 14223.400000000001 14232.777777777797 
109.00418329222238 17.0 0.0 2.0 130.0 14217.608598762714 14223.400000000001 14232.777777777797 
110.00418329222238 17.0 0.0 2.0 130.0 14218.500331479047 14226.525925925918 14232.777777777797 
111.00418329222238 18.0 0.0 1.0 130.0 14219.302890923738 14226.525925925918 14232.777777777797 
112.00418329222238 18.0 0.0 1.0 130.0 14220.337787016553 14229.651851851839 14232.777777777797 
113.00418329222238 18.0 0.0 1.0 131.0 14221.269193500093 14229.651851851839 14232.777777777797 
114.00418329222238 18.0 0.0 1.0 131.0 14222.107459335242 14229.651851851839 14232.777777777797 
115.00418329222238 18.0 0.0 1.0 132.0 14222.861898586902 14229.651851851839 14232.777777777797 
116.00418329222238 19.0 0.0 0.0 134.0 14223.54089391341 14229.651851851839 14232.777777777797 
117.00418329222238 19.0 0.0 0.0 134.0 14224.46458229986 14232.777777777797 14232.777777777797 
118.00418329222238 19.0 0.0 0.0 134.0 14225.295901847645 14232.777777777797 14232.777777777797 
119.00418329222238 19.0 0.0 0.0 134.0 14226.044089440657 14232.777777777797 14232.777777777797 
120.00418329222238 19.0 0.0 0.0 134.0 14226.717458274361 14232.777777777797 14232.777777777797 
121.00418329222238 19.0 0.0 0.0 134.0 14227.323490224708 14232.777777777797 14232.777777777797 
122.00418329222238 19.0 0.0 0.0 134.0 14227.868918980022 14232.777777777797 14232.777777777797 
123.00418329222238 19.0 0.0 0.0 134.0 14228.359804859787 14232.777777777797 14232.777777777797 
124.00418329222238 19.0 0.0 0.0 135.0 14228.801602151603 14232.777777777797 14232.777777777797 
125.00418329222238 19.0 0.0 0.0 135.0 14229.199219714235 14232.777777777797 14232.777777777797 
126.00418329222238 19.0 0.0 0.0 135.0 14229.557075520592 14232.777777777797 14232.777777777797 
127.00418329222238 19.0 0.0 0.0 135.0 14229.879145746294 14232.777777777797 14232.777777777797 
128.00418329222236 19.0 0.0 1.0 135.0 14230.169008949426 14232.777777777797 14232.777777777797 
129.00418329222236 19.0 0.0 2.0 135.0 14230.117293239688 14229.651851851839 14232.777777777797 
130.00418329222236 19.0 0.0 2.0 135.0 14229.758156508304 14226.525925925918 14232.777777777797 
131.00418329222236 19.0 0.0 3.0 135.0 14229.434933450057 14226.525925925918 14232.777777777797 
132.00418329222236 19.0 0.0 3.0 135.0 14228.831440105036 14223.400000000001 14232.777777777797 
133.00418329222236 19.0 0.0 3.0 135.0 14228.288296094559 14223.400000000001 14232.777777777797 
134.00418329222236 19.0 0.0 4.0 134.0 14227.799466485063 14223.400000000001 14232.777777777797 
135.00418329222236 20.0 0.0 4.0 133.0 14225.598038355094 14205.785185185186 14232.777777777797 
136.00418329222236 20.0 0.0 4.0 134.0 14223.616753038115 14205.785185185186 14232.777777777797 
137.00418329222236 20.0 0.0 4.0 133.0 14221.83359625281 14205.785185185186 14232.777777777797 
138.00418329222236 22.0 0.0 2.0 133.0 14221.990236627531 14223.400000000001 14232.777777777797 
139.00418329222236 22.0 0.0 2.0 133.0 14222.443805557383 14226.525925925918 14232.777777777797 
140.00418329222236 22.0 0.0 2.0 133.0 14222.852017594209 14226.525925925918 14232.777777777797 
141.00418329222236 22.0 0.0 2.0 132.0 14223.21940842742 14226.525925925918 14232.777777777797 
142.00418329222236 22.0 0.0 2.0 133.0 14223.550060177273 14226.525925925918 14232.777777777797 
143.00418329222236 22.0 0.0 3.0 133.0 14223.847646752112 14226.525925925918 14232.777777777797 
144.00418329222236 22.0 0.0 4.0 133.0 14224.11547466951 14226.525925925918 14232.777777777797 
145.00418329222236 22.0 0.0 5.0 133.0 14222.282445721055 14205.785185185186 14232.777777777797 
146.00418329222236 22.0 0.0 7.0 133.0 14220.320127074912 14202.659259259277 14232.777777777797 
147.00418329222236 23.0 0.0 8.0 133.0 14218.241447700733 14199.533333333318 14232.777777777797 
148.00418329222236 24.0 0.0 8.0 132.0 14214.298043671412 14178.80740740741 14232.777777777797 
149.00418329222236 24.0 0.0 9.0 131.0 14212.19786893388 14193.296296296277 14232.777777777797 
150.00418329222236 24.0 0.0 10.0 131.0 14210.307711670112 14193.296296296277 14232.777777777797 
151.00418329222236 27.0 0.0 7.0 131.0 14206.532496058662 14172.555555555586 14232.777777777797 
152.00418329222236 27.0 0.0 10.0 130.0 14205.520727934272 14196.414814814798 14232.777777777797 
153.00418329222236 28.0 0.0 10.0 131.0 14203.673099585289 14187.044444444442 14232.777777777797 
154.00418329222236 28.0 0.0 10.0 130.0 14201.697641478626 14183.918518518494 14232.777777777797 
155.00418329222236 31.0 0.0 8.0 129.0 14199.919729182628 14183.918518518494 14232.777777777797 
156.00418329222236 31.0 0.0 8.0 128.0 14200.705534042148 14207.777777777797 14232.777777777797 
157.00418329222236 31.0 0.0 8.0 127.0 14199.651276934224 14190.162962962962 14232.777777777797 
158.00418329222236 32.0 0.0 10.0 127.0 14198.70244553709 14190.162962962962 14232.777777777797 
159.00418329222236 35.0 0.0 7.0 127.0 14194.63812690932 14158.059259259278 14232.777777777797 
160.00418329222236 36.0 0.0 11.0 127.0 14194.503203107251 14193.288888888881 14232.777777777797 
161.00418329222236 40.0 0.0 8.0 127.0 14190.858808722473 14158.059259259278 14232.777777777797 
162.00418329222236 40.0 0.0 12.0 128.0 14187.892187109492 14161.19259259259 14232.777777777797 
163.00418329222236 45.0 0.0 10.0 128.0 14181.075560991127 14119.725925925948 14232.777777777797 
164.00418329222236 46.0 0.0 13.0 127.0 14178.774671558675 14158.066666666678 14232.777777777797 
165.00418329222236 46.0 0.0 15.0 127.0 14176.391278476869 14154.940740740722 14232.777777777797 
166.00418329222236 51.0 0.0 11.0 126.0 14168.964002481047 14102.11851851852 14232.777777777797 
167.00418329222236 54.0 0.0 8.0 127.0 14169.323157788504 14172.555555555586 14232.777777777797 
168.00418329222236 54.0 0.0 8.0 128.0 14171.407879046707 14190.17037037036 14232.777777777797 
169.00418329222236 57.0 0.0 7.0 128.0 14172.971535586435 14187.044444444442 14232.777777777797 
170.00418329222236 59.0 0.0 8.0 128.0 14176.764752398187 14210.903703703707 14232.777777777797 
171.00332815085835 60.0 0.0 8.0 127.0 14176.655684565781 14175.674074074106 14232.777777777797 
172.00418329222236 62.0 0.0 7.0 127.0 14174.79604203513 14158.059259259278 14232.777777777797 
173.00418329222236 65.0 0.0 4.0 128.0 14173.747548942736 14164.311111111108 14232.777777777797 
174.00418329222236 66.0 0.0 4.0 128.0 14174.877979233637 14185.05185185184 14232.777777777797 
175.00418329222236 67.0 0.0 4.0 128.0 14177.344255384369 14199.540740740757 14232.777777777797 
176.00418329222236 67.0 0.0 5.0 128.0 14181.01279280885 14214.029629629666 14232.777777777797 
177.00418329222236 68.0 0.0 6.0 127.0 14182.552995009455 14196.414814814798 14232.777777777797 
178.00418329222236 68.0 0.0 8.0 128.0 14186.013251064061 14217.155555555531 14232.777777777797 
179.00418329222236 69.0 0.0 7.0 130.0 14185.291925957674 14178.799999999974 14232.777777777797 
180.00418329222236 69.0 0.0 11.0 130.0 14184.955325954485 14181.92592592593 14232.777777777797 
181.00418329222236 72.0 0.0 10.0 129.0 14182.578311877565 14161.185185185197 14232.777777777797 
182.00418329222236 72.0 0.0 13.0 129.0 14180.438999208325 14161.185185185197 14232.777777777797 
183.00418329222236 75.0 0.0 11.0 128.0 14174.680284472694 14122.85185185185 14232.777777777797 
184.00418329222236 79.0 0.0 9.0 128.0 14171.258181951342 14140.459259259243 14232.777777777797 
185.00418329222236 83.0 0.0 6.0 130.0 14173.773845237689 14196.414814814798 14232.777777777797 
186.00418329222236 84.0 0.0 5.0 129.0 14174.589053306516 14181.92592592593 14232.777777777797 
187.00418329222236 86.0 0.0 6.0 129.0 14178.845703531406 14217.155555555531 14232.777777777797 
188.00418329222236 86.0 0.0 6.0 129.0 14180.915207252332 14199.540740740757 14232.777777777797 
189.00418329222236 87.0 0.0 8.0 130.0 14181.016279119705 14181.92592592593 14232.777777777797 
190.00418329222236 90.0 0.0 8.0 129.0 14181.93094750404 14190.162962962962 14232.777777777797 
191.00418329222236 93.0 0.0 7.0 129.0 14178.09488979066 14143.570370370371 14232.777777777797 
192.00418329222236 93.0 0.0 10.0 130.0 14178.477993404189 14181.92592592593 14232.777777777797 
193.00418329222236 95.0 0.0 10.0 129.0 14176.123527397112 14154.933333333322 14232.777777777797 
194.00418329222236 95.0 0.0 11.0 128.0 14175.141545027782 14166.303703703717 14232.777777777797 
195.00418329222236 97.0 0.0 11.0 128.0 14176.019242376859 14183.918518518494 14232.777777777797 
196.00418329222236 100.0 0.0 10.0 128.0 14173.28768850951 14148.703703703723 14232.777777777797 
197.00418329222236 102.0 0.0 8.0 127.0 14172.589290028964 14166.303703703717 14232.777777777797 
198.00418329222236 102.0 0.0 11.0 128.0 14175.483694359358 14201.533333333318 14232.777777777797 
199.00418329222236 103.0 0.0 11.0 126.0 14177.463473071597 14195.281481481483 14232.777777777797 
200.00418329222236 104.0 0.0 11.0 126.0 14177.483051690358 14177.659259259277 14232.777777777797 
201.00418329222236 106.0 0.0 11.0 126.0 14177.50067244724 14177.659259259277 14232.777777777797 
202.00418329222236 108.0 0.0 10.0 125.0 14179.58986446179 14198.392592592572 14232.777777777797 
203.00418329222236 109.0 0.0 10.0 125.0 14180.021248385963 14183.903703703707 14232.777777777797 
204.00418329222236 110.0 0.0 15.0 125.0 14180.722086510325 14187.029629629666 14232.777777777797 
205.00221968272982 113.0 0.0 14.0 125.0 14174.620988970433 14119.711111111119 14232.777777777797 
206.00418329222236 117.0 0.0 12.0 125.0 14169.129260443735 14119.70370370372 14232.777777777797 
207.00418329222236 117.0 0.0 14.0 125.0 14167.709667732708 14154.933333333322 14232.777777777797 
208.00418329222236 119.0 0.0 15.0 124.0 14162.909812070531 14119.711111111119 14232.777777777797 
209.00418329222236 122.0 0.0 12.0 124.0 14160.038090122738 14134.19259259259 14232.777777777797 
210.00418329222236 125.0 0.0 13.0 124.0 14156.317244073429 14122.82962962964 14232.777777777797 
211.00418329222236 128.0 0.0 13.0 125.0 14154.72996411054 14140.444444444414 14232.777777777797 
212.00418329222236 130.0 0.0 14.0 124.0 14152.676967699492 14134.200000000026 14232.777777777797 
213.00418329222236 133.0 0.0 13.0 124.0 14150.204085744344 14127.94814814816 14232.777777777797 
214.00418329222236 138.0 0.0 8.0 125.0 14149.739973466207 14145.562962962935 14232.777777777797 
215.00418329222236 139.0 0.0 8.0 124.0 14154.918568712175 14201.525925925918 14232.777777777797 
216.00418329222236 140.0 0.0 10.0 126.0 14159.891897026155 14204.651851851839 14232.777777777797 
217.00418329222236 141.0 0.0 16.0 125.0 14160.844929545767 14169.422222222236 14232.777777777797 
218.00418329222236 144.0 0.0 17.0 125.0 14155.169325480068 14104.088888888855 14232.777777777797 
219.00418329222236 146.0 0.0 18.0 125.0 14145.090170709827 14054.377777777787 14232.777777777797 
220.00418329222236 150.0 0.0 16.0 125.0 14142.752264749974 14121.711111111119 14232.777777777797 
221.00418329222236 152.0 0.0 18.0 125.0 14141.783704941645 14133.066666666678 14232.777777777797 
222.00418329222236 154.0 0.0 19.0 125.0 14140.912741854883 14133.07407407407 14232.777777777797 
223.00418329222236 157.0 0.0 19.0 115.0 14136.607393595325 14097.859259259254 14232.777777777797 
224.00418329222236 160.0 0.0 21.0 117.0 14134.17998756913 14112.333333333332 14232.777777777797 
225.00418329222236 161.0 0.0 21.0 117.0 14133.968655478862 14132.066666666678 14232.777777777797 
226.00418329222236 164.0 0.0 22.0 117.0 14130.154752893959 14095.82962962964 14232.777777777797 
227.00418329222236 168.0 0.0 20.0 114.0 14124.64890723418 14075.096296296293 14232.777777777797 
228.00418329222236 173.0 0.0 20.0 115.0 14122.078831325578 14098.94814814816 14232.777777777797 
229.00418329222236 176.0 0.0 19.0 113.0 14118.628725970806 14087.577777777764 14232.777777777797 
230.00418329222236 181.0 0.0 16.0 114.0 14116.550297818172 14097.844444444469 14232.777777777797 
231.00418329222236 185.0 0.0 19.0 114.0 14113.230823591904 14083.355555555561 14232.777777777797 
232.00418329222236 190.0 0.0 14.0 106.0 14113.766259751212 14118.585185185202 14232.777777777797 
233.00418329222236 190.0 0.0 14.0 114.0 14109.275559702031 14068.859259259254 14232.777777777797 
234.00418329222236 192.0 0.0 13.0 112.0 14105.546522250332 14071.985185185162 14232.777777777797 
235.00418329222236 197.0 0.0 11.0 104.0 14107.474092247545 14124.82222222224 14232.777777777797 
236.00418329222236 200.0 0.0 11.0 114.0 14111.282979319065 14145.562962962935 14232.777777777797 
237.00418329222236 203.0 0.0 12.0 112.0 14114.71097768347 14145.562962962935 14232.777777777797 
238.00418329222236 206.0 0.0 11.0 114.0 14111.37469472994 14081.348148148161 14232.777777777797 
239.00418329222236 210.0 0.0 10.0 113.0 14113.343891923601 14131.066666666678 14232.777777777797 
240.00418329222236 214.0 0.0 7.0 117.0 14112.53098421273 14105.214814814812 14232.777777777797 
241.00418329222236 215.0 0.0 6.0 122.0 14116.146774680343 14148.688888888892 14232.777777777797 
242.00418329222236 217.0 0.0 8.0 122.0 14121.686171286397 14171.540740740757 14232.777777777797 
243.00418329222236 219.0 0.0 11.0 123.0 14123.149406009605 14136.318518518547 14232.777777777797 
244.00418329222236 222.0 0.0 9.0 123.0 14121.555946890117 14107.214814814812 14232.777777777797 
245.00418329222236 224.0 0.0 10.0 123.0 14123.956648497417 14145.562962962935 14232.777777777797 
246.00418329222236 225.0 0.0 14.0 125.0 14124.66913179582 14131.081481481506 14232.777777777797 
247.00418329222236 228.0 0.0 12.0 124.0 14124.684440838468 14124.82222222224 14232.777777777797 
248.00418329222236 229.0 0.0 13.0 124.0 14124.386367124982 14121.703703703723 14232.777777777797 
249.00418329222236 233.0 0.0 15.0 124.0 14125.566989671735 14136.19259259259 14232.777777777797 
250.00418329222236 235.0 0.0 19.0 124.0 14121.659179593464 14086.488888888909 14232.777777777797 
251.00418329222236 237.0 0.0 20.0 123.0 14118.965854226706 14094.725925925948 14232.777777777797 
252.00418329222236 240.0 0.0 18.0 122.0 14117.367046581809 14102.977777777774 14232.777777777797 
253.00418329222236 243.0 0.0 20.0 120.0 14118.313304886588 14126.82962962964 14232.777777777797 
254.00418329222236 244.0 0.0 25.0 119.0 14117.090122546084 14106.081481481506 14232.777777777797 
255.00418329222236 251.0 0.0 21.0 117.0 14110.704813995177 14053.23703703704 14232.777777777797 
256.00418329222236 254.0 0.0 23.0 118.0 14109.105443706781 14094.711111111119 14232.777777777797 
257.00418329222236 258.0 0.0 21.0 118.0 14104.143047484238 14059.481481481478 14232.777777777797 
258.00418329222236 264.0 0.0 19.0 119.0 14102.062816809905 14083.340740740723 14232.777777777797 
259.00418329222236 269.0 0.0 17.0 120.0 14097.29431290668 14054.377777777787 14232.777777777797 
260.00418329222236 270.0 0.0 16.0 120.0 14098.28562235675 14107.207407407375 14232.777777777797 
261.00418329222236 272.0 0.0 18.0 120.0 14099.17780086182 14107.207407407375 14232.777777777797 
262.00418329222236 280.0 0.0 12.0 122.0 14098.532613368221 14092.725925925948 14232.777777777797 
263.00418329222236 281.0 0.0 12.0 121.0 14098.888981661024 14102.096296296291 14232.777777777797 
264.00418329222236 284.0 0.0 17.0 122.0 14100.971935346775 14119.718518518519 14232.777777777797 
265.00418329222236 289.0 0.0 13.0 121.0 14108.32881588617 14174.540740740757 14232.777777777797 
266.00418329222236 291.0 0.0 14.0 120.0 14112.364823186448 14148.688888888892 14232.777777777797 
267.00418329222236 292.0 0.0 16.0 122.0 14112.474266793728 14113.459259259243 14232.777777777797 
268.00418329222236 299.0 0.0 10.0 122.0 14112.572766040275 14113.459259259243 14232.777777777797 
269.00418329222236 299.0 0.0 12.0 121.0 14117.120674621432 14158.05185185184 14232.777777777797 
270.00418329222236 301.0 0.0 11.0 121.0 14115.930088640764 14105.214814814812 14232.777777777797 
271.00418329222236 303.0 0.0 11.0 121.0 14118.381524221151 14140.444444444414 14232.777777777797 
272.00418329222236 305.0 0.0 14.0 123.0 14120.275223650879 14137.318518518547 14232.777777777797 
273.00418329222236 309.0 0.0 14.0 126.0 14119.906219804298 14116.5851851852 14232.777777777797 
274.00418329222236 311.0 0.0 13.0 124.0 14113.667449675735 14057.518518518522 14232.777777777797 
275.00418329222236 316.0 0.0 9.0 125.0 14111.262186189639 14089.614814814824 14232.777777777797 
276.00418329222236 318.0 0.0 9.0 124.0 14117.902634237344 14177.666666666668 14232.777777777797 
277.00418329222236 318.0 0.0 12.0 124.0 14121.805704146944 14156.933333333322 14232.777777777797 
278.00418329222236 318.0 0.0 13.0 123.0 14123.2443929915 14136.19259259259 14232.777777777797 
279.00418329222236 323.0 0.0 10.0 122.0 14125.987361099753 14150.674074074106 14232.777777777797 
280.00418329222236 326.0 0.0 8.0 123.0 14129.08121758239 14156.92592592593 14232.777777777797 
281.00418329222236 327.0 0.0 8.0 124.0 14132.178281009321 14160.05185185184 14232.777777777797 
282.00418329222236 328.0 0.0 8.0 125.0 14136.727119575076 14177.666666666668 14232.777777777797 
283.00418329222236 328.0 0.0 11.0 125.0 14140.821074284222 14177.666666666668 14232.777777777797 
284.00418329222236 330.0 0.0 12.0 124.0 14140.67007796691 14139.311111111108 14232.777777777797 
285.00418329222236 331.0 0.0 12.0 123.0 14144.05640350356 14174.533333333318 14232.777777777797 
286.00418329222236 333.0 0.0 14.0 123.0 14147.104096486548 14174.533333333318 14232.777777777797 
287.00418329222236 334.0 0.0 14.0 123.0 14147.772946097117 14153.792592592627 14232.777777777797 
288.00418329222236 337.0 0.0 13.0 121.0 14148.375651487437 14153.799999999974 14232.777777777797 
289.00418329222236 337.0 0.0 14.0 121.0 14149.230678931275 14156.92592592593 14232.777777777797 
290.00418329222236 338.0 0.0 21.0 121.0 14149.687611038158 14153.799999999974 14232.777777777797 
291.00418329222236 342.0 0.0 20.0 119.0 14150.410701786193 14156.918518518494 14232.777777777797 
292.00418329222236 346.0 0.0 18.0 121.0 14141.120742718664 14057.511111111091 14232.777777777797 
293.00418329222236 347.0 0.0 22.0 120.0 14134.519779557915 14075.11111111112 14232.777777777797 
294.00418329222236 357.0 0.0 18.0 123.0 14122.670023824363 14016.022222222226 14232.777777777797 
295.00418329222236 363.0 0.0 16.0 122.0 14118.426725145606 14080.23703703704 14232.777777777797 
296.00418329222236 367.0 0.0 17.0 122.0 14119.890719297726 14133.066666666678 14232.777777777797 
297.00418329222236 369.0 0.0 16.0 121.0 14118.312017738308 14104.103703703682 14232.777777777797 
298.00418329222236 372.0 0.0 17.0 121.0 14115.129704853378 14086.488888888909 14232.777777777797 
299.00418329222236 375.0 0.0 17.0 121.0 14117.236734368036 14136.200000000026 14232.777777777797 
300.00418329222236 377.0 0.0 18.0 120.0 14115.297505375675 14097.844444444469 14232.777777777797 
301.00418329222236 381.0 0.0 20.0 119.0 14112.416643726996 14086.488888888909 14232.777777777797 
302.00418329222236 386.0 0.0 18.0 121.0 14104.850534909852 14036.755555555561 14232.777777777797 
303.00418329222236 393.0 0.0 16.0 122.0 14101.252148085556 14068.86666666665 14232.777777777797 
304.00418329222236 399.0 0.0 14.0 122.0 14103.297303647356 14121.703703703723 14232.777777777797 
305.00418329222236 401.0 0.0 18.0 121.0 14103.688314023364 14107.207407407373 14232.777777777797 
306.00418329222236 402.0 0.0 21.0 119.0 14098.757260398805 14054.377777777787 14232.777777777797 
307.00418329222236 410.0 0.0 17.0 120.0 14090.797089914473 14019.155555555531 14232.777777777797 
308.00418329222236 411.0 0.0 19.0 121.0 14089.228492034139 14075.11111111112 14232.777777777797 
309.00418329222236 416.0 0.0 19.0 120.0 14085.118976164054 14048.13333333335 14232.777777777797 
310.00418329222236 420.0 0.0 20.0 120.0 14085.453745214338 14088.46666666668 14232.777777777797 
311.00418329222236 421.0 0.0 21.0 120.0 14087.203185507702 14102.94814814816 14232.777777777797 
312.00418329222236 424.0 0.0 22.0 121.0 14086.703607697675 14082.207407407373 14232.777777777797 
313.00418329222236 429.0 0.0 20.0 121.0 14089.464358039033 14114.311111111108 14232.777777777797 
314.00418329222236 431.0 0.0 23.0 119.0 14090.811996309194 14102.940740740722 14232.777777777797 
315.00418329222236 433.0 0.0 22.0 117.0 14088.18931519678 14064.5851851852 14232.777777777797 
316.00418329222236 436.0 0.0 21.0 117.0 14085.005939232673 14056.355555555561 14232.777777777797 
317.00418329222236 440.0 0.0 20.0 117.0 14084.214974939028 14077.096296296291 14232.777777777797 
318.00418329222236 445.0 0.0 18.0 118.0 14082.053477445115 14062.599999999999 14232.777777777797 
319.00418329222236 448.0 0.0 16.0 117.0 14083.630351922828 14097.82222222224 14232.777777777797 
320.00418329222236 451.0 0.0 16.0 118.0 14090.333983397224 14150.666666666668 14232.777777777797 
321.00418329222236 455.0 0.0 15.0 118.0 14096.679844316744 14153.792592592627 14232.777777777797 
322.00418329222236 459.0 0.0 13.0 118.0 14099.18074877397 14121.688888888892 14232.777777777797 
323.00418329222236 460.0 0.0 17.0 117.0 14103.505636859534 14142.429629629629 14232.777777777797 
324.00418329222236 463.0 0.0 16.0 117.0 14103.562480580991 14104.074074074071 14232.777777777797 
325.00418329222236 465.0 0.0 16.0 118.0 14107.136602893268 14139.303703703717 14232.777777777797 
326.00418329222236 472.0 0.0 13.0 120.0 14107.143683344677 14107.207407407375 14232.777777777797 
327.00418329222236 477.0 0.0 13.0 118.0 14104.878203899085 14084.488888888909 14232.777777777797 
328.00418329222236 479.0 0.0 15.0 120.0 14104.912605731402 14105.222222222203 14232.777777777797 
329.00418329222236 482.0 0.0 16.0 120.0 14106.07912293605 14116.577777777764 14232.777777777797 
330.00418329222236 487.0 0.0 12.0 124.0 14105.367506938728 14098.962962962985 14232.777777777797 
331.00418329222236 490.0 0.0 12.0 123.0 14108.250756244854 14134.200000000026 14232.777777777797 
332.00418329222236 492.0 0.0 14.0 122.0 14114.367902842607 14169.422222222236 14232.777777777797 
333.00418329222236 493.0 0.0 14.0 121.0 14112.828890336112 14098.977777777774 14232.777777777797 
334.00418329222236 496.0 0.0 17.0 123.0 14114.653408709913 14131.07407407407 14232.777777777797 
335.00418329222236 498.0 0.0 16.0 122.0 14119.192512283375 14160.044444444442 14232.777777777797 
336.00418329222236 499.0 0.0 18.0 123.0 14117.994001795774 14107.207407407373 14232.777777777797 
337.00418329222236 503.0 0.0 21.0 122.0 14115.779786801359 14095.85185185185 14232.777777777797 
338.00418329222236 508.0 0.0 20.0 124.0 14109.327734047167 14051.259259259266 14232.777777777797 
339.00418329222236 511.0 0.0 24.0 123.0 14105.594219901714 14071.9925925926 14232.777777777797 
340.00418329222236 514.0 0.0 25.0 121.0 14100.985909022656 14059.511111111091 14232.777777777797 
341.00418329222236 524.0 0.0 20.0 120.0 14096.525095898152 14056.377777777787 14232.777777777797 
342.00418329222236 526.0 0.0 20.0 119.0 14101.628882604633 14147.562962962935 14232.777777777797 
343.00418329222236 527.0 0.0 25.0 121.0 14102.700068418248 14112.340740740723 14232.777777777797 
344.00418329222236 531.0 0.0 24.0 121.0 14100.141913428279 14077.11851851852 14232.777777777797 
345.00418329222236 537.0 0.0 20.0 120.0 14095.766240603964 14056.385185185176 14232.777777777797 
346.00418329222236 540.0 0.0 19.0 120.0 14099.49628321023 14133.066666666678 14232.777777777797 
347.00418329222236 544.0 0.0 17.0 120.0 14101.091099333642 14115.444444444414 14232.777777777797 
348.00418329222236 546.0 0.0 17.0 122.0 14107.498285696583 14165.162962962962 14232.777777777797 
349.00418329222236 547.0 0.0 16.0 122.0 14111.503271941727 14147.54814814815 14232.777777777797 
350.00418329222236 548.0 0.0 22.0 121.0 14116.869241043873 14165.162962962962 14232.777777777797 
351.00418329222236 552.0 0.0 22.0 120.0 14118.687502124663 14135.05185185184 14232.777777777797 
352.00418329222236 556.0 0.0 22.0 119.0 14115.977270430716 14091.5851851852 14232.777777777797 
353.00418329222236 557.0 0.0 26.0 119.0 14118.50917301729 14141.296296296277 14232.777777777797 
354.00418329222236 558.0 0.0 28.0 117.0 14113.118255715535 14064.599999999999 14232.777777777797 
355.00418329222236 562.0 0.0 28.0 118.0 14106.504207921775 14046.977777777774 14232.777777777797 
356.00418329222236 568.0 0.0 25.0 116.0 14100.866379722187 14050.125925925919 14232.777777777797 
357.00418329222236 573.0 0.0 25.0 116.0 14103.461223231463 14126.814814814803 14232.777777777797 
358.00418329222236 579.0 0.0 23.0 116.0 14100.825471278677 14077.103703703682 14232.777777777797 
359.00418329222236 584.0 0.0 21.0 116.0 14100.215516743396 14094.725925925948 14232.777777777797 
360.00418329222236 592.0 0.0 18.0 117.0 14095.317668772763 14051.23703703704 14232.777777777797 
361.00418329222236 596.0 0.0 18.0 119.0 14092.15923522883 14063.733333333343 14232.777777777797 
362.00418329222236 604.0 0.0 12.0 118.0 14089.317385780016 14063.740740740734 14232.777777777797 
363.00418329222236 609.0 0.0 10.0 119.0 14095.878980535355 14154.933333333322 14232.777777777797 
364.00418329222236 613.0 0.0 11.0 122.0 14100.022934333667 14137.318518518547 14232.777777777797 
365.00418329222236 614.0 0.0 15.0 121.0 14107.274714974368 14172.540740740757 14232.777777777797 
366.00418329222236 617.0 0.0 16.0 123.0 14106.130947180634 14095.83703703704 14232.777777777797 
367.00418329222236 620.0 0.0 20.0 119.0 14104.165259869975 14086.474074074082 14232.777777777797 
368.00418329222236 622.0 0.0 21.0 121.0 14099.498363512623 14057.496296296304 14232.777777777797 
369.00418329222236 629.0 0.0 20.0 119.0 14090.839638272462 14012.911111111145 14232.777777777797 
370.00418329222236 638.0 0.0 20.0 121.0 14086.56752629706 14048.11851851852 14232.777777777797 
371.00418329222236 643.0 0.0 20.0 119.0 14077.949292185878 14000.385185185176 14232.777777777797 
372.00418329222236 650.0 0.0 16.0 120.0 14071.955844448767 14018.014814814838 14232.777777777797 
373.00418329222236 651.0 0.0 18.0 119.0 14073.920260003888 14091.599999999999 14232.777777777797 
374.00418329222236 653.0 0.0 20.0 119.0 14071.85415992944 14053.259259259266 14232.777777777797 
375.00418329222236 657.0 0.0 18.0 118.0 14067.60726245501 14029.385185185176 14232.777777777797 
376.00418329222236 662.0 0.0 17.0 118.0 14069.380610283586 14085.340740740723 14232.777777777797 
377.00418329222236 664.0 0.0 20.0 118.0 14072.427734440398 14099.85185185185 14232.777777777797 
378.00418329222236 667.0 0.0 19.0 118.0 14071.959775811172 14067.748148148132 14232.777777777797 
379.00418329222236 670.0 0.0 25.0 118.0 14069.151205637461 14043.874074074081 14232.777777777797 
380.00418329222236 672.0 0.0 27.0 118.0 14064.86127025891 14026.251851851868 14232.777777777797 
381.00418329222236 679.0 0.0 25.0 119.0 14059.864032121905 14014.88888888888 14232.777777777797 
382.00418329222236 683.0 0.0 24.0 119.0 14056.50355483563 14026.259259259266 14232.777777777797 
383.00418329222236 693.0 0.0 17.0 117.0 14055.239866018737 14043.86666666665 14232.777777777797 
384.00418329222236 699.0 0.0 12.0 117.0 14060.323286824267 14106.07407407407 14232.777777777797 
385.00418329222236 700.0 0.0 11.0 117.0 14069.67095814186 14153.799999999974 14232.777777777797 
386.00418329222236 705.0 0.0 9.0 118.0 14080.157936401738 14174.540740740757 14232.777777777797 
387.00418329222236 705.0 0.0 14.0 121.0 14090.53325387267 14183.911111111145 14232.777777777797 
388.00418329222236 705.0 0.0 20.0 119.0 14095.41103959652 14139.311111111108 14232.777777777797 
389.00418329222236 710.0 0.0 17.0 119.0 14094.717343044285 14088.474074074082 14232.777777777797 
390.00418329222236 714.0 0.0 15.0 118.0 14096.47894207318 14112.333333333332 14232.777777777797 
391.00418329222236 718.0 0.0 14.0 115.0 14100.13771453253 14133.066666666678 14232.777777777797 
392.00418329222236 722.0 0.0 13.0 116.0 14103.743202338534 14136.19259259259 14232.777777777797 
393.00418329222236 724.0 0.0 18.0 116.0 14108.43703025282 14150.681481481453 14232.777777777797 
394.00418329222236 729.0 0.0 17.0 118.0 14105.616290190515 14080.22962962964 14232.777777777797 
395.00418329222236 736.0 0.0 13.0 120.0 14104.014661171448 14089.599999999999 14232.777777777797 
396.00418329222236 738.0 0.0 14.0 120.0 14106.09541727655 14124.82222222224 14232.777777777797 
397.00418329222236 742.0 0.0 14.0 120.0 14110.553282956284 14150.674074074106 14232.777777777797 
398.00418329222236 745.0 0.0 15.0 121.0 14111.354991697692 14118.570370370371 14232.777777777797 
399.00418329222236 747.0 0.0 17.0 121.0 14111.764677713098 14115.45185185185 14232.777777777797 
400.00418329222236 749.0 0.0 15.0 121.0 14111.507469201058 14109.19259259259 14232.777777777797 
401.00418329222236 750.0 0.0 20.0 119.0 14115.11079635503 14147.540740740757 14232.777777777797 
402.00418329222236 755.0 0.0 18.0 119.0 14114.519716719518 14109.200000000026 14232.777777777797 
403.00418329222236 761.0 0.0 15.0 119.0 14114.924041343875 14118.562962962935 14232.777777777797 
404.00418329222236 764.0 0.0 13.0 119.0 14121.196822394682 14177.651851851839 14232.777777777797 
405.00418329222236 767.0 0.0 15.0 119.0 14123.631954969998 14145.54814814815 14232.777777777797 
406.00418329222236 771.0 0.0 16.0 120.0 14124.374685398936 14131.059259259278 14232.777777777797 
407.00418329222236 774.0 0.0 13.0 120.0 14122.656476118309 14107.192592592592 14232.777777777797 
408.00418329222236 776.0 0.0 12.0 120.0 14126.707124802777 14163.162962962962 14232.777777777797 
409.00418329222236 778.0 0.0 13.0 121.0 14132.114190100283 14180.777777777797 14232.777777777797 
410.00418329222236 783.0 0.0 10.0 121.0 14133.770178497662 14148.674074074106 14232.777777777797 
411.00418329222236 785.0 0.0 11.0 121.0 14139.096123610841 14187.029629629666 14232.777777777797 
412.00418329222236 787.0 0.0 9.0 121.0 14145.338363101617 14201.518518518522 14232.777777777797 
413.00418329222236 790.0 0.0 6.0 122.0 14149.820082347012 14190.155555555531 14232.777777777797 
414.00418329222236 790.0 0.0 6.0 123.0 14156.240296334534 14214.022222222226 14232.777777777797 
415.00418329222236 791.0 0.0 8.0 123.0 14162.018488923291 14214.022222222226 14232.777777777797 
416.00418329222236 792.0 0.0 7.0 124.0 14166.593677068016 14207.77037037036 14232.777777777797 
417.00418329222236 793.0 0.0 6.0 128.0 14171.023938990838 14210.896296296318 14232.777777777797 
418.00418329222236 794.0 0.0 7.0 129.0 14175.323767313974 14214.022222222226 14232.777777777797 
419.00418329222236 796.0 0.0 5.0 129.0 14178.881020212199 14210.896296296318 14232.777777777797 
420.00418329222236 796.0 0.0 7.0 129.0 14182.707733005813 14217.14814814815 14232.777777777797 
421.00418329222236 798.0 0.0 5.0 130.0 14185.526589334848 14210.896296296318 14232.777777777797 
422.00418329222236 799.0 0.0 4.0 131.0 14188.68874521616 14217.14814814815 14232.777777777797 
423.00418329222236 800.0 0.0 3.0 131.0 14191.847278101963 14220.274074074052 14232.777777777797 
424.00418329222236 800.0 0.0 4.0 131.0 14195.002550291754 14223.400000000001 14232.777777777797 
425.00418329222236 800.0 0.0 6.0 131.0 14197.529702670015 14220.274074074052 14232.777777777797 
426.00418329222236 802.0 0.0 4.0 130.0 14197.730065736341 14199.533333333318 14232.777777777797 
427.00418329222236 802.0 0.0 5.0 131.0 14199.984466570106 14220.274074074052 14232.777777777797 
428.00418329222236 803.0 0.0 5.0 132.0 14201.700834727908 14217.14814814815 14232.777777777797 
429.00418329222236 804.0 0.0 4.0 131.0 14203.245566069936 14217.14814814815 14232.777777777797 
430.00418329222236 804.0 0.0 4.0 131.0 14204.948416870358 14220.274074074052 14232.777777777797 
431.00418329222236 804.0 0.0 4.0 131.0 14206.48098259073 14220.274074074052 14232.777777777797 
432.00418329222236 805.0 0.0 3.0 131.0 14207.860291739047 14220.274074074052 14232.777777777797 
433.00418329222236 805.0 0.0 3.0 131.0 14209.414262565146 14223.400000000001 14232.777777777797 
434.00418329222236 806.0 0.0 2.0 130.0 14210.812836308633 14223.400000000001 14232.777777777797 
435.00418329222236 806.0 0.0 2.0 132.0 14212.384145270373 14226.525925925918 14232.777777777797 
436.00418329222236 808.0 0.0 0.0 132.0 14213.798323335917 14226.525925925918 14232.777777777797 
437.00418329222236 808.0 0.0 0.0 133.0 14215.69626878009 14232.777777777797 14232.777777777797 
438.00418329222236 808.0 0.0 0.0 133.0 14217.404419679859 14232.777777777797 14232.777777777797 
439.00418329222236 808.0 0.0 0.0 133.0 14218.941755489655 14232.777777777797 14232.777777777797 
440.00418329222236 808.0 0.0 0.0 134.0 14220.325357718471 14232.777777777797 14232.777777777797 
441.00418329222236 808.0 0.0 0.0 134.0 14221.570599724408 14232.777777777797 14232.777777777797 
442.00418329222236 808.0 0.0 0.0 135.0 14222.69131752974 14232.777777777797 14232.777777777797 
443.00418329222236 808.0 0.0 0.0 135.0 14223.699963554553 14232.777777777797 14232.777777777797 
444.00418329222236 808.0 0.0 0.0 135.0 14224.60774497686 14232.777777777797 14232.777777777797 
445.00418329222236 808.0 0.0 0.0 135.0 14225.424748256955 14232.777777777797 14232.777777777797 
446.00418329222236 808.0 0.0 0.0 135.0 14226.16005120904 14232.777777777797 14232.777777777797 
447.00418329222236 808.0 0.0 0.0 135.0 14226.821823865926 14232.777777777797 14232.777777777797 
448.00418329222236 808.0 0.0 0.0 135.0 14227.417419257092 14232.777777777797 14232.777777777797 
449.00418329222236 808.0 0.0 0.0 135.0 14227.953455109173 14232.777777777797 14232.777777777797 
450.00418329222236 808.0 0.0 0.0 135.0 14228.435887376016 14232.777777777797 14232.777777777797 
451.00418329222236 808.0 0.0 0.0 135.0 14228.870076416202 14232.777777777797 14232.777777777797 
452.00418329222236 808.0 0.0 0.0 135.0 14229.260846552359 14232.777777777797 14232.777777777797 
453.00418329222236 808.0 0.0 1.0 135.0 14229.612539674916 14232.777777777797 14232.777777777797 
454.00418329222236 808.0 0.0 1.0 135.0 14229.616470892599 14229.651851851839 14232.777777777797 
455.00418329222236 808.0 0.0 1.0 135.0 14229.620008988517 14229.651851851839 14232.777777777797 
456.00418329222236 808.0 0.0 1.0 135.0 14229.623193274852 14229.651851851839 14232.777777777797 
457.00418329222236 808.0 0.0 1.0 135.0 14229.626059132555 14229.651851851839 14232.777777777797 
458.00418329222236 808.0 0.0 1.0 135.0 14229.628638404482 14229.651851851839 14232.777777777797 
459.00418329222236 808.0 0.0 2.0 134.0 14229.630959749215 14229.651851851839 14232.777777777797 
460.00418329222236 808.0 0.0 2.0 134.0 14229.32045636689 14226.525925925918 14232.777777777797 
461.00418329222236 808.0 0.0 3.0 134.0 14229.041003322796 14226.525925925918 14232.777777777797 
462.00418329222236 808.0 0.0 3.0 134.0 14228.476902990513 14223.400000000001 14232.777777777797 
463.00418329222236 808.0 0.0 3.0 134.0 14227.969212691463 14223.400000000001 14232.777777777797 
464.00418329222236 809.0 0.0 2.0 134.0 14227.512291422308 14223.400000000001 14232.777777777797 
465.00418329222236 809.0 0.0 3.0 134.0 14227.413654872676 14226.525925925918 14232.777777777797 
466.00418329222236 809.0 0.0 3.0 134.0 14227.012289385411 14223.400000000001 14232.777777777797 
467.00418329222236 809.0 0.0 3.0 133.0 14226.651060446873 14223.400000000001 14232.777777777797 
468.00418329222236 810.0 0.0 2.0 133.0 14226.325954402182 14223.400000000001 14232.777777777797 
469.00418329222236 810.0 0.0 2.0 133.0 14226.345951554546 14226.525925925918 14232.777777777797 
470.00418329222236 810.0 0.0 2.0 133.0 14226.363948991677 14226.525925925918 14232.777777777797 
471.00418329222236 810.0 0.0 2.0 132.0 14226.380146685131 14226.525925925918 14232.777777777797 
472.00418329222236 810.0 0.0 2.0 132.0 14226.394724609198 14226.525925925918 14232.777777777797 
473.00418329222236 810.0 0.0 2.0 132.0 14226.407844740857 14226.525925925918 14232.777777777797 
474.00418329222236 810.0 0.0 2.0 133.0 14226.419652859375 14226.525925925918 14232.777777777797 
475.00418329222236 811.0 0.0 2.0 133.0 14226.430280166043 14226.525925925918 14232.777777777797 
476.00418329222236 811.0 0.0 2.0 133.0 14226.439844742017 14226.525925925918 14232.777777777797 
477.00418329222236 811.0 0.0 3.0 133.0 14226.448452860426 14226.525925925918 14232.777777777797 
478.00418329222236 811.0 0.0 4.0 133.0 14224.694718685487 14208.911111111145 14232.777777777797 
479.00418329222236 813.0 0.0 2.0 133.0 14222.803765335453 14205.785185185186 14232.777777777797 
480.00418329222236 813.0 0.0 2.0 133.0 14223.175981394505 14226.525925925918 14232.777777777797 
481.00418329222236 814.0 0.0 1.0 133.0 14223.510975847637 14226.525925925918 14232.777777777797 
482.00418329222236 814.0 0.0 1.0 133.0 14224.125063448057 14229.651851851839 14232.777777777797 
483.00418329222236 814.0 0.0 1.0 133.0 14224.677742288435 14229.651851851839 14232.777777777797 
484.00418329222236 815.0 0.0 0.0 133.0 14225.175153244785 14229.651851851839 14232.777777777797 
485.00418329222236 815.0 0.0 0.0 134.0 14225.935415698086 14232.777777777797 14232.777777777797 
486.00418329222236 815.0 0.0 0.0 134.0 14226.619651906054 14232.777777777797 14232.777777777797 
487.00418329222236 815.0 0.0 0.0 134.0 14227.235464493207 14232.777777777797 14232.777777777797 
488.00418329222236 815.0 0.0 0.0 135.0 14227.78969582167 14232.777777777797 14232.777777777797 
489.00418329222236 815.0 0.0 0.0 135.0 14228.288504017286 14232.777777777797 14232.777777777797 
490.00418329222236 815.0 0.0 0.0 135.0 14228.737431393338 14232.777777777797 14232.777777777797 
491.00418329222236 815.0 0.0 0.0 135.0 14229.141466031777 14232.777777777797 14232.777777777797 
492.00418329222236 815.0 0.0 0.0 135.0 14229.505097206385 14232.777777777797 14232.777777777797 
493.00418329222236 815.0 0.0 0.0 135.0 14229.832365263526 14232.777777777797 14232.777777777797 
494.00418329222236 815.0 0.0 1.0 135.0 14230.12690651494 14232.777777777797 14232.777777777797 
495.00418329222236 815.0 0.0 1.0 135.0 14230.079401048646 14229.651851851839 14232.777777777797 
496.00418329222236 815.0 0.0 1.0 135.0 14230.036646128958 14229.651851851839 14232.777777777797 
497.00418329222236 815.0 0.0 1.0 135.0 14229.998166701229 14229.651851851839 14232.777777777797 
498.00418329222236 815.0 0.0 2.0 135.0 14229.963535216306 14229.651851851839 14232.777777777797 
499.00418329222236 816.0 0.0 1.0 135.0 14228.170885398376 14212.037037037013 14232.777777777797 
500.00418329222236 816.0 0.0 2.0 134.0 14228.31898204372 14229.651851851839 14232.777777777797 
501.00418329222236 816.0 0.0 2.0 134.0 14228.139676431962 14226.525925925918 14232.777777777797 
502.00418329222236 816.0 0.0 2.0 134.0 14227.978301381347 14226.525925925918 14232.777777777797 
503.00418329222236 816.0 0.0 2.0 134.0 14227.833063835791 14226.525925925918 14232.777777777797 
504.00418329222236 816.0 0.0 2.0 134.0 14227.702350044803 14226.525925925918 14232.777777777797 
505.00418329222236 816.0 0.0 2.0 134.0 14227.584707632934 14226.525925925918 14232.777777777797 
506.00418329222236 816.0 0.0 2.0 133.0 14227.478829462225 14226.525925925918 14232.777777777797 
507.00418329222236 816.0 0.0 2.0 133.0 14227.383539108603 14226.525925925918 14232.777777777797 
508.00418329222236 817.0 0.0 1.0 133.0 14227.297777790322 14226.525925925918 14232.777777777797 
509.00418329222236 817.0 0.0 1.0 133.0 14227.533185196478 14229.651851851839 14232.777777777797 
510.00418329222236 817.0 0.0 1.0 133.0 14227.745051862026 14229.651851851839 14232.777777777797 
511.00418329222236 817.0 0.0 1.0 134.0 14227.935731860984 14229.651851851839 14232.777777777797 
512.0041832922224 817.0 0.0 1.0 134.0 14228.107343860082 14229.651851851839 14232.777777777797 
513.0041832922224 818.0 0.0 0.0 134.0 14228.261794659256 14229.651851851839 14232.777777777797 
514.0041832922224 818.0 0.0 0.0 134.0 14228.713392971118 14232.777777777797 14232.777777777797 
515.0041832922224 818.0 0.0 0.0 134.0 14229.119831451782 14232.777777777797 14232.777777777797 
516.0041832922224 818.0 0.0 1.0 134.0 14229.485626084375 14232.777777777797 14232.777777777797 
517.0041832922224 819.0 0.0 2.0 134.0 14229.502248661123 14229.651851851839 14232.777777777797 
518.0041832922224 819.0 0.0 2.0 134.0 14229.20535712834 14226.533333333318 14232.777777777797 
519.0041832922224 819.0 0.0 2.0 134.0 14228.938154748834 14226.533333333318 14232.777777777797 
520.0041832922224 819.0 0.0 3.0 134.0 14228.697672607293 14226.533333333318 14232.777777777797 
521.0041832922224 819.0 0.0 3.0 134.0 14228.168646087304 14223.407407407401 14232.777777777797 
522.0041832922224 819.0 0.0 4.0 134.0 14227.692522219322 14223.407407407401 14232.777777777797 
523.0041832922224 819.0 0.0 4.0 134.0 14226.951418145518 14220.281481481483 14232.777777777797 
524.0041832922224 820.0 0.0 4.0 134.0 14226.284424479127 14220.281481481483 14232.777777777797 
525.0041832922224 820.0 0.0 4.0 134.0 14225.683389438618 14220.274074074052 14232.777777777797 
526.0041832922224 820.0 0.0 4.0 133.0 14225.142457902153 14220.274074074052 14232.777777777797 
527.0041832922224 820.0 0.0 4.0 133.0 14224.65561951935 14220.274074074052 14232.777777777797 
528.0041832922224 820.0 0.0 4.0 132.0 14224.21746497482 14220.274074074052 14232.777777777797 
529.0041832922224 820.0 0.0 4.0 132.0 14223.82312588475 14220.274074074052 14232.777777777797 
530.0041832922224 820.0 0.0 4.0 131.0 14223.46822070368 14220.274074074052 14232.777777777797 
531.0041832922224 821.0 0.0 3.0 131.0 14223.14880604072 14220.274074074052 14232.777777777797 
532.0041832922224 822.0 0.0 2.0 131.0 14223.17392543665 14223.400000000001 14232.777777777797 
533.0041832922224 822.0 0.0 2.0 131.0 14223.509125485587 14226.525925925918 14232.777777777797 
534.0041832922224 822.0 0.0 2.0 131.0 14223.810805529616 14226.525925925918 14232.777777777797 
535.0041832922224 822.0 0.0 2.0 131.0 14224.082317569231 14226.525925925918 14232.777777777797 
536.0041832922224 822.0 0.0 2.0 132.0 14224.326678404914 14226.525925925918 14232.777777777797 
537.0041832922224 822.0 0.0 2.0 132.0 14224.546603157009 14226.525925925918 14232.777777777797 
538.0041832922224 822.0 0.0 3.0 132.0 14224.744535433903 14226.525925925918 14232.777777777797 
539.0041832922224 823.0 0.0 2.0 133.0 14224.61008189051 14223.400000000001 14232.777777777797 
540.0041832922224 823.0 0.0 2.0 133.0 14224.801666294046 14226.525925925918 14232.777777777797 
541.0041832922224 823.0 0.0 2.0 133.0 14224.974092257247 14226.525925925918 14232.777777777797 
542.0041832922224 823.0 0.0 2.0 133.0 14225.129275624115 14226.525925925918 14232.777777777797 
543.0041832922224 823.0 0.0 2.0 133.0 14225.268940654296 14226.525925925918 14232.777777777797 
544.0041832922224 824.0 0.0 1.0 132.0 14225.394639181453 14226.525925925918 14232.777777777797 
545.0041832922224 824.0 0.0 1.0 133.0 14225.820360448502 14229.651851851839 14232.777777777797 
546.0041832922224 824.0 0.0 1.0 133.0 14226.203509588831 14229.651851851839 14232.777777777797 
547.0041832922224 824.0 0.0 1.0 133.0 14226.54834381513 14229.651851851839 14232.777777777797 
548.0041832922224 824.0 0.0 1.0 133.0 14226.858694618804 14229.651851851839 14232.777777777797 
549.0041832922224 824.0 0.0 1.0 133.0 14227.138010342096 14229.651851851839 14232.777777777797 
550.0041832922224 824.0 0.0 1.0 133.0 14227.389394493082 14229.651851851839 14232.777777777797 
551.0041832922224 824.0 0.0 1.0 134.0 14227.615640228962 14229.651851851839 14232.777777777797 
552.0041832922224 824.0 0.0 1.0 134.0 14227.819261391243 14229.651851851839 14232.777777777797 
553.0041832922224 824.0 0.0 2.0 134.0 14228.002520437289 14229.651851851839 14232.777777777797 
554.0041832922224 825.0 0.0 1.0 134.0 14227.854860986186 14226.525925925918 14232.777777777797 
555.0041832922224 825.0 0.0 2.0 134.0 14228.034560072743 14229.651851851839 14232.777777777797 
556.0041832922224 825.0 0.0 2.0 134.0 14227.88369665805 14226.525925925918 14232.777777777797 
557.0041832922224 825.0 0.0 2.0 134.0 14227.747919584835 14226.525925925918 14232.777777777797 
558.0041832922224 825.0 0.0 2.0 134.0 14227.625720218944 14226.525925925918 14232.777777777797 
559.0041832922224 825.0 0.0 2.0 133.0 14227.515740789633 14226.525925925918 14232.777777777797 
560.0041832922224 825.0 0.0 2.0 134.0 14227.416759303269 14226.525925925918 14232.777777777797 
561.0041832922224 825.0 0.0 2.0 133.0 14227.32767596554 14226.525925925918 14232.777777777797 
562.0041832922224 825.0 0.0 2.0 133.0 14227.24750096158 14226.525925925918 14232.777777777797 
563.0041832922224 825.0 0.0 2.0 133.0 14227.175343458017 14226.525925925918 14232.777777777797 
564.0041832922224 825.0 0.0 2.0 133.0 14227.110401704796 14226.525925925918 14232.777777777797 
565.0041832922224 825.0 0.0 2.0 133.0 14227.051954126917 14226.525925925918 14232.777777777797 
566.0041832922224 825.0 0.0 3.0 133.0 14226.999351306818 14226.525925925918 14232.777777777797 
567.0041832922224 825.0 0.0 3.0 133.0 14226.63941617613 14223.400000000001 14232.777777777797 
568.0041832922224 826.0 0.0 3.0 133.0 14226.315474558518 14223.400000000001 14232.777777777797 
569.0041832922224 826.0 0.0 3.0 133.0 14226.023927102677 14223.400000000001 14232.777777777797 
570.0041832922224 826.0 0.0 3.0 133.0 14225.761534392408 14223.400000000001 14232.777777777797 
571.0041832922224 826.0 0.0 3.0 133.0 14225.525380953146 14223.400000000001 14232.777777777797 
572.0041832922224 826.0 0.0 3.0 132.0 14225.312842857855 14223.400000000001 14232.777777777797 
573.0041832922224 827.0 0.0 2.0 133.0 14225.121558572057 14223.400000000001 14232.777777777797 
574.0041832922224 828.0 0.0 1.0 133.0 14225.261995307455 14226.525925925918 14232.777777777797 
575.0041832922224 828.0 0.0 1.0 133.0 14225.70098096189 14229.651851851839 14232.777777777797 
576.0041832922224 828.0 0.0 1.0 133.0 14226.096068050885 14229.651851851839 14232.777777777797 
577.0041832922224 828.0 0.0 1.0 133.0 14226.45164643098 14229.651851851839 14232.777777777797 
578.0041832922224 828.0 0.0 1.0 133.0 14226.77166697307 14229.651851851839 14232.777777777797 
579.0041832922224 828.0 0.0 1.0 133.0 14227.059685460934 14229.651851851839 14232.777777777797 
580.0041832922224 828.0 0.0 2.0 133.0 14227.31890210003 14229.651851851839 14232.777777777797 
581.0041832922224 828.0 0.0 2.0 134.0 14227.239604482615 14226.525925925918 14232.777777777797 
582.0041832922224 828.0 0.0 2.0 134.0 14227.168236626945 14226.525925925918 14232.777777777797 
583.0041832922224 828.0 0.0 2.0 134.0 14227.104005556845 14226.525925925918 14232.777777777797 
584.0041832922224 828.0 0.0 2.0 134.0 14227.046197593752 14226.525925925918 14232.777777777797 
585.0041832922224 828.0 0.0 2.0 134.0 14226.994170426966 14226.525925925918 14232.777777777797 
586.0041832922224 828.0 0.0 2.0 133.0 14226.947345976865 14226.525925925918 14232.777777777797 
587.0041832922224 828.0 0.0 2.0 133.0 14226.905203971772 14226.525925925918 14232.777777777797 
588.0041832922224 828.0 0.0 2.0 133.0 14226.86727616719 14226.525925925918 14232.777777777797 
589.0041832922224 829.0 0.0 2.0 133.0 14226.833141143066 14226.525925925918 14232.777777777797 
590.0041832922224 829.0 0.0 2.0 133.0 14226.802419621348 14226.525925925918 14232.777777777797 
591.0041832922224 829.0 0.0 2.0 133.0 14226.774770251815 14226.525925925918 14232.777777777797 
592.0041832922224 830.0 0.0 1.0 133.0 14226.749885819216 14226.525925925918 14232.777777777797 
593.0041832922224 830.0 0.0 1.0 133.0 14227.040082422483 14229.651851851839 14232.777777777797 
594.0041832922224 831.0 0.0 0.0 133.0 14227.301259365424 14229.651851851839 14232.777777777797 
595.0041832922224 831.0 0.0 0.0 133.0 14227.848911206642 14232.777777777797 14232.777777777797 
596.0041832922224 831.0 0.0 0.0 134.0 14228.341797863764 14232.777777777797 14232.777777777797 
597.0041832922224 831.0 0.0 0.0 135.0 14228.785395855166 14232.777777777797 14232.777777777797 
598.0041832922224 831.0 0.0 0.0 135.0 14229.184634047428 14232.777777777797 14232.777777777797 
599.0041832922224 831.0 0.0 0.0 135.0 14229.543948420463 14232.777777777797 14232.777777777797 
600.0041832922224 831.0 0.0 0.0 135.0 14229.867331356194 14232.777777777797 14232.777777777797 
#####################################################################
# End of data export. Simulation finished at: 2020-02-21T03:37+0000 #
#####################################################################
