#####################################################################
# Alchemist log file - simulation started at: 2020-02-17T09:41+0000 #
#####################################################################
# longseed = 63.0, meanTaskSize = 10, peakFrequency = 0.1
#
# The columns have the following meaning: 
# time done[Sum] drop[Sum] waiting[Sum] isLeader[Sum] capacity[Mean] freeCapacity[Mean] maxCapacity[Mean] 
0.0 NaN 0.0 NaN NaN NaN NaN NaN 
1.019646197888422 0.0 0.0 0.0 135.0 14232.777777777797 14232.777777777797 14232.777777777797 
2.019646197888422 0.0 0.0 0.0 135.0 14232.777777777797 14232.777777777797 14232.777777777797 
3.019646197888422 0.0 0.0 0.0 135.0 14232.777777777797 14232.777777777797 14232.777777777797 
4.019646197888422 0.0 0.0 0.0 135.0 14232.777777777797 14232.777777777797 14232.777777777797 
5.019646197888422 0.0 0.0 0.0 135.0 14232.777777777797 14232.777777777797 14232.777777777797 
6.019646197888422 0.0 0.0 0.0 135.0 14232.777777777797 14232.777777777797 14232.777777777797 
7.019646197888422 0.0 0.0 0.0 135.0 14232.777777777797 14232.777777777797 14232.777777777797 
8.019646197888422 0.0 0.0 0.0 135.0 14232.777777777797 14232.777777777797 14232.777777777797 
9.019646197888422 0.0 0.0 0.0 135.0 14232.777777777797 14232.777777777797 14232.777777777797 
10.019646197888422 0.0 0.0 0.0 135.0 14232.777777777797 14232.777777777797 14232.777777777797 
11.019646197888422 0.0 0.0 0.0 135.0 14232.777777777797 14232.777777777797 14232.777777777797 
12.019646197888422 0.0 0.0 1.0 135.0 14232.777777777797 14232.777777777797 14232.777777777797 
13.019646197888422 1.0 0.0 0.0 135.0 14232.465185185178 14229.651851851839 14232.777777777797 
14.019646197888422 1.0 0.0 0.0 135.0 14232.496444444467 14232.777777777797 14232.777777777797 
15.019646197888422 1.0 0.0 0.0 135.0 14232.524577777744 14232.777777777797 14232.777777777797 
16.01964619788842 1.0 0.0 0.0 135.0 14232.549897777784 14232.777777777797 14232.777777777797 
17.01964619788842 1.0 0.0 0.0 135.0 14232.572685777784 14232.777777777797 14232.777777777797 
18.01964619788842 1.0 0.0 0.0 135.0 14232.593194977786 14232.777777777797 14232.777777777797 
19.01964619788842 1.0 0.0 0.0 135.0 14232.611653257776 14232.777777777797 14232.777777777797 
20.01964619788842 1.0 0.0 0.0 135.0 14232.628265709784 14232.777777777797 14232.777777777797 
21.01964619788842 1.0 0.0 0.0 135.0 14232.643216916566 14232.777777777797 14232.777777777797 
22.01964619788842 1.0 0.0 0.0 135.0 14232.656673002664 14232.777777777797 14232.777777777797 
23.01964619788842 1.0 0.0 0.0 135.0 14232.668783480203 14232.777777777797 14232.777777777797 
24.01964619788842 1.0 0.0 0.0 135.0 14232.679682909951 14232.777777777797 14232.777777777797 
25.01964619788842 1.0 0.0 0.0 135.0 14232.689492396727 14232.777777777797 14232.777777777797 
26.01964619788842 1.0 0.0 0.0 135.0 14232.698320934842 14232.777777777797 14232.777777777797 
27.01964619788842 1.0 0.0 0.0 135.0 14232.706266619154 14232.777777777797 14232.777777777797 
28.01964619788842 1.0 0.0 0.0 135.0 14232.713417735036 14232.777777777797 14232.777777777797 
29.01964619788842 1.0 0.0 0.0 135.0 14232.719853739303 14232.777777777797 14232.777777777797 
30.01964619788842 1.0 0.0 0.0 135.0 14232.725646143159 14232.777777777797 14232.777777777797 
31.01964619788842 1.0 0.0 0.0 135.0 14232.730859306572 14232.777777777797 14232.777777777797 
32.01964619788842 1.0 0.0 0.0 135.0 14232.735551153713 14232.777777777797 14232.777777777797 
33.01964619788842 1.0 0.0 0.0 135.0 14232.739773816122 14232.777777777797 14232.777777777797 
34.01964619788842 1.0 0.0 0.0 135.0 14232.743574212273 14232.777777777797 14232.777777777797 
35.01964619788842 1.0 0.0 0.0 135.0 14232.746994568843 14232.777777777797 14232.777777777797 
36.01964619788842 1.0 0.0 0.0 135.0 14232.750072889732 14232.777777777797 14232.777777777797 
37.01964619788842 1.0 0.0 0.0 135.0 14232.75284337851 14232.777777777797 14232.777777777797 
38.01964619788842 1.0 0.0 0.0 135.0 14232.755336818424 14232.777777777797 14232.777777777797 
39.01964619788842 1.0 0.0 0.0 135.0 14232.75758091439 14232.777777777797 14232.777777777797 
40.01964619788842 1.0 0.0 0.0 135.0 14232.75960060075 14232.777777777797 14232.777777777797 
41.01964619788842 1.0 0.0 0.0 135.0 14232.76141831847 14232.777777777797 14232.777777777797 
42.01964619788842 1.0 0.0 0.0 135.0 14232.763054264355 14232.777777777797 14232.777777777797 
43.01964619788842 1.0 0.0 1.0 135.0 14232.76452661571 14232.777777777797 14232.777777777797 
44.01964619788842 2.0 0.0 0.0 135.0 14232.453259139325 14229.651851851839 14232.777777777797 
45.01964619788842 2.0 0.0 0.0 135.0 14232.485711003155 14232.777777777797 14232.777777777797 
46.01964619788842 2.0 0.0 0.0 135.0 14232.514917680637 14232.777777777797 14232.777777777797 
47.01964619788842 2.0 0.0 0.0 135.0 14232.541203690364 14232.777777777797 14232.777777777797 
48.01964619788842 2.0 0.0 0.0 135.0 14232.56486109909 14232.777777777797 14232.777777777797 
49.01964619788842 2.0 0.0 0.0 135.0 14232.586152766944 14232.777777777797 14232.777777777797 
50.01964619788842 2.0 0.0 0.0 135.0 14232.605315268038 14232.777777777797 14232.777777777797 
51.01964619788842 2.0 0.0 0.0 135.0 14232.622561519 14232.777777777797 14232.777777777797 
52.01964619788842 2.0 0.0 0.0 135.0 14232.638083144897 14232.777777777797 14232.777777777797 
53.01964619788842 2.0 0.0 0.0 135.0 14232.65205260818 14232.777777777797 14232.777777777797 
54.01964619788842 2.0 0.0 0.0 135.0 14232.664625125131 14232.777777777797 14232.777777777797 
55.01964619788842 2.0 0.0 0.0 135.0 14232.675940390378 14232.777777777797 14232.777777777797 
56.01964619788842 2.0 0.0 1.0 135.0 14232.686124129137 14232.777777777797 14232.777777777797 
57.01964619788842 3.0 0.0 0.0 135.0 14230.933808012505 14215.162962962962 14232.777777777797 
58.01964619788842 3.0 0.0 0.0 135.0 14231.118204989072 14232.777777777797 14232.777777777797 
59.01964619788842 3.0 0.0 1.0 135.0 14231.284162267937 14232.777777777797 14232.777777777797 
60.01964619788842 4.0 0.0 1.0 135.0 14229.672042337394 14215.162962962962 14232.777777777797 
61.01964619788842 5.0 0.0 0.0 135.0 14228.221134399968 14215.162962962962 14232.777777777797 
62.01964619788842 5.0 0.0 0.0 135.0 14228.676798737757 14232.777777777797 14232.777777777797 
63.01964619788842 5.0 0.0 1.0 135.0 14229.08689664178 14232.777777777797 14232.777777777797 
64.01964619788842 6.0 0.0 0.0 135.0 14229.143392162765 14229.651851851839 14232.777777777797 
65.01964619788842 6.0 0.0 0.0 135.0 14229.506830724271 14232.777777777797 14232.777777777797 
66.01964619788842 6.0 0.0 1.0 135.0 14229.833925429604 14232.777777777797 14232.777777777797 
67.01964619788842 6.0 0.0 2.0 135.0 14229.815718071844 14229.651851851839 14232.777777777797 
68.01964619788842 7.0 0.0 1.0 135.0 14229.486738857247 14226.525925925918 14232.777777777797 
69.01964619788842 8.0 0.0 0.0 135.0 14229.503250156686 14229.651851851839 14232.777777777797 
70.01964619788842 8.0 0.0 0.0 135.0 14229.830702918825 14232.777777777797 14232.777777777797 
71.00731004674455 8.0 0.0 0.0 135.0 14230.125410404693 14232.777777777797 14232.777777777797 
72.01964619788842 8.0 0.0 1.0 135.0 14230.39064714202 14232.777777777797 14232.777777777797 
73.01964619788842 9.0 0.0 0.0 135.0 14230.316767612998 14229.651851851839 14232.777777777797 
74.01964619788842 9.0 0.0 0.0 135.0 14230.562868629475 14232.777777777797 14232.777777777797 
75.01964619788842 9.0 0.0 0.0 135.0 14230.784359544332 14232.777777777797 14232.777777777797 
76.01964619788842 9.0 0.0 0.0 135.0 14230.983701367677 14232.777777777797 14232.777777777797 
77.01964619788842 9.0 0.0 0.0 135.0 14231.163109008656 14232.777777777797 14232.777777777797 
78.01964619788842 9.0 0.0 0.0 135.0 14231.324575885574 14232.777777777797 14232.777777777797 
79.01964619788842 9.0 0.0 0.0 135.0 14231.469896074772 14232.777777777797 14232.777777777797 
80.01964619788842 9.0 0.0 0.0 135.0 14231.600684245084 14232.777777777797 14232.777777777797 
81.01964619788842 9.0 0.0 0.0 135.0 14231.718393598361 14232.777777777797 14232.777777777797 
82.01964619788842 9.0 0.0 0.0 135.0 14231.82433201632 14232.777777777797 14232.777777777797 
83.01964619788842 9.0 0.0 0.0 135.0 14231.919676592455 14232.777777777797 14232.777777777797 
84.01964619788842 9.0 0.0 0.0 135.0 14232.00548671102 14232.777777777797 14232.777777777797 
85.01964619788842 9.0 0.0 0.0 135.0 14232.08271581767 14232.777777777797 14232.777777777797 
86.01964619788842 9.0 0.0 0.0 135.0 14232.15222201369 14232.777777777797 14232.777777777797 
87.01964619788842 9.0 0.0 0.0 135.0 14232.214777590087 14232.777777777797 14232.777777777797 
88.01964619788842 9.0 0.0 0.0 135.0 14232.271077608862 14232.777777777797 14232.777777777797 
89.01964619788842 9.0 0.0 0.0 135.0 14232.321747625769 14232.777777777797 14232.777777777797 
90.01964619788842 9.0 0.0 0.0 135.0 14232.36735064096 14232.777777777797 14232.777777777797 
91.01964619788842 9.0 0.0 0.0 135.0 14232.408393354644 14232.777777777797 14232.777777777797 
92.01964619788842 9.0 0.0 0.0 135.0 14232.445331796916 14232.777777777797 14232.777777777797 
93.01964619788842 9.0 0.0 1.0 135.0 14232.478576395022 14232.777777777797 14232.777777777797 
94.01964619788842 9.0 0.0 1.0 135.0 14232.195903940696 14229.651851851839 14232.777777777797 
95.01964619788842 10.0 0.0 0.0 135.0 14231.941498731834 14229.651851851839 14232.777777777797 
96.01964619788842 10.0 0.0 0.0 135.0 14232.025126636423 14232.777777777797 14232.777777777797 
97.01964619788842 10.0 0.0 0.0 135.0 14232.100391750564 14232.777777777797 14232.777777777797 
98.01964619788842 10.0 0.0 0.0 135.0 14232.168130353255 14232.777777777797 14232.777777777797 
99.01964619788842 10.0 0.0 0.0 135.0 14232.229095095707 14232.777777777797 14232.777777777797 
100.01964619788842 10.0 0.0 0.0 135.0 14232.283963363938 14232.777777777797 14232.777777777797 
101.01964619788842 10.0 0.0 0.0 135.0 14232.33334480534 14232.777777777797 14232.777777777797 
102.01964619788842 10.0 0.0 1.0 135.0 14232.377788102563 14232.777777777797 14232.777777777797 
103.01964619788842 11.0 0.0 0.0 135.0 14232.10519447748 14229.651851851839 14232.777777777797 
104.01964619788842 11.0 0.0 0.0 135.0 14232.172452807523 14232.777777777797 14232.777777777797 
105.01964619788842 11.0 0.0 0.0 135.0 14232.232985304563 14232.777777777797 14232.777777777797 
106.01964619788842 11.0 0.0 0.0 135.0 14232.287464551875 14232.777777777797 14232.777777777797 
107.01964619788842 11.0 0.0 1.0 135.0 14232.336495874468 14232.777777777797 14232.777777777797 
108.01964619788842 12.0 0.0 1.0 135.0 14232.068031472223 14229.651851851839 14232.777777777797 
109.01964619788842 13.0 0.0 0.0 135.0 14230.377524621254 14215.162962962962 14232.777777777797 
110.01964619788842 13.0 0.0 0.0 135.0 14230.617549936895 14232.777777777797 14232.777777777797 
111.01964619788842 13.0 0.0 0.0 135.0 14230.833572721003 14232.777777777797 14232.777777777797 
112.01964619788842 13.0 0.0 1.0 135.0 14231.027993226708 14232.777777777797 14232.777777777797 
113.01964619788842 14.0 0.0 0.0 135.0 14230.890379089224 14229.651851851839 14232.777777777797 
114.01964619788842 14.0 0.0 1.0 135.0 14231.079118958065 14232.777777777797 14232.777777777797 
115.01964619788842 15.0 0.0 0.0 135.0 14229.48750335855 14215.162962962962 14232.777777777797 
116.01964619788842 15.0 0.0 1.0 135.0 14229.8165308005 14232.777777777797 14232.777777777797 
117.01964619788842 16.0 0.0 0.0 135.0 14229.800062905613 14229.651851851839 14232.777777777797 
118.01964619788842 16.0 0.0 1.0 135.0 14230.097834392825 14232.777777777797 14232.777777777797 
119.01964619788842 16.0 0.0 1.0 135.0 14230.053236138714 14229.651851851839 14232.777777777797 
120.01964619788842 17.0 0.0 0.0 135.0 14230.013097710034 14229.651851851839 14232.777777777797 
121.01964619788842 17.0 0.0 1.0 135.0 14230.289565716788 14232.777777777797 14232.777777777797 
122.01964619788842 18.0 0.0 1.0 135.0 14230.225794330325 14229.651851851839 14232.777777777797 
123.01964619788842 19.0 0.0 0.0 135.0 14230.168400082453 14229.651851851839 14232.777777777797 
124.01964619788842 19.0 0.0 0.0 135.0 14230.429337851994 14232.777777777797 14232.777777777797 
125.01964619788842 19.0 0.0 2.0 135.0 14230.664181844593 14232.777777777797 14232.777777777797 
126.01964619788842 20.0 0.0 1.0 135.0 14228.801467363835 14212.037037037013 14232.777777777797 
127.01964619788842 21.0 0.0 1.0 135.0 14228.886505812621 14229.651851851839 14232.777777777797 
128.01964619788842 22.0 0.0 0.0 135.0 14228.963040416527 14229.651851851839 14232.777777777797 
129.01964619788842 22.0 0.0 1.0 135.0 14229.344514152643 14232.777777777797 14232.777777777797 
130.01964619788842 23.0 0.0 2.0 135.0 14229.375247922597 14229.651851851839 14232.777777777797 
131.01964619788842 24.0 0.0 2.0 135.0 14229.09031572292 14226.525925925918 14232.777777777797 
132.01964619788842 26.0 0.0 2.0 135.0 14228.833876743236 14226.525925925918 14232.777777777797 
133.01964619788842 28.0 0.0 0.0 134.0 14228.60382240226 14226.533333333318 14232.777777777797 
134.01964619788842 28.0 0.0 1.0 134.0 14229.021217939806 14232.777777777797 14232.777777777797 
135.01964619788842 28.0 0.0 3.0 135.0 14229.084281330988 14229.651851851839 14232.777777777797 
136.01964619788842 30.0 0.0 1.0 135.0 14227.066964309028 14208.911111111145 14232.777777777797 
137.01964619788842 31.0 0.0 0.0 135.0 14227.325453063318 14229.651851851839 14232.777777777797 
138.01964619788842 31.0 0.0 1.0 135.0 14227.870685534717 14232.777777777797 14232.777777777797 
139.01964619788842 32.0 0.0 0.0 135.0 14226.599913277552 14215.162962962962 14232.777777777797 
140.01964619788842 32.0 0.0 2.0 135.0 14227.217699727578 14232.777777777797 14232.777777777797 
141.01964619788842 33.0 0.0 2.0 135.0 14227.1485223474 14226.525925925918 14232.777777777797 
142.01964619788842 33.0 0.0 2.0 135.0 14227.086262705272 14226.525925925918 14232.777777777797 
143.01964619788842 35.0 0.0 0.0 134.0 14227.03022902731 14226.525925925918 14232.777777777797 
144.01964619788842 35.0 0.0 0.0 135.0 14227.604983902376 14232.777777777797 14232.777777777797 
145.01964619788842 35.0 0.0 2.0 135.0 14228.122263289926 14232.777777777797 14232.777777777797 
146.01964619788842 36.0 0.0 1.0 135.0 14226.513740664654 14212.037037037013 14232.777777777797 
147.01964619788842 37.0 0.0 0.0 135.0 14226.827551783383 14229.651851851839 14232.777777777797 
148.01964619788842 37.0 0.0 1.0 135.0 14227.422574382825 14232.777777777797 14232.777777777797 
149.01964619788842 38.0 0.0 2.0 135.0 14227.645502129692 14229.651851851839 14232.777777777797 
150.01964619788842 40.0 0.0 1.0 135.0 14227.533544509335 14226.525925925918 14232.777777777797 
151.01964619788842 40.0 0.0 1.0 135.0 14227.745375243578 14229.651851851839 14232.777777777797 
152.01964619788842 41.0 0.0 0.0 135.0 14227.93602290441 14229.651851851839 14232.777777777797 
153.01964619788842 41.0 0.0 1.0 135.0 14228.420198391743 14232.777777777797 14232.777777777797 
154.01964619788842 42.0 0.0 2.0 135.0 14228.543363737766 14229.651851851839 14232.777777777797 
155.01964619788842 44.0 0.0 0.0 135.0 14226.892731067659 14212.037037037013 14232.777777777797 
156.01964619788842 44.0 0.0 0.0 135.0 14227.48123573869 14232.777777777797 14232.777777777797 
157.01964619788842 44.0 0.0 0.0 135.0 14228.010889942596 14232.777777777797 14232.777777777797 
158.01964619788842 44.0 0.0 1.0 135.0 14228.4875787261 14232.777777777797 14232.777777777797 
159.01964619788842 45.0 0.0 1.0 135.0 14227.15511714981 14215.162962962962 14232.777777777797 
160.01964619788842 45.0 0.0 4.0 135.0 14227.404790620007 14229.651851851839 14232.777777777797 
161.01964619788842 49.0 0.0 0.0 135.0 14226.69245970616 14220.281481481483 14232.777777777797 
162.01964619788842 49.0 0.0 1.0 135.0 14227.300991513332 14232.777777777797 14232.777777777797 
163.01964619788842 50.0 0.0 2.0 135.0 14227.536077547198 14229.651851851839 14232.777777777797 
164.01964619788842 52.0 0.0 1.0 135.0 14227.435062385053 14226.525925925918 14232.777777777797 
165.01964619788842 53.0 0.0 0.0 135.0 14227.656741331728 14229.651851851839 14232.777777777797 
166.01964619788842 53.0 0.0 0.0 135.0 14228.168844976339 14232.777777777797 14232.777777777797 
167.01309181187406 53.0 0.0 1.0 135.0 14228.629738256474 14232.777777777797 14232.777777777797 
168.01964619788842 54.0 0.0 2.0 135.0 14228.731949616027 14229.651851851839 14232.777777777797 
169.01964619788842 55.0 0.0 2.0 135.0 14227.062458358127 14212.037037037013 14232.777777777797 
170.01964619788842 57.0 0.0 3.0 135.0 14225.559916226031 14212.037037037013 14232.777777777797 
171.01964619788842 58.0 0.0 4.0 135.0 14225.34466534417 14223.407407407401 14232.777777777797 
172.01964619788842 62.0 0.0 0.0 135.0 14224.838346957858 14220.281481481483 14232.777777777797 
173.01964619788842 62.0 0.0 2.0 135.0 14225.632290039854 14232.777777777797 14232.777777777797 
174.01964619788842 62.0 0.0 3.0 135.0 14225.721653628478 14226.525925925918 14232.777777777797 
175.00945560624834 65.0 0.0 1.0 135.0 14225.490229006355 14223.407407407401 14232.777777777797 
176.01964619788842 65.0 0.0 2.0 135.0 14225.906391290899 14229.651851851839 14232.777777777797 
177.01964619788842 67.0 0.0 3.0 134.0 14225.968344754434 14226.525925925918 14232.777777777797 
178.01964619788842 68.0 0.0 5.0 134.0 14225.711510278968 14223.400000000001 14232.777777777797 
179.01964619788842 73.0 0.0 0.0 135.0 14223.406285177018 14202.659259259277 14232.777777777797 
180.01964619788842 73.0 0.0 4.0 135.0 14224.343434437074 14232.777777777797 14232.777777777797 
181.01964619788842 74.0 0.0 6.0 135.0 14222.488350252643 14205.792592592627 14232.777777777797 
182.01964619788842 75.0 0.0 5.0 134.0 14221.643218931093 14214.037037037013 14232.777777777797 
183.01964619788842 79.0 0.0 3.0 134.0 14221.195193334272 14217.162962962962 14232.777777777797 
184.01964619788842 82.0 0.0 0.0 133.0 14221.415674000838 14223.400000000001 14232.777777777797 
185.01964619788842 82.0 0.0 1.0 134.0 14222.551884378521 14232.777777777797 14232.777777777797 
186.01964619788842 83.0 0.0 1.0 134.0 14223.261881125865 14229.651851851839 14232.777777777797 
187.01964619788842 84.0 0.0 3.0 134.0 14223.900878198474 14229.651851851839 14232.777777777797 
188.01964619788842 85.0 0.0 6.0 134.0 14224.16338297122 14226.525925925918 14232.777777777797 
189.01964619788842 89.0 0.0 3.0 134.0 14221.70185948893 14199.54814814815 14232.777777777797 
190.01964619788842 91.0 0.0 3.0 134.0 14220.422784651102 14208.911111111145 14232.777777777797 
191.01964619788842 92.0 0.0 3.0 134.0 14219.271617297141 14208.911111111145 14232.777777777797 
192.01964619788842 94.0 0.0 1.0 134.0 14219.997048159974 14226.525925925918 14232.777777777797 
193.01964619788842 95.0 0.0 4.0 134.0 14220.962528529184 14229.651851851839 14232.777777777797 
194.01964619788842 96.0 0.0 5.0 133.0 14220.893683083677 14220.274074074052 14232.777777777797 
195.01964619788842 99.0 0.0 2.0 133.0 14220.519870330887 14217.155555555531 14232.777777777797 
196.01964619788842 101.0 0.0 2.0 133.0 14221.121216631109 14226.533333333318 14232.777777777797 
197.01964619788842 102.0 0.0 3.0 134.0 14220.212798671702 14212.037037037013 14232.777777777797 
198.01964619788842 105.0 0.0 1.0 134.0 14219.082629915645 14208.911111111145 14232.777777777797 
199.01964619788842 106.0 0.0 1.0 134.0 14220.139552109262 14229.651851851839 14232.777777777797 
200.01964619788842 107.0 0.0 0.0 135.0 14219.641893194648 14215.162962962962 14232.777777777797 
201.01964619788842 107.0 0.0 3.0 135.0 14220.955481652949 14232.777777777797 14232.777777777797 
202.01964619788842 109.0 0.0 3.0 135.0 14219.75104459875 14208.911111111145 14232.777777777797 
203.01964619788842 112.0 0.0 2.0 135.0 14217.218903101859 14194.429629629629 14232.777777777797 
204.01964619788842 113.0 0.0 4.0 135.0 14218.14960538426 14226.525925925918 14232.777777777797 
205.01964619788842 115.0 0.0 4.0 134.0 14215.46575595694 14191.311111111108 14232.777777777797 
206.01964619788842 117.0 0.0 3.0 134.0 14214.49843962052 14205.792592592627 14232.777777777797 
207.01964619788842 119.0 0.0 4.0 134.0 14215.388595658464 14223.400000000001 14232.777777777797 
208.01964619788842 122.0 0.0 1.0 134.0 14214.428254611148 14205.785185185186 14232.777777777797 
209.01964619788842 122.0 0.0 1.0 134.0 14215.950614335181 14229.651851851839 14232.777777777797 
210.01964619788842 123.0 0.0 2.0 134.0 14217.320738086872 14229.651851851839 14232.777777777797 
211.01964619788842 124.0 0.0 3.0 134.0 14218.24125687076 14226.525925925918 14232.777777777797 
212.01964619788842 126.0 0.0 2.0 135.0 14218.757871924437 14223.407407407401 14232.777777777797 
213.01964619788842 128.0 0.0 1.0 135.0 14219.534677324584 14226.525925925918 14232.777777777797 
214.01964619788842 129.0 0.0 2.0 135.0 14219.097505888418 14215.162962962962 14232.777777777797 
215.01964619788842 130.0 0.0 2.0 135.0 14219.840347892185 14226.525925925918 14232.777777777797 
216.01964619788842 132.0 0.0 5.0 134.0 14219.060016806641 14212.037037037013 14232.777777777797 
217.01964619788842 135.0 0.0 3.0 135.0 14214.523644755638 14173.696296296283 14232.777777777797 
218.01964619788842 137.0 0.0 3.0 135.0 14213.962391391175 14208.911111111145 14232.777777777797 
219.01964619788842 139.0 0.0 2.0 135.0 14213.457263363172 14208.911111111145 14232.777777777797 
220.01964619788842 140.0 0.0 3.0 135.0 14214.76412961944 14226.525925925918 14232.777777777797 
221.01964619788842 141.0 0.0 3.0 134.0 14215.627716657513 14223.400000000001 14232.777777777797 
222.01964619788842 143.0 0.0 2.0 134.0 14216.717537584344 14226.525925925918 14232.777777777797 
223.01964619788842 145.0 0.0 5.0 134.0 14216.249487529616 14212.037037037013 14232.777777777797 
224.01964619788842 147.0 0.0 6.0 135.0 14215.515649887773 14208.911111111145 14232.777777777797 
225.01964619788842 152.0 0.0 4.0 134.0 14210.395936750854 14164.318518518547 14232.777777777797 
226.01964619788842 155.0 0.0 2.0 134.0 14209.310417149827 14199.540740740757 14232.777777777797 
227.01964619788842 157.0 0.0 0.0 134.0 14211.031968027435 14226.525925925918 14232.777777777797 
228.01964619788842 157.0 0.0 2.0 134.0 14213.206549002469 14232.777777777797 14232.777777777797 
229.01964619788842 159.0 0.0 2.0 134.0 14213.089597805918 14212.037037037013 14232.777777777797 
230.01964619788842 160.0 0.0 3.0 134.0 14214.433230617928 14226.525925925918 14232.777777777797 
231.01964619788842 162.0 0.0 2.0 135.0 14215.330648296867 14223.407407407401 14232.777777777797 
232.01964619788842 163.0 0.0 2.0 135.0 14215.001287170877 14212.037037037013 14232.777777777797 
233.01964619788842 165.0 0.0 1.0 135.0 14216.153751046388 14226.525925925918 14232.777777777797 
234.01964619788842 166.0 0.0 2.0 135.0 14217.503561126941 14229.651851851839 14232.777777777797 
235.01964619788842 168.0 0.0 1.0 135.0 14216.956908717933 14212.037037037013 14232.777777777797 
236.01964619788842 169.0 0.0 5.0 135.0 14216.777514142454 14215.162962962962 14232.777777777797 
237.01964619788842 173.0 0.0 2.0 135.0 14215.365688654136 14202.659259259277 14232.777777777797 
238.01964619788842 174.0 0.0 1.0 135.0 14216.48171238129 14226.525925925918 14232.777777777797 
239.01964619788842 175.0 0.0 0.0 135.0 14217.798726328336 14229.651851851839 14232.777777777797 
240.01964619788842 175.0 0.0 0.0 135.0 14219.296631473284 14232.777777777797 14232.777777777797 
241.01964619788842 175.0 0.0 0.0 135.0 14220.644746103735 14232.777777777797 14232.777777777797 
242.01964619788842 175.0 0.0 1.0 135.0 14221.858049271152 14232.777777777797 14232.777777777797 
243.01964619788842 175.0 0.0 2.0 135.0 14222.637429529213 14229.651851851839 14232.777777777797 
244.01964619788842 175.0 0.0 4.0 135.0 14223.02627916889 14226.525925925918 14232.777777777797 
245.01964619788842 178.0 0.0 4.0 135.0 14222.751058659403 14220.274074074052 14232.777777777797 
246.01964619788842 181.0 0.0 2.0 135.0 14219.605582423092 14191.296296296277 14232.777777777797 
247.01964619788842 183.0 0.0 1.0 135.0 14220.297616773387 14226.525925925918 14232.777777777797 
248.01964619788842 184.0 0.0 4.0 135.0 14221.233040281222 14229.651851851839 14232.777777777797 
249.01964619788842 187.0 0.0 3.0 135.0 14221.13714366049 14220.274074074052 14232.777777777797 
250.01964619788842 189.0 0.0 2.0 135.0 14221.363429294479 14223.400000000001 14232.777777777797 
251.01964619788842 190.0 0.0 3.0 135.0 14221.879678957599 14226.525925925918 14232.777777777797 
252.01964619788842 193.0 0.0 3.0 135.0 14222.031711061843 14223.400000000001 14232.777777777797 
253.01964619788842 195.0 0.0 3.0 135.0 14222.16928069639 14223.407407407401 14232.777777777797 
254.01964619788842 197.0 0.0 4.0 135.0 14220.843463737861 14208.911111111145 14232.777777777797 
255.01964619788842 201.0 0.0 1.0 134.0 14219.337635882577 14205.785185185186 14232.777777777797 
256.0196461978884 202.0 0.0 1.0 135.0 14220.36905747952 14229.651851851839 14232.777777777797 
257.0196461978884 203.0 0.0 4.0 135.0 14221.29733691676 14229.651851851839 14232.777777777797 
258.0196461978884 204.0 0.0 5.0 134.0 14221.195010632482 14220.274074074052 14232.777777777797 
259.0196461978884 208.0 0.0 3.0 134.0 14217.892546606296 14188.17037037036 14232.777777777797 
260.0196461978884 209.0 0.0 3.0 134.0 14218.443291945669 14223.400000000001 14232.777777777797 
261.0196461978884 211.0 0.0 4.0 134.0 14217.49007386217 14208.911111111145 14232.777777777797 
262.0196461978884 214.0 0.0 6.0 134.0 14216.319584994497 14205.785185185186 14232.777777777797 
263.0196461978884 218.0 0.0 6.0 134.0 14214.641700569144 14199.540740740757 14232.777777777797 
264.0196461978884 221.0 0.0 5.0 134.0 14213.131604586297 14199.540740740757 14232.777777777797 
265.0196461978884 225.0 0.0 3.0 133.0 14212.08437005357 14202.659259259277 14232.777777777797 
266.0196461978884 227.0 0.0 5.0 134.0 14212.07963675194 14212.037037037013 14232.777777777797 
267.0196461978884 231.0 0.0 3.0 133.0 14210.825747150815 14199.540740740757 14232.777777777797 
268.0196461978884 234.0 0.0 1.0 134.0 14211.771320583886 14220.281481481483 14232.777777777797 
269.0196461978884 234.0 0.0 2.0 134.0 14213.24678111808 14226.525925925918 14232.777777777797 
270.0196461978884 235.0 0.0 3.0 134.0 14214.574695598854 14226.525925925918 14232.777777777797 
271.0196461978884 236.0 0.0 4.0 134.0 14215.45722603897 14223.400000000001 14232.777777777797 
272.0196461978884 238.0 0.0 4.0 134.0 14214.490021953601 14205.785185185186 14232.777777777797 
273.0196461978884 242.0 0.0 1.0 134.0 14215.068427165645 14220.274074074052 14232.777777777797 
274.0196461978884 243.0 0.0 1.0 135.0 14216.52676963427 14229.651851851839 14232.777777777797 
275.0196461978884 243.0 0.0 6.0 135.0 14217.83927785601 14229.651851851839 14232.777777777797 
276.0196461978884 246.0 0.0 4.0 135.0 14216.008683403772 14199.533333333318 14232.777777777797 
277.0196461978884 249.0 0.0 5.0 135.0 14214.98633358192 14205.785185185186 14232.777777777797 
278.0196461978884 254.0 0.0 1.0 135.0 14212.304737260725 14188.17037037036 14232.777777777797 
279.0196461978884 255.0 0.0 4.0 135.0 14214.039448719861 14229.651851851839 14232.777777777797 
280.0196461978884 259.0 0.0 2.0 135.0 14210.31624458861 14176.80740740741 14232.777777777797 
281.0196461978884 261.0 0.0 3.0 135.0 14211.937212722325 14226.525925925918 14232.777777777797 
282.0186442944246 262.0 0.0 6.0 135.0 14213.083491450116 14223.400000000001 14232.777777777797 
283.0196461978884 266.0 0.0 6.0 135.0 14211.728475638427 14199.533333333318 14232.777777777797 
284.0196461978884 270.0 0.0 6.0 135.0 14210.508961407912 14199.533333333318 14232.777777777797 
285.0196461978884 274.0 0.0 3.0 135.0 14207.963250452302 14185.05185185184 14232.777777777797 
286.0196461978884 276.0 0.0 3.0 135.0 14209.506925407071 14223.400000000001 14232.777777777797 
287.0196461978884 279.0 0.0 0.0 135.0 14209.447343977487 14208.911111111145 14232.777777777797 
288.0196461978884 279.0 0.0 1.0 135.0 14211.78038735752 14232.777777777797 14232.777777777797 
289.0196461978884 280.0 0.0 8.0 135.0 14213.56753380697 14229.651851851839 14232.777777777797 
290.0196461978884 286.0 0.0 4.0 135.0 14211.539669315162 14193.288888888881 14232.777777777797 
291.0196461978884 290.0 0.0 4.0 135.0 14212.413850531777 14220.281481481483 14232.777777777797 
292.0196461978884 292.0 0.0 2.0 134.0 14213.199872885978 14220.274074074052 14232.777777777797 
293.0196461978884 294.0 0.0 4.0 134.0 14214.532478189985 14226.525925925918 14232.777777777797 
294.0196461978884 295.0 0.0 7.0 134.0 14213.657748889524 14205.785185185186 14232.777777777797 
295.0196461978884 300.0 0.0 3.0 135.0 14210.796418445034 14185.044444444442 14232.777777777797 
296.0196461978884 302.0 0.0 3.0 134.0 14210.607887711625 14208.911111111145 14232.777777777797 
297.0196461978884 305.0 0.0 4.0 135.0 14211.88709894045 14223.400000000001 14232.777777777797 
298.0196461978884 308.0 0.0 7.0 135.0 14209.82950015752 14191.311111111108 14232.777777777797 
299.0196461978884 314.0 0.0 2.0 134.0 14208.488031623245 14196.414814814798 14232.777777777797 
300.0196461978884 315.0 0.0 5.0 134.0 14210.291821053532 14226.525925925918 14232.777777777797 
301.0196461978884 319.0 0.0 1.0 134.0 14209.5285648741 14202.659259259277 14232.777777777797 
302.0196461978884 320.0 0.0 4.0 135.0 14211.540893571844 14229.651851851839 14232.777777777797 
303.0196461978884 323.0 0.0 3.0 134.0 14210.965322733216 14205.785185185186 14232.777777777797 
304.0196461978884 325.0 0.0 7.0 134.0 14212.52138305248 14226.525925925918 14232.777777777797 
305.0196461978884 330.0 0.0 5.0 135.0 14209.461837339813 14181.92592592593 14232.777777777797 
306.0196461978884 334.0 0.0 5.0 135.0 14208.781579531777 14202.659259259277 14232.777777777797 
307.00362927948936 339.0 0.0 1.0 135.0 14205.271569726721 14173.681481481453 14232.777777777797 
308.0196461978884 339.0 0.0 7.0 134.0 14207.709597939243 14229.651851851839 14232.777777777797 
309.0196461978884 341.0 0.0 8.0 134.0 14206.891971478628 14199.533333333318 14232.777777777797 
310.0196461978884 348.0 0.0 5.0 134.0 14205.531663219681 14193.288888888881 14232.777777777797 
311.0196461978884 353.0 0.0 2.0 134.0 14203.796274675471 14188.17777777776 14232.777777777797 
312.0196461978884 354.0 0.0 3.0 134.0 14204.620350911635 14212.037037037013 14232.777777777797 
313.0196461978884 356.0 0.0 3.0 135.0 14206.498315820481 14223.400000000001 14232.777777777797 
314.0196461978884 358.0 0.0 4.0 135.0 14206.739595349534 14208.911111111145 14232.777777777797 
315.0196461978884 361.0 0.0 3.0 134.0 14206.644154333106 14205.785185185186 14232.777777777797 
316.0196461978884 362.0 0.0 2.0 135.0 14208.319738899787 14223.400000000001 14232.777777777797 
317.0196461978884 363.0 0.0 3.0 135.0 14210.140357602419 14226.525925925918 14232.777777777797 
318.0196461978884 366.0 0.0 1.0 135.0 14210.0174329533 14208.911111111145 14232.777777777797 
319.0196461978884 367.0 0.0 4.0 135.0 14211.980874843135 14229.651851851839 14232.777777777797 
320.0196461978884 370.0 0.0 3.0 135.0 14211.361305877346 14205.785185185186 14232.777777777797 
321.0196461978884 372.0 0.0 2.0 135.0 14212.565175289601 14223.400000000001 14232.777777777797 
322.0196461978884 374.0 0.0 4.0 135.0 14213.96125035324 14226.525925925918 14232.777777777797 
323.0196461978884 377.0 0.0 4.0 135.0 14213.143643836407 14205.785185185186 14232.777777777797 
324.0196461978884 381.0 0.0 1.0 135.0 14213.856686860207 14220.274074074052 14232.777777777797 
325.0196461978884 382.0 0.0 3.0 135.0 14213.987314470465 14215.162962962962 14232.777777777797 
326.0196461978884 385.0 0.0 3.0 135.0 14213.479694134528 14208.911111111145 14232.777777777797 
327.0196461978884 388.0 0.0 1.0 135.0 14210.125058054402 14179.933333333322 14232.777777777797 
328.0196461978884 389.0 0.0 4.0 135.0 14210.62884854528 14215.162962962962 14232.777777777797 
329.0196461978884 393.0 0.0 2.0 135.0 14208.695593320368 14191.296296296277 14232.777777777797 
330.0196461978884 395.0 0.0 2.0 135.0 14209.029737692015 14212.037037037013 14232.777777777797 
331.0196461978884 396.0 0.0 6.0 135.0 14210.780097256162 14226.533333333318 14232.777777777797 
332.0196461978884 400.0 0.0 6.0 135.0 14208.206531975016 14185.044444444442 14232.777777777797 
333.0196461978884 403.0 0.0 4.0 134.0 14208.788841740463 14214.029629629666 14232.777777777797 
334.0196461978884 407.0 0.0 6.0 134.0 14209.937364973817 14220.274074074052 14232.777777777797 
335.0196461978884 411.0 0.0 3.0 134.0 14207.448072920888 14185.044444444442 14232.777777777797 
336.0196461978884 414.0 0.0 1.0 134.0 14207.59437673991 14208.911111111145 14232.777777777797 
337.0196461978884 415.0 0.0 3.0 135.0 14209.800124251125 14229.651851851839 14232.777777777797 
338.0196461978884 418.0 0.0 5.0 135.0 14209.711222937109 14208.911111111145 14232.777777777797 
339.0196461978884 420.0 0.0 6.0 135.0 14209.006026569332 14202.659259259277 14232.777777777797 
340.0196461978884 425.0 0.0 7.0 135.0 14209.508386875348 14214.029629629666 14232.777777777797 
341.0196461978884 429.0 0.0 6.0 135.0 14206.750140780428 14181.92592592593 14232.777777777797 
342.0196461978884 433.0 0.0 4.0 134.0 14207.478089665341 14214.029629629666 14232.777777777797 
343.0196461978884 435.0 0.0 9.0 134.0 14208.757688106212 14220.274074074052 14232.777777777797 
344.0196461978884 443.0 0.0 3.0 135.0 14202.551548925201 14146.696296296284 14232.777777777797 
345.0196461978884 446.0 0.0 4.0 135.0 14203.18750514381 14208.911111111145 14232.777777777797 
346.0196461978884 449.0 0.0 3.0 135.0 14201.998384259045 14191.296296296277 14232.777777777797 
347.0196461978884 451.0 0.0 2.0 135.0 14204.138545833144 14223.400000000001 14232.777777777797 
348.0196461978884 453.0 0.0 3.0 135.0 14206.377283842416 14226.525925925918 14232.777777777797 
349.0196461978884 454.0 0.0 4.0 135.0 14208.079555458198 14223.400000000001 14232.777777777797 
350.0196461978884 456.0 0.0 5.0 135.0 14209.299007319774 14220.274074074052 14232.777777777797 
351.0196461978884 459.0 0.0 6.0 135.0 14208.635032513715 14202.659259259277 14232.777777777797 
352.0196461978884 465.0 0.0 2.0 135.0 14206.27671444754 14185.05185185184 14232.777777777797 
353.009564458827 466.0 0.0 4.0 135.0 14208.30163559538 14226.525925925918 14232.777777777797 
354.0196461978884 469.0 0.0 3.0 135.0 14209.498879443241 14220.274074074052 14232.777777777797 
355.0196461978884 472.0 0.0 1.0 135.0 14210.88899149891 14223.400000000001 14232.777777777797 
356.0196461978884 472.0 0.0 3.0 135.0 14212.765277534188 14229.651851851839 14232.777777777797 
357.0196461978884 474.0 0.0 2.0 135.0 14213.828749780794 14223.400000000001 14232.777777777797 
358.0196461978884 476.0 0.0 2.0 135.0 14215.098467395293 14226.525925925918 14232.777777777797 
359.0196461978884 477.0 0.0 6.0 135.0 14214.792324359452 14212.037037037013 14232.777777777797 
360.0196461978884 480.0 0.0 4.0 134.0 14213.266425256865 14199.533333333318 14232.777777777797 
361.0196461978884 484.0 0.0 1.0 134.0 14213.967190138605 14220.274074074052 14232.777777777797 
362.0196461978884 485.0 0.0 3.0 134.0 14215.535656309905 14229.651851851839 14232.777777777797 
363.0196461978884 488.0 0.0 3.0 134.0 14211.975424012251 14179.933333333322 14232.777777777797 
364.0196461978884 490.0 0.0 1.0 135.0 14213.11862235177 14223.407407407401 14232.777777777797 
365.0196461978884 491.0 0.0 1.0 135.0 14214.77194530178 14229.651851851839 14232.777777777797 
366.0196461978884 491.0 0.0 5.0 135.0 14216.259935956788 14229.651851851839 14232.777777777797 
367.0196461978884 494.0 0.0 2.0 135.0 14214.899868287022 14202.659259259277 14232.777777777797 
368.0196461978884 496.0 0.0 4.0 135.0 14216.062474050912 14226.525925925918 14232.777777777797 
369.0196461978884 499.0 0.0 2.0 135.0 14215.034745164341 14205.785185185186 14232.777777777797 
370.0196461978884 500.0 0.0 3.0 135.0 14216.18386324049 14226.525925925918 14232.777777777797 
371.0196461978884 502.0 0.0 5.0 135.0 14215.45658802758 14208.911111111145 14232.777777777797 
372.0196461978884 507.0 0.0 5.0 135.0 14212.727966261864 14188.17037037036 14232.777777777797 
373.0196461978884 510.0 0.0 5.0 135.0 14211.72109556158 14202.659259259277 14232.777777777797 
374.0196461978884 515.0 0.0 5.0 135.0 14210.815652672083 14202.666666666668 14232.777777777797 
375.0196461978884 517.0 0.0 5.0 135.0 14210.000013330811 14202.659259259277 14232.777777777797 
376.0196461978884 520.0 0.0 4.0 135.0 14210.715567553292 14217.155555555531 14232.777777777797 
377.0196461978884 523.0 0.0 2.0 135.0 14211.672158946127 14220.281481481483 14232.777777777797 
378.0108786118846 524.0 0.0 3.0 135.0 14211.708646755204 14212.037037037013 14232.777777777797 
379.0196461978884 525.0 0.0 4.0 134.0 14211.42889319078 14208.911111111145 14232.777777777797 
380.0196461978884 529.0 0.0 0.0 134.0 14210.864522390231 14205.785185185186 14232.777777777797 
381.0196461978884 529.0 0.0 4.0 134.0 14213.055847928978 14232.777777777797 14232.777777777797 
382.0196461978884 531.0 0.0 4.0 135.0 14214.090263136075 14223.400000000001 14232.777777777797 
383.0196461978884 535.0 0.0 1.0 134.0 14212.947162748407 14202.659259259277 14232.777777777797 
384.0196461978884 535.0 0.0 5.0 135.0 14214.617631658739 14229.651851851839 14232.777777777797 
385.0196461978884 538.0 0.0 5.0 135.0 14214.87068330769 14217.14814814815 14232.777777777797 
386.0196461978884 542.0 0.0 7.0 135.0 14212.200652013931 14188.17037037036 14232.777777777797 
387.0196461978884 548.0 0.0 5.0 135.0 14210.622809034789 14196.422222222236 14232.777777777797 
388.0196461978884 550.0 0.0 7.0 134.0 14211.275342946095 14217.14814814815 14232.777777777797 
389.0196461978884 555.0 0.0 9.0 135.0 14208.339660503363 14181.918518518494 14232.777777777797 
390.0196461978884 562.0 0.0 6.0 135.0 14205.072361119685 14175.666666666668 14232.777777777797 
391.0196461978884 566.0 0.0 6.0 135.0 14204.518458341065 14199.533333333318 14232.777777777797 
392.0196461978884 572.0 0.0 3.0 135.0 14204.019945840288 14199.533333333318 14232.777777777797 
393.0196461978884 575.0 0.0 3.0 135.0 14205.958691996999 14223.407407407401 14232.777777777797 
394.0196461978884 576.0 0.0 5.0 135.0 14207.703563538025 14223.407407407401 14232.777777777797 
395.0196461978884 579.0 0.0 6.0 134.0 14208.649503480518 14217.162962962962 14232.777777777797 
396.0196461978884 582.0 0.0 6.0 134.0 14209.186775354709 14214.022222222226 14232.777777777797 
397.0196461978884 588.0 0.0 3.0 134.0 14208.221431152555 14199.533333333318 14232.777777777797 
398.0196461978884 590.0 0.0 3.0 134.0 14209.739288037297 14223.400000000001 14232.777777777797 
399.0196461978884 592.0 0.0 4.0 134.0 14209.657211085436 14208.918518518494 14232.777777777797 
400.0196461978884 596.0 0.0 3.0 135.0 14207.821119606519 14191.296296296277 14232.777777777797 
401.0196461978884 598.0 0.0 6.0 135.0 14209.379748386616 14223.407407407401 14232.777777777797 
402.00122143447686 602.0 0.0 7.0 135.0 14208.395106881288 14199.533333333318 14232.777777777797 
403.0196461978884 607.0 0.0 7.0 135.0 14208.64596656352 14210.903703703707 14232.777777777797 
404.0196461978884 612.0 0.0 3.0 135.0 14205.973221759019 14181.918518518494 14232.777777777797 
405.0196461978884 615.0 0.0 2.0 135.0 14206.267010694222 14208.911111111145 14232.777777777797 
406.0196461978884 616.0 0.0 3.0 135.0 14208.2929022174 14226.525925925918 14232.777777777797 
407.0196461978884 618.0 0.0 3.0 135.0 14206.90583421788 14194.422222222236 14232.777777777797 
408.0196461978884 620.0 0.0 4.0 135.0 14208.555250796084 14223.400000000001 14232.777777777797 
409.0196461978884 623.0 0.0 2.0 135.0 14208.278244235002 14205.785185185186 14232.777777777797 
410.0196461978884 623.0 0.0 2.0 135.0 14210.103012404094 14226.525925925918 14232.777777777797 
411.0196461978884 625.0 0.0 3.0 135.0 14211.745303756255 14226.525925925918 14232.777777777797 
412.0196461978884 627.0 0.0 4.0 135.0 14212.910773380647 14223.400000000001 14232.777777777797 
413.0196461978884 630.0 0.0 2.0 135.0 14212.198214561091 14205.785185185186 14232.777777777797 
414.0196461978884 632.0 0.0 1.0 135.0 14213.630985697582 14226.525925925918 14232.777777777797 
415.0196461978884 632.0 0.0 3.0 135.0 14215.23307231301 14229.651851851839 14232.777777777797 
416.0196461978884 635.0 0.0 0.0 135.0 14214.600876192831 14208.911111111145 14232.777777777797 
417.0196461978884 635.0 0.0 1.0 135.0 14216.418566351329 14232.777777777797 14232.777777777797 
418.0196461978884 635.0 0.0 1.0 135.0 14217.741894901377 14229.651851851839 14232.777777777797 
419.0196461978884 636.0 0.0 0.0 135.0 14218.93289059642 14229.651851851839 14232.777777777797 
420.0196461978884 636.0 0.0 0.0 135.0 14220.317379314558 14232.777777777797 14232.777777777797 
421.0196461978884 636.0 0.0 1.0 135.0 14221.563419160859 14232.777777777797 14232.777777777797 
422.0196461978884 637.0 0.0 0.0 135.0 14222.372262429966 14229.651851851839 14232.777777777797 
423.0196461978884 637.0 0.0 0.0 135.0 14223.412813964755 14232.777777777797 14232.777777777797 
424.0196461978884 637.0 0.0 0.0 135.0 14224.349310346064 14232.777777777797 14232.777777777797 
425.0196461978884 637.0 0.0 1.0 135.0 14225.192157089217 14232.777777777797 14232.777777777797 
426.0196461978884 637.0 0.0 1.0 135.0 14225.63812656548 14229.651851851839 14232.777777777797 
427.0196461978884 638.0 0.0 0.0 135.0 14226.039499094115 14229.651851851839 14232.777777777797 
428.0196461978884 638.0 0.0 0.0 135.0 14226.71332696248 14232.777777777797 14232.777777777797 
429.0196461978884 638.0 0.0 0.0 135.0 14227.319772044042 14232.777777777797 14232.777777777797 
430.0196461978884 638.0 0.0 0.0 135.0 14227.8655726174 14232.777777777797 14232.777777777797 
431.0196461978884 638.0 0.0 0.0 135.0 14228.35679313343 14232.777777777797 14232.777777777797 
432.0196461978884 638.0 0.0 0.0 135.0 14228.79889159786 14232.777777777797 14232.777777777797 
433.0196461978884 638.0 0.0 0.0 135.0 14229.19678021586 14232.777777777797 14232.777777777797 
434.0196461978884 638.0 0.0 1.0 135.0 14229.554879972062 14232.777777777797 14232.777777777797 
435.0196461978884 639.0 0.0 0.0 135.0 14229.564577160032 14229.651851851839 14232.777777777797 
436.0196461978884 639.0 0.0 0.0 135.0 14229.885897221806 14232.777777777797 14232.777777777797 
437.0196461978884 639.0 0.0 0.0 135.0 14230.175085277411 14232.777777777797 14232.777777777797 
438.0196461978884 639.0 0.0 0.0 135.0 14230.435354527432 14232.777777777797 14232.777777777797 
439.0196461978884 639.0 0.0 0.0 135.0 14230.669596852462 14232.777777777797 14232.777777777797 
440.0196461978884 639.0 0.0 0.0 135.0 14230.880414945002 14232.777777777797 14232.777777777797 
441.0196461978884 639.0 0.0 1.0 135.0 14231.070151228301 14232.777777777797 14232.777777777797 
442.0196461978884 640.0 0.0 0.0 135.0 14230.928321290648 14229.651851851839 14232.777777777797 
443.0196461978884 640.0 0.0 1.0 135.0 14231.113266939372 14232.777777777797 14232.777777777797 
444.0196461978884 641.0 0.0 0.0 135.0 14230.967125430598 14229.651851851839 14232.777777777797 
445.0196461978884 641.0 0.0 0.0 135.0 14231.14819066533 14232.777777777797 14232.777777777797 
446.0196461978884 641.0 0.0 0.0 135.0 14231.311149376557 14232.777777777797 14232.777777777797 
447.0196461978884 641.0 0.0 0.0 135.0 14231.457812216686 14232.777777777797 14232.777777777797 
448.0196461978884 641.0 0.0 0.0 135.0 14231.589808772804 14232.777777777797 14232.777777777797 
449.0196461978884 641.0 0.0 0.0 135.0 14231.708605673286 14232.777777777797 14232.777777777797 
450.0196461978884 641.0 0.0 0.0 135.0 14231.81552288372 14232.777777777797 14232.777777777797 
451.0196461978884 641.0 0.0 1.0 135.0 14231.911748373132 14232.777777777797 14232.777777777797 
452.0196461978884 641.0 0.0 1.0 135.0 14231.685758721016 14229.651851851839 14232.777777777797 
453.0196461978884 641.0 0.0 2.0 135.0 14231.48236803411 14229.651851851839 14232.777777777797 
454.0196461978884 643.0 0.0 0.0 135.0 14229.53783493438 14212.037037037013 14232.777777777797 
455.0196461978884 643.0 0.0 0.0 135.0 14229.861829218748 14232.777777777797 14232.777777777797 
456.0196461978884 643.0 0.0 0.0 135.0 14230.153424074633 14232.777777777797 14232.777777777797 
457.0196461978884 643.0 0.0 0.0 135.0 14230.41585944493 14232.777777777797 14232.777777777797 
458.0196461978884 643.0 0.0 1.0 135.0 14230.65205127823 14232.777777777797 14232.777777777797 
459.0196461978884 644.0 0.0 0.0 135.0 14230.552031335577 14229.651851851839 14232.777777777797 
460.0196461978884 644.0 0.0 0.0 135.0 14230.77460597981 14232.777777777797 14232.777777777797 
461.0196461978884 644.0 0.0 0.0 135.0 14230.974923159607 14232.777777777797 14232.777777777797 
462.01676522342785 644.0 0.0 0.0 135.0 14231.155208621432 14232.777777777797 14232.777777777797 
463.0196461978884 644.0 0.0 2.0 135.0 14231.317465537053 14232.777777777797 14232.777777777797 
464.0196461978884 645.0 0.0 1.0 135.0 14230.838311575935 14226.525925925918 14232.777777777797 
465.0196461978884 646.0 0.0 0.0 135.0 14230.719665603554 14229.651851851839 14232.777777777797 
466.0196461978884 646.0 0.0 0.0 135.0 14230.925476820983 14232.777777777797 14232.777777777797 
467.0196461978884 646.0 0.0 0.0 135.0 14231.110706916646 14232.777777777797 14232.777777777797 
468.0196461978884 646.0 0.0 1.0 135.0 14231.277414002749 14232.777777777797 14232.777777777797 
469.0196461978884 646.0 0.0 1.0 135.0 14231.114857787645 14229.651851851839 14232.777777777797 
470.0196461978884 647.0 0.0 0.0 135.0 14230.96855719407 14229.651851851839 14232.777777777797 
471.0196461978884 647.0 0.0 0.0 135.0 14231.149479252435 14232.777777777797 14232.777777777797 
472.0196461978884 647.0 0.0 0.0 135.0 14231.312309104998 14232.777777777797 14232.777777777797 
473.0196461978884 647.0 0.0 0.0 135.0 14231.458855972272 14232.777777777797 14232.777777777797 
474.0196461978884 647.0 0.0 1.0 135.0 14231.590748152805 14232.777777777797 14232.777777777797 
475.0196461978884 648.0 0.0 0.0 135.0 14231.396858522736 14229.651851851839 14232.777777777797 
476.0196461978884 648.0 0.0 0.0 135.0 14231.534950448235 14232.777777777797 14232.777777777797 
477.0196461978884 648.0 0.0 0.0 135.0 14231.659233181184 14232.777777777797 14232.777777777797 
478.0196461978884 648.0 0.0 0.0 135.0 14231.771087640815 14232.777777777797 14232.777777777797 
479.0196461978884 648.0 0.0 1.0 135.0 14231.871756654527 14232.777777777797 14232.777777777797 
480.0196461978884 648.0 0.0 1.0 135.0 14231.649766174256 14229.651851851839 14232.777777777797 
481.0196461978884 649.0 0.0 0.0 135.0 14231.449974742025 14229.651851851839 14232.777777777797 
482.0196461978884 649.0 0.0 0.0 135.0 14231.582755045603 14232.777777777797 14232.777777777797 
483.0196461978884 649.0 0.0 1.0 135.0 14231.702257318822 14232.777777777797 14232.777777777797 
484.0196461978884 650.0 0.0 0.0 135.0 14231.497216772119 14229.651851851839 14232.777777777797 
485.0196461978884 650.0 0.0 1.0 135.0 14231.625272872685 14232.777777777797 14232.777777777797 
486.0196461978884 651.0 0.0 0.0 135.0 14231.427930770604 14229.651851851839 14232.777777777797 
487.0196461978884 651.0 0.0 1.0 135.0 14231.562915471324 14232.777777777797 14232.777777777797 
488.0196461978884 652.0 0.0 0.0 135.0 14229.922920220464 14215.162962962962 14232.777777777797 
489.0196461978884 652.0 0.0 1.0 135.0 14230.208405976224 14232.777777777797 14232.777777777797 
490.0196461978884 653.0 0.0 0.0 135.0 14228.703861674881 14215.162962962962 14232.777777777797 
491.0196461978884 653.0 0.0 0.0 135.0 14229.111253285177 14232.777777777797 14232.777777777797 
492.0196461978884 653.0 0.0 0.0 135.0 14229.477905734435 14232.777777777797 14232.777777777797 
493.0196461978884 653.0 0.0 0.0 135.0 14229.807892938776 14232.777777777797 14232.777777777797 
494.0196461978884 653.0 0.0 0.0 135.0 14230.104881422669 14232.777777777797 14232.777777777797 
495.0196461978884 653.0 0.0 0.0 135.0 14230.372171058185 14232.777777777797 14232.777777777797 
496.0196461978884 653.0 0.0 0.0 135.0 14230.61273173016 14232.777777777797 14232.777777777797 
497.0196461978884 653.0 0.0 0.0 135.0 14230.829236334914 14232.777777777797 14232.777777777797 
498.0196461978884 653.0 0.0 0.0 135.0 14231.02409047919 14232.777777777797 14232.777777777797 
499.0196461978884 653.0 0.0 0.0 135.0 14231.199459209047 14232.777777777797 14232.777777777797 
500.0196461978884 653.0 0.0 2.0 135.0 14231.357291065919 14232.777777777797 14232.777777777797 
501.0196461978884 654.0 0.0 1.0 135.0 14229.425265663023 14212.037037037013 14232.777777777797 
502.0196461978884 655.0 0.0 0.0 135.0 14229.447924281905 14229.651851851839 14232.777777777797 
503.0196461978884 655.0 0.0 0.0 135.0 14229.780909631503 14232.777777777797 14232.777777777797 
504.0196461978884 655.0 0.0 1.0 135.0 14230.080596446121 14232.777777777797 14232.777777777797 
505.0196461978884 656.0 0.0 0.0 135.0 14230.03772198672 14229.651851851839 14232.777777777797 
506.0196461978884 656.0 0.0 0.0 135.0 14230.311727565815 14232.777777777797 14232.777777777797 
507.0196461978884 656.0 0.0 0.0 135.0 14230.558332587 14232.777777777797 14232.777777777797 
508.0196461978884 656.0 0.0 0.0 135.0 14230.78027710609 14232.777777777797 14232.777777777797 
509.0196461978884 656.0 0.0 0.0 135.0 14230.98002717325 14232.777777777797 14232.777777777797 
510.0196461978884 656.0 0.0 0.0 135.0 14231.159802233702 14232.777777777797 14232.777777777797 
511.0196461978884 656.0 0.0 1.0 135.0 14231.32159978811 14232.777777777797 14232.777777777797 
512.0196461978884 657.0 0.0 0.0 135.0 14229.705736105607 14215.162962962962 14232.777777777797 
513.0196461978884 657.0 0.0 0.0 135.0 14230.012940272807 14232.777777777797 14232.777777777797 
514.0196461978884 657.0 0.0 0.0 135.0 14230.289424023293 14232.777777777797 14232.777777777797 
515.0196461978884 657.0 0.0 0.0 135.0 14230.538259398758 14232.777777777797 14232.777777777797 
516.0196461978884 657.0 0.0 1.0 135.0 14230.76221123667 14232.777777777797 14232.777777777797 
517.0196461978884 658.0 0.0 0.0 135.0 14229.202286409285 14215.162962962962 14232.777777777797 
518.0196461978884 658.0 0.0 0.0 135.0 14229.55983554612 14232.777777777797 14232.777777777797 
519.0196461978884 658.0 0.0 0.0 135.0 14229.881629769301 14232.777777777797 14232.777777777797 
520.0196461978884 658.0 0.0 0.0 135.0 14230.171244570152 14232.777777777797 14232.777777777797 
521.0196461978884 658.0 0.0 0.0 135.0 14230.431897890916 14232.777777777797 14232.777777777797 
522.0196461978884 658.0 0.0 0.0 135.0 14230.66648587961 14232.777777777797 14232.777777777797 
523.0161427298926 658.0 0.0 0.0 135.0 14230.877615069416 14232.777777777797 14232.777777777797 
524.0196461978884 658.0 0.0 2.0 135.0 14231.067631340247 14232.777777777797 14232.777777777797 
525.0196461978884 659.0 0.0 1.0 135.0 14229.164571909927 14212.037037037013 14232.777777777797 
526.0196461978884 660.0 0.0 0.0 135.0 14229.21329990413 14229.651851851839 14232.777777777797 
527.0196461978884 660.0 0.0 0.0 135.0 14229.569747691477 14232.777777777797 14232.777777777797 
528.0196461978884 660.0 0.0 0.0 135.0 14229.89055070012 14232.777777777797 14232.777777777797 
529.0196461978884 660.0 0.0 0.0 135.0 14230.179273407872 14232.777777777797 14232.777777777797 
530.0196461978884 660.0 0.0 0.0 135.0 14230.439123844873 14232.777777777797 14232.777777777797 
531.0196461978884 660.0 0.0 0.0 135.0 14230.672989238172 14232.777777777797 14232.777777777797 
532.0196461978884 660.0 0.0 0.0 135.0 14230.88346809213 14232.777777777797 14232.777777777797 
533.0196461978884 660.0 0.0 0.0 135.0 14231.072899060686 14232.777777777797 14232.777777777797 
534.0196461978884 660.0 0.0 0.0 135.0 14231.243386932389 14232.777777777797 14232.777777777797 
535.0196461978884 660.0 0.0 0.0 135.0 14231.39682601693 14232.777777777797 14232.777777777797 
536.0196461978884 660.0 0.0 0.0 135.0 14231.534921193017 14232.777777777797 14232.777777777797 
537.0196461978884 660.0 0.0 1.0 135.0 14231.6592068515 14232.777777777797 14232.777777777797 
538.0196461978884 660.0 0.0 1.0 135.0 14231.458471351534 14229.651851851839 14232.777777777797 
539.0196461978884 661.0 0.0 0.0 135.0 14231.277809401578 14229.651851851839 14232.777777777797 
540.0196461978884 661.0 0.0 1.0 135.0 14231.427806239184 14232.777777777797 14232.777777777797 
541.0196461978884 661.0 0.0 1.0 135.0 14231.25021080046 14229.651851851839 14232.777777777797 
542.0196461978884 662.0 0.0 0.0 135.0 14231.090374905583 14229.651851851839 14232.777777777797 
543.0196461978884 662.0 0.0 1.0 135.0 14231.259115192806 14232.777777777797 14232.777777777797 
544.0196461978884 662.0 0.0 2.0 135.0 14231.098388858723 14229.651851851839 14232.777777777797 
545.0196461978884 664.0 0.0 0.0 135.0 14230.641142565431 14226.525925925918 14232.777777777797 
546.0196461978884 664.0 0.0 1.0 135.0 14230.854806086672 14232.777777777797 14232.777777777797 
547.0196461978884 665.0 0.0 0.0 135.0 14229.285621774296 14215.162962962962 14232.777777777797 
548.0196461978884 665.0 0.0 0.0 135.0 14229.634837374648 14232.777777777797 14232.777777777797 
549.0196461978884 665.0 0.0 1.0 135.0 14229.949131414947 14232.777777777797 14232.777777777797 
550.0196461978884 666.0 0.0 0.0 135.0 14229.919403458653 14229.651851851839 14232.777777777797 
551.0196461978884 666.0 0.0 0.0 135.0 14230.205240890546 14232.777777777797 14232.777777777797 
552.0196461978884 666.0 0.0 0.0 135.0 14230.462494579278 14232.777777777797 14232.777777777797 
553.0196461978884 666.0 0.0 0.0 135.0 14230.694022899137 14232.777777777797 14232.777777777797 
554.0196461978884 666.0 0.0 0.0 135.0 14230.902398387007 14232.777777777797 14232.777777777797 
555.0196461978884 666.0 0.0 1.0 135.0 14231.089936326089 14232.777777777797 14232.777777777797 
556.0196461978884 667.0 0.0 0.0 135.0 14230.94612787865 14229.651851851839 14232.777777777797 
557.0196461978884 667.0 0.0 0.0 135.0 14231.129292868573 14232.777777777797 14232.777777777797 
558.0196461978884 667.0 0.0 0.0 135.0 14231.294141359484 14232.777777777797 14232.777777777797 
559.0196461978884 667.0 0.0 1.0 135.0 14231.442505001305 14232.777777777797 14232.777777777797 
560.0196461978884 668.0 0.0 0.0 135.0 14231.26343968637 14229.651851851839 14232.777777777797 
561.0196461978884 668.0 0.0 0.0 135.0 14231.414873495522 14232.777777777797 14232.777777777797 
562.0196461978884 668.0 0.0 0.0 135.0 14231.551163923747 14232.777777777797 14232.777777777797 
563.0196461978884 668.0 0.0 0.0 135.0 14231.673825309139 14232.777777777797 14232.777777777797 
564.0196461978884 668.0 0.0 0.0 135.0 14231.78422055599 14232.777777777797 14232.777777777797 
565.0196461978884 668.0 0.0 0.0 135.0 14231.883576278176 14232.777777777797 14232.777777777797 
566.0196461978884 668.0 0.0 0.0 135.0 14231.972996428145 14232.777777777797 14232.777777777797 
567.0196461978884 668.0 0.0 0.0 135.0 14232.053474563105 14232.777777777797 14232.777777777797 
568.0196461978884 668.0 0.0 0.0 135.0 14232.125904884571 14232.777777777797 14232.777777777797 
569.0196461978884 668.0 0.0 1.0 135.0 14232.191092173889 14232.777777777797 14232.777777777797 
570.0186242296896 669.0 0.0 1.0 135.0 14231.937168141683 14229.651851851839 14232.777777777797 
571.0196461978884 669.0 0.0 2.0 135.0 14231.708636512687 14229.651851851839 14232.777777777797 
572.0196461978884 670.0 0.0 1.0 135.0 14229.741476565134 14212.037037037013 14232.777777777797 
573.0196461978884 671.0 0.0 0.0 135.0 14229.732514093792 14229.651851851839 14232.777777777797 
574.0196461978884 671.0 0.0 0.0 135.0 14230.037040462186 14232.777777777797 14232.777777777797 
575.0196461978884 671.0 0.0 0.0 135.0 14230.311114193753 14232.777777777797 14232.777777777797 
576.0196461978884 671.0 0.0 0.0 135.0 14230.557780552155 14232.777777777797 14232.777777777797 
577.0196461978884 671.0 0.0 0.0 135.0 14230.779780274726 14232.777777777797 14232.777777777797 
578.0196461978884 671.0 0.0 0.0 135.0 14230.979580025029 14232.777777777797 14232.777777777797 
579.0196461978884 671.0 0.0 0.0 135.0 14231.1593998003 14232.777777777797 14232.777777777797 
580.0196461978884 671.0 0.0 0.0 135.0 14231.321237598044 14232.777777777797 14232.777777777797 
581.0196461978884 671.0 0.0 0.0 135.0 14231.466891616023 14232.777777777797 14232.777777777797 
582.0196461978884 671.0 0.0 0.0 135.0 14231.597980232198 14232.777777777797 14232.777777777797 
583.0196461978884 671.0 0.0 0.0 135.0 14231.71595998676 14232.777777777797 14232.777777777797 
584.0196461978884 671.0 0.0 0.0 135.0 14231.822141765862 14232.777777777797 14232.777777777797 
585.0196461978884 671.0 0.0 0.0 135.0 14231.917705367036 14232.777777777797 14232.777777777797 
586.0196461978884 671.0 0.0 0.0 135.0 14232.00371260813 14232.777777777797 14232.777777777797 
587.0196461978884 671.0 0.0 0.0 135.0 14232.081119125089 14232.777777777797 14232.777777777797 
588.0196461978884 671.0 0.0 0.0 135.0 14232.150784990356 14232.777777777797 14232.777777777797 
589.0196461978884 671.0 0.0 0.0 135.0 14232.213484269096 14232.777777777797 14232.777777777797 
590.0196461978884 671.0 0.0 0.0 135.0 14232.269913619979 14232.777777777797 14232.777777777797 
591.0196461978884 671.0 0.0 0.0 135.0 14232.32070003575 14232.777777777797 14232.777777777797 
592.0196461978884 671.0 0.0 1.0 135.0 14232.366407809937 14232.777777777797 14232.777777777797 
593.0196461978884 672.0 0.0 0.0 135.0 14232.094952214147 14229.651851851839 14232.777777777797 
594.0196461978884 672.0 0.0 0.0 135.0 14232.163234770493 14232.777777777797 14232.777777777797 
595.0196461978884 672.0 0.0 0.0 135.0 14232.224689071234 14232.777777777797 14232.777777777797 
596.0196461978884 672.0 0.0 0.0 135.0 14232.279997941881 14232.777777777797 14232.777777777797 
597.0196461978884 672.0 0.0 0.0 135.0 14232.329775925462 14232.777777777797 14232.777777777797 
598.0196461978884 672.0 0.0 0.0 135.0 14232.374576110704 14232.777777777797 14232.777777777797 
599.0196461978884 672.0 0.0 0.0 135.0 14232.414896277416 14232.777777777797 14232.777777777797 
600.0196461978884 672.0 0.0 0.0 135.0 14232.451184427448 14232.777777777797 14232.777777777797 
#####################################################################
# End of data export. Simulation finished at: 2020-02-17T12:24+0000 #
#####################################################################
