#####################################################################
# Alchemist log file - simulation started at: 2020-02-03T10:51+0000 #
#####################################################################
# seed = 7.0, meanTaskSize = 10, smoothing = 0.03, grain = 1300.0, peakFrequency = 0.1
#
# The columns have the following meaning: 
# time done[Sum] drop[Sum] waiting[Sum] isLeader[Sum] capacity[Mean] freeCapacity[Mean] maxCapacity[Mean] 
0.0 NaN 0.0 NaN NaN NaN NaN NaN 
1.0042631798645665 0.0 0.0 0.0 135.0 14232.777777777797 14232.777777777797 14232.777777777797 
2.0042631798645667 0.0 0.0 0.0 135.0 14232.777777777797 14232.777777777797 14232.777777777797 
3.0042631798645667 0.0 0.0 0.0 135.0 14232.777777777797 14232.777777777797 14232.777777777797 
4.004263179864567 0.0 0.0 0.0 135.0 14232.777777777797 14232.777777777797 14232.777777777797 
5.004263179864567 0.0 0.0 0.0 135.0 14232.777777777797 14232.777777777797 14232.777777777797 
6.004263179864567 0.0 0.0 0.0 135.0 14232.777777777797 14232.777777777797 14232.777777777797 
7.004263179864567 0.0 0.0 0.0 135.0 14232.777777777797 14232.777777777797 14232.777777777797 
8.004263179864566 0.0 0.0 0.0 135.0 14232.777777777797 14232.777777777797 14232.777777777797 
9.004263179864566 0.0 0.0 0.0 135.0 14232.777777777797 14232.777777777797 14232.777777777797 
10.004263179864566 0.0 0.0 0.0 135.0 14232.777777777797 14232.777777777797 14232.777777777797 
11.004263179864566 0.0 0.0 0.0 135.0 14232.777777777797 14232.777777777797 14232.777777777797 
12.004263179864566 0.0 0.0 0.0 135.0 14232.777777777797 14232.777777777797 14232.777777777797 
13.004263179864566 0.0 0.0 0.0 135.0 14232.777777777797 14232.777777777797 14232.777777777797 
14.004263179864566 0.0 0.0 0.0 135.0 14232.777777777797 14232.777777777797 14232.777777777797 
15.004263179864566 0.0 0.0 0.0 135.0 14232.777777777797 14232.777777777797 14232.777777777797 
16.004263179864566 0.0 0.0 0.0 135.0 14232.777777777797 14232.777777777797 14232.777777777797 
17.004263179864566 0.0 0.0 1.0 135.0 14232.777777777797 14232.777777777797 14232.777777777797 
18.004263179864566 1.0 0.0 0.0 135.0 14232.249333333348 14215.162962962962 14232.777777777797 
19.004263179864566 1.0 0.0 1.0 135.0 14232.265186666667 14232.777777777797 14232.777777777797 
20.004263179864566 2.0 0.0 0.0 135.0 14232.186786622193 14229.651851851839 14232.777777777797 
21.004263179864566 2.0 0.0 0.0 135.0 14232.20451635689 14232.777777777797 14232.777777777797 
22.004263179864566 2.0 0.0 0.0 135.0 14232.221714199512 14232.777777777797 14232.777777777797 
23.004263179864566 2.0 0.0 0.0 135.0 14232.238396106877 14232.777777777797 14232.777777777797 
24.004263179864566 2.0 0.0 0.0 135.0 14232.254577556982 14232.777777777797 14232.777777777797 
25.004263179864566 2.0 0.0 1.0 135.0 14232.27027356362 14232.777777777797 14232.777777777797 
26.004263179864566 3.0 0.0 0.0 135.0 14232.191720912284 14229.651851851839 14232.777777777797 
27.004263179864566 3.0 0.0 1.0 135.0 14232.209302618263 14232.777777777797 14232.777777777797 
28.004263179864566 3.0 0.0 1.0 135.0 14232.132579095256 14229.651851851839 14232.777777777797 
29.004263179864566 4.0 0.0 0.0 135.0 14232.058157277932 14229.651851851839 14232.777777777797 
30.004263179864566 4.0 0.0 1.0 135.0 14232.079745892952 14232.777777777797 14232.777777777797 
31.004263179864566 5.0 0.0 0.0 135.0 14231.572242405027 14215.162962962962 14232.777777777797 
32.004263179864566 5.0 0.0 0.0 135.0 14231.608408466212 14232.777777777797 14232.777777777797 
33.004263179864566 5.0 0.0 0.0 135.0 14231.643489545542 14232.777777777797 14232.777777777797 
34.004263179864566 5.0 0.0 0.0 135.0 14231.677518192526 14232.777777777797 14232.777777777797 
35.004263179864566 5.0 0.0 0.0 135.0 14231.71052598009 14232.777777777797 14232.777777777797 
36.004263179864566 5.0 0.0 0.0 135.0 14231.742543534023 14232.777777777797 14232.777777777797 
37.004263179864566 5.0 0.0 0.0 135.0 14231.773600561339 14232.777777777797 14232.777777777797 
38.004263179864566 5.0 0.0 0.0 135.0 14231.803725877844 14232.777777777797 14232.777777777797 
39.004263179864566 5.0 0.0 0.0 135.0 14231.8329474348 14232.777777777797 14232.777777777797 
40.004263179864566 5.0 0.0 1.0 135.0 14231.861292345095 14232.777777777797 14232.777777777797 
41.004263179864566 6.0 0.0 0.0 135.0 14231.360342463651 14215.162962962962 14232.777777777797 
42.004263179864566 6.0 0.0 0.0 135.0 14231.40286552306 14232.777777777797 14232.777777777797 
43.004263179864566 6.0 0.0 0.0 135.0 14231.444112890707 14232.777777777797 14232.777777777797 
44.004263179864566 6.0 0.0 0.0 135.0 14231.484122837308 14232.777777777797 14232.777777777797 
45.004263179864566 6.0 0.0 0.0 135.0 14231.522932485535 14232.777777777797 14232.777777777797 
46.004263179864566 6.0 0.0 0.0 135.0 14231.56057784432 14232.777777777797 14232.777777777797 
47.004263179864566 6.0 0.0 0.0 135.0 14231.597093842309 14232.777777777797 14232.777777777797 
48.004263179864566 6.0 0.0 0.0 135.0 14231.632514360375 14232.777777777797 14232.777777777797 
49.004263179864566 6.0 0.0 0.0 135.0 14231.666872262902 14232.777777777797 14232.777777777797 
50.004263179864566 6.0 0.0 0.0 135.0 14231.700199428342 14232.777777777797 14232.777777777797 
51.004263179864566 6.0 0.0 0.0 135.0 14231.732526778838 14232.777777777797 14232.777777777797 
52.004263179864566 6.0 0.0 0.0 135.0 14231.763884308815 14232.777777777797 14232.777777777797 
53.004263179864566 6.0 0.0 0.0 135.0 14231.794301112846 14232.777777777797 14232.777777777797 
54.004263179864566 6.0 0.0 0.0 135.0 14231.823805412801 14232.777777777797 14232.777777777797 
55.004263179864566 6.0 0.0 0.0 135.0 14231.852424583745 14232.777777777797 14232.777777777797 
56.004263179864566 6.0 0.0 0.0 135.0 14231.880185179583 14232.777777777797 14232.777777777797 
57.004263179864566 6.0 0.0 0.0 135.0 14231.907112957524 14232.777777777797 14232.777777777797 
58.004263179864566 6.0 0.0 0.0 135.0 14231.93323290216 14232.777777777797 14232.777777777797 
59.004263179864566 6.0 0.0 0.0 135.0 14231.958569248382 14232.777777777797 14232.777777777797 
60.004263179864566 6.0 0.0 0.0 135.0 14231.983145504299 14232.777777777797 14232.777777777797 
61.004263179864566 6.0 0.0 0.0 135.0 14232.006984472471 14232.777777777797 14232.777777777797 
62.004263179864566 6.0 0.0 0.0 135.0 14232.030108271656 14232.777777777797 14232.777777777797 
63.004263179864566 6.0 0.0 0.0 135.0 14232.052538356833 14232.777777777797 14232.777777777797 
64.00426317986457 6.0 0.0 0.0 135.0 14232.074295539485 14232.777777777797 14232.777777777797 
65.00426317986457 6.0 0.0 0.0 135.0 14232.095400006616 14232.777777777797 14232.777777777797 
66.00426317986457 6.0 0.0 0.0 135.0 14232.115871339754 14232.777777777797 14232.777777777797 
67.00426317986457 6.0 0.0 1.0 135.0 14232.135728532869 14232.777777777797 14232.777777777797 
68.00426317986457 7.0 0.0 0.0 135.0 14232.061212232446 14229.651851851839 14232.777777777797 
69.00426317986457 7.0 0.0 0.0 135.0 14232.082709198809 14232.777777777797 14232.777777777797 
70.00426317986457 7.0 0.0 0.0 135.0 14232.10356125619 14232.777777777797 14232.777777777797 
71.00426317986457 7.0 0.0 2.0 135.0 14232.123787751798 14232.777777777797 14232.777777777797 
72.00426317986457 9.0 0.0 0.0 135.0 14231.521185230387 14212.037037037013 14232.777777777797 
73.00426317986457 9.0 0.0 0.0 135.0 14231.558883006792 14232.777777777797 14232.777777777797 
74.00426317986457 9.0 0.0 0.0 135.0 14231.595449849914 14232.777777777797 14232.777777777797 
75.00426317986457 9.0 0.0 0.0 135.0 14231.63091968777 14232.777777777797 14232.777777777797 
76.00426317986457 9.0 0.0 0.0 135.0 14231.665325430484 14232.777777777797 14232.777777777797 
77.00426317986457 9.0 0.0 0.0 135.0 14231.698699000885 14232.777777777797 14232.777777777797 
78.00426317986457 9.0 0.0 1.0 135.0 14231.73107136419 14232.777777777797 14232.777777777797 
79.00426317986457 10.0 0.0 1.0 135.0 14231.668694778837 14229.651851851839 14232.777777777797 
80.00426317986457 11.0 0.0 1.0 135.0 14231.60818949102 14229.651851851839 14232.777777777797 
81.00426317986457 11.0 0.0 1.0 135.0 14231.549499361836 14229.651851851839 14232.777777777797 
82.00426317986457 12.0 0.0 0.0 135.0 14231.492569936552 14229.651851851839 14232.777777777797 
83.00426317986457 12.0 0.0 1.0 135.0 14231.53112617176 14232.777777777797 14232.777777777797 
84.00426317986457 13.0 0.0 1.0 135.0 14231.040081275502 14215.162962962962 14232.777777777797 
85.00426317986457 14.0 0.0 0.0 135.0 14230.998434392803 14229.651851851839 14232.777777777797 
86.00426317986457 14.0 0.0 0.0 135.0 14231.05181469436 14232.777777777797 14232.777777777797 
87.00426317986457 14.0 0.0 0.0 135.0 14231.103593586859 14232.777777777797 14232.777777777797 
88.00426317986457 14.0 0.0 0.0 135.0 14231.153819112595 14232.777777777797 14232.777777777797 
89.00426317986457 14.0 0.0 1.0 135.0 14231.202537872512 14232.777777777797 14232.777777777797 
90.00426317986457 15.0 0.0 0.0 135.0 14231.156017291925 14229.651851851839 14232.777777777797 
91.00426317986457 15.0 0.0 1.0 135.0 14231.204670106483 14232.777777777797 14232.777777777797 
92.00426317986457 15.0 0.0 2.0 135.0 14231.158085558849 14229.651851851839 14232.777777777797 
93.00426317986457 17.0 0.0 0.0 135.0 14231.01912076987 14226.525925925918 14232.777777777797 
94.00426317986457 17.0 0.0 0.0 135.0 14231.071880480098 14232.777777777797 14232.777777777797 
95.00426317986457 17.0 0.0 0.0 135.0 14231.12305739904 14232.777777777797 14232.777777777797 
96.00426317986457 17.0 0.0 1.0 135.0 14231.172699010407 14232.777777777797 14232.777777777797 
97.00426317986457 17.0 0.0 1.0 135.0 14231.127073595655 14229.651851851839 14232.777777777797 
98.00426317986457 18.0 0.0 0.0 135.0 14231.082816943348 14229.651851851839 14232.777777777797 
99.00426317986457 18.0 0.0 0.0 135.0 14231.133665768364 14232.777777777797 14232.777777777797 
100.00426317986457 18.0 0.0 0.0 135.0 14231.182989128652 14232.777777777797 14232.777777777797 
101.00426317986457 18.0 0.0 0.0 135.0 14231.230832788096 14232.777777777797 14232.777777777797 
102.00426317986457 18.0 0.0 0.0 135.0 14231.277241137808 14232.777777777797 14232.777777777797 
103.00426317986457 18.0 0.0 0.0 135.0 14231.322257236989 14232.777777777797 14232.777777777797 
104.00426317986457 18.0 0.0 0.0 135.0 14231.365922853234 14232.777777777797 14232.777777777797 
105.00426317986457 18.0 0.0 0.0 135.0 14231.408278500963 14232.777777777797 14232.777777777797 
106.00426317986457 18.0 0.0 0.0 135.0 14231.449363479274 14232.777777777797 14232.777777777797 
107.00426317986457 18.0 0.0 0.0 135.0 14231.48921590824 14232.777777777797 14232.777777777797 
108.00426317986457 18.0 0.0 1.0 135.0 14231.527872764333 14232.777777777797 14232.777777777797 
109.00426317986457 18.0 0.0 2.0 135.0 14231.47159213696 14229.651851851839 14232.777777777797 
110.00426317986457 20.0 0.0 1.0 135.0 14231.32344437283 14226.533333333318 14232.777777777797 
111.00426317986457 21.0 0.0 0.0 135.0 14231.273296597217 14229.651851851839 14232.777777777797 
112.00426317986457 21.0 0.0 0.0 135.0 14231.318431032634 14232.777777777797 14232.777777777797 
113.00426317986457 21.0 0.0 1.0 135.0 14231.362211434984 14232.777777777797 14232.777777777797 
114.00426317986457 22.0 0.0 0.0 135.0 14231.31090064751 14229.651851851839 14232.777777777797 
115.00426317986457 22.0 0.0 0.0 135.0 14231.354906961384 14232.777777777797 14232.777777777797 
116.00426317986457 22.0 0.0 0.0 135.0 14231.397593085874 14232.777777777797 14232.777777777797 
117.00426317986457 22.0 0.0 1.0 135.0 14231.438998626638 14232.777777777797 14232.777777777797 
118.00426317986457 23.0 0.0 0.0 135.0 14231.385384223378 14229.651851851839 14232.777777777797 
119.00426317986457 23.0 0.0 0.0 135.0 14231.427156030053 14232.777777777797 14232.777777777797 
120.00426317986457 23.0 0.0 0.0 135.0 14231.467674682457 14232.777777777797 14232.777777777797 
121.00426317986457 23.0 0.0 0.0 135.0 14231.50697777529 14232.777777777797 14232.777777777797 
122.00426317986457 23.0 0.0 0.0 135.0 14231.545101775386 14232.777777777797 14232.777777777797 
123.00426317986457 23.0 0.0 0.0 135.0 14231.582082055442 14232.777777777797 14232.777777777797 
124.00426317986457 23.0 0.0 0.0 135.0 14231.617952927123 14232.777777777797 14232.777777777797 
125.00426317986457 23.0 0.0 1.0 135.0 14231.652747672646 14232.777777777797 14232.777777777797 
126.00426317986457 24.0 0.0 2.0 135.0 14231.158054131383 14215.162962962962 14232.777777777797 
127.00426317986457 25.0 0.0 3.0 135.0 14230.584423618528 14212.037037037013 14232.777777777797 
128.00426317986455 27.0 0.0 1.0 135.0 14229.934224243321 14208.911111111145 14232.777777777797 
129.00426317986455 28.0 0.0 3.0 135.0 14229.92575307155 14229.651851851839 14232.777777777797 
130.00426317986455 29.0 0.0 2.0 135.0 14229.295536034975 14208.918518518494 14232.777777777797 
131.00426317986455 31.0 0.0 0.0 135.0 14229.212669953917 14226.533333333318 14232.777777777797 
132.00426317986455 31.0 0.0 0.0 135.0 14229.319623188632 14232.777777777797 14232.777777777797 
133.00426317986455 31.0 0.0 0.0 135.0 14229.423367826335 14232.777777777797 14232.777777777797 
134.00426317986455 31.0 0.0 1.0 135.0 14229.524000124862 14232.777777777797 14232.777777777797 
135.00426317986455 32.0 0.0 0.0 135.0 14229.52783567666 14229.651851851839 14232.777777777797 
136.00426317986455 32.0 0.0 0.0 135.0 14229.625333939717 14232.777777777797 14232.777777777797 
137.00426317986455 32.0 0.0 0.0 135.0 14229.719907254843 14232.777777777797 14232.777777777797 
138.00426317986455 32.0 0.0 0.0 135.0 14229.811643370542 14232.777777777797 14232.777777777797 
139.00426317986455 32.0 0.0 1.0 135.0 14229.900627402749 14232.777777777797 14232.777777777797 
140.00426317986455 33.0 0.0 1.0 135.0 14229.893164136225 14229.651851851839 14232.777777777797 
141.00426317986455 33.0 0.0 1.0 135.0 14229.88592476768 14229.651851851839 14232.777777777797 
142.00426317986455 34.0 0.0 0.0 135.0 14229.87890258022 14229.651851851839 14232.777777777797 
143.00426317986455 34.0 0.0 0.0 135.0 14229.965868836152 14232.777777777797 14232.777777777797 
144.00426317986455 34.0 0.0 0.0 135.0 14230.050226104362 14232.777777777797 14232.777777777797 
145.00426317986455 34.0 0.0 1.0 135.0 14230.132052654573 14232.777777777797 14232.777777777797 
146.00426317986455 35.0 0.0 1.0 135.0 14229.682979963829 14215.162962962962 14232.777777777797 
147.00426317986455 36.0 0.0 1.0 135.0 14229.682046120466 14229.651851851839 14232.777777777797 
148.00426317986455 36.0 0.0 1.0 135.0 14229.68114029242 14229.651851851839 14232.777777777797 
149.00426317986455 37.0 0.0 0.0 135.0 14229.680261639225 14229.651851851839 14232.777777777797 
150.00426317986455 37.0 0.0 1.0 135.0 14229.773187123352 14232.777777777797 14232.777777777797 
151.00426317986455 38.0 0.0 2.0 135.0 14229.769547065203 14229.651851851839 14232.777777777797 
152.00426317986455 39.0 0.0 1.0 135.0 14229.672238431052 14226.525925925918 14232.777777777797 
153.00426317986455 40.0 0.0 0.0 135.0 14229.671626833666 14229.651851851839 14232.777777777797 
154.00426317986455 40.0 0.0 0.0 135.0 14229.764811361993 14232.777777777797 14232.777777777797 
155.00426317986455 40.0 0.0 0.0 135.0 14229.85520035445 14232.777777777797 14232.777777777797 
156.0025672963184 40.0 0.0 0.0 135.0 14229.942877677151 14232.777777777797 14232.777777777797 
157.00426317986455 40.0 0.0 1.0 135.0 14230.027924680193 14232.777777777797 14232.777777777797 
158.00426317986455 41.0 0.0 1.0 135.0 14230.01664249535 14229.651851851839 14232.777777777797 
159.00426317986455 41.0 0.0 1.0 135.0 14230.005698776025 14229.651851851839 14232.777777777797 
160.00426317986455 41.0 0.0 4.0 135.0 14229.995083368296 14229.651851851839 14232.777777777797 
161.00426317986455 44.0 0.0 1.0 135.0 14229.703675311668 14220.281481481483 14232.777777777797 
162.00426317986455 45.0 0.0 0.0 135.0 14229.702120607877 14229.651851851839 14232.777777777797 
163.00426317986455 45.0 0.0 1.0 135.0 14229.794390322983 14232.777777777797 14232.777777777797 
164.00426317986455 46.0 0.0 1.0 135.0 14229.79011416887 14229.651851851839 14232.777777777797 
165.00426317986455 47.0 0.0 1.0 135.0 14229.785966299358 14229.651851851839 14232.777777777797 
166.00426317986455 48.0 0.0 0.0 135.0 14229.781942865944 14229.651851851839 14232.777777777797 
167.00426317986455 48.0 0.0 0.0 135.0 14229.871817913276 14232.777777777797 14232.777777777797 
168.00426317986455 48.0 0.0 0.0 135.0 14229.958996709229 14232.777777777797 14232.777777777797 
169.00426317986455 48.0 0.0 0.0 135.0 14230.043560141294 14232.777777777797 14232.777777777797 
170.00426317986455 48.0 0.0 1.0 135.0 14230.125586670378 14232.777777777797 14232.777777777797 
171.00426317986455 49.0 0.0 0.0 135.0 14229.676707959161 14215.162962962962 14232.777777777797 
172.00426317986455 49.0 0.0 1.0 135.0 14229.76974005372 14232.777777777797 14232.777777777797 
173.00426317986455 50.0 0.0 2.0 135.0 14229.766203407638 14229.651851851839 14232.777777777797 
174.00426317986455 51.0 0.0 2.0 135.0 14229.66899508318 14226.525925925918 14232.777777777797 
175.00426317986455 53.0 0.0 1.0 135.0 14229.57470300848 14226.525925925918 14232.777777777797 
176.00426317986455 54.0 0.0 0.0 135.0 14229.577017473794 14229.651851851839 14232.777777777797 
177.00426317986455 54.0 0.0 1.0 135.0 14229.673040282894 14232.777777777797 14232.777777777797 
178.00426317986455 54.0 0.0 1.0 135.0 14229.672404629975 14229.651851851839 14232.777777777797 
179.00426317986455 55.0 0.0 1.0 135.0 14229.671788046642 14229.651851851839 14232.777777777797 
180.00426317986455 56.0 0.0 1.0 135.0 14229.236523294112 14215.162962962962 14232.777777777797 
181.00426317986455 56.0 0.0 2.0 135.0 14229.248983150865 14229.651851851839 14232.777777777797 
182.00426317986455 58.0 0.0 1.0 135.0 14229.1672914341 14226.525925925918 14232.777777777797 
183.00426317986455 58.0 0.0 2.0 135.0 14229.18182824661 14229.651851851839 14232.777777777797 
184.00426317986455 59.0 0.0 2.0 135.0 14229.102151177007 14226.525925925918 14232.777777777797 
185.00426317986455 61.0 0.0 1.0 135.0 14229.024864419494 14226.525925925918 14232.777777777797 
186.00426317986455 62.0 0.0 0.0 135.0 14229.04367404245 14229.651851851839 14232.777777777797 
187.00426317986455 62.0 0.0 0.0 135.0 14229.155697154512 14232.777777777797 14232.777777777797 
188.00426317986455 62.0 0.0 2.0 135.0 14229.26435957321 14232.777777777797 14232.777777777797 
189.00426317986455 64.0 0.0 1.0 135.0 14228.747539897118 14212.037037037013 14232.777777777797 
190.00426317986455 65.0 0.0 1.0 135.0 14228.340002589099 14215.162962962962 14232.777777777797 
191.00426317986455 66.0 0.0 1.0 135.0 14227.944691400333 14215.162962962962 14232.777777777797 
192.00426317986455 67.0 0.0 0.0 135.0 14227.995906213868 14229.651851851839 14232.777777777797 
193.00426317986455 67.0 0.0 0.0 135.0 14228.13936236076 14232.777777777797 14232.777777777797 
194.00426317986455 67.0 0.0 0.0 135.0 14228.278514823305 14232.777777777797 14232.777777777797 
195.00426317986455 67.0 0.0 0.0 135.0 14228.413492711907 14232.777777777797 14232.777777777797 
196.00426317986455 67.0 0.0 1.0 135.0 14228.544421263901 14232.777777777797 14232.777777777797 
197.00426317986455 68.0 0.0 2.0 135.0 14228.142977514877 14215.162962962962 14232.777777777797 
198.00426317986455 69.0 0.0 2.0 135.0 14227.659799300538 14212.037037037013 14232.777777777797 
199.00426317986455 71.0 0.0 0.0 135.0 14227.625783099284 14226.525925925918 14232.777777777797 
200.00426317986455 71.0 0.0 3.0 135.0 14227.780342939663 14232.777777777797 14232.777777777797 
201.00426317986455 71.0 0.0 6.0 135.0 14227.648932651464 14223.400000000001 14232.777777777797 
202.00426317986455 74.0 0.0 3.0 135.0 14227.240353560821 14214.029629629666 14232.777777777797 
203.00426317986455 77.0 0.0 0.0 135.0 14227.125142953983 14223.400000000001 14232.777777777797 
204.00426317986455 77.0 0.0 0.0 135.0 14227.294721998675 14232.777777777797 14232.777777777797 
205.00426317986455 77.0 0.0 0.0 135.0 14227.459213672073 14232.777777777797 14232.777777777797 
206.00426317986455 77.0 0.0 0.0 135.0 14227.61877059524 14232.777777777797 14232.777777777797 
207.00426317986455 77.0 0.0 0.0 135.0 14227.773540810731 14232.777777777797 14232.777777777797 
208.00426317986455 77.0 0.0 0.0 135.0 14227.923667919726 14232.777777777797 14232.777777777797 
209.00426317986455 77.0 0.0 1.0 135.0 14228.069291215468 14232.777777777797 14232.777777777797 
210.00426317986455 78.0 0.0 0.0 135.0 14227.68210136789 14215.162962962962 14232.777777777797 
211.00426317986455 78.0 0.0 1.0 135.0 14227.834971660188 14232.777777777797 14232.777777777797 
212.00426317986455 79.0 0.0 1.0 135.0 14227.889478065945 14229.651851851839 14232.777777777797 
213.00426317986455 80.0 0.0 2.0 135.0 14227.507682612842 14215.162962962962 14232.777777777797 
214.00426317986455 80.0 0.0 6.0 135.0 14227.478229912254 14226.525925925918 14232.777777777797 
215.00426317986455 82.0 0.0 5.0 135.0 14227.074549681556 14214.022222222226 14232.777777777797 
216.00426317986455 86.0 0.0 2.0 135.0 14226.776757635527 14217.14814814815 14232.777777777797 
217.00426317986455 87.0 0.0 3.0 135.0 14226.769232684232 14226.525925925918 14232.777777777797 
218.00426317986455 89.0 0.0 2.0 135.0 14226.668155703737 14223.400000000001 14232.777777777797 
219.00426317986455 91.0 0.0 0.0 135.0 14226.663888810373 14226.525925925918 14232.777777777797 
220.00426317986455 91.0 0.0 0.0 135.0 14226.847305479392 14232.777777777797 14232.777777777797 
221.00426317986455 91.0 0.0 1.0 135.0 14227.025219648354 14232.777777777797 14232.777777777797 
222.00426317986455 92.0 0.0 0.0 135.0 14226.669351947801 14215.162962962962 14232.777777777797 
223.00426317986455 92.0 0.0 0.0 135.0 14226.852604722704 14232.777777777797 14232.777777777797 
224.00426317986455 92.0 0.0 2.0 135.0 14227.030359914379 14232.777777777797 14232.777777777797 
225.00426317986455 94.0 0.0 1.0 135.0 14227.015226894673 14226.525925925918 14232.777777777797 
226.00426317986455 95.0 0.0 3.0 135.0 14227.094325643415 14229.651851851839 14232.777777777797 
227.00426317986455 96.0 0.0 4.0 135.0 14226.98349587412 14223.400000000001 14232.777777777797 
228.00426317986455 99.0 0.0 3.0 135.0 14226.782213220096 14220.274074074052 14232.777777777797 
229.00426317986455 101.0 0.0 2.0 135.0 14226.246080156821 14208.911111111145 14232.777777777797 
230.00426317986455 103.0 0.0 0.0 135.0 14226.25447552991 14226.525925925918 14232.777777777797 
231.00426317986455 103.0 0.0 1.0 135.0 14226.450174597358 14232.777777777797 14232.777777777797 
232.00426317986455 104.0 0.0 0.0 135.0 14226.546224915002 14229.651851851839 14232.777777777797 
233.00426317986455 104.0 0.0 3.0 135.0 14226.73317150086 14232.777777777797 14232.777777777797 
234.00426317986455 105.0 0.0 2.0 135.0 14226.633176355832 14223.400000000001 14232.777777777797 
235.00426317986455 107.0 0.0 0.0 135.0 14226.629958842968 14226.525925925918 14232.777777777797 
236.00426317986455 107.0 0.0 2.0 135.0 14226.814393410987 14232.777777777797 14232.777777777797 
237.00426317986455 107.0 0.0 3.0 135.0 14226.805739386418 14226.525925925918 14232.777777777797 
238.00426317986455 109.0 0.0 2.0 135.0 14226.703789427085 14223.407407407401 14232.777777777797 
239.00426317986455 111.0 0.0 2.0 135.0 14226.698453522014 14226.525925925918 14232.777777777797 
240.00426317986455 113.0 0.0 2.0 135.0 14226.693277694158 14226.525925925918 14232.777777777797 
241.00426317986455 114.0 0.0 2.0 135.0 14226.6882571411 14226.525925925918 14232.777777777797 
242.00426317986455 116.0 0.0 2.0 135.0 14226.683387204659 14226.525925925918 14232.777777777797 
243.00426317986455 118.0 0.0 2.0 135.0 14226.243996699637 14212.037037037013 14232.777777777797 
244.00426317986455 120.0 0.0 2.0 135.0 14225.817787909746 14212.037037037013 14232.777777777797 
245.00426317986455 121.0 0.0 2.0 135.0 14225.404365383563 14212.037037037013 14232.777777777797 
246.00426317986455 122.0 0.0 3.0 135.0 14225.438012199815 14226.525925925918 14232.777777777797 
247.00426317986455 123.0 0.0 5.0 135.0 14225.37687183385 14223.400000000001 14232.777777777797 
248.00426317986455 127.0 0.0 1.0 135.0 14225.130010123255 14217.14814814815 14232.777777777797 
249.00426317986455 128.0 0.0 0.0 135.0 14225.265665375106 14229.651851851839 14232.777777777797 
250.00426317986455 128.0 0.0 2.0 135.0 14225.491028747198 14232.777777777797 14232.777777777797 
251.00426317986455 129.0 0.0 3.0 135.0 14225.522075662539 14226.525925925918 14232.777777777797 
252.00426317986455 131.0 0.0 3.0 135.0 14225.023746726014 14208.911111111145 14232.777777777797 
253.00426317986455 134.0 0.0 1.0 135.0 14224.540367657584 14208.911111111145 14232.777777777797 
254.00426317986455 135.0 0.0 2.0 135.0 14224.259045516721 14215.162962962962 14232.777777777797 
255.00426317986455 136.0 0.0 1.0 135.0 14224.327051929027 14226.525925925918 14232.777777777797 
256.00426317986455 137.0 0.0 2.0 135.0 14224.486795926694 14229.651851851839 14232.777777777797 
257.00426317986455 139.0 0.0 1.0 135.0 14224.113303159984 14212.037037037013 14232.777777777797 
258.00426317986455 140.0 0.0 0.0 135.0 14223.844792954096 14215.162962962962 14232.777777777797 
259.00426317986455 140.0 0.0 0.0 135.0 14224.112782498796 14232.777777777797 14232.777777777797 
260.00426317986455 140.0 0.0 1.0 135.0 14224.372732357197 14232.777777777797 14232.777777777797 
261.00426317986455 141.0 0.0 0.0 135.0 14224.531105942015 14229.651851851839 14232.777777777797 
262.00426317986455 141.0 0.0 2.0 135.0 14224.778506097087 14232.777777777797 14232.777777777797 
263.00426317986455 141.0 0.0 3.0 135.0 14224.830928691954 14226.525925925918 14232.777777777797 
264.00426317986455 144.0 0.0 1.0 135.0 14224.788000831215 14223.400000000001 14232.777777777797 
265.00426317986455 145.0 0.0 2.0 135.0 14224.93391636183 14229.651851851839 14232.777777777797 
266.00426317986455 147.0 0.0 3.0 135.0 14224.547009982065 14212.037037037013 14232.777777777797 
267.00426317986455 150.0 0.0 3.0 135.0 14223.643266349252 14194.422222222236 14232.777777777797 
268.00426317986455 152.0 0.0 2.0 135.0 14223.635968358796 14223.400000000001 14232.777777777797 
269.00426317986455 154.0 0.0 1.0 135.0 14223.722667085822 14226.525925925918 14232.777777777797 
270.00426317986455 154.0 0.0 4.0 135.0 14223.900542628793 14229.651851851839 14232.777777777797 
271.00426317986455 158.0 0.0 1.0 135.0 14222.922415238825 14191.296296296277 14232.777777777797 
272.00426317986455 158.0 0.0 2.0 135.0 14223.124298337229 14229.651851851839 14232.777777777797 
273.00426317986455 159.0 0.0 4.0 135.0 14223.226569387076 14226.533333333318 14232.777777777797 
274.00426317986455 162.0 0.0 2.0 135.0 14223.138438972128 14220.288888888881 14232.777777777797 
275.00426317986455 164.0 0.0 0.0 135.0 14222.805396914093 14212.037037037013 14232.777777777797 
276.00426317986455 164.0 0.0 0.0 135.0 14223.104568339988 14232.777777777797 14232.777777777797 
277.00426317986455 164.0 0.0 1.0 135.0 14223.39476462313 14232.777777777797 14232.777777777797 
278.00426317986455 164.0 0.0 1.0 135.0 14223.582477240012 14229.651851851839 14232.777777777797 
279.00426317986455 165.0 0.0 3.0 135.0 14223.76455847836 14229.651851851839 14232.777777777797 
280.00426317986455 167.0 0.0 3.0 135.0 14223.318955057352 14208.911111111145 14232.777777777797 
281.00426317986455 168.0 0.0 5.0 135.0 14223.321386405634 14223.400000000001 14232.777777777797 
282.00426317986455 171.0 0.0 4.0 135.0 14222.701744813432 14202.666666666668 14232.777777777797 
283.00426317986455 175.0 0.0 2.0 135.0 14222.194470246835 14205.792592592627 14232.777777777797 
284.00426317986455 176.0 0.0 3.0 135.0 14222.324413917197 14226.525925925918 14232.777777777797 
285.00426317986455 178.0 0.0 3.0 135.0 14222.356681499698 14223.400000000001 14232.777777777797 
286.00426317986455 180.0 0.0 5.0 135.0 14221.95353661023 14208.918518518494 14232.777777777797 
287.00426317986455 183.0 0.0 6.0 135.0 14221.37493051194 14202.666666666668 14232.777777777797 
288.00426317986455 188.0 0.0 2.0 135.0 14219.850571485467 14170.562962962935 14232.777777777797 
289.00426317986455 190.0 0.0 3.0 135.0 14219.616165452013 14212.037037037013 14232.777777777797 
290.00426317986455 191.0 0.0 4.0 135.0 14219.295013821797 14208.911111111145 14232.777777777797 
291.00426317986455 194.0 0.0 1.0 135.0 14219.32438562936 14220.274074074052 14232.777777777797 
292.00426317986455 195.0 0.0 0.0 135.0 14219.634209616026 14229.651851851839 14232.777777777797 
293.00426317986455 195.0 0.0 0.0 135.0 14220.028516660868 14232.777777777797 14232.777777777797 
294.00426317986455 195.0 0.0 1.0 135.0 14220.410994494412 14232.777777777797 14232.777777777797 
295.00426317986455 196.0 0.0 1.0 135.0 14220.25355354845 14215.162962962962 14232.777777777797 
296.00426317986455 196.0 0.0 3.0 135.0 14220.535502497534 14229.651851851839 14232.777777777797 
297.00426317986455 199.0 0.0 3.0 135.0 14220.62165964483 14223.407407407401 14232.777777777797 
298.00426317986455 202.0 0.0 3.0 135.0 14220.270343188835 14208.911111111145 14232.777777777797 
299.00426317986455 204.0 0.0 3.0 135.0 14220.364232893166 14223.400000000001 14232.777777777797 
300.00426317986455 206.0 0.0 3.0 135.0 14220.020639239694 14208.911111111145 14232.777777777797 
301.00426317986455 207.0 0.0 6.0 135.0 14220.122242284755 14223.407407407401 14232.777777777797 
302.00426317986455 211.0 0.0 3.0 135.0 14219.504797238431 14199.540740740757 14232.777777777797 
303.00426317986455 212.0 0.0 3.0 135.0 14219.621875543497 14223.407407407401 14232.777777777797 
304.00426317986455 215.0 0.0 4.0 135.0 14219.735441499415 14223.407407407401 14232.777777777797 
305.00426317986455 217.0 0.0 4.0 135.0 14218.882489365538 14191.303703703717 14232.777777777797 
306.00426317986455 219.0 0.0 2.0 135.0 14218.924459129003 14220.281481481483 14232.777777777797 
307.00426317986455 221.0 0.0 1.0 135.0 14219.152503132927 14226.525925925918 14232.777777777797 
308.00426317986455 221.0 0.0 2.0 135.0 14219.467483594492 14229.651851851839 14232.777777777797 
309.00426317986455 223.0 0.0 3.0 135.0 14219.679236864426 14226.525925925918 14232.777777777797 
310.00426317986455 226.0 0.0 1.0 135.0 14219.356193091848 14208.911111111145 14232.777777777797 
311.00426317986455 226.0 0.0 4.0 135.0 14219.665062854641 14229.651851851839 14232.777777777797 
312.00426317986455 227.0 0.0 5.0 135.0 14219.6833331912 14220.274074074052 14232.777777777797 
313.00426317986455 231.0 0.0 2.0 135.0 14219.17261097326 14202.659259259277 14232.777777777797 
314.00426317986455 232.0 0.0 2.0 135.0 14219.393210421858 14226.525925925918 14232.777777777797 
315.00426317986455 234.0 0.0 4.0 135.0 14219.172525220274 14212.037037037013 14232.777777777797 
316.00426317986455 236.0 0.0 2.0 135.0 14219.205793908139 14220.281481481483 14232.777777777797 
317.00426317986455 237.0 0.0 1.0 135.0 14219.425397868657 14226.525925925918 14232.777777777797 
318.00426317986455 238.0 0.0 1.0 135.0 14219.73219148816 14229.651851851839 14232.777777777797 
319.00426317986455 238.0 0.0 1.0 135.0 14220.029781299052 14229.651851851839 14232.777777777797 
320.00426317986455 239.0 0.0 1.0 135.0 14220.318443415634 14229.651851851839 14232.777777777797 
321.00426317986455 240.0 0.0 1.0 135.0 14220.598445668731 14229.651851851839 14232.777777777797 
322.00426317986455 241.0 0.0 5.0 135.0 14220.870047854212 14229.651851851839 14232.777777777797 
323.00426317986455 244.0 0.0 5.0 135.0 14220.323724196389 14202.659259259277 14232.777777777797 
324.00426317986455 249.0 0.0 2.0 135.0 14220.228901359364 14217.162962962962 14232.777777777797 
325.00426317986455 250.0 0.0 3.0 135.0 14219.98314542969 14212.037037037013 14232.777777777797 
326.00426317986455 252.0 0.0 7.0 135.0 14219.650984400134 14208.911111111145 14232.777777777797 
327.00426317986455 257.0 0.0 4.0 135.0 14219.388788201488 14210.911111111145 14232.777777777797 
328.00426317986455 260.0 0.0 2.0 135.0 14219.415346777641 14220.274074074052 14232.777777777797 
329.00426317986455 262.0 0.0 4.0 135.0 14219.628664152116 14226.525925925918 14232.777777777797 
330.0009649917898 266.0 0.0 1.0 135.0 14218.77869311643 14191.296296296277 14232.777777777797 
331.00426317986455 266.0 0.0 2.0 135.0 14219.104887878477 14229.651851851839 14232.777777777797 
332.00426317986455 268.0 0.0 1.0 135.0 14219.327519019918 14226.525925925918 14232.777777777797 
333.00426317986455 268.0 0.0 3.0 135.0 14219.63724900488 14229.651851851839 14232.777777777797 
334.00426317986455 270.0 0.0 4.0 135.0 14219.315464868065 14208.911111111145 14232.777777777797 
335.00426317986455 271.0 0.0 6.0 135.0 14219.344223144248 14220.274074074052 14232.777777777797 
336.00426317986455 275.0 0.0 4.0 135.0 14219.184785338795 14214.029629629666 14232.777777777797 
337.00426317986455 278.0 0.0 5.0 135.0 14219.217464000836 14220.274074074052 14232.777777777797 
338.00426317986455 282.0 0.0 3.0 135.0 14219.155384525282 14217.14814814815 14232.777777777797 
339.00426317986455 285.0 0.0 2.0 135.0 14219.282722989501 14223.400000000001 14232.777777777797 
340.00426317986455 285.0 0.0 4.0 135.0 14219.500019077615 14226.525925925918 14232.777777777797 
341.00426317986455 289.0 0.0 1.0 135.0 14219.088574060828 14205.785185185186 14232.777777777797 
342.00426317986455 289.0 0.0 6.0 135.0 14219.405472394588 14229.651851851839 14232.777777777797 
343.00426317986455 295.0 0.0 2.0 135.0 14218.809530444978 14199.540740740757 14232.777777777797 
344.00426317986455 296.0 0.0 3.0 135.0 14219.041022309406 14226.525925925918 14232.777777777797 
345.00426317986455 297.0 0.0 4.0 135.0 14219.171791640105 14223.400000000001 14232.777777777797 
346.00426317986455 299.0 0.0 3.0 135.0 14219.204860113137 14220.274074074052 14232.777777777797 
347.00426317986455 302.0 0.0 4.0 135.0 14218.89604764306 14208.911111111145 14232.777777777797 
348.00426317986455 304.0 0.0 5.0 135.0 14218.502943991554 14205.792592592627 14232.777777777797 
349.00426317986455 307.0 0.0 6.0 135.0 14218.462300116267 14217.14814814815 14232.777777777797 
350.00426317986455 312.0 0.0 1.0 135.0 14217.89465333498 14199.540740740757 14232.777777777797 
351.00426317986455 313.0 0.0 2.0 135.0 14218.247369290484 14229.651851851839 14232.777777777797 
352.00426317986455 315.0 0.0 2.0 135.0 14218.495725989533 14226.525925925918 14232.777777777797 
353.00426317986455 316.0 0.0 2.0 135.0 14218.301965320987 14212.037037037013 14232.777777777797 
354.00426317986455 316.0 0.0 4.0 135.0 14218.54868413913 14226.525925925918 14232.777777777797 
355.00426317986455 319.0 0.0 4.0 135.0 14218.60044583717 14220.274074074052 14232.777777777797 
356.00426317986455 321.0 0.0 7.0 135.0 14218.215988017604 14205.785185185186 14232.777777777797 
357.00426317986455 327.0 0.0 1.0 135.0 14217.127286154864 14181.92592592593 14232.777777777797 
358.00426317986455 328.0 0.0 1.0 135.0 14217.503023125772 14229.651851851839 14232.777777777797 
359.00426317986455 329.0 0.0 2.0 135.0 14217.867487987576 14229.651851851839 14232.777777777797 
360.00426317986455 331.0 0.0 3.0 135.0 14217.692574459033 14212.037037037013 14232.777777777797 
361.00426317986455 333.0 0.0 3.0 135.0 14217.863797225255 14223.400000000001 14232.777777777797 
362.00426317986455 336.0 0.0 3.0 135.0 14217.59521664184 14208.911111111145 14232.777777777797 
363.00426317986455 339.0 0.0 2.0 135.0 14217.334693475943 14208.911111111145 14232.777777777797 
364.00426317986455 340.0 0.0 4.0 135.0 14217.610430449424 14226.525925925918 14232.777777777797 
365.00426317986455 343.0 0.0 3.0 135.0 14217.69033975817 14220.274074074052 14232.777777777797 
366.00426317986455 346.0 0.0 3.0 135.0 14217.426962898751 14208.911111111145 14232.777777777797 
367.00426317986455 347.0 0.0 5.0 135.0 14217.60637623402 14223.407407407401 14232.777777777797 
368.00426317986455 352.0 0.0 1.0 135.0 14216.723296058082 14188.17037037036 14232.777777777797 
369.00426317986455 353.0 0.0 2.0 135.0 14217.111152731919 14229.651851851839 14232.777777777797 
370.00426317986455 355.0 0.0 2.0 135.0 14217.39359592774 14226.525925925918 14232.777777777797 
371.00426317986455 357.0 0.0 2.0 135.0 14217.667565827656 14226.525925925918 14232.777777777797 
372.00426317986455 359.0 0.0 3.0 135.0 14217.933316630628 14226.525925925918 14232.777777777797 
373.00426317986455 360.0 0.0 5.0 135.0 14217.662650465041 14208.911111111145 14232.777777777797 
374.00426317986455 365.0 0.0 1.0 135.0 14217.212548728865 14202.659259259277 14232.777777777797 
375.00426317986455 366.0 0.0 2.0 135.0 14217.585727822578 14229.651851851839 14232.777777777797 
376.00426317986455 367.0 0.0 2.0 135.0 14217.853933765666 14226.525925925918 14232.777777777797 
377.00426317986455 368.0 0.0 4.0 135.0 14218.114093530467 14226.525925925918 14232.777777777797 
378.00426317986455 371.0 0.0 4.0 135.0 14218.178892946758 14220.274074074052 14232.777777777797 
379.00426317986455 373.0 0.0 3.0 135.0 14218.241748380584 14220.274074074052 14232.777777777797 
380.00426317986455 375.0 0.0 6.0 135.0 14218.396495929152 14223.400000000001 14232.777777777797 
381.00426317986455 378.0 0.0 6.0 135.0 14217.39637882907 14185.059259259278 14232.777777777797 
382.00426317986455 380.0 0.0 11.0 135.0 14217.295376353082 14214.029629629666 14232.777777777797 
383.00426317986455 387.0 0.0 4.0 135.0 14216.29407061808 14183.918518518494 14232.777777777797 
384.00426317986455 391.0 0.0 0.0 135.0 14216.413692943943 14220.281481481483 14232.777777777797 
385.00426317986455 391.0 0.0 0.0 135.0 14216.904615488964 14232.777777777797 14232.777777777797 
386.00426317986455 391.0 0.0 2.0 135.0 14217.380810357643 14232.777777777797 14232.777777777797 
387.00426317986455 392.0 0.0 1.0 135.0 14217.655163824675 14226.525925925918 14232.777777777797 
388.00426317986455 393.0 0.0 1.0 135.0 14218.015064465499 14229.651851851839 14232.777777777797 
389.00426317986455 394.0 0.0 1.0 135.0 14217.929501420427 14215.162962962962 14232.777777777797 
390.00426317986455 394.0 0.0 5.0 135.0 14218.281171933375 14229.651851851839 14232.777777777797 
391.00426317986455 398.0 0.0 3.0 135.0 14218.247181219807 14217.14814814815 14232.777777777797 
392.00426317986455 400.0 0.0 3.0 135.0 14218.401765783206 14223.400000000001 14232.777777777797 
393.00426317986455 403.0 0.0 2.0 135.0 14218.551712809707 14223.400000000001 14232.777777777797 
394.00426317986455 404.0 0.0 3.0 135.0 14218.356272536528 14212.037037037013 14232.777777777797 
395.00426317986455 406.0 0.0 5.0 135.0 14218.072917693788 14208.911111111145 14232.777777777797 
396.00426317986455 410.0 0.0 3.0 135.0 14217.610507940752 14202.659259259277 14232.777777777797 
397.00426317986455 412.0 0.0 5.0 135.0 14217.349526035861 14208.911111111145 14232.777777777797 
398.00426317986455 416.0 0.0 5.0 135.0 14216.474373588115 14188.17777777776 14232.777777777797 
399.00426317986455 420.0 0.0 3.0 135.0 14216.059920158248 14202.659259259277 14232.777777777797 
400.00426317986455 422.0 0.0 4.0 135.0 14216.280122553508 14223.400000000001 14232.777777777797 
401.00426317986455 424.0 0.0 5.0 135.0 14216.399941099113 14220.274074074052 14232.777777777797 
402.00426317986455 426.0 0.0 4.0 135.0 14216.42260953281 14217.155555555531 14232.777777777797 
403.00426317986455 429.0 0.0 6.0 135.0 14216.538153469024 14220.274074074052 14232.777777777797 
404.00426317986455 434.0 0.0 2.0 135.0 14215.593342198319 14185.044444444442 14232.777777777797 
405.00426317986455 435.0 0.0 3.0 135.0 14215.92131971016 14226.525925925918 14232.777777777797 
406.00426317986455 436.0 0.0 3.0 135.0 14216.145680118836 14223.400000000001 14232.777777777797 
407.00426317986455 438.0 0.0 2.0 135.0 14215.928643048603 14208.911111111145 14232.777777777797 
408.00426317986455 440.0 0.0 0.0 135.0 14216.24656153491 14226.525925925918 14232.777777777797 
409.00426317986455 440.0 0.0 0.0 135.0 14216.74249802221 14232.777777777797 14232.777777777797 
410.00426317986455 440.0 0.0 1.0 135.0 14217.22355641487 14232.777777777797 14232.777777777797 
411.00426317986455 441.0 0.0 1.0 135.0 14217.596405277993 14229.651851851839 14232.777777777797 
412.00426317986455 441.0 0.0 1.0 135.0 14217.958068675196 14229.651851851839 14232.777777777797 
413.00426317986455 442.0 0.0 0.0 135.0 14218.308882170495 14229.651851851839 14232.777777777797 
414.00426317986455 442.0 0.0 0.0 135.0 14218.7429490387 14232.777777777797 14232.777777777797 
415.00426317986455 442.0 0.0 0.0 135.0 14219.163993900896 14232.777777777797 14232.777777777797 
416.00426317986455 442.0 0.0 2.0 135.0 14219.572407417176 14232.777777777797 14232.777777777797 
417.00426317986455 444.0 0.0 1.0 135.0 14219.346346305801 14212.037037037013 14232.777777777797 
418.00426317986455 445.0 0.0 0.0 135.0 14219.220844805517 14215.162962962962 14232.777777777797 
419.00426317986455 445.0 0.0 0.0 135.0 14219.627552794675 14232.777777777797 14232.777777777797 
420.00426317986455 445.0 0.0 1.0 135.0 14220.022059544164 14232.777777777797 14232.777777777797 
421.00426317986455 446.0 0.0 1.0 135.0 14220.31095331339 14229.651851851839 14232.777777777797 
422.00426317986455 447.0 0.0 1.0 135.0 14220.591180269526 14229.651851851839 14232.777777777797 
423.00426317986455 448.0 0.0 1.0 135.0 14220.863000417006 14229.651851851839 14232.777777777797 
424.00426317986455 448.0 0.0 1.0 135.0 14221.126665960062 14229.651851851839 14232.777777777797 
425.00426317986455 449.0 0.0 2.0 135.0 14221.382421536806 14229.651851851839 14232.777777777797 
426.00426317986455 451.0 0.0 0.0 135.0 14221.536726668497 14226.525925925918 14232.777777777797 
427.00426317986455 451.0 0.0 0.0 135.0 14221.873958201766 14232.777777777797 14232.777777777797 
428.00426317986455 451.0 0.0 0.0 135.0 14222.201072789057 14232.777777777797 14232.777777777797 
429.00426317986455 451.0 0.0 0.0 135.0 14222.518373938698 14232.777777777797 14232.777777777797 
430.00426317986455 451.0 0.0 0.0 135.0 14222.82615605387 14232.777777777797 14232.777777777797 
431.00426317986455 451.0 0.0 1.0 135.0 14223.124704705619 14232.777777777797 14232.777777777797 
432.00426317986455 452.0 0.0 0.0 135.0 14222.885852453333 14215.162962962962 14232.777777777797 
433.00426317986455 452.0 0.0 1.0 135.0 14223.182610213049 14232.777777777797 14232.777777777797 
434.00426317986455 453.0 0.0 0.0 135.0 14223.376687462225 14229.651851851839 14232.777777777797 
435.00426317986455 453.0 0.0 0.0 135.0 14223.65872017168 14232.777777777797 14232.777777777797 
436.00426317986455 453.0 0.0 1.0 135.0 14223.932291899873 14232.777777777797 14232.777777777797 
437.00426317986455 454.0 0.0 1.0 135.0 14224.103878698443 14229.651851851839 14232.777777777797 
438.00426317986455 455.0 0.0 0.0 135.0 14223.835651226373 14215.162962962962 14232.777777777797 
439.00426317986455 455.0 0.0 0.0 135.0 14224.103915022897 14232.777777777797 14232.777777777797 
440.00426317986455 455.0 0.0 0.0 135.0 14224.364130905535 14232.777777777797 14232.777777777797 
441.00426317986455 455.0 0.0 1.0 135.0 14224.616540311705 14232.777777777797 14232.777777777797 
442.00426317986455 455.0 0.0 1.0 135.0 14224.76759965794 14229.651851851839 14232.777777777797 
443.00426317986455 456.0 0.0 0.0 135.0 14224.914127223743 14229.651851851839 14232.777777777797 
444.00426317986455 456.0 0.0 0.0 135.0 14225.15003674037 14232.777777777797 14232.777777777797 
445.00426317986455 456.0 0.0 0.0 135.0 14225.378868971482 14232.777777777797 14232.777777777797 
446.00426317986455 456.0 0.0 1.0 135.0 14225.60083623569 14232.777777777797 14232.777777777797 
447.00426317986455 457.0 0.0 0.0 135.0 14225.722366704165 14229.651851851839 14232.777777777797 
448.00426317986455 457.0 0.0 0.0 135.0 14225.934029036367 14232.777777777797 14232.777777777797 
449.00426317986455 457.0 0.0 0.0 135.0 14226.139341498596 14232.777777777797 14232.777777777797 
450.00426317986455 457.0 0.0 0.0 135.0 14226.338494586977 14232.777777777797 14232.777777777797 
451.00426317986455 457.0 0.0 0.0 135.0 14226.53167308271 14232.777777777797 14232.777777777797 
452.00426317986455 457.0 0.0 0.0 135.0 14226.719056223576 14232.777777777797 14232.777777777797 
453.00426317986455 457.0 0.0 0.0 135.0 14226.900817870197 14232.777777777797 14232.777777777797 
454.00426317986455 457.0 0.0 0.0 135.0 14227.07712666743 14232.777777777797 14232.777777777797 
455.00426317986455 457.0 0.0 0.0 135.0 14227.248146200704 14232.777777777797 14232.777777777797 
456.00426317986455 457.0 0.0 0.0 135.0 14227.414035148053 14232.777777777797 14232.777777777797 
457.00426317986455 457.0 0.0 0.0 135.0 14227.574947426918 14232.777777777797 14232.777777777797 
458.00426317986455 457.0 0.0 0.0 135.0 14227.731032337453 14232.777777777797 14232.777777777797 
459.00426317986455 457.0 0.0 0.0 135.0 14227.882434700681 14232.777777777797 14232.777777777797 
460.00426317986455 457.0 0.0 0.0 135.0 14228.029294992957 14232.777777777797 14232.777777777797 
461.00426317986455 457.0 0.0 0.0 135.0 14228.171749476502 14232.777777777797 14232.777777777797 
462.00426317986455 457.0 0.0 0.0 135.0 14228.309930325564 14232.777777777797 14232.777777777797 
463.00426317986455 457.0 0.0 1.0 135.0 14228.443965749131 14232.777777777797 14232.777777777797 
464.00426317986455 458.0 0.0 0.0 135.0 14228.04553566554 14215.162962962962 14232.777777777797 
465.00426317986455 458.0 0.0 0.0 135.0 14228.187502928897 14232.777777777797 14232.777777777797 
466.00426317986455 458.0 0.0 2.0 135.0 14228.325211174391 14232.777777777797 14232.777777777797 
467.00426317986455 458.0 0.0 2.0 135.0 14228.271232616918 14226.525925925918 14232.777777777797 
468.00426317986455 460.0 0.0 0.0 135.0 14228.218873416175 14226.525925925918 14232.777777777797 
469.00426317986455 460.0 0.0 0.0 135.0 14228.355640547037 14232.777777777797 14232.777777777797 
470.00426317986455 460.0 0.0 0.0 135.0 14228.488304663977 14232.777777777797 14232.777777777797 
471.00426317986455 460.0 0.0 0.0 135.0 14228.61698885738 14232.777777777797 14232.777777777797 
472.00426317986455 460.0 0.0 0.0 135.0 14228.741812524977 14232.777777777797 14232.777777777797 
473.00426317986455 460.0 0.0 0.0 135.0 14228.862891482564 14232.777777777797 14232.777777777797 
474.00426317986455 460.0 0.0 0.0 135.0 14228.980338071407 14232.777777777797 14232.777777777797 
475.00426317986455 460.0 0.0 0.0 135.0 14229.094261262637 14232.777777777797 14232.777777777797 
476.00426317986455 460.0 0.0 0.0 135.0 14229.204766758086 14232.777777777797 14232.777777777797 
477.00426317986455 460.0 0.0 0.0 135.0 14229.311957088652 14232.777777777797 14232.777777777797 
478.00426317986455 460.0 0.0 1.0 135.0 14229.415931709327 14232.777777777797 14232.777777777797 
479.00426317986455 461.0 0.0 0.0 135.0 14229.4230093136 14229.651851851839 14232.777777777797 
480.00426317986455 461.0 0.0 0.0 135.0 14229.523652367545 14232.777777777797 14232.777777777797 
481.00426317986455 461.0 0.0 0.0 135.0 14229.621276129856 14232.777777777797 14232.777777777797 
482.00426317986455 461.0 0.0 0.0 135.0 14229.715971179266 14232.777777777797 14232.777777777797 
483.00426317986455 461.0 0.0 0.0 135.0 14229.807825377246 14232.777777777797 14232.777777777797 
484.00426317986455 461.0 0.0 0.0 135.0 14229.896923949264 14232.777777777797 14232.777777777797 
485.00426317986455 461.0 0.0 1.0 135.0 14229.983349564112 14232.777777777797 14232.777777777797 
486.00426317986455 462.0 0.0 0.0 135.0 14229.973404632747 14229.651851851839 14232.777777777797 
487.00426317986455 462.0 0.0 0.0 135.0 14230.057535827093 14232.777777777797 14232.777777777797 
488.00426317986455 462.0 0.0 0.0 135.0 14230.139143085624 14232.777777777797 14232.777777777797 
489.00426317986455 462.0 0.0 0.0 135.0 14230.218302126386 14232.777777777797 14232.777777777797 
490.00426317986455 462.0 0.0 0.0 135.0 14230.29508639592 14232.777777777797 14232.777777777797 
491.00426317986455 462.0 0.0 0.0 135.0 14230.369567137372 14232.777777777797 14232.777777777797 
492.00426317986455 462.0 0.0 0.0 135.0 14230.441813456582 14232.777777777797 14232.777777777797 
493.00426317986455 462.0 0.0 0.0 135.0 14230.511892386208 14232.777777777797 14232.777777777797 
494.00426317986455 462.0 0.0 0.0 135.0 14230.579868947983 14232.777777777797 14232.777777777797 
495.00426317986455 462.0 0.0 0.0 135.0 14230.645806212846 14232.777777777797 14232.777777777797 
496.00426317986455 462.0 0.0 0.0 135.0 14230.70976535983 14232.777777777797 14232.777777777797 
497.00426317986455 462.0 0.0 0.0 135.0 14230.77180573235 14232.777777777797 14232.777777777797 
498.00426317986455 462.0 0.0 0.0 135.0 14230.831984893732 14232.777777777797 14232.777777777797 
499.00426317986455 462.0 0.0 0.0 135.0 14230.890358680237 14232.777777777797 14232.777777777797 
500.00426317986455 462.0 0.0 0.0 135.0 14230.946981253155 14232.777777777797 14232.777777777797 
501.00426317986455 462.0 0.0 0.0 135.0 14231.00190514892 14232.777777777797 14232.777777777797 
502.00426317986455 462.0 0.0 0.0 135.0 14231.055181327782 14232.777777777797 14232.777777777797 
503.00426317986455 462.0 0.0 0.0 135.0 14231.106859221261 14232.777777777797 14232.777777777797 
504.00426317986455 462.0 0.0 0.0 135.0 14231.156986777982 14232.777777777797 14232.777777777797 
505.00426317986455 462.0 0.0 0.0 135.0 14231.205610507963 14232.777777777797 14232.777777777797 
506.00426317986455 462.0 0.0 0.0 135.0 14231.252775526049 14232.777777777797 14232.777777777797 
507.00426317986455 462.0 0.0 0.0 135.0 14231.298525593587 14232.777777777797 14232.777777777797 
508.00426317986455 462.0 0.0 0.0 135.0 14231.34290315914 14232.777777777797 14232.777777777797 
509.00426317986455 462.0 0.0 1.0 135.0 14231.385949397683 14232.777777777797 14232.777777777797 
510.00426317986455 463.0 0.0 0.0 135.0 14231.333926471298 14229.651851851839 14232.777777777797 
511.00426317986455 463.0 0.0 0.0 135.0 14231.377242010492 14232.777777777797 14232.777777777797 
512.0042631798646 463.0 0.0 0.0 135.0 14231.419258083522 14232.777777777797 14232.777777777797 
513.0042631798646 463.0 0.0 0.0 135.0 14231.46001367436 14232.777777777797 14232.777777777797 
514.0042631798646 463.0 0.0 0.0 135.0 14231.499546597439 14232.777777777797 14232.777777777797 
515.0042631798646 463.0 0.0 0.0 135.0 14231.537893532864 14232.777777777797 14232.777777777797 
516.0042631798646 463.0 0.0 0.0 135.0 14231.575090060196 14232.777777777797 14232.777777777797 
517.0042631798646 463.0 0.0 0.0 135.0 14231.611170691742 14232.777777777797 14232.777777777797 
518.0042631798646 463.0 0.0 0.0 135.0 14231.646168904297 14232.777777777797 14232.777777777797 
519.0042631798646 463.0 0.0 0.0 135.0 14231.68011717051 14232.777777777797 14232.777777777797 
520.0042631798646 463.0 0.0 0.0 135.0 14231.713046988754 14232.777777777797 14232.777777777797 
521.0042631798646 463.0 0.0 0.0 135.0 14231.74498891241 14232.777777777797 14232.777777777797 
522.0042631798646 463.0 0.0 0.0 135.0 14231.77597257837 14232.777777777797 14232.777777777797 
523.0042631798646 463.0 0.0 0.0 135.0 14231.806026734337 14232.777777777797 14232.777777777797 
524.0042631798646 463.0 0.0 0.0 135.0 14231.83517926566 14232.777777777797 14232.777777777797 
525.0042631798646 463.0 0.0 0.0 135.0 14231.863457221003 14232.777777777797 14232.777777777797 
526.0042631798646 463.0 0.0 0.0 135.0 14231.890886837735 14232.777777777797 14232.777777777797 
527.0042631798646 463.0 0.0 0.0 135.0 14231.91749356592 14232.777777777797 14232.777777777797 
528.0042631798646 463.0 0.0 0.0 135.0 14231.943302092275 14232.777777777797 14232.777777777797 
529.0042631798646 463.0 0.0 0.0 135.0 14231.96833636284 14232.777777777797 14232.777777777797 
530.0042631798646 463.0 0.0 0.0 135.0 14231.992619605302 14232.777777777797 14232.777777777797 
531.0042631798646 463.0 0.0 1.0 135.0 14232.016174350469 14232.777777777797 14232.777777777797 
532.0042631798646 463.0 0.0 1.0 135.0 14231.945244675511 14229.651851851839 14232.777777777797 
533.0042631798646 464.0 0.0 0.0 135.0 14231.87644289078 14229.651851851839 14232.777777777797 
534.0042631798646 464.0 0.0 0.0 135.0 14231.903482937401 14232.777777777797 14232.777777777797 
535.0042631798646 464.0 0.0 1.0 135.0 14231.929711782628 14232.777777777797 14232.777777777797 
536.0042631798646 465.0 0.0 0.0 135.0 14231.861375984687 14229.651851851839 14232.777777777797 
537.0042631798646 465.0 0.0 0.0 135.0 14231.88886803847 14232.777777777797 14232.777777777797 
538.0042631798646 465.0 0.0 1.0 135.0 14231.915535330654 14232.777777777797 14232.777777777797 
539.0042631798646 465.0 0.0 1.0 135.0 14231.847624826325 14229.651851851839 14232.777777777797 
540.0042631798646 466.0 0.0 0.0 135.0 14231.781751637058 14229.651851851839 14232.777777777797 
541.0042631798646 466.0 0.0 0.0 135.0 14231.811632421279 14232.777777777797 14232.777777777797 
542.0042631798646 466.0 0.0 0.0 135.0 14231.840616781994 14232.777777777797 14232.777777777797 
543.0042631798646 466.0 0.0 0.0 135.0 14231.868731611852 14232.777777777797 14232.777777777797 
544.0042631798646 466.0 0.0 0.0 135.0 14231.896002996822 14232.777777777797 14232.777777777797 
545.0042631798646 466.0 0.0 0.0 135.0 14231.922456240256 14232.777777777797 14232.777777777797 
546.0042631798646 466.0 0.0 0.0 135.0 14231.948115886378 14232.777777777797 14232.777777777797 
547.0042631798646 466.0 0.0 0.0 135.0 14231.973005743124 14232.777777777797 14232.777777777797 
548.0042631798646 466.0 0.0 0.0 135.0 14231.997148904165 14232.777777777797 14232.777777777797 
549.0042631798646 466.0 0.0 0.0 135.0 14232.02056777039 14232.777777777797 14232.777777777797 
550.0042631798646 466.0 0.0 0.0 135.0 14232.043284070596 14232.777777777797 14232.777777777797 
551.0042631798646 466.0 0.0 0.0 135.0 14232.065318881838 14232.777777777797 14232.777777777797 
552.0042631798646 466.0 0.0 0.0 135.0 14232.086692648689 14232.777777777797 14232.777777777797 
553.0042631798646 466.0 0.0 0.0 135.0 14232.107425202546 14232.777777777797 14232.777777777797 
554.0042631798646 466.0 0.0 0.0 135.0 14232.127535779828 14232.777777777797 14232.777777777797 
555.0042631798646 466.0 0.0 0.0 135.0 14232.14704303975 14232.777777777797 14232.777777777797 
556.0042631798646 466.0 0.0 0.0 135.0 14232.165965081907 14232.777777777797 14232.777777777797 
557.0042631798646 466.0 0.0 1.0 135.0 14232.184319462773 14232.777777777797 14232.777777777797 
558.0042631798646 466.0 0.0 1.0 135.0 14232.108345434444 14229.651851851839 14232.777777777797 
559.0042631798646 467.0 0.0 0.0 135.0 14232.034650626965 14229.651851851839 14232.777777777797 
560.0042631798646 467.0 0.0 0.0 135.0 14232.056944441489 14232.777777777797 14232.777777777797 
561.0042631798646 467.0 0.0 0.0 135.0 14232.078569441595 14232.777777777797 14232.777777777797 
562.0042631798646 467.0 0.0 0.0 135.0 14232.099545691684 14232.777777777797 14232.777777777797 
563.0042631798646 467.0 0.0 0.0 135.0 14232.119892654257 14232.777777777797 14232.777777777797 
564.0042631798646 467.0 0.0 0.0 135.0 14232.13962920794 14232.777777777797 14232.777777777797 
565.0042631798646 467.0 0.0 0.0 135.0 14232.15877366504 14232.777777777797 14232.777777777797 
566.0042631798646 467.0 0.0 0.0 135.0 14232.17734378845 14232.777777777797 14232.777777777797 
567.0042631798646 467.0 0.0 0.0 135.0 14232.195356808106 14232.777777777797 14232.777777777797 
568.0042631798646 467.0 0.0 0.0 135.0 14232.212829437214 14232.777777777797 14232.777777777797 
569.0042631798646 467.0 0.0 0.0 135.0 14232.22977788741 14232.777777777797 14232.777777777797 
570.0042631798646 467.0 0.0 1.0 135.0 14232.246217884136 14232.777777777797 14232.777777777797 
571.0042631798646 467.0 0.0 1.0 135.0 14232.168386903175 14229.651851851839 14232.777777777797 
572.0042631798646 467.0 0.0 1.0 135.0 14232.092890851613 14229.651851851839 14232.777777777797 
573.0042631798646 468.0 0.0 0.0 135.0 14232.019659681626 14229.651851851839 14232.777777777797 
574.0042631798646 468.0 0.0 0.0 135.0 14232.042403224508 14232.777777777797 14232.777777777797 
575.0042631798646 468.0 0.0 0.0 135.0 14232.064464461138 14232.777777777797 14232.777777777797 
576.0042631798646 468.0 0.0 0.0 135.0 14232.085863860619 14232.777777777797 14232.777777777797 
577.0042631798646 468.0 0.0 0.0 135.0 14232.106621278122 14232.777777777797 14232.777777777797 
578.0042631798646 468.0 0.0 0.0 135.0 14232.12675597313 14232.777777777797 14232.777777777797 
579.0042631798646 468.0 0.0 0.0 135.0 14232.146286627245 14232.777777777797 14232.777777777797 
580.0042631798646 468.0 0.0 0.0 135.0 14232.165231361787 14232.777777777797 14232.777777777797 
581.0042631798646 468.0 0.0 0.0 135.0 14232.183607754238 14232.777777777797 14232.777777777797 
582.0042631798646 468.0 0.0 0.0 135.0 14232.201432854963 14232.777777777797 14232.777777777797 
583.0042631798646 468.0 0.0 0.0 135.0 14232.218723202664 14232.777777777797 14232.777777777797 
584.0042631798646 468.0 0.0 0.0 135.0 14232.235494839897 14232.777777777797 14232.777777777797 
585.0042631798646 468.0 0.0 0.0 135.0 14232.251763328053 14232.777777777797 14232.777777777797 
586.0042631798646 468.0 0.0 0.0 135.0 14232.267543761527 14232.777777777797 14232.777777777797 
587.0042631798646 468.0 0.0 0.0 135.0 14232.282850782023 14232.777777777797 14232.777777777797 
588.0042631798646 468.0 0.0 1.0 135.0 14232.29769859191 14232.777777777797 14232.777777777797 
589.0042631798646 469.0 0.0 0.0 135.0 14232.218323189685 14229.651851851839 14232.777777777797 
590.0042631798646 469.0 0.0 0.0 135.0 14232.23510682734 14232.777777777797 14232.777777777797 
591.0042631798646 469.0 0.0 0.0 135.0 14232.251386955837 14232.777777777797 14232.777777777797 
592.0042631798646 469.0 0.0 0.0 135.0 14232.267178680495 14232.777777777797 14232.777777777797 
593.0042631798646 469.0 0.0 0.0 135.0 14232.282496653412 14232.777777777797 14232.777777777797 
594.0042631798646 469.0 0.0 1.0 135.0 14232.297355087141 14232.777777777797 14232.777777777797 
595.0042631798646 470.0 0.0 0.0 135.0 14232.217989990095 14229.651851851839 14232.777777777797 
596.0042631798646 470.0 0.0 0.0 135.0 14232.234783623706 14232.777777777797 14232.777777777797 
597.0042631798646 470.0 0.0 0.0 135.0 14232.251073448328 14232.777777777797 14232.777777777797 
598.0042631798646 470.0 0.0 0.0 135.0 14232.266874578223 14232.777777777797 14232.777777777797 
599.0042631798646 470.0 0.0 0.0 135.0 14232.282201674212 14232.777777777797 14232.777777777797 
600.0042631798646 470.0 0.0 0.0 135.0 14232.297068957323 14232.777777777797 14232.777777777797 
#####################################################################
# End of data export. Simulation finished at: 2020-02-03T11:10+0000 #
#####################################################################
