#####################################################################
# Alchemist log file - simulation started at: 2020-01-31T20:57+0000 #
#####################################################################
# seed = 5.0, meanTaskSize = 10000, smoothing = 0.01, grain = 1400.0, peakFrequency = 0.03
#
# The columns have the following meaning: 
# time done[Sum] drop[Sum] waiting[Sum] isLeader[Sum] capacity[Mean] freeCapacity[Mean] maxCapacity[Mean] 
0.0 NaN 0.0 NaN NaN NaN NaN NaN 
1.0031365367908396 0.0 0.0 0.0 135.0 14232.777777777797 14232.777777777797 14232.777777777797 
2.00313653679084 0.0 0.0 0.0 135.0 14232.777777777797 14232.777777777797 14232.777777777797 
3.00313653679084 0.0 0.0 0.0 135.0 14232.777777777797 14232.777777777797 14232.777777777797 
4.00313653679084 0.0 0.0 0.0 135.0 14232.777777777797 14232.777777777797 14232.777777777797 
5.00313653679084 0.0 0.0 0.0 135.0 14232.777777777797 14232.777777777797 14232.777777777797 
6.00313653679084 0.0 0.0 0.0 135.0 14232.777777777797 14232.777777777797 14232.777777777797 
7.00313653679084 0.0 0.0 0.0 135.0 14232.777777777797 14232.777777777797 14232.777777777797 
8.00313653679084 0.0 0.0 0.0 135.0 14232.777777777797 14232.777777777797 14232.777777777797 
9.00313653679084 0.0 0.0 0.0 135.0 14232.777777777797 14232.777777777797 14232.777777777797 
10.00313653679084 0.0 0.0 0.0 135.0 14232.777777777797 14232.777777777797 14232.777777777797 
11.00313653679084 0.0 0.0 0.0 135.0 14232.777777777797 14232.777777777797 14232.777777777797 
12.00313653679084 0.0 0.0 0.0 135.0 14232.777777777797 14232.777777777797 14232.777777777797 
13.00313653679084 0.0 0.0 0.0 135.0 14232.777777777797 14232.777777777797 14232.777777777797 
14.00313653679084 0.0 0.0 1.0 135.0 14232.777777777797 14232.777777777797 14232.777777777797 
15.00313653679084 0.0 0.0 1.0 135.0 14232.601629629624 14215.162962962962 14232.777777777797 
16.00313653679084 0.0 0.0 1.0 135.0 14232.427242962967 14215.162962962962 14232.777777777797 
17.00313653679084 0.0 0.0 1.0 135.0 14232.254600162982 14215.162962962962 14232.777777777797 
18.00313653679084 0.0 0.0 2.0 135.0 14232.083683790963 14215.162962962962 14232.777777777797 
19.00313653679084 0.0 0.0 2.0 135.0 14231.883217323426 14212.037037037013 14232.777777777797 
20.00313653679084 0.0 0.0 2.0 135.0 14231.684755520551 14212.037037037013 14232.777777777797 
21.00313653679084 0.0 0.0 2.0 135.0 14231.488278335719 14212.037037037013 14232.777777777797 
22.00313653679084 0.0 0.0 2.0 135.0 14231.293765922717 14212.037037037013 14232.777777777797 
23.00313653679084 0.0 0.0 2.0 135.0 14231.101198633867 14212.037037037013 14232.777777777797 
24.00313653679084 0.0 0.0 2.0 135.0 14230.910557017924 14212.037037037013 14232.777777777797 
25.00313653679084 0.0 0.0 2.0 135.0 14230.721821818093 14212.037037037013 14232.777777777797 
26.00313653679084 0.0 0.0 2.0 135.0 14230.534973970294 14212.037037037013 14232.777777777797 
27.00313653679084 0.0 0.0 3.0 135.0 14230.349994600945 14212.037037037013 14232.777777777797 
28.00313653679084 0.0 0.0 4.0 135.0 14230.13560576606 14208.911111111145 14232.777777777797 
29.00313653679084 0.0 0.0 4.0 135.0 14229.892101560254 14205.785185185186 14232.777777777797 
30.00313653679084 0.0 0.0 4.0 135.0 14229.651032396503 14205.785185185186 14232.777777777797 
31.00313653679084 0.0 0.0 4.0 135.0 14229.412373924384 14205.785185185186 14232.777777777797 
32.00313653679084 0.0 0.0 4.0 135.0 14229.176102036996 14205.785185185186 14232.777777777797 
33.00313653679084 0.0 0.0 4.0 135.0 14228.942192868477 14205.785185185186 14232.777777777797 
34.00313653679084 0.0 0.0 4.0 135.0 14228.71062279163 14205.785185185186 14232.777777777797 
35.00313653679084 0.0 0.0 4.0 135.0 14228.481368415614 14205.785185185186 14232.777777777797 
36.00313653679084 0.0 0.0 4.0 135.0 14228.254406583288 14205.785185185186 14232.777777777797 
37.00313653679084 0.0 0.0 5.0 135.0 14228.029714369297 14205.785185185186 14232.777777777797 
38.00313653679084 0.0 0.0 5.0 135.0 14227.631120929329 14188.17037037036 14232.777777777797 
39.00313653679084 0.0 0.0 5.0 135.0 14227.236513423706 14188.17037037036 14232.777777777797 
40.00313653679084 0.0 0.0 5.0 135.0 14226.845851993177 14188.17037037036 14232.777777777797 
41.00313653679084 0.0 0.0 5.0 135.0 14226.459097176963 14188.17037037036 14232.777777777797 
42.00313653679084 0.0 0.0 5.0 135.0 14226.076209908888 14188.17037037036 14232.777777777797 
43.00313653679084 0.0 0.0 5.0 135.0 14225.697151513488 14188.17037037036 14232.777777777797 
44.00313653679084 0.0 0.0 5.0 135.0 14225.321883702056 14188.17037037036 14232.777777777797 
45.00313653679084 0.0 0.0 5.0 135.0 14224.950368568747 14188.17037037036 14232.777777777797 
46.00313653679084 0.0 0.0 5.0 135.0 14224.582568586758 14188.17037037036 14232.777777777797 
47.00313653679084 0.0 0.0 5.0 135.0 14224.218446604616 14188.17037037036 14232.777777777797 
48.00313653679084 0.0 0.0 5.0 135.0 14223.857965842266 14188.17037037036 14232.777777777797 
49.00313653679084 0.0 0.0 5.0 135.0 14223.501089887552 14188.17037037036 14232.777777777797 
50.00313653679084 0.0 0.0 6.0 135.0 14223.147782692373 14188.17037037036 14232.777777777797 
51.00313653679084 0.0 0.0 6.0 135.0 14222.766749309927 14185.044444444442 14232.777777777797 
52.00313653679084 0.0 0.0 6.0 135.0 14222.389526261235 14185.044444444442 14232.777777777797 
53.00313653679084 0.0 0.0 6.0 135.0 14222.016075443074 14185.044444444442 14232.777777777797 
54.00313653679084 0.0 0.0 6.0 135.0 14221.6463591331 14185.044444444442 14232.777777777797 
55.00313653679084 0.0 0.0 7.0 135.0 14221.280339986217 14185.044444444442 14232.777777777797 
56.00313653679084 0.0 0.0 7.0 135.0 14220.741832882637 14167.429629629629 14232.777777777797 
57.00313653679084 0.0 0.0 7.0 135.0 14220.20871085009 14167.429629629629 14232.777777777797 
58.00313653679084 0.0 0.0 7.0 135.0 14219.68092003789 14167.429629629629 14232.777777777797 
59.00313653679084 0.0 0.0 7.0 135.0 14219.15840713384 14167.429629629629 14232.777777777797 
60.00313653679084 0.0 0.0 7.0 135.0 14218.641119358746 14167.429629629629 14232.777777777797 
61.00313653679084 0.0 0.0 7.0 135.0 14218.129004461502 14167.429629629629 14232.777777777797 
62.00313653679084 0.0 0.0 7.0 135.0 14217.622010713138 14167.429629629629 14232.777777777797 
63.00313653679084 0.0 0.0 8.0 135.0 14217.12008690235 14167.429629629629 14232.777777777797 
64.00313653679083 0.0 0.0 8.0 135.0 14216.44710825552 14149.82222222224 14232.777777777797 
65.00313653679083 0.0 0.0 8.0 135.0 14215.780859395209 14149.82222222224 14232.777777777797 
66.00313653679083 0.0 0.0 8.0 135.0 14215.121273023464 14149.82222222224 14232.777777777797 
67.00313653679083 0.0 0.0 8.0 135.0 14214.468282515469 14149.82222222224 14232.777777777797 
68.00313653679083 0.0 0.0 8.0 135.0 14213.821821912525 14149.82222222224 14232.777777777797 
69.00313653679083 0.0 0.0 8.0 135.0 14213.181825915633 14149.82222222224 14232.777777777797 
70.00313653679083 0.0 0.0 8.0 135.0 14212.54822987868 14149.82222222224 14232.777777777797 
71.00313653679083 0.0 0.0 8.0 135.0 14211.920969802124 14149.82222222224 14232.777777777797 
72.00313653679083 0.0 0.0 8.0 135.0 14211.299982326305 14149.82222222224 14232.777777777797 
73.00313653679083 0.0 0.0 8.0 135.0 14210.685204725294 14149.82222222224 14232.777777777797 
74.00313653679083 0.0 0.0 8.0 135.0 14210.076574900238 14149.82222222224 14232.777777777797 
75.00313653679083 0.0 0.0 8.0 135.0 14209.474031373464 14149.82222222224 14232.777777777797 
76.00313653679083 0.0 0.0 8.0 135.0 14208.877513281928 14149.82222222224 14232.777777777797 
77.00313653679083 1.0 0.0 7.0 135.0 14208.286960371386 14149.82222222224 14232.777777777797 
78.00313653679083 1.0 0.0 8.0 135.0 14207.878461138007 14167.437037037065 14232.777777777797 
79.00313653679083 2.0 0.0 8.0 135.0 14207.442787637769 14164.311111111108 14232.777777777797 
80.00313653679083 2.0 0.0 8.0 135.0 14207.01139679841 14164.303703703717 14232.777777777797 
81.00313653679083 2.0 0.0 8.0 135.0 14206.584319867474 14164.303703703717 14232.777777777797 
82.00313653679083 2.0 0.0 9.0 135.0 14206.161513705823 14164.303703703717 14232.777777777797 
83.00313653679083 2.0 0.0 9.0 135.0 14205.56678745765 14146.688888888892 14232.777777777797 
84.00313653679083 2.0 0.0 9.0 135.0 14204.978008471955 14146.688888888892 14232.777777777797 
85.00313653679083 2.0 0.0 9.0 135.0 14204.395117276144 14146.688888888892 14232.777777777797 
86.00313653679083 2.0 0.0 9.0 135.0 14203.818054992276 14146.688888888892 14232.777777777797 
87.00313653679083 2.0 0.0 9.0 135.0 14203.246763331239 14146.688888888892 14232.777777777797 
88.00313653679083 2.0 0.0 9.0 135.0 14202.681184586787 14146.688888888892 14232.777777777797 
89.00313653679083 2.0 0.0 9.0 135.0 14202.121261629825 14146.688888888892 14232.777777777797 
90.00313653679083 2.0 0.0 9.0 135.0 14201.566937902422 14146.688888888892 14232.777777777797 
91.00313653679083 2.0 0.0 9.0 135.0 14201.018157412267 14146.688888888892 14232.777777777797 
92.00313653679083 3.0 0.0 9.0 135.0 14200.474864727048 14146.688888888892 14232.777777777797 
93.00313653679083 3.0 0.0 9.0 135.0 14200.081893857541 14161.17777777776 14232.777777777797 
94.00313653679083 3.0 0.0 9.0 135.0 14199.692852696739 14161.17777777776 14232.777777777797 
95.00313653679083 3.0 0.0 9.0 135.0 14199.307701947573 14161.17777777776 14232.777777777797 
96.00313653679083 3.0 0.0 9.0 135.0 14198.926402705869 14161.17777777776 14232.777777777797 
97.00313653679083 3.0 0.0 10.0 135.0 14198.548916456577 14161.17777777776 14232.777777777797 
98.00313653679083 3.0 0.0 10.0 135.0 14197.999056921648 14143.562962962935 14232.777777777797 
99.00313653679083 3.0 0.0 10.0 135.0 14197.454695982056 14143.562962962935 14232.777777777797 
100.00313653679083 3.0 0.0 10.0 135.0 14196.91577865189 14143.562962962935 14232.777777777797 
101.00313653679083 3.0 0.0 10.0 135.0 14196.382250494962 14143.562962962935 14232.777777777797 
102.00313653679083 3.0 0.0 10.0 135.0 14195.854057619663 14143.562962962935 14232.777777777797 
103.00313653679083 3.0 0.0 10.0 135.0 14195.331146673116 14143.562962962935 14232.777777777797 
104.00313653679083 3.0 0.0 10.0 135.0 14194.813464836 14143.562962962935 14232.777777777797 
105.00313653679083 3.0 0.0 10.0 135.0 14194.300959817254 14143.562962962935 14232.777777777797 
106.00313653679083 3.0 0.0 10.0 135.0 14193.793579848723 14143.562962962935 14232.777777777797 
107.00313653679083 3.0 0.0 11.0 135.0 14193.291273679883 14143.562962962935 14232.777777777797 
108.00313653679083 3.0 0.0 11.0 135.0 14192.762731313414 14140.437037037065 14232.777777777797 
109.00313653679083 3.0 0.0 11.0 135.0 14192.239474370659 14140.437037037065 14232.777777777797 
110.00313653679083 3.0 0.0 11.0 135.0 14191.721449997362 14140.437037037065 14232.777777777797 
111.00313653679083 4.0 0.0 10.0 135.0 14191.20860586773 14140.437037037065 14232.777777777797 
112.00313653679083 4.0 0.0 10.0 135.0 14190.87703832757 14158.05185185184 14232.777777777797 
113.00313653679083 4.0 0.0 10.0 135.0 14190.548786462803 14158.05185185184 14232.777777777797 
114.00313653679083 4.0 0.0 10.0 135.0 14190.223817116695 14158.05185185184 14232.777777777797 
115.00313653679083 4.0 0.0 10.0 135.0 14189.902097464044 14158.05185185184 14232.777777777797 
116.00313653679083 4.0 0.0 10.0 135.0 14189.583595007956 14158.05185185184 14232.777777777797 
117.00313653679083 4.0 0.0 10.0 135.0 14189.268277576344 14158.05185185184 14232.777777777797 
118.00313653679083 4.0 0.0 11.0 135.0 14188.956113319115 14158.05185185184 14232.777777777797 
119.00313653679083 5.0 0.0 10.0 135.0 14188.615811445201 14154.92592592593 14232.777777777797 
120.00313653679083 5.0 0.0 11.0 135.0 14188.45506073816 14172.540740740757 14232.777777777797 
121.00313653679083 5.0 0.0 11.0 135.0 14188.264732352984 14169.422222222236 14232.777777777797 
122.00313653679083 5.0 0.0 11.0 135.0 14188.07630725169 14169.422222222236 14232.777777777797 
123.00313653679083 5.0 0.0 11.0 135.0 14187.8897664014 14169.422222222236 14232.777777777797 
124.00313653679083 5.0 0.0 11.0 135.0 14187.705090959616 14169.422222222236 14232.777777777797 
125.00313653679083 5.0 0.0 11.0 135.0 14187.52226227224 14169.422222222236 14232.777777777797 
126.00313653679083 5.0 0.0 11.0 135.0 14187.341261871727 14169.422222222236 14232.777777777797 
127.00313653679083 5.0 0.0 11.0 135.0 14187.162071475239 14169.422222222236 14232.777777777797 
128.00313653679083 5.0 0.0 11.0 135.0 14186.98467298269 14169.422222222236 14232.777777777797 
129.00313653679083 5.0 0.0 12.0 135.0 14186.809048475094 14169.422222222236 14232.777777777797 
130.00313653679083 5.0 0.0 12.0 135.0 14186.603920953288 14166.296296296277 14232.777777777797 
131.00313653679083 5.0 0.0 13.0 134.0 14186.400844706757 14166.296296296277 14232.777777777797 
132.00313653679083 5.0 0.0 13.0 134.0 14186.023725148574 14148.688888888892 14232.777777777797 
133.00313653679083 5.0 0.0 13.0 134.0 14185.650376785932 14148.688888888892 14232.777777777797 
134.00313653679083 5.0 0.0 13.0 134.0 14185.280761906999 14148.688888888892 14232.777777777797 
135.00313653679083 5.0 0.0 13.0 134.0 14184.91484317681 14148.688888888892 14232.777777777797 
136.00313653679083 5.0 0.0 13.0 134.0 14184.552583633937 14148.688888888892 14232.777777777797 
137.00313653679083 5.0 0.0 13.0 134.0 14184.193946686482 14148.688888888892 14232.777777777797 
138.00313653679083 6.0 0.0 12.0 134.0 14183.838896108477 14148.688888888892 14232.777777777797 
139.00313653679083 6.0 0.0 12.0 134.0 14183.663544184463 14166.303703703717 14232.777777777797 
140.00313653679083 6.0 0.0 12.0 133.0 14183.48994577965 14166.303703703717 14232.777777777797 
141.00313653679083 6.0 0.0 13.0 132.0 14183.31808335887 14166.303703703717 14232.777777777797 
142.00313653679083 6.0 0.0 13.0 132.0 14183.116680303057 14163.17777777776 14232.777777777797 
143.00313653679083 6.0 0.0 13.0 132.0 14182.917291277845 14163.17777777776 14232.777777777797 
144.00313653679083 6.0 0.0 13.0 132.0 14182.719896142813 14163.17777777776 14232.777777777797 
145.00313653679083 6.0 0.0 14.0 132.0 14182.524474959202 14163.17777777776 14232.777777777797 
146.00313653679083 6.0 0.0 14.0 132.0 14182.299748728128 14160.05185185184 14232.777777777797 
147.00313653679083 6.0 0.0 14.0 132.0 14182.077269759337 14160.05185185184 14232.777777777797 
148.00313653679083 6.0 0.0 15.0 132.0 14181.85701558026 14160.05185185184 14232.777777777797 
149.00313653679083 6.0 0.0 15.0 132.0 14181.462889868908 14142.444444444414 14232.777777777797 
150.00313653679083 6.0 0.0 15.0 132.0 14181.07270541469 14142.444444444414 14232.777777777797 
151.00313653679083 6.0 0.0 15.0 132.0 14180.68642280495 14142.444444444414 14232.777777777797 
152.00313653679083 6.0 0.0 15.0 132.0 14180.304003021358 14142.444444444414 14232.777777777797 
153.00313653679083 6.0 0.0 15.0 131.0 14179.925407435581 14142.444444444414 14232.777777777797 
154.00313653679083 6.0 0.0 15.0 131.0 14179.550597805674 14142.444444444414 14232.777777777797 
155.00313653679083 6.0 0.0 16.0 131.0 14179.179536272053 14142.444444444414 14232.777777777797 
156.00313653679083 6.0 0.0 16.0 131.0 14178.781000168596 14139.325925925894 14232.777777777797 
157.00313653679083 6.0 0.0 16.0 131.0 14178.386449426167 14139.325925925894 14232.777777777797 
158.00313653679083 6.0 0.0 17.0 131.0 14177.99584419117 14139.325925925894 14232.777777777797 
159.00313653679083 7.0 0.0 16.0 131.0 14177.432996860367 14121.711111111119 14232.777777777797 
160.00313653679083 7.0 0.0 16.0 131.0 14177.051926151036 14139.325925925894 14232.777777777797 
161.00313653679083 7.0 0.0 16.0 131.0 14176.674666148781 14139.325925925894 14232.777777777797 
162.00313653679083 7.0 0.0 17.0 131.0 14176.301178746551 14139.325925925894 14232.777777777797 
163.00313653679083 7.0 0.0 17.0 130.0 14175.900241033147 14136.207407407373 14232.777777777797 
164.00313653679083 7.0 0.0 17.0 130.0 14175.503312696881 14136.207407407373 14232.777777777797 
165.00313653679083 7.0 0.0 17.0 130.0 14175.110353644 14136.207407407373 14232.777777777797 
166.00313653679083 7.0 0.0 18.0 130.0 14174.72132418163 14136.207407407373 14232.777777777797 
167.00313653679083 7.0 0.0 18.0 130.0 14174.304999828712 14133.088888888855 14232.777777777797 
168.00313653679083 7.0 0.0 18.0 130.0 14173.892838719325 14133.088888888855 14232.777777777797 
169.00313653679083 7.0 0.0 18.0 130.0 14173.48479922101 14133.088888888855 14232.777777777797 
170.00313653679083 7.0 0.0 18.0 130.0 14173.080840117695 14133.088888888855 14232.777777777797 
171.00313653679083 7.0 0.0 18.0 130.0 14172.680920605395 14133.088888888855 14232.777777777797 
172.00313653679083 7.0 0.0 19.0 130.0 14172.28500028823 14133.088888888855 14232.777777777797 
173.00313653679083 7.0 0.0 19.0 130.0 14171.893039174243 14133.088888888855 14232.777777777797 
174.00313653679083 7.0 0.0 20.0 130.0 14171.32884952324 14115.474074074082 14232.777777777797 
175.00313653679083 7.0 0.0 20.0 130.0 14170.73904250949 14112.348148148161 14232.777777777797 
176.00313653679083 7.0 0.0 21.0 130.0 14170.155133565868 14112.348148148161 14232.777777777797 
177.00313653679083 7.0 0.0 22.0 130.0 14169.545804452464 14109.222222222203 14232.777777777797 
178.00313653679083 8.0 0.0 21.0 130.0 14168.766420482008 14091.607407407428 14232.777777777797 
179.00313653679083 9.0 0.0 20.0 130.0 14168.170904425326 14109.214814814812 14232.777777777797 
180.00313653679083 9.0 0.0 20.0 130.0 14167.612602788466 14112.340740740723 14232.777777777797 
181.00313653679083 9.0 0.0 20.0 130.0 14167.059884168006 14112.340740740723 14232.777777777797 
182.00313653679083 9.0 0.0 20.0 130.0 14166.512692733742 14112.340740740723 14232.777777777797 
183.00313653679083 9.0 0.0 20.0 129.0 14165.970973213782 14112.340740740723 14232.777777777797 
184.00313653679083 9.0 0.0 21.0 129.0 14165.434670889068 14112.340740740723 14232.777777777797 
185.00313653679083 9.0 0.0 21.0 129.0 14164.903731587581 14112.340740740723 14232.777777777797 
186.00313653679083 9.0 0.0 21.0 128.0 14164.202027605033 14094.733333333343 14232.777777777797 
187.00313653679083 9.0 0.0 21.0 128.0 14163.507340662318 14094.733333333343 14232.777777777797 
188.00313653679083 9.0 0.0 21.0 128.0 14162.819600589031 14094.733333333343 14232.777777777797 
189.00313653679083 9.0 0.0 21.0 127.0 14162.138737916466 14094.733333333343 14232.777777777797 
190.00313653679083 9.0 0.0 21.0 127.0 14161.464683870638 14094.733333333343 14232.777777777797 
191.00313653679083 9.0 0.0 21.0 126.0 14160.797370365264 14094.733333333343 14232.777777777797 
192.00313653679083 9.0 0.0 21.0 126.0 14160.136729994954 14094.733333333343 14232.777777777797 
193.00313653679083 9.0 0.0 21.0 126.0 14159.482696028332 14094.733333333343 14232.777777777797 
194.00313653679083 9.0 0.0 21.0 126.0 14158.835202401388 14094.733333333343 14232.777777777797 
195.00313653679083 9.0 0.0 21.0 126.0 14158.194183710684 14094.733333333343 14232.777777777797 
196.0024877351967 9.0 0.0 21.0 126.0 14157.559575206931 14094.733333333343 14232.777777777797 
197.00313653679083 9.0 0.0 22.0 126.0 14156.93131278819 14094.733333333343 14232.777777777797 
198.00313653679083 9.0 0.0 22.0 126.0 14156.278147808434 14091.614814814824 14232.777777777797 
199.00313653679083 9.0 0.0 23.0 126.0 14155.631514478548 14091.614814814824 14232.777777777797 
200.00313653679083 10.0 0.0 22.0 126.0 14154.960088222635 14088.488888888909 14232.777777777797 
201.00313653679083 11.0 0.0 21.0 126.0 14154.471450303368 14106.096296296291 14232.777777777797 
202.00313653679083 11.0 0.0 21.0 126.0 14154.16384691146 14123.711111111119 14232.777777777797 
203.00313653679083 11.0 0.0 21.0 126.0 14153.859319553416 14123.711111111119 14232.777777777797 
204.00313653679083 11.0 0.0 21.0 126.0 14153.557837468998 14123.711111111119 14232.777777777797 
205.00313653679083 11.0 0.0 21.0 125.0 14153.259370205416 14123.711111111119 14232.777777777797 
206.00313653679083 11.0 0.0 21.0 125.0 14152.963887614482 14123.711111111119 14232.777777777797 
207.00313653679083 11.0 0.0 21.0 125.0 14152.671359849452 14123.711111111119 14232.777777777797 
208.00313653679083 11.0 0.0 21.0 125.0 14152.381757362093 14123.711111111119 14232.777777777797 
209.00313653679083 11.0 0.0 21.0 125.0 14152.095050899572 14123.711111111119 14232.777777777797 
210.00313653679083 11.0 0.0 21.0 125.0 14151.811211501667 14123.711111111119 14232.777777777797 
211.00313653679083 11.0 0.0 21.0 125.0 14151.530210497764 14123.711111111119 14232.777777777797 
212.00313653679083 11.0 0.0 21.0 125.0 14151.252019503938 14123.711111111119 14232.777777777797 
213.00313653679083 11.0 0.0 21.0 125.0 14150.976610419957 14123.711111111119 14232.777777777797 
214.00313653679083 11.0 0.0 21.0 125.0 14150.703955426892 14123.711111111119 14232.777777777797 
215.00313653679083 11.0 0.0 21.0 125.0 14150.434026983745 14123.711111111119 14232.777777777797 
216.00313653679083 11.0 0.0 21.0 125.0 14150.166797825017 14123.711111111119 14232.777777777797 
217.00313653679083 11.0 0.0 21.0 125.0 14149.902240957888 14123.711111111119 14232.777777777797 
218.00313653679083 11.0 0.0 21.0 125.0 14149.640329659378 14123.711111111119 14232.777777777797 
219.00313653679083 11.0 0.0 21.0 125.0 14149.381037473922 14123.711111111119 14232.777777777797 
220.00313653679083 11.0 0.0 21.0 125.0 14149.124338210273 14123.711111111119 14232.777777777797 
221.00313653679083 11.0 0.0 23.0 125.0 14148.87020593931 14123.711111111119 14232.777777777797 
222.00313653679083 12.0 0.0 22.0 125.0 14148.442466842876 14106.096296296291 14232.777777777797 
223.00313653679083 12.0 0.0 22.0 125.0 14148.019079211472 14106.103703703682 14232.777777777797 
224.00313653679083 12.0 0.0 22.0 125.0 14147.599925456392 14106.103703703682 14232.777777777797 
225.00313653679083 12.0 0.0 22.0 125.0 14147.184963238862 14106.103703703682 14232.777777777797 
226.00313653679083 12.0 0.0 22.0 125.0 14146.774150643536 14106.103703703682 14232.777777777797 
227.00313653679083 12.0 0.0 22.0 125.0 14146.367446174108 14106.103703703682 14232.777777777797 
228.00313653679083 12.0 0.0 22.0 124.0 14145.964808749415 14106.103703703682 14232.777777777797 
229.00313653679083 12.0 0.0 23.0 124.0 14145.566197698978 14106.103703703682 14232.777777777797 
230.00313653679083 12.0 0.0 24.0 124.0 14144.995424610857 14088.488888888909 14232.777777777797 
231.00313653679083 12.0 0.0 25.0 124.0 14144.399099994389 14085.362962962958 14232.777777777797 
232.00313653679083 12.0 0.0 25.0 124.0 14143.808738624062 14085.362962962958 14232.777777777797 
233.00313653679083 12.0 0.0 25.0 124.0 14143.048132719305 14067.748148148132 14232.777777777797 
234.00313653679083 12.0 0.0 26.0 124.0 14142.29513287361 14067.748148148132 14232.777777777797 
235.00313653679083 12.0 0.0 26.0 124.0 14141.518477841168 14064.629629629611 14232.777777777797 
236.00313653679083 12.0 0.0 26.0 124.0 14140.749589359035 14064.629629629611 14232.777777777797 
237.00313653679083 12.0 0.0 26.0 124.0 14139.98838976175 14064.629629629611 14232.777777777797 
238.00313653679083 12.0 0.0 27.0 124.0 14139.23480216044 14064.629629629611 14232.777777777797 
239.00313653679083 13.0 0.0 27.0 124.0 14138.457491175848 14061.503703703696 14232.777777777797 
240.00313653679083 13.0 0.0 28.0 124.0 14137.687953301132 14061.503703703696 14232.777777777797 
241.00313653679083 13.0 0.0 28.0 124.0 14136.89485154591 14058.377777777787 14232.777777777797 
242.00313653679083 13.0 0.0 28.0 124.0 14136.109680808222 14058.377777777787 14232.777777777797 
243.00313653679083 13.0 0.0 28.0 124.0 14135.332361777917 14058.377777777787 14232.777777777797 
244.00313653679083 13.0 0.0 28.0 124.0 14134.562815937925 14058.377777777787 14232.777777777797 
245.00313653679083 13.0 0.0 28.0 124.0 14133.80096555632 14058.377777777787 14232.777777777797 
246.00313653679083 13.0 0.0 30.0 124.0 14133.046733678519 14058.377777777787 14232.777777777797 
247.00313653679083 13.0 0.0 31.0 124.0 14132.09278486026 14037.651851851839 14232.777777777797 
248.00313653679083 13.0 0.0 32.0 124.0 14131.117116270927 14034.525925925918 14232.777777777797 
249.00313653679083 13.0 0.0 33.0 124.0 14129.975130293407 14016.918518518494 14232.777777777797 
250.00313653679083 13.0 0.0 34.0 124.0 14128.668416027525 13999.303703703716 14232.777777777797 
251.00313653679083 13.0 0.0 34.0 124.0 14127.374768904263 13999.303703703716 14232.777777777797 
252.00313653679083 14.0 0.0 33.0 124.0 14125.91791010409 13981.688888888892 14232.777777777797 
253.00313653679083 14.0 0.0 34.0 124.0 14124.651768040088 13999.303703703716 14232.777777777797 
254.00313653679083 14.0 0.0 34.0 124.0 14123.367028137498 13996.17777777776 14232.777777777797 
255.00313653679083 14.0 0.0 35.0 124.0 14122.095135633908 13996.17777777776 14232.777777777797 
256.00313653679086 14.0 0.0 35.0 124.0 14120.835962055324 13996.17777777776 14232.777777777797 
257.00313653679086 15.0 0.0 34.0 124.0 14119.413306138471 13978.570370370371 14232.777777777797 
258.00313653679086 15.0 0.0 34.0 124.0 14118.18095085485 13996.17777777776 14232.777777777797 
259.00313653679086 15.0 0.0 34.0 124.0 14116.960919124109 13996.17777777776 14232.777777777797 
260.00313653679086 15.0 0.0 35.0 123.0 14115.753087710655 13996.17777777776 14232.777777777797 
261.00313653679086 15.0 0.0 36.0 123.0 14114.526075352034 13993.05185185184 14232.777777777797 
262.00313653679086 15.0 0.0 36.0 123.0 14113.280073857786 13989.925925925929 14232.777777777797 
263.00313653679086 16.0 0.0 36.0 123.0 14112.046532378474 13989.925925925929 14232.777777777797 
264.00313653679086 16.0 0.0 36.0 123.0 14110.970289276895 14004.422222222236 14232.777777777797 
265.00313653679086 16.0 0.0 36.0 123.0 14109.90480860636 14004.422222222236 14232.777777777797 
266.00313653679086 16.0 0.0 36.0 123.0 14108.84998274251 14004.422222222236 14232.777777777797 
267.00313653679086 16.0 0.0 36.0 122.0 14107.805705137305 14004.422222222236 14232.777777777797 
268.00313653679086 16.0 0.0 37.0 122.0 14106.771870308157 14004.422222222236 14232.777777777797 
269.00313653679086 16.0 0.0 38.0 122.0 14105.717114568064 14001.29629629628 14232.777777777797 
270.00313653679086 16.0 0.0 39.0 122.0 14104.496758237181 13983.681481481453 14232.777777777797 
271.00313653679086 17.0 0.0 38.0 122.0 14103.112531395545 13966.074074074071 14232.777777777797 
272.00313653679086 17.0 0.0 38.0 122.0 14101.918220896403 13983.681481481453 14232.777777777797 
273.00313653679086 18.0 0.0 37.0 122.0 14100.73585350224 13983.681481481453 14232.777777777797 
274.00313653679086 18.0 0.0 37.0 122.0 14099.74145793019 14001.29629629628 14232.777777777797 
275.00313653679086 18.0 0.0 39.0 122.0 14098.75700631385 14001.29629629628 14232.777777777797 
276.00313653679086 18.0 0.0 39.0 122.0 14097.574991806283 13980.555555555586 14232.777777777797 
277.00313653679086 18.0 0.0 39.0 122.0 14096.404797443776 13980.555555555586 14232.777777777797 
278.00313653679086 18.0 0.0 39.0 122.0 14095.246305024895 13980.555555555586 14232.777777777797 
279.00313653679086 18.0 0.0 41.0 122.0 14094.099397530204 13980.555555555586 14232.777777777797 
280.00313653679086 18.0 0.0 42.0 122.0 14092.932773925255 13977.437037037065 14232.777777777797 
281.00313653679086 18.0 0.0 42.0 122.0 14091.425594334156 13942.214814814812 14232.777777777797 
282.00313653679086 18.0 0.0 43.0 122.0 14089.933486538983 13942.214814814812 14232.777777777797 
283.00313653679086 18.0 0.0 43.0 122.0 14088.280225747647 13924.607407407428 14232.777777777797 
284.00313653679086 18.0 0.0 45.0 122.0 14086.64349756424 13924.607407407428 14232.777777777797 
285.00313653679086 18.0 0.0 46.0 121.0 14084.960766292304 13918.370370370389 14232.777777777797 
286.00313653679086 18.0 0.0 46.0 121.0 14083.118714184919 13900.755555555561 14232.777777777797 
287.00313653679086 19.0 0.0 47.0 121.0 14081.295082598623 13900.755555555561 14232.777777777797 
288.00313653679086 19.0 0.0 47.0 121.0 14079.458576217125 13897.644444444439 14232.777777777797 
289.00313653679086 19.0 0.0 47.0 121.0 14077.640434899384 13897.644444444439 14232.777777777797 
290.00313653679086 20.0 0.0 46.0 121.0 14075.840474994815 13897.644444444439 14232.777777777797 
291.00313653679086 20.0 0.0 46.0 121.0 14074.234588763382 13915.251851851868 14232.777777777797 
292.00313653679086 20.0 0.0 46.0 121.0 14072.644761394298 13915.251851851868 14232.777777777797 
293.00313653679086 20.0 0.0 46.0 121.0 14071.070832298876 13915.251851851868 14232.777777777797 
294.00313653679086 20.0 0.0 46.0 121.0 14069.51264249438 13915.251851851868 14232.777777777797 
295.00313653679086 20.0 0.0 48.0 121.0 14067.97003458796 13915.251851851868 14232.777777777797 
296.00313653679086 20.0 0.0 48.0 121.0 14066.380408316165 13909.0074074074 14232.777777777797 
297.00313653679086 21.0 0.0 48.0 121.0 14064.80667830706 13909.0074074074 14232.777777777797 
298.00313653679086 21.0 0.0 49.0 121.0 14063.393500412883 13923.488888888909 14232.777777777797 
299.00313653679086 21.0 0.0 49.0 121.0 14061.818306149526 13905.874074074081 14232.777777777797 
300.00313653679086 21.0 0.0 51.0 121.0 14060.258863828749 13905.874074074081 14232.777777777797 
301.00313653679086 21.0 0.0 53.0 121.0 14058.507608523782 13885.13333333335 14232.777777777797 
302.00313653679086 21.0 0.0 53.0 121.0 14056.421643549662 13849.911111111145 14232.777777777797 
303.00313653679086 21.0 0.0 53.0 120.0 14054.35653822528 13849.911111111145 14232.777777777797 
304.00313653679086 21.0 0.0 54.0 120.0 14052.31208395414 13849.911111111145 14232.777777777797 
305.00313653679086 21.0 0.0 55.0 120.0 14050.112000151636 13832.303703703716 14232.777777777797 
306.00313653679086 21.0 0.0 55.0 120.0 14047.757843113095 13814.696296296284 14232.777777777797 
307.00313653679086 22.0 0.0 54.0 119.0 14045.427227644901 13814.696296296284 14232.777777777797 
308.00313653679086 22.0 0.0 55.0 119.0 14043.296066479592 13832.31111111111 14232.777777777797 
309.00313653679086 22.0 0.0 56.0 119.0 14041.010142851805 13814.70370370372 14232.777777777797 
310.00313653679086 22.0 0.0 56.0 109.0 14038.747078460341 13814.70370370372 14232.777777777797 
311.00313653679086 22.0 0.0 58.0 114.0 14036.330570638716 13797.096296296291 14232.777777777797 
312.00313653679086 22.0 0.0 62.0 109.0 14033.575931598974 13760.86666666665 14232.777777777797 
313.00313653679086 22.0 0.0 63.0 114.0 14030.28920932004 13704.90370370371 14232.777777777797 
314.00313653679086 23.0 0.0 64.0 109.0 14027.18024315275 13719.392592592572 14232.777777777797 
315.00313653679086 24.0 0.0 63.0 114.0 14023.895033313813 13698.659259259277 14232.777777777797 
316.00313653679086 24.0 0.0 64.0 109.0 14020.67386075846 13701.777777777797 14232.777777777797 
317.00313653679086 24.0 0.0 65.0 113.0 14017.30882585457 13684.17037037036 14232.777777777797 
318.00313653679086 24.0 0.0 66.0 107.0 14013.80136722565 13666.562962962935 14232.777777777797 
319.00313653679086 25.0 0.0 66.0 112.0 14010.328909108954 13666.555555555584 14232.777777777797 
320.00313653679086 25.0 0.0 68.0 107.0 14006.71510149935 13648.94814814816 14232.777777777797 
321.00313653679086 25.0 0.0 68.0 112.0 14002.961357891745 13631.340740740723 14232.777777777797 
322.00313653679086 25.0 0.0 69.0 107.0 13999.069003572098 13613.725925925946 14232.777777777797 
323.00313653679086 26.0 0.0 68.0 112.0 13995.391646869717 13631.33333333333 14232.777777777797 
324.00313653679086 27.0 0.0 67.0 107.0 13991.574989660277 13613.725925925946 14232.777777777797 
325.00313653679086 27.0 0.0 68.0 112.0 13987.972573097008 13631.33333333333 14232.777777777797 
326.00313653679086 27.0 0.0 68.0 107.0 13984.230106625319 13613.725925925946 14232.777777777797 
327.00313653679086 27.0 0.0 69.0 112.0 13980.525064818296 13613.725925925946 14232.777777777797 
328.00313653679086 28.0 0.0 68.0 107.0 13976.680925281225 13596.111111111119 14232.777777777797 
329.00313653679086 28.0 0.0 68.0 112.0 13973.051375287683 13613.725925925946 14232.777777777797 
330.00313653679086 29.0 0.0 69.0 107.0 13969.63419486813 13631.33333333333 14232.777777777797 
331.00313653679086 32.0 0.0 67.0 112.0 13966.364889956469 13642.703703703717 14232.777777777797 
332.00313653679086 32.0 0.0 67.0 107.0 13963.480426242117 13677.918518518494 14232.777777777797 
333.00313653679086 32.0 0.0 68.0 112.0 13960.624807164882 13677.918518518494 14232.777777777797 
334.00313653679086 32.0 0.0 69.0 107.0 13957.766559093216 13674.799999999974 14232.777777777797 
335.00313653679086 32.0 0.0 70.0 112.0 13954.905634243038 13671.674074074104 14232.777777777797 
336.00313653679086 32.0 0.0 71.0 107.0 13951.89724456726 13654.066666666678 14232.777777777797 
337.00313653679086 32.0 0.0 72.0 112.0 13948.74286471417 13636.459259259243 14232.777777777797 
338.00313653679086 32.0 0.0 72.0 117.0 13945.44388051151 13618.844444444467 14232.777777777797 
339.00313653679086 32.0 0.0 73.0 117.0 13942.177886150841 13618.844444444467 14232.777777777797 
340.00313653679086 32.0 0.0 75.0 117.0 13938.768477659693 13601.23703703704 14232.777777777797 
341.00313653679086 32.0 0.0 76.0 117.0 13935.330718809002 13594.992592592598 14232.777777777797 
342.00313653679086 32.0 0.0 77.0 117.0 13931.751263472801 13577.385185185174 14232.777777777797 
343.00313653679086 33.0 0.0 78.0 117.0 13928.207602689905 13577.385185185174 14232.777777777797 
344.00313653679086 33.0 0.0 78.0 117.0 13924.636934070424 13571.140740740748 14232.777777777797 
345.00313653679086 33.0 0.0 78.0 117.0 13921.101972137114 13571.140740740748 14232.777777777797 
346.00313653679086 34.0 0.0 79.0 116.0 13917.602359823133 13571.140740740748 14232.777777777797 
347.00313653679086 34.0 0.0 80.0 116.0 13914.106558447136 13568.022222222227 14232.777777777797 
348.00313653679086 34.0 0.0 82.0 116.0 13910.469641010817 13550.414814814803 14232.777777777797 
349.00313653679086 35.0 0.0 81.0 116.0 13907.013981637738 13564.903703703709 14232.777777777797 
350.00313653679086 36.0 0.0 81.0 116.0 13903.416804784325 13547.296296296283 14232.777777777797 
351.00313653679086 36.0 0.0 81.0 116.0 13900.000414514283 13561.777777777797 14232.777777777797 
352.00313653679086 37.0 0.0 82.0 116.0 13896.794262220968 13579.385185185174 14232.777777777797 
353.00313653679086 37.0 0.0 83.0 116.0 13893.588912191368 13576.259259259268 14232.777777777797 
354.00313653679086 39.0 0.0 82.0 115.0 13890.208356402762 13555.533333333324 14232.777777777797 
355.00313653679086 39.0 0.0 82.0 103.0 13887.03768024615 13573.140740740748 14232.777777777797 
356.00313653679086 39.0 0.0 84.0 114.0 13883.898710851106 13573.140740740748 14232.777777777797 
357.00313653679086 40.0 0.0 84.0 101.0 13880.086686705557 13502.696296296284 14232.777777777797 
358.00313653679086 42.0 0.0 82.0 113.0 13876.065227245906 13477.940740740725 14232.777777777797 
359.00313653679086 42.0 0.0 82.0 101.0 13872.259982380852 13495.540740740757 14232.777777777797 
360.00313653679086 42.0 0.0 82.0 113.0 13868.492789964472 13495.540740740757 14232.777777777797 
361.00313653679086 42.0 0.0 82.0 101.0 13864.763269472236 13495.540740740757 14232.777777777797 
362.00313653679086 42.0 0.0 83.0 112.0 13861.071044184908 13495.540740740757 14232.777777777797 
363.00313653679086 42.0 0.0 87.0 100.0 13857.415741150446 13495.540740740757 14232.777777777797 
364.00313653679086 44.0 0.0 87.0 112.0 13852.916546701917 13407.496296296307 14232.777777777797 
365.00313653679086 44.0 0.0 89.0 111.0 13848.576047901579 13418.866666666652 14232.777777777797 
366.00313653679086 44.0 0.0 90.0 111.0 13844.071620755907 13398.133333333348 14232.777777777797 
367.00313653679086 44.0 0.0 92.0 111.0 13839.26001565944 13362.911111111145 14232.777777777797 
368.00313653679086 44.0 0.0 93.0 111.0 13834.320452539881 13345.303703703716 14232.777777777797 
369.00313653679086 44.0 0.0 93.0 111.0 13829.254210977442 13327.696296296284 14232.777777777797 
370.00313653679086 44.0 0.0 97.0 111.0 13824.06255775655 13310.088888888855 14232.777777777797 
371.00313653679086 44.0 0.0 98.0 111.0 13818.394598845669 13257.266666666652 14232.777777777797 
372.00313653679086 44.0 0.0 100.0 111.0 13812.575986190532 13236.533333333326 14232.777777777797 
373.00313653679086 44.0 0.0 101.0 111.0 13806.639411513812 13218.918518518494 14232.777777777797 
374.00313653679086 45.0 0.0 100.0 111.0 13800.58605443572 13201.303703703716 14232.777777777797 
375.00313653679086 45.0 0.0 100.0 111.0 13794.593230928396 13201.303703703716 14232.777777777797 
376.00313653679086 45.0 0.0 101.0 110.0 13788.660335656137 13201.303703703716 14232.777777777797 
377.00313653679086 45.0 0.0 101.0 110.0 13782.786769336619 13201.303703703716 14232.777777777797 
378.00313653679086 45.0 0.0 102.0 110.0 13776.795790532151 13183.688888888886 14232.777777777797 
379.00313653679086 45.0 0.0 105.0 110.0 13770.864721515723 13183.688888888886 14232.777777777797 
380.00313653679086 45.0 0.0 105.0 110.0 13764.640815041304 13148.474074074082 14232.777777777797 
381.00313653679086 45.0 0.0 106.0 100.0 13758.250777261253 13125.637037037035 14232.777777777797 
382.00313653679086 45.0 0.0 107.0 104.0 13751.924639859015 13125.637037037035 14232.777777777797 
383.00313653679086 46.0 0.0 106.0 92.0 13745.43539346042 13103.0 14232.777777777797 
384.00313653679086 47.0 0.0 107.0 104.0 13739.01103952582 13103.0 14232.777777777797 
385.00313653679086 48.0 0.0 107.0 91.0 13732.67196616758 13105.103703703682 14232.777777777797 
386.00313653679086 50.0 0.0 106.0 103.0 13726.541172431838 13119.592592592599 14232.777777777797 
387.00313653679086 50.0 0.0 106.0 92.0 13720.29553848532 13101.977777777769 14232.777777777797 
388.00313653679086 51.0 0.0 106.0 93.0 13713.760212730085 13066.76296296296 14232.777777777797 
389.00313653679086 51.0 0.0 107.0 104.0 13706.409647639806 12978.703703703712 14232.777777777797 
390.00313653679086 51.0 0.0 110.0 92.0 13698.956440052323 12961.088888888855 14232.777777777797 
391.00313653679086 51.0 0.0 110.0 93.0 13691.246579355493 12927.970370370336 14232.777777777797 
392.00313653679086 51.0 0.0 112.0 103.0 13683.313965413783 12897.985185185164 14232.777777777797 
393.00313653679086 51.0 0.0 112.0 92.0 13674.932381315217 12845.155555555533 14232.777777777797 
394.00313653679086 52.0 0.0 113.0 102.0 13666.634687131665 12845.162962962953 14232.777777777797 
395.00313653679086 52.0 0.0 114.0 108.0 13658.419969889977 12845.162962962953 14232.777777777797 
396.00313653679086 53.0 0.0 115.0 90.0 13649.551770191092 12771.60000000001 14232.777777777797 
397.00313653679086 53.0 0.0 120.0 101.0 13640.419956192893 12736.370370370387 14232.777777777797 
398.00313653679086 53.0 0.0 120.0 90.0 13630.99605292726 12698.029629629664 14232.777777777797 
399.00313653679086 53.0 0.0 120.0 101.0 13621.314240546139 12662.814814814805 14232.777777777797 
400.00313653679086 54.0 0.0 120.0 96.0 13611.481764807322 12638.066666666677 14232.777777777797 
401.00313653679086 55.0 0.0 120.0 98.0 13600.724354566666 12535.740740740723 14232.777777777797 
402.00313653679086 55.0 0.0 121.0 93.0 13590.250592502467 12553.348148148149 14232.777777777797 
403.00313653679086 57.0 0.0 119.0 98.0 13579.705493984864 12535.740740740723 14232.777777777797 
404.00313653679086 57.0 0.0 122.0 95.0 13569.297105711692 12538.866666666652 14232.777777777797 
405.00313653679086 57.0 0.0 122.0 93.0 13558.6094679879 12500.533333333333 14232.777777777797 
406.00313653679086 57.0 0.0 126.0 102.0 13547.85263256728 12482.92592592592 14232.777777777797 
407.00313653679086 59.0 0.0 124.0 98.0 13536.674995130501 12430.088888888857 14232.777777777797 
408.00313653679086 61.0 0.0 122.0 102.0 13525.432985919942 12412.474074074082 14232.777777777797 
409.00313653679086 61.0 0.0 123.0 98.0 13514.65554494963 12447.688888888879 14232.777777777797 
410.00313653679086 61.0 0.0 124.0 101.0 13503.809730240879 12430.074074074084 14232.777777777797 
411.00313653679086 61.0 0.0 124.0 98.0 13493.072373679215 12430.074074074084 14232.777777777797 
412.00313653679086 61.0 0.0 125.0 101.0 13482.266316609073 12412.466666666665 14232.777777777797 
413.00313653679086 61.0 0.0 125.0 98.0 13471.568320109654 12412.466666666665 14232.777777777797 
414.00313653679086 61.0 0.0 125.0 101.0 13460.801229501147 12394.859259259243 14232.777777777797 
415.00313653679086 61.0 0.0 125.0 98.0 13450.141809798713 12394.859259259243 14232.777777777797 
416.00313653679086 62.0 0.0 124.0 101.0 13439.58898429334 12394.859259259243 14232.777777777797 
417.00313653679086 62.0 0.0 125.0 98.0 13429.317761117052 12412.466666666665 14232.777777777797 
418.00313653679086 63.0 0.0 126.0 104.0 13419.149250172566 12412.466666666665 14232.777777777797 
419.00313653679086 63.0 0.0 128.0 98.0 13408.606350263422 12364.859259259243 14232.777777777797 
420.00313653679086 63.0 0.0 128.0 104.0 13397.785546020055 12326.525925925918 14232.777777777797 
421.00313653679086 63.0 0.0 128.0 98.0 13387.072949819105 12326.525925925918 14232.777777777797 
422.00313653679086 64.0 0.0 127.0 104.0 13376.64362772833 12344.140740740757 14232.777777777797 
423.00313653679086 64.0 0.0 128.0 98.0 13366.318598858452 12344.140740740757 14232.777777777797 
424.00313653679086 64.0 0.0 130.0 104.0 13356.096820277282 12344.140740740757 14232.777777777797 
425.00313653679086 64.0 0.0 130.0 83.0 13345.593852074502 12305.799999999976 14232.777777777797 
426.00313653679086 65.0 0.0 129.0 105.0 13334.315395035239 12217.748148148134 14232.777777777797 
427.00313653679086 65.0 0.0 131.0 83.0 13323.32579664043 12235.355555555561 14232.777777777797 
428.00313653679086 67.0 0.0 129.0 105.0 13312.09394608144 12200.14074074076 14232.777777777797 
429.00313653679086 68.0 0.0 130.0 83.0 13301.326636250256 12235.362962962974 14232.777777777797 
430.00313653679086 68.0 0.0 130.0 78.0 13290.843073591463 12252.970370370336 14232.777777777797 
431.00313653679086 68.0 0.0 130.0 83.0 13280.1644947074 12222.985185185164 14232.777777777797 
432.00313653679086 68.0 0.0 130.0 70.0 13268.412331241803 12104.94814814816 14232.777777777797 
433.00313653679086 68.0 0.0 130.0 82.0 13256.777689410883 12104.94814814816 14232.777777777797 
434.00313653679086 68.0 0.0 130.0 62.0 13244.523764368612 12031.385185185161 14232.777777777797 
435.00313653679086 68.0 0.0 130.0 91.0 13231.864082280486 11978.555555555582 14232.777777777797 
436.00313653679086 69.0 0.0 129.0 54.0 13219.092478494707 11954.7037037037 14232.777777777797 
437.00313653679086 70.0 0.0 129.0 94.0 13205.568072228301 11866.651851851859 14232.777777777797 
438.00313653679086 72.0 0.0 128.0 58.0 13192.3549840986 11884.259259259283 14232.777777777797 
439.00313653679086 72.0 0.0 129.0 94.0 13179.418767590945 11898.73333333336 14232.777777777797 
440.00313653679086 73.0 0.0 128.0 58.0 13166.312061396507 11868.748148148132 14232.777777777797 
441.00313653679086 74.0 0.0 129.0 94.0 13153.564792634386 11891.58518518518 14232.777777777797 
442.00313653679086 74.0 0.0 129.0 58.0 13140.913737300649 11888.459259259243 14232.777777777797 
443.00313653679086 74.0 0.0 129.0 94.0 13128.213118446161 11870.851851851874 14232.777777777797 
444.00313653679086 75.0 0.0 128.0 65.0 13115.639505780216 11870.851851851874 14232.777777777797 
445.00313653679086 75.0 0.0 128.0 91.0 13103.19170331501 11870.859259259238 14232.777777777797 
446.00313653679086 76.0 0.0 129.0 62.0 13091.044452948536 11888.46666666666 14232.777777777797 
447.00313653679086 76.0 0.0 129.0 90.0 13079.018675085701 11888.46666666666 14232.777777777797 
448.00313653679086 77.0 0.0 128.0 62.0 13066.689525371883 11846.103703703682 14232.777777777797 
449.00313653679086 79.0 0.0 126.0 90.0 13054.712185673718 11868.955555555578 14232.777777777797 
450.00313653679086 79.0 0.0 127.0 62.0 13043.030767520693 11886.570370370355 14232.777777777797 
451.00313653679086 79.0 0.0 127.0 90.0 13031.466163549183 11886.570370370355 14232.777777777797 
452.00313653679086 80.0 0.0 126.0 61.0 13019.986020432209 11883.451851851834 14232.777777777797 
453.00313653679086 80.0 0.0 126.0 90.0 13008.796752820475 11901.059259259258 14232.777777777797 
454.00313653679086 80.0 0.0 126.0 61.0 12997.719377884865 11901.059259259258 14232.777777777797 
455.00313653679086 80.0 0.0 126.0 90.0 12986.75277669862 11901.059259259258 14232.777777777797 
456.00313653679086 80.0 0.0 126.0 68.0 12975.89584152421 11901.059259259258 14232.777777777797 
457.00313653679086 80.0 0.0 126.0 90.0 12965.147475701582 11901.059259259258 14232.777777777797 
458.00313653679086 80.0 0.0 126.0 74.0 12954.330519463074 11883.451851851834 14232.777777777797 
459.00313653679086 80.0 0.0 126.0 90.0 12943.621732786947 11883.451851851834 14232.777777777797 
460.00313653679086 80.0 0.0 126.0 66.0 12933.02003397761 11883.451851851834 14232.777777777797 
461.00313653679086 81.0 0.0 125.0 94.0 12922.524352156359 11883.451851851834 14232.777777777797 
462.00313653679086 82.0 0.0 124.0 65.0 12912.30970122739 11901.059259259258 14232.777777777797 
463.00313653679086 83.0 0.0 123.0 93.0 12902.197122733634 11901.05185185184 14232.777777777797 
464.00313653679086 83.0 0.0 123.0 68.0 12892.361818172949 11918.666666666682 14232.777777777797 
465.00313653679086 84.0 0.0 123.0 93.0 12882.624866657898 11918.666666666682 14232.777777777797 
466.00313653679086 86.0 0.0 121.0 68.0 12872.809210583906 11901.059259259258 14232.777777777797 
467.00313653679086 86.0 0.0 122.0 94.0 12863.44378514474 11936.26666666664 14232.777777777797 
468.00313653679086 86.0 0.0 122.0 68.0 12854.1407547007 11933.140740740762 14232.777777777797 
469.00313653679086 87.0 0.0 121.0 94.0 12845.106828635164 11950.748148148134 14232.777777777797 
470.00313653679086 88.0 0.0 120.0 67.0 12836.163241830298 11950.748148148134 14232.777777777797 
471.00313653679086 88.0 0.0 120.0 93.0 12827.485164967542 11968.355555555561 14232.777777777797 
472.00313653679086 88.0 0.0 120.0 68.0 12818.893868873422 11968.355555555561 14232.777777777797 
473.00313653679086 88.0 0.0 120.0 81.0 12810.036337592108 11933.140740740762 14232.777777777797 
474.00313653679086 88.0 0.0 120.0 54.0 12801.26738162358 11933.140740740762 14232.777777777797 
475.00313653679086 88.0 0.0 120.0 89.0 12792.58611521477 11933.140740740762 14232.777777777797 
476.00313653679086 88.0 0.0 120.0 51.0 12783.51455035891 11885.429629629645 14232.777777777797 
477.00313653679086 89.0 0.0 119.0 86.0 12774.53370115162 11885.429629629645 14232.777777777797 
478.00313653679086 89.0 0.0 119.0 54.0 12764.248141917888 11745.977777777758 14232.777777777797 
479.00313653679086 90.0 0.0 119.0 76.0 12752.832771609821 11622.71111111112 14232.777777777797 
480.00313653679086 90.0 0.0 120.0 64.0 12741.531555004813 11622.71111111112 14232.777777777797 
481.00313653679086 90.0 0.0 120.0 77.0 12730.167202417746 11605.096296296277 14232.777777777797 
482.00313653679086 90.0 0.0 120.0 51.0 12718.740419282443 11587.488888888907 14232.777777777797 
483.00313653679086 92.0 0.0 118.0 89.0 12707.427903978512 11587.488888888907 14232.777777777797 
484.00313653679086 92.0 0.0 118.0 60.0 12696.580736049846 11622.71111111112 14232.777777777797 
485.00313653679086 92.0 0.0 118.0 76.0 12685.842039800445 11622.71111111112 14232.777777777797 
486.00313653679086 92.0 0.0 118.0 67.0 12675.087026809862 11610.340740740723 14232.777777777797 
487.00313653679086 92.0 0.0 119.0 82.0 12664.615638023228 11627.94814814816 14232.777777777797 
488.00313653679086 92.0 0.0 119.0 61.0 12654.186518680037 11621.7037037037 14232.777777777797 
489.00313653679086 93.0 0.0 118.0 89.0 12643.861690530268 11621.7037037037 14232.777777777797 
490.00313653679086 93.0 0.0 119.0 60.0 12633.816184736086 11639.311111111127 14232.777777777797 
491.00313653679086 94.0 0.0 118.0 83.0 12623.694985851696 11621.696296296283 14232.777777777797 
492.00313653679086 94.0 0.0 118.0 67.0 12613.498850807979 11604.081481481502 14232.777777777797 
493.00313653679086 96.0 0.0 116.0 79.0 12603.756825262857 11639.2962962963 14232.777777777797 
494.00313653679086 97.0 0.0 115.0 59.0 12594.288294047285 11656.903703703725 14232.777777777797 
495.00313653679086 97.0 0.0 117.0 87.0 12584.914448143845 11656.903703703725 14232.777777777797 
496.00313653679086 98.0 0.0 116.0 57.0 12575.603081440173 11653.777777777797 14232.777777777797 
497.00313653679086 98.0 0.0 117.0 90.0 12566.384828403547 11653.777777777797 14232.777777777797 
498.00313653679086 98.0 0.0 117.0 53.0 12557.227498638043 11650.651851851859 14232.777777777797 
499.00313653679086 98.0 0.0 117.0 74.0 12548.037964392388 11638.274074074056 14232.777777777797 
500.00313653679086 101.0 0.0 114.0 66.0 12538.764251415141 11620.666666666684 14232.777777777797 
501.00313653679086 101.0 0.0 114.0 67.0 12529.96675704915 11659.014814814838 14232.777777777797 
502.00313653679086 101.0 0.0 114.0 64.0 12521.381015404568 11671.392592592576 14232.777777777797 
503.00313653679086 101.0 0.0 114.0 72.0 12512.881131176448 11671.392592592576 14232.777777777797 
504.00313653679086 101.0 0.0 114.0 69.0 12504.642393938771 11689.00740740742 14232.777777777797 
505.00313653679086 101.0 0.0 114.0 77.0 12496.361155184559 11676.518518518502 14232.777777777797 
506.00313653679086 101.0 0.0 114.0 63.0 12488.1627288179 11676.518518518502 14232.777777777797 
507.00313653679086 102.0 0.0 113.0 72.0 12480.22243486305 11694.133333333346 14232.777777777797 
508.00313653679086 102.0 0.0 114.0 67.0 12472.361543847761 11694.133333333346 14232.777777777797 
509.00313653679086 102.0 0.0 114.0 77.0 12464.579261742609 11694.133333333346 14232.777777777797 
510.00313653679086 102.0 0.0 114.0 63.0 12456.667543199255 11673.4074074074 14232.777777777797 
511.00313653679086 103.0 0.0 114.0 72.0 12449.011015915414 11691.014814814838 14232.777777777797 
512.0031365367909 103.0 0.0 114.0 67.0 12441.4310539044 11691.014814814838 14232.777777777797 
513.0031365367909 103.0 0.0 114.0 77.0 12434.05066929129 11703.392592592576 14232.777777777797 
514.0031365367909 103.0 0.0 114.0 63.0 12426.496532968758 11678.637037037022 14232.777777777797 
515.0031365367909 103.0 0.0 114.0 73.0 12419.317789861292 11708.622222222197 14232.777777777797 
516.0031365367909 103.0 0.0 114.0 73.0 12412.303352703402 11717.874074074063 14232.777777777797 
517.0031365367909 104.0 0.0 113.0 77.0 12405.151800657863 11697.14814814813 14232.777777777797 
518.0031365367909 104.0 0.0 113.0 65.0 12398.279097466086 11717.88148148148 14232.777777777797 
519.0031365367909 107.0 0.0 110.0 76.0 12391.651195380315 11735.488888888907 14232.777777777797 
520.0031365367909 107.0 0.0 110.0 84.0 12385.296979722822 11756.22962962962 14232.777777777797 
521.0031365367909 109.0 0.0 108.0 73.0 12379.130009925591 11768.600000000017 14232.777777777797 
522.0031365367909 109.0 0.0 108.0 98.0 12373.20078390039 11786.207407407379 14232.777777777797 
523.0031365367909 109.0 0.0 108.0 79.0 12367.154701987336 11768.592592592599 14232.777777777797 
524.0031365367909 109.0 0.0 108.0 83.0 12361.169080893376 11768.592592592599 14232.777777777797 
525.0031365367909 109.0 0.0 108.0 64.0 12355.243316010383 11768.592592592599 14232.777777777797 
526.0031365367909 110.0 0.0 108.0 78.0 12349.552956924344 11786.207407407379 14232.777777777797 
527.0031365367909 110.0 0.0 108.0 56.0 12343.712168095828 11765.474074074082 14232.777777777797 
528.0031365367909 110.0 0.0 108.0 89.0 12338.105935303778 11783.088888888858 14232.777777777797 
529.0031365367909 110.0 0.0 108.0 69.0 12332.555764839612 11783.088888888858 14232.777777777797 
530.0031365367909 110.0 0.0 108.0 72.0 12327.061096080117 11783.088888888858 14232.777777777797 
531.0031365367909 111.0 0.0 107.0 60.0 12321.621374008193 11783.088888888858 14232.777777777797 
532.0031365367909 111.0 0.0 107.0 96.0 12316.412197305157 11800.7037037037 14232.777777777797 
533.0031365367909 112.0 0.0 106.0 66.0 12311.255112369134 11800.7037037037 14232.777777777797 
534.0031365367909 112.0 0.0 107.0 69.0 12306.325672356563 11818.311111111125 14232.777777777797 
535.0031365367909 113.0 0.0 106.0 64.0 12301.97389711447 11871.148148148131 14232.777777777797 
536.0031365367909 114.0 0.0 106.0 86.0 12297.541861847025 11858.770370370377 14232.777777777797 
537.0031365367909 114.0 0.0 106.0 57.0 12293.154072858204 11858.76296296296 14232.777777777797 
538.0031365367909 114.0 0.0 106.0 84.0 12288.810161759233 11858.76296296296 14232.777777777797 
539.0031365367909 114.0 0.0 107.0 56.0 12284.354652734248 11843.259259259283 14232.777777777797 
540.0031365367909 115.0 0.0 107.0 68.0 12280.067476577271 11855.637037037024 14232.777777777797 
541.0031365367909 115.0 0.0 107.0 78.0 12275.668135144824 11840.133333333346 14232.777777777797 
542.0031365367909 115.0 0.0 108.0 62.0 12271.10552786746 11819.407407407401 14232.777777777797 
543.0031365367909 115.0 0.0 108.0 56.0 12266.888398514702 11849.392592592576 14232.777777777797 
544.0031365367909 115.0 0.0 109.0 59.0 12262.413588603638 11819.407407407401 14232.777777777797 
545.0031365367909 115.0 0.0 109.0 79.0 12257.631304569457 11784.185185185195 14232.777777777797 
546.0031365367909 115.0 0.0 109.0 60.0 12253.02062115338 11796.562962962938 14232.777777777797 
547.0031365367909 115.0 0.0 109.0 62.0 12248.456044571485 11796.562962962938 14232.777777777797 
548.0031365367909 115.0 0.0 109.0 66.0 12243.442076718364 11747.059259259258 14232.777777777797 
549.0031365367909 115.0 0.0 109.0 74.0 12238.654322617846 11764.666666666684 14232.777777777797 
550.0031365367909 115.0 0.0 109.0 66.0 12233.914446058327 11764.666666666684 14232.777777777797 
551.0031365367909 115.0 0.0 109.0 57.0 12229.221968264404 11764.666666666684 14232.777777777797 
552.0031365367909 117.0 0.0 107.0 65.0 12224.6076745077 11767.792592592621 14232.777777777797 
553.0031365367909 118.0 0.0 106.0 74.0 12220.39174591077 11803.014814814836 14232.777777777797 
554.0031365367909 118.0 0.0 106.0 66.0 12216.394050673873 11820.622222222199 14232.777777777797 
555.0031365367909 118.0 0.0 106.0 57.0 12212.560110167144 11833.0 14232.777777777797 
556.0031365367909 118.0 0.0 106.0 66.0 12208.764509065471 11833.0 14232.777777777797 
557.0031365367909 118.0 0.0 106.0 80.0 12205.006863974811 11833.0 14232.777777777797 
558.0031365367909 118.0 0.0 106.0 69.0 12201.286795335056 11833.0 14232.777777777797 
559.0031365367909 118.0 0.0 106.0 58.0 12197.251705159482 11797.777777777796 14232.777777777797 
560.0031365367909 118.0 0.0 106.0 73.0 12193.25696588568 11797.777777777796 14232.777777777797 
561.0031365367909 118.0 0.0 107.0 68.0 12189.126099930534 11780.17037037036 14232.777777777797 
562.0031365367909 118.0 0.0 107.0 65.0 12185.03654263491 11780.17037037036 14232.777777777797 
563.0031365367909 118.0 0.0 107.0 51.0 12180.811732764127 11762.555555555582 14232.777777777797 
564.0031365367909 119.0 0.0 106.0 57.0 12176.629170992028 11762.555555555582 14232.777777777797 
565.0031365367909 119.0 0.0 106.0 61.0 12172.467175578407 11760.429629629645 14232.777777777797 
566.0031365367909 120.0 0.0 105.0 63.0 12168.346800118934 11760.429629629645 14232.777777777797 
567.0031365367909 120.0 0.0 105.0 54.0 12163.739406191806 11707.607407407426 14232.777777777797 
568.0031365367909 120.0 0.0 106.0 86.0 12159.178086203961 11707.607407407426 14232.777777777797 
569.0031365367909 120.0 0.0 106.0 58.0 12154.36245349009 11677.614814814842 14232.777777777797 
570.0031365367909 120.0 0.0 106.0 76.0 12149.771051177393 11695.222222222203 14232.777777777797 
571.0031365367909 120.0 0.0 106.0 61.0 12144.606822147094 11633.348148148141 14232.777777777797 
572.0031365367909 120.0 0.0 106.0 91.0 12139.494235407123 11633.348148148141 14232.777777777797 
573.0031365367909 121.0 0.0 105.0 47.0 12134.42144120119 11632.214814814795 14232.777777777797 
574.0031365367909 121.0 0.0 105.0 89.0 12129.575449011403 11649.822222222221 14232.777777777797 
575.0031365367909 121.0 0.0 105.0 63.0 12124.777916743504 11649.822222222221 14232.777777777797 
576.0031365367909 122.0 0.0 104.0 70.0 12120.028359798307 11649.822222222221 14232.777777777797 
577.0031365367909 122.0 0.0 104.0 57.0 12115.50237249661 11667.429629629645 14232.777777777797 
578.0031365367909 123.0 0.0 103.0 73.0 12111.197719142006 11685.037037037018 14232.777777777797 
579.0031365367909 123.0 0.0 103.0 49.0 12106.936112320964 11685.037037037018 14232.777777777797 
580.0031365367909 123.0 0.0 103.0 73.0 12102.71712156812 11685.037037037018 14232.777777777797 
581.0031365367909 123.0 0.0 103.0 64.0 12098.54032072281 11685.037037037018 14232.777777777797 
582.0031365367909 123.0 0.0 103.0 80.0 12094.405287885964 11685.037037037018 14232.777777777797 
583.0031365367909 123.0 0.0 104.0 71.0 12090.186716488583 11672.548148148166 14232.777777777797 
584.0031365367909 123.0 0.0 104.0 75.0 12086.155219694074 11687.037037037018 14232.777777777797 
585.0031365367909 123.0 0.0 105.0 75.0 12082.1640378675 11687.037037037018 14232.777777777797 
586.0031365367909 123.0 0.0 106.0 76.0 12078.088990081405 11674.659259259277 14232.777777777797 
587.0031365367909 124.0 0.0 105.0 73.0 12074.054766847263 11674.666666666684 14232.777777777797 
588.0031365367909 125.0 0.0 104.0 78.0 12070.092145104729 11677.792592592621 14232.777777777797 
589.0031365367909 126.0 0.0 103.0 67.0 12066.345223653661 11695.399999999981 14232.777777777797 
590.0031365367909 126.0 0.0 103.0 79.0 12062.635771417124 11695.399999999981 14232.777777777797 
591.0031365367909 126.0 0.0 103.0 60.0 12059.139561851105 11713.014814814838 14232.777777777797 
592.0031365367909 128.0 0.0 101.0 73.0 12056.030462528888 11748.22962962962 14232.777777777797 
593.0031365367909 128.0 0.0 101.0 40.0 12052.952454199907 11748.22962962962 14232.777777777797 
594.0031365367909 129.0 0.0 100.0 45.0 12049.905225954211 11748.22962962962 14232.777777777797 
595.0031365367909 129.0 0.0 100.0 45.0 12046.940840361329 11753.46666666666 14232.777777777797 
596.0031365367909 129.0 0.0 100.0 54.0 12044.006098624366 11753.46666666666 14232.777777777797 
597.0031365367909 130.0 0.0 99.0 52.0 12040.572333934428 11700.629629629613 14232.777777777797 
598.0031365367909 130.0 0.0 99.0 46.0 12037.172906891374 11700.629629629613 14232.777777777797 
599.0031365367909 130.0 0.0 100.0 47.0 12033.807474118765 11700.629629629613 14232.777777777797 
600.0031365367909 131.0 0.0 99.0 48.0 12030.475695673878 11700.629629629613 14232.777777777797 
#####################################################################
# End of data export. Simulation finished at: 2020-01-31T21:05+0000 #
#####################################################################
