#####################################################################
# Alchemist log file - simulation started at: 2020-02-12T15:17+0000 #
#####################################################################
# longseed = 23.0, meanTaskSize = 10, peakFrequency = 0.1
#
# The columns have the following meaning: 
# time done[Sum] drop[Sum] waiting[Sum] isLeader[Sum] capacity[Mean] freeCapacity[Mean] maxCapacity[Mean] 
0.0 NaN 0.0 NaN NaN NaN NaN NaN 
1.0061499825585338 0.0 0.0 0.0 135.0 14232.777777777797 14232.777777777797 14232.777777777797 
2.006149982558534 0.0 0.0 0.0 135.0 14232.777777777797 14232.777777777797 14232.777777777797 
3.006149982558534 0.0 0.0 0.0 135.0 14232.777777777797 14232.777777777797 14232.777777777797 
4.006149982558534 0.0 0.0 0.0 135.0 14232.777777777797 14232.777777777797 14232.777777777797 
5.006149982558534 0.0 0.0 0.0 135.0 14232.777777777797 14232.777777777797 14232.777777777797 
6.006149982558534 0.0 0.0 0.0 135.0 14232.777777777797 14232.777777777797 14232.777777777797 
7.006149982558534 0.0 0.0 0.0 135.0 14232.777777777797 14232.777777777797 14232.777777777797 
8.006149982558533 0.0 0.0 0.0 135.0 14232.777777777797 14232.777777777797 14232.777777777797 
9.006149982558533 0.0 0.0 0.0 135.0 14232.777777777797 14232.777777777797 14232.777777777797 
10.006149982558533 0.0 0.0 0.0 135.0 14232.777777777797 14232.777777777797 14232.777777777797 
11.006149982558533 0.0 0.0 0.0 135.0 14232.777777777797 14232.777777777797 14232.777777777797 
12.006149982558533 0.0 0.0 0.0 135.0 14232.777777777797 14232.777777777797 14232.777777777797 
13.006149982558533 0.0 0.0 0.0 135.0 14232.777777777797 14232.777777777797 14232.777777777797 
14.006149982558533 0.0 0.0 0.0 135.0 14232.777777777797 14232.777777777797 14232.777777777797 
15.006149982558533 0.0 0.0 0.0 135.0 14232.777777777797 14232.777777777797 14232.777777777797 
16.006149982558533 0.0 0.0 0.0 135.0 14232.777777777797 14232.777777777797 14232.777777777797 
17.006149982558533 0.0 0.0 0.0 135.0 14232.777777777797 14232.777777777797 14232.777777777797 
18.006149982558533 0.0 0.0 0.0 135.0 14232.777777777797 14232.777777777797 14232.777777777797 
19.006149982558533 0.0 0.0 0.0 135.0 14232.777777777797 14232.777777777797 14232.777777777797 
20.006149982558533 0.0 0.0 0.0 135.0 14232.777777777797 14232.777777777797 14232.777777777797 
21.006149982558533 0.0 0.0 0.0 135.0 14232.777777777797 14232.777777777797 14232.777777777797 
22.006149982558533 0.0 0.0 2.0 135.0 14232.777777777797 14232.777777777797 14232.777777777797 
23.006149982558533 2.0 0.0 0.0 135.0 14232.152592592567 14226.525925925918 14232.777777777797 
24.006149982558533 2.0 0.0 0.0 135.0 14232.215111111142 14232.777777777797 14232.777777777797 
25.006149982558533 2.0 0.0 0.0 135.0 14232.271377777783 14232.777777777797 14232.777777777797 
26.006149982558533 2.0 0.0 1.0 135.0 14232.322017777771 14232.777777777797 14232.777777777797 
27.006149982558533 2.0 0.0 1.0 135.0 14232.055001185185 14229.651851851839 14232.777777777797 
28.006149982558533 3.0 0.0 0.0 135.0 14231.814686251877 14229.651851851839 14232.777777777797 
29.006149982558533 3.0 0.0 0.0 135.0 14231.910995404427 14232.777777777797 14232.777777777797 
30.006149982558533 3.0 0.0 0.0 135.0 14231.99767364176 14232.777777777797 14232.777777777797 
31.006149982558533 3.0 0.0 0.0 135.0 14232.07568405538 14232.777777777797 14232.777777777797 
32.00614998255853 3.0 0.0 0.0 135.0 14232.145893427616 14232.777777777797 14232.777777777797 
33.00614998255853 3.0 0.0 0.0 135.0 14232.20908186266 14232.777777777797 14232.777777777797 
34.00614998255853 3.0 0.0 0.0 135.0 14232.265951454128 14232.777777777797 14232.777777777797 
35.00614998255853 3.0 0.0 0.0 135.0 14232.317134086516 14232.777777777797 14232.777777777797 
36.00614998255853 3.0 0.0 0.0 135.0 14232.363198455625 14232.777777777797 14232.777777777797 
37.00614998255853 3.0 0.0 1.0 135.0 14232.40465638784 14232.777777777797 14232.777777777797 
38.00614998255853 4.0 0.0 0.0 135.0 14230.680487045385 14215.162962962962 14232.777777777797 
39.00614998255853 4.0 0.0 0.0 135.0 14230.890216118574 14232.777777777797 14232.777777777797 
40.00614998255853 4.0 0.0 0.0 135.0 14231.078972284517 14232.777777777797 14232.777777777797 
41.00614998255853 4.0 0.0 0.0 135.0 14231.248852833829 14232.777777777797 14232.777777777797 
42.00614998255853 4.0 0.0 0.0 135.0 14231.40174532826 14232.777777777797 14232.777777777797 
43.00614998255853 4.0 0.0 0.0 135.0 14231.539348573195 14232.777777777797 14232.777777777797 
44.00614998255853 4.0 0.0 0.0 135.0 14231.66319149368 14232.777777777797 14232.777777777797 
45.00614998255853 4.0 0.0 0.0 135.0 14231.77465012208 14232.777777777797 14232.777777777797 
46.00614998255853 4.0 0.0 0.0 135.0 14231.87496288764 14232.777777777797 14232.777777777797 
47.00614998255853 4.0 0.0 0.0 135.0 14231.965244376652 14232.777777777797 14232.777777777797 
48.00614998255853 4.0 0.0 0.0 135.0 14232.046497716745 14232.777777777797 14232.777777777797 
49.00614998255853 4.0 0.0 0.0 135.0 14232.119625722877 14232.777777777797 14232.777777777797 
50.00614998255853 4.0 0.0 0.0 135.0 14232.185440928353 14232.777777777797 14232.777777777797 
51.00614998255853 4.0 0.0 0.0 135.0 14232.244674613294 14232.777777777797 14232.777777777797 
52.00614998255853 4.0 0.0 0.0 135.0 14232.297984929737 14232.777777777797 14232.777777777797 
53.00614998255853 4.0 0.0 0.0 135.0 14232.345964214559 14232.777777777797 14232.777777777797 
54.00614998255853 4.0 0.0 0.0 135.0 14232.389145570862 14232.777777777797 14232.777777777797 
55.00614998255853 4.0 0.0 1.0 135.0 14232.428008791583 14232.777777777797 14232.777777777797 
56.00614998255853 4.0 0.0 1.0 135.0 14232.150393097598 14229.651851851839 14232.777777777797 
57.00614998255853 5.0 0.0 0.0 135.0 14231.900538972997 14229.651851851839 14232.777777777797 
58.00614998255853 5.0 0.0 0.0 135.0 14231.988262853494 14232.777777777797 14232.777777777797 
59.00614998255853 5.0 0.0 1.0 135.0 14232.067214345916 14232.777777777797 14232.777777777797 
60.00614998255853 6.0 0.0 0.0 135.0 14231.825678096506 14229.651851851839 14232.777777777797 
61.00614998255853 6.0 0.0 0.0 135.0 14231.920888064627 14232.777777777797 14232.777777777797 
62.00614998255853 6.0 0.0 0.0 135.0 14232.006577035952 14232.777777777797 14232.777777777797 
63.00614998255853 6.0 0.0 1.0 135.0 14232.08369711011 14232.777777777797 14232.777777777797 
64.00614998255853 7.0 0.0 0.0 135.0 14231.840512584326 14229.651851851839 14232.777777777797 
65.00614998255853 7.0 0.0 0.0 135.0 14231.934239103635 14232.777777777797 14232.777777777797 
66.00614998255853 7.0 0.0 0.0 135.0 14232.018592971068 14232.777777777797 14232.777777777797 
67.00614998255853 7.0 0.0 1.0 135.0 14232.094511451733 14232.777777777797 14232.777777777797 
68.00614998255853 8.0 0.0 0.0 135.0 14231.850245491749 14229.651851851839 14232.777777777797 
69.00614998255853 8.0 0.0 1.0 135.0 14231.942998720364 14232.777777777797 14232.777777777797 
70.00614998255853 9.0 0.0 0.0 135.0 14231.713884033505 14229.651851851839 14232.777777777797 
71.00614998255853 9.0 0.0 0.0 135.0 14231.820273407911 14232.777777777797 14232.777777777797 
72.00614998255853 9.0 0.0 0.0 135.0 14231.916023844919 14232.777777777797 14232.777777777797 
73.00614998255853 9.0 0.0 0.0 135.0 14232.002199238219 14232.777777777797 14232.777777777797 
74.00614998255853 9.0 0.0 0.0 135.0 14232.079757092166 14232.777777777797 14232.777777777797 
75.00614998255853 9.0 0.0 0.0 135.0 14232.149559160738 14232.777777777797 14232.777777777797 
76.00614998255853 9.0 0.0 0.0 135.0 14232.212381022428 14232.777777777797 14232.777777777797 
77.00614998255853 9.0 0.0 0.0 135.0 14232.268920697954 14232.777777777797 14232.777777777797 
78.00614998255853 9.0 0.0 0.0 135.0 14232.319806405936 14232.777777777797 14232.777777777797 
79.00614998255853 9.0 0.0 0.0 135.0 14232.365603543132 14232.777777777797 14232.777777777797 
80.00614998255853 9.0 0.0 1.0 135.0 14232.406820966571 14232.777777777797 14232.777777777797 
81.00614998255853 10.0 0.0 0.0 135.0 14232.131324055104 14229.651851851839 14232.777777777797 
82.00614998255853 10.0 0.0 1.0 135.0 14232.195969427381 14232.777777777797 14232.777777777797 
83.00614998255853 11.0 0.0 0.0 135.0 14231.941557669856 14229.651851851839 14232.777777777797 
84.00614998255853 11.0 0.0 0.0 135.0 14232.025179680599 14232.777777777797 14232.777777777797 
85.00614998255853 11.0 0.0 1.0 135.0 14232.100439490372 14232.777777777797 14232.777777777797 
86.00614998255853 11.0 0.0 1.0 135.0 14231.855580726487 14229.651851851839 14232.777777777797 
87.00614998255853 12.0 0.0 1.0 135.0 14231.635207839003 14229.651851851839 14232.777777777797 
88.00614998255853 13.0 0.0 0.0 135.0 14229.98798335142 14215.162962962962 14232.777777777797 
89.00614998255853 13.0 0.0 0.0 135.0 14230.266962794065 14232.777777777797 14232.777777777797 
90.00614998255853 13.0 0.0 0.0 135.0 14230.518044292414 14232.777777777797 14232.777777777797 
91.00614998255853 13.0 0.0 0.0 135.0 14230.744017640962 14232.777777777797 14232.777777777797 
92.00614998255853 13.0 0.0 0.0 135.0 14230.947393654662 14232.777777777797 14232.777777777797 
93.00614998255853 13.0 0.0 0.0 135.0 14231.130432066948 14232.777777777797 14232.777777777797 
94.00614998255853 13.0 0.0 0.0 135.0 14231.295166638041 14232.777777777797 14232.777777777797 
95.00614998255853 13.0 0.0 0.0 135.0 14231.443427752023 14232.777777777797 14232.777777777797 
96.00614998255853 13.0 0.0 0.0 135.0 14231.576862754591 14232.777777777797 14232.777777777797 
97.00614998255853 13.0 0.0 0.0 135.0 14231.69695425694 14232.777777777797 14232.777777777797 
98.00614998255853 13.0 0.0 0.0 135.0 14231.805036609005 14232.777777777797 14232.777777777797 
99.00614998255853 13.0 0.0 0.0 135.0 14231.902310725884 14232.777777777797 14232.777777777797 
100.00614998255853 13.0 0.0 0.0 135.0 14231.989857431083 14232.777777777797 14232.777777777797 
101.00614998255853 13.0 0.0 0.0 135.0 14232.068649465762 14232.777777777797 14232.777777777797 
102.00614998255853 13.0 0.0 0.0 135.0 14232.139562296958 14232.777777777797 14232.777777777797 
103.00614998255853 13.0 0.0 0.0 135.0 14232.203383845012 14232.777777777797 14232.777777777797 
104.00614998255853 13.0 0.0 0.0 135.0 14232.260823238286 14232.777777777797 14232.777777777797 
105.00614998255853 13.0 0.0 0.0 135.0 14232.312518692248 14232.777777777797 14232.777777777797 
106.00614998255853 13.0 0.0 1.0 135.0 14232.359044600831 14232.777777777797 14232.777777777797 
107.00614998255853 13.0 0.0 1.0 135.0 14232.088325325924 14229.651851851839 14232.777777777797 
108.00614998255853 14.0 0.0 0.0 135.0 14231.844677978495 14229.651851851839 14232.777777777797 
109.00614998255853 14.0 0.0 0.0 135.0 14231.937987958416 14232.777777777797 14232.777777777797 
110.00614998255853 14.0 0.0 0.0 135.0 14232.021966940369 14232.777777777797 14232.777777777797 
111.00614998255853 14.0 0.0 0.0 135.0 14232.0975480241 14232.777777777797 14232.777777777797 
112.00614998255853 14.0 0.0 0.0 135.0 14232.165570999452 14232.777777777797 14232.777777777797 
113.00614998255853 14.0 0.0 1.0 135.0 14232.226791677303 14232.777777777797 14232.777777777797 
114.00614998255853 15.0 0.0 1.0 135.0 14230.520408805842 14215.162962962962 14232.777777777797 
115.00614998255853 15.0 0.0 1.0 135.0 14230.433553110455 14229.651851851839 14232.777777777797 
116.00614998255853 15.0 0.0 1.0 135.0 14230.355382984615 14229.651851851839 14232.777777777797 
117.00614998255853 16.0 0.0 0.0 135.0 14230.285029871302 14229.651851851839 14232.777777777797 
118.00614998255853 16.0 0.0 0.0 135.0 14230.534304661966 14232.777777777797 14232.777777777797 
119.00614998255853 16.0 0.0 0.0 135.0 14230.758651973565 14232.777777777797 14232.777777777797 
120.00614998255853 16.0 0.0 1.0 135.0 14230.960564553981 14232.777777777797 14232.777777777797 
121.00614998255853 17.0 0.0 0.0 135.0 14230.829693283777 14229.651851851839 14232.777777777797 
122.00614998255853 17.0 0.0 0.0 135.0 14231.024501733167 14232.777777777797 14232.777777777797 
123.00614998255853 17.0 0.0 0.0 135.0 14231.199829337615 14232.777777777797 14232.777777777797 
124.00614998255853 17.0 0.0 0.0 135.0 14231.357624181648 14232.777777777797 14232.777777777797 
125.00614998255853 17.0 0.0 1.0 135.0 14231.499639541269 14232.777777777797 14232.777777777797 
126.00614998255853 18.0 0.0 0.0 135.0 14231.314860772298 14229.651851851839 14232.777777777797 
127.00614998255853 18.0 0.0 3.0 135.0 14231.461152472864 14232.777777777797 14232.777777777797 
128.00614998255853 20.0 0.0 2.0 135.0 14229.206148336709 14208.911111111145 14232.777777777797 
129.00614998255853 21.0 0.0 1.0 135.0 14228.938866836357 14226.533333333318 14232.777777777797 
130.00614998255853 22.0 0.0 1.0 135.0 14229.010165337882 14229.651851851839 14232.777777777797 
131.00614998255853 23.0 0.0 1.0 135.0 14229.074333989296 14229.651851851839 14232.777777777797 
132.00614998255853 24.0 0.0 2.0 135.0 14229.132085775555 14229.651851851839 14232.777777777797 
133.00614998255853 25.0 0.0 1.0 135.0 14228.872210531323 14226.533333333318 14232.777777777797 
134.00614998255853 26.0 0.0 0.0 135.0 14228.95017466339 14229.651851851839 14232.777777777797 
135.00614998255853 26.0 0.0 0.0 135.0 14229.332934974811 14232.777777777797 14232.777777777797 
136.00614998255853 26.0 0.0 0.0 135.0 14229.67741925512 14232.777777777797 14232.777777777797 
137.00614998255853 26.0 0.0 0.0 135.0 14229.987455107397 14232.777777777797 14232.777777777797 
138.00614998255853 26.0 0.0 0.0 135.0 14230.266487374414 14232.777777777797 14232.777777777797 
139.00614998255853 26.0 0.0 1.0 135.0 14230.51761641475 14232.777777777797 14232.777777777797 
140.00614998255853 26.0 0.0 2.0 135.0 14230.431039958454 14229.651851851839 14232.777777777797 
141.00614998255853 28.0 0.0 1.0 135.0 14230.040528555235 14226.525925925918 14232.777777777797 
142.00614998255853 29.0 0.0 1.0 135.0 14230.001660884907 14229.651851851839 14232.777777777797 
143.00614998255853 30.0 0.0 0.0 135.0 14229.96667998157 14229.651851851839 14232.777777777797 
144.00614998255853 30.0 0.0 1.0 135.0 14230.2477897612 14232.777777777797 14232.777777777797 
145.00614998255853 31.0 0.0 1.0 135.0 14228.739307081398 14215.162962962962 14232.777777777797 
146.00614998255853 32.0 0.0 0.0 135.0 14228.83056155843 14229.651851851839 14232.777777777797 
147.00614998255853 32.0 0.0 1.0 135.0 14229.22528318035 14232.777777777797 14232.777777777797 
148.00614998255853 33.0 0.0 1.0 135.0 14229.2679400475 14229.651851851839 14232.777777777797 
149.00614998255853 34.0 0.0 2.0 135.0 14229.306331227912 14229.651851851839 14232.777777777797 
150.00614998255853 36.0 0.0 1.0 135.0 14226.130512919948 14197.54814814815 14232.777777777797 
151.00614998255853 37.0 0.0 0.0 135.0 14226.482646813145 14229.651851851839 14232.777777777797 
152.00614998255853 37.0 0.0 2.0 135.0 14227.112159909617 14232.777777777797 14232.777777777797 
153.00614998255853 39.0 0.0 0.0 135.0 14227.053536511234 14226.525925925918 14232.777777777797 
154.00614998255853 39.0 0.0 1.0 135.0 14227.625960637895 14232.777777777797 14232.777777777797 
155.00614998255853 40.0 0.0 1.0 135.0 14226.379660870398 14215.162962962962 14232.777777777797 
156.00614998255853 41.0 0.0 0.0 135.0 14225.257991079638 14215.162962962962 14232.777777777797 
157.00614998255853 41.0 0.0 0.0 135.0 14226.00996974946 14232.777777777797 14232.777777777797 
158.00614998255853 41.0 0.0 0.0 135.0 14226.686750552304 14232.777777777797 14232.777777777797 
159.00614998255853 41.0 0.0 1.0 135.0 14227.295853274834 14232.777777777797 14232.777777777797 
160.00614998255853 42.0 0.0 2.0 135.0 14226.08256424366 14215.162962962962 14232.777777777797 
161.00614998255853 44.0 0.0 1.0 135.0 14224.678011522996 14212.037037037013 14232.777777777797 
162.00614998255853 44.0 0.0 1.0 135.0 14225.175395555883 14229.651851851839 14232.777777777797 
163.00614998255853 45.0 0.0 0.0 135.0 14225.623041185485 14229.651851851839 14232.777777777797 
164.00614998255853 45.0 0.0 2.0 135.0 14226.33851484474 14232.777777777797 14232.777777777797 
165.00614998255853 47.0 0.0 1.0 135.0 14226.357255952835 14226.525925925918 14232.777777777797 
166.00614998255853 48.0 0.0 0.0 135.0 14226.686715542739 14229.651851851839 14232.777777777797 
167.00614998255853 48.0 0.0 2.0 135.0 14227.295821766244 14232.777777777797 14232.777777777797 
168.00614998255853 49.0 0.0 2.0 135.0 14225.769943293313 14212.037037037013 14232.777777777797 
169.00614998255853 51.0 0.0 1.0 135.0 14225.845541556573 14226.525925925918 14232.777777777797 
170.00614998255853 52.0 0.0 0.0 135.0 14224.777283697207 14215.162962962962 14232.777777777797 
171.00614998255853 52.0 0.0 0.0 135.0 14225.577333105282 14232.777777777797 14232.777777777797 
172.00614998255853 52.0 0.0 3.0 135.0 14226.297377572517 14232.777777777797 14232.777777777797 
173.00614998255853 53.0 0.0 2.0 135.0 14226.00838055601 14223.407407407401 14232.777777777797 
174.00614998255853 55.0 0.0 3.0 135.0 14226.06087583375 14226.533333333318 14232.777777777797 
175.00614998255853 56.0 0.0 4.0 134.0 14225.795528991091 14223.407407407401 14232.777777777797 
176.00614998255853 59.0 0.0 2.0 134.0 14223.795235351248 14205.792592592627 14232.777777777797 
177.00614998255853 61.0 0.0 1.0 134.0 14224.06830440873 14226.525925925918 14232.777777777797 
178.00614998255853 62.0 0.0 2.0 134.0 14224.626659153042 14229.651851851839 14232.777777777797 
179.00614998255853 63.0 0.0 1.0 134.0 14225.129178422896 14229.651851851839 14232.777777777797 
180.00614998255853 64.0 0.0 1.0 134.0 14224.13255687695 14215.162962962962 14232.777777777797 
181.00614998255853 65.0 0.0 0.0 135.0 14224.68448637442 14229.651851851839 14232.777777777797 
182.00614998255853 65.0 0.0 0.0 135.0 14225.49381551477 14232.777777777797 14232.777777777797 
183.00614998255853 65.0 0.0 3.0 135.0 14226.222211741055 14232.777777777797 14232.777777777797 
184.00614998255853 67.0 0.0 4.0 135.0 14223.042953529937 14194.429629629629 14232.777777777797 
185.00614998255853 69.0 0.0 5.0 135.0 14221.317176695438 14205.785185185186 14232.777777777797 
186.00614998255853 73.0 0.0 1.0 134.0 14219.452125692587 14202.666666666668 14232.777777777797 
187.00614998255853 73.0 0.0 2.0 134.0 14220.4720983085 14229.651851851839 14232.777777777797 
188.00614998255853 75.0 0.0 1.0 134.0 14221.077481070244 14226.525925925918 14232.777777777797 
189.00614998255853 75.0 0.0 3.0 135.0 14221.934918148372 14229.651851851839 14232.777777777797 
190.00614998255853 77.0 0.0 2.0 134.0 14222.082167074283 14223.407407407401 14232.777777777797 
191.00614998255853 77.0 0.0 3.0 134.0 14222.52654295944 14226.525925925918 14232.777777777797 
192.00614998255853 79.0 0.0 2.0 134.0 14222.61388866353 14223.400000000001 14232.777777777797 
193.00614998255853 81.0 0.0 0.0 133.0 14221.556203500879 14212.037037037013 14232.777777777797 
194.00614998255853 81.0 0.0 2.0 134.0 14222.678360928558 14232.777777777797 14232.777777777797 
195.00614998255853 83.0 0.0 0.0 135.0 14223.063117428292 14226.525925925918 14232.777777777797 
196.00614998255853 83.0 0.0 1.0 135.0 14224.03458346324 14232.777777777797 14232.777777777797 
197.00614998255853 83.0 0.0 2.0 135.0 14224.596310302082 14229.651851851839 14232.777777777797 
198.00614998255853 84.0 0.0 2.0 135.0 14224.789271864485 14226.525925925918 14232.777777777797 
199.00614998255853 84.0 0.0 4.0 134.0 14224.962937270639 14226.525925925918 14232.777777777797 
200.00614998255853 87.0 0.0 1.0 134.0 14223.045162062092 14205.785185185186 14232.777777777797 
201.00614998255853 88.0 0.0 1.0 134.0 14223.705831041048 14229.651851851839 14232.777777777797 
202.00614998255853 89.0 0.0 0.0 135.0 14222.851544233241 14215.162962962962 14232.777777777797 
203.00614998255853 89.0 0.0 0.0 135.0 14223.844167587695 14232.777777777797 14232.777777777797 
204.00614998255853 89.0 0.0 2.0 135.0 14224.737528606716 14232.777777777797 14232.777777777797 
205.00614998255853 91.0 0.0 1.0 135.0 14223.467479449764 14212.037037037013 14232.777777777797 
206.00614998255853 92.0 0.0 0.0 135.0 14222.637027801089 14215.162962962962 14232.777777777797 
207.00614998255853 92.0 0.0 2.0 135.0 14223.651102798724 14232.777777777797 14232.777777777797 
208.00614998255853 94.0 0.0 0.0 135.0 14222.489696222552 14212.037037037013 14232.777777777797 
209.00614998255853 94.0 0.0 1.0 135.0 14223.518504378095 14232.777777777797 14232.777777777797 
210.00614998255853 94.0 0.0 2.0 135.0 14224.131839125484 14229.651851851839 14232.777777777797 
211.00614998255853 95.0 0.0 2.0 135.0 14224.371247805511 14226.525925925918 14232.777777777797 
212.00614998255853 96.0 0.0 3.0 135.0 14224.586715617557 14226.525925925918 14232.777777777797 
213.00614998255853 99.0 0.0 0.0 135.0 14221.570266278031 14194.422222222236 14232.777777777797 
214.00614998255853 99.0 0.0 2.0 135.0 14222.691017428015 14232.777777777797 14232.777777777797 
215.00614998255853 99.0 0.0 4.0 135.0 14223.075249018526 14226.533333333318 14232.777777777797 
216.00614998255853 101.0 0.0 2.0 134.0 14221.34698337592 14205.792592592627 14232.777777777797 
217.00614998255853 103.0 0.0 1.0 134.0 14221.864877630924 14226.525925925918 14232.777777777797 
218.00614998255853 104.0 0.0 0.0 134.0 14221.194686164132 14215.162962962962 14232.777777777797 
219.00614998255853 104.0 0.0 2.0 135.0 14222.352995325502 14232.777777777797 14232.777777777797 
220.00614998255853 106.0 0.0 1.0 135.0 14222.770288385547 14226.525925925918 14232.777777777797 
221.00614998255853 106.0 0.0 3.0 135.0 14223.458444732181 14229.651851851839 14232.777777777797 
222.00614998255853 109.0 0.0 0.0 135.0 14222.003711370078 14208.911111111145 14232.777777777797 
223.00614998255853 109.0 0.0 4.0 135.0 14223.081118010841 14232.777777777797 14232.777777777797 
224.00614998255853 111.0 0.0 5.0 135.0 14221.35152472827 14205.785185185186 14232.777777777797 
225.00614998255853 114.0 0.0 2.0 135.0 14220.931927811012 14217.155555555531 14232.777777777797 
226.00614998255853 116.0 0.0 1.0 135.0 14221.492068363219 14226.533333333318 14232.777777777797 
227.00614998255853 116.0 0.0 3.0 135.0 14222.30804671211 14229.651851851839 14232.777777777797 
228.00614998255853 119.0 0.0 0.0 135.0 14220.96835315198 14208.911111111145 14232.777777777797 
229.00614998255853 119.0 0.0 2.0 135.0 14222.149295614585 14232.777777777797 14232.777777777797 
230.00614998255853 120.0 0.0 2.0 135.0 14221.138069756838 14212.037037037013 14232.777777777797 
231.00614998255853 121.0 0.0 6.0 135.0 14221.677596114465 14226.533333333318 14232.777777777797 
232.00614998255853 125.0 0.0 2.0 134.0 14219.46391057709 14199.540740740757 14232.777777777797 
233.00614998255853 127.0 0.0 1.0 134.0 14220.170112111982 14226.525925925918 14232.777777777797 
234.00614998255853 127.0 0.0 3.0 134.0 14219.66939719707 14215.162962962962 14232.777777777797 
235.00614998255853 128.0 0.0 2.0 135.0 14220.355050069955 14226.525925925918 14232.777777777797 
236.00614998255853 130.0 0.0 2.0 135.0 14220.97213765554 14226.525925925918 14232.777777777797 
237.00614998255853 131.0 0.0 2.0 135.0 14221.52751648258 14226.525925925918 14232.777777777797 
238.00614998255853 131.0 0.0 2.0 135.0 14222.028098167697 14226.533333333318 14232.777777777797 
239.00614998255853 132.0 0.0 3.0 134.0 14222.47862168423 14226.533333333318 14232.777777777797 
240.00614998255853 135.0 0.0 1.0 134.0 14221.121870626917 14208.911111111145 14232.777777777797 
241.00614998255853 136.0 0.0 0.0 134.0 14221.974868749412 14229.651851851839 14232.777777777797 
242.00614998255853 136.0 0.0 1.0 134.0 14223.055159652267 14232.777777777797 14232.777777777797 
243.00614998255853 137.0 0.0 2.0 135.0 14223.714828872213 14229.651851851839 14232.777777777797 
244.00614998255853 137.0 0.0 3.0 135.0 14223.995938577576 14226.525925925918 14232.777777777797 
245.00614998255853 139.0 0.0 2.0 135.0 14223.936344719832 14223.400000000001 14232.777777777797 
246.00614998255853 141.0 0.0 2.0 135.0 14224.195302840444 14226.525925925918 14232.777777777797 
247.00614998255853 142.0 0.0 1.0 135.0 14224.428365148984 14226.525925925918 14232.777777777797 
248.00614998255853 143.0 0.0 3.0 135.0 14224.950713819268 14229.651851851839 14232.777777777797 
249.00614998255853 145.0 0.0 2.0 135.0 14223.346753548456 14208.911111111145 14232.777777777797 
250.00614998255853 147.0 0.0 1.0 135.0 14223.664670786204 14226.525925925918 14232.777777777797 
251.00614998255853 148.0 0.0 1.0 135.0 14222.814500003902 14215.162962962962 14232.777777777797 
252.00614998255853 149.0 0.0 1.0 135.0 14223.498235188687 14229.651851851839 14232.777777777797 
253.00614998255853 149.0 0.0 3.0 135.0 14224.11359685501 14229.651851851839 14232.777777777797 
254.00614998255853 151.0 0.0 1.0 135.0 14221.144459391715 14194.422222222236 14232.777777777797 
255.00614998255853 151.0 0.0 4.0 135.0 14221.99519863774 14229.651851851839 14232.777777777797 
256.00614998255855 153.0 0.0 4.0 134.0 14221.82308618134 14220.274074074052 14232.777777777797 
257.00614998255855 155.0 0.0 4.0 135.0 14221.980777563223 14223.400000000001 14232.777777777797 
258.00614998255855 158.0 0.0 2.0 134.0 14218.599736843933 14188.17037037036 14232.777777777797 
259.00614998255855 159.0 0.0 4.0 135.0 14219.392355752127 14226.525925925918 14232.777777777797 
260.00614998255855 163.0 0.0 2.0 135.0 14218.031638695467 14205.785185185186 14232.777777777797 
261.00614998255855 164.0 0.0 1.0 134.0 14218.88106741849 14226.525925925918 14232.777777777797 
262.00614998255855 165.0 0.0 3.0 134.0 14219.95814586183 14229.651851851839 14232.777777777797 
263.00614998255855 166.0 0.0 3.0 134.0 14218.853442386771 14208.911111111145 14232.777777777797 
264.00614998255855 169.0 0.0 1.0 135.0 14219.308098148074 14223.400000000001 14232.777777777797 
265.00614998255855 169.0 0.0 3.0 135.0 14220.342473518445 14229.651851851839 14232.777777777797 
266.00614998255855 172.0 0.0 2.0 135.0 14219.199337277729 14208.911111111145 14232.777777777797 
267.00614998255855 173.0 0.0 2.0 135.0 14219.931996142568 14226.525925925918 14232.777777777797 
268.00614998255855 175.0 0.0 1.0 135.0 14219.142500232001 14212.037037037013 14232.777777777797 
269.00614998255855 176.0 0.0 2.0 135.0 14220.193435393985 14229.651851851839 14232.777777777797 
270.00614998255855 178.0 0.0 2.0 135.0 14219.377795558285 14212.037037037013 14232.777777777797 
271.00614998255855 179.0 0.0 3.0 135.0 14218.643719706135 14212.037037037013 14232.777777777797 
272.00614998255855 181.0 0.0 5.0 135.0 14219.119347735541 14223.400000000001 14232.777777777797 
273.00614998255855 184.0 0.0 8.0 135.0 14217.473338887907 14202.659259259277 14232.777777777797 
274.00614998255855 188.0 0.0 7.0 135.0 14215.054893887991 14193.288888888881 14232.777777777797 
275.00614998255855 194.0 0.0 3.0 134.0 14214.640515610312 14210.911111111145 14232.777777777797 
276.00614998255855 195.0 0.0 6.0 134.0 14215.516464049282 14223.400000000001 14232.777777777797 
277.00614998255855 200.0 0.0 3.0 134.0 14213.918891718457 14199.540740740757 14232.777777777797 
278.00614998255855 203.0 0.0 3.0 134.0 14214.867002546604 14223.400000000001 14232.777777777797 
279.00614998255855 205.0 0.0 6.0 134.0 14214.271413403021 14208.911111111145 14232.777777777797 
280.00614998255855 210.0 0.0 4.0 133.0 14211.348716507173 14185.044444444442 14232.777777777797 
281.00614998255855 214.0 0.0 5.0 135.0 14207.895326337948 14176.814814814803 14232.777777777797 
282.00614998255855 218.0 0.0 3.0 135.0 14205.923571481932 14188.17777777776 14232.777777777797 
283.00614998255855 220.0 0.0 4.0 135.0 14207.671214333737 14223.400000000001 14232.777777777797 
284.00614998255855 222.0 0.0 4.0 134.0 14207.482611418858 14205.785185185186 14232.777777777797 
285.00614998255855 226.0 0.0 4.0 134.0 14208.76249842516 14220.281481481483 14232.777777777797 
286.00614998255855 228.0 0.0 7.0 134.0 14209.913655990033 14220.274074074052 14232.777777777797 
287.00614998255855 232.0 0.0 4.0 133.0 14208.564512613271 14196.422222222236 14232.777777777797 
288.00614998255855 236.0 0.0 3.0 133.0 14209.735468759334 14220.274074074052 14232.777777777797 
289.00614998255855 238.0 0.0 3.0 133.0 14208.204144105624 14194.422222222236 14232.777777777797 
290.00614998255855 241.0 0.0 0.0 135.0 14206.825951917266 14194.422222222236 14232.777777777797 
291.00614998255855 241.0 0.0 3.0 135.0 14209.421134503335 14232.777777777797 14232.777777777797 
292.00614998255855 242.0 0.0 6.0 135.0 14210.819021053005 14223.400000000001 14232.777777777797 
293.00614998255855 246.0 0.0 4.0 134.0 14211.139341169906 14214.022222222226 14232.777777777797 
294.00614998255855 250.0 0.0 2.0 135.0 14209.155036682558 14191.296296296277 14232.777777777797 
295.00614998255855 251.0 0.0 3.0 135.0 14210.892125606888 14226.525925925918 14232.777777777797 
296.00614998255855 254.0 0.0 1.0 135.0 14212.142913046207 14223.400000000001 14232.777777777797 
297.00614998255855 254.0 0.0 4.0 135.0 14213.893806926775 14229.651851851839 14232.777777777797 
298.00614998255855 257.0 0.0 4.0 135.0 14214.531833641517 14220.274074074052 14232.777777777797 
299.00614998255855 260.0 0.0 2.0 135.0 14215.106057684745 14220.274074074052 14232.777777777797 
300.00614998255855 261.0 0.0 4.0 135.0 14216.24804450887 14226.525925925918 14232.777777777797 
301.00614998255855 262.0 0.0 6.0 135.0 14215.201758576486 14205.785185185186 14232.777777777797 
302.00614998255855 267.0 0.0 3.0 135.0 14215.083804941096 14214.022222222226 14232.777777777797 
303.00614998255855 269.0 0.0 6.0 134.0 14215.915424446976 14223.400000000001 14232.777777777797 
304.00614998255855 274.0 0.0 3.0 135.0 14215.726104224499 14214.022222222226 14232.777777777797 
305.00614998255855 276.0 0.0 2.0 135.0 14215.044604913179 14208.911111111145 14232.777777777797 
306.00614998255855 277.0 0.0 4.0 135.0 14216.192737014439 14226.525925925918 14232.777777777797 
307.00614998255855 280.0 0.0 4.0 135.0 14216.601611461148 14220.281481481483 14232.777777777797 
308.00614998255855 282.0 0.0 2.0 134.0 14215.51996883354 14205.785185185186 14232.777777777797 
309.00614998255855 284.0 0.0 2.0 135.0 14216.620564542774 14226.525925925918 14232.777777777797 
310.00614998255855 286.0 0.0 4.0 135.0 14214.714063644044 14197.555555555586 14232.777777777797 
311.00614998255855 288.0 0.0 8.0 134.0 14215.270064687067 14220.274074074052 14232.777777777797 
312.00614998255855 293.0 0.0 5.0 133.0 14211.622317477628 14178.792592592627 14232.777777777797 
313.00614998255855 297.0 0.0 2.0 134.0 14210.726011655792 14202.659259259277 14232.777777777797 
314.00614998255855 299.0 0.0 3.0 134.0 14210.857114193881 14212.037037037013 14232.777777777797 
315.00614998255855 301.0 0.0 6.0 134.0 14212.111402774532 14223.400000000001 14232.777777777797 
316.00614998255855 306.0 0.0 2.0 134.0 14210.854336571118 14199.540740740757 14232.777777777797 
317.00614998255855 308.0 0.0 0.0 135.0 14210.972606617725 14212.037037037013 14232.777777777797 
318.00614998255855 308.0 0.0 1.0 135.0 14213.15312373373 14232.777777777797 14232.777777777797 
319.00614998255855 309.0 0.0 3.0 135.0 14213.354107656649 14215.162962962962 14232.777777777797 
320.00614998255855 312.0 0.0 7.0 135.0 14212.909808002101 14208.911111111145 14232.777777777797 
321.00614998255855 316.0 0.0 7.0 134.0 14209.811419794481 14181.92592592593 14232.777777777797 
322.00614998255855 322.0 0.0 3.0 134.0 14209.91990744468 14210.896296296318 14232.777777777797 
323.00614998255855 324.0 0.0 3.0 134.0 14211.267916700199 14223.400000000001 14232.777777777797 
324.00614998255855 326.0 0.0 4.0 135.0 14212.481865770937 14223.407407407401 14232.777777777797 
325.00614998255855 329.0 0.0 2.0 135.0 14211.812197712343 14205.785185185186 14232.777777777797 
326.00614998255855 330.0 0.0 4.0 134.0 14213.283570533702 14226.525925925918 14232.777777777797 
327.00614998255855 333.0 0.0 11.0 134.0 14212.53447273961 14205.792592592627 14232.777777777797 
328.00614998255855 339.0 0.0 7.0 134.0 14206.773618058227 14154.92592592593 14232.777777777797 
329.00614998255855 345.0 0.0 4.0 134.0 14205.737737733893 14196.414814814798 14232.777777777797 
330.00614998255855 346.0 0.0 3.0 133.0 14207.192112108623 14220.281481481483 14232.777777777797 
331.00614998255855 348.0 0.0 4.0 134.0 14208.812900897765 14223.400000000001 14232.777777777797 
332.00614998255855 352.0 0.0 2.0 134.0 14208.510870067259 14205.792592592627 14232.777777777797 
333.00614998255855 353.0 0.0 3.0 134.0 14210.313116393854 14226.533333333318 14232.777777777797 
334.00614998255855 356.0 0.0 0.0 134.0 14211.621804754483 14223.400000000001 14232.777777777797 
335.00614998255855 356.0 0.0 2.0 135.0 14213.73740205682 14232.777777777797 14232.777777777797 
336.00614998255855 357.0 0.0 4.0 135.0 14215.01625444374 14226.525925925918 14232.777777777797 
337.00614998255855 360.0 0.0 6.0 135.0 14214.093147517866 14205.785185185186 14232.777777777797 
338.00614998255855 365.0 0.0 3.0 135.0 14211.189017951277 14185.05185185184 14232.777777777797 
339.00614998255855 368.0 0.0 5.0 135.0 14212.410116156158 14223.400000000001 14232.777777777797 
340.00614998255855 372.0 0.0 2.0 135.0 14211.435030466471 14202.659259259277 14232.777777777797 
341.00614998255855 373.0 0.0 3.0 135.0 14212.944120012373 14226.525925925918 14232.777777777797 
342.00614998255855 375.0 0.0 3.0 134.0 14212.54081912229 14208.911111111145 14232.777777777797 
343.00614998255855 378.0 0.0 4.0 135.0 14212.177848321155 14208.911111111145 14232.777777777797 
344.00614998255855 380.0 0.0 2.0 135.0 14212.987470896443 14220.274074074052 14232.777777777797 
345.00614998255855 381.0 0.0 4.0 135.0 14214.341316399392 14226.525925925918 14232.777777777797 
346.00614998255855 383.0 0.0 6.0 135.0 14213.485703277982 14205.785185185186 14232.777777777797 
347.00614998255855 389.0 0.0 1.0 135.0 14212.091947764986 14199.54814814815 14232.777777777797 
348.00614998255855 390.0 0.0 0.0 135.0 14212.399049284788 14215.162962962962 14232.777777777797 
349.00614998255855 390.0 0.0 2.0 135.0 14214.43692213407 14232.777777777797 14232.777777777797 
350.00614998255855 391.0 0.0 3.0 135.0 14214.196933624407 14212.037037037013 14232.777777777797 
351.00614998255855 392.0 0.0 4.0 135.0 14215.117240261929 14223.400000000001 14232.777777777797 
352.00614998255855 395.0 0.0 5.0 135.0 14214.184034754253 14205.785185185186 14232.777777777797 
353.00614998255855 398.0 0.0 3.0 134.0 14213.03155720477 14202.659259259277 14232.777777777797 
354.00614998255855 401.0 0.0 1.0 135.0 14214.068401484295 14223.400000000001 14232.777777777797 
355.00614998255855 401.0 0.0 4.0 135.0 14215.626746521024 14229.651851851839 14232.777777777797 
356.00614998255855 404.0 0.0 5.0 135.0 14214.642590387448 14205.785185185186 14232.777777777797 
357.00614998255855 408.0 0.0 3.0 135.0 14213.444998015364 14202.666666666668 14232.777777777797 
358.00614998255855 408.0 0.0 4.0 134.0 14214.440498213844 14223.400000000001 14232.777777777797 
359.00614998255855 411.0 0.0 2.0 133.0 14215.023855799887 14220.274074074052 14232.777777777797 
360.00614998255855 413.0 0.0 0.0 133.0 14216.174062812477 14226.525925925918 14232.777777777797 
361.00614998255855 413.0 0.0 2.0 135.0 14217.834434308983 14232.777777777797 14232.777777777797 
362.00614998255855 415.0 0.0 2.0 135.0 14217.254694581807 14212.037037037013 14232.777777777797 
363.00614998255855 417.0 0.0 4.0 135.0 14218.181817716215 14226.525925925918 14232.777777777797 
364.00614998255855 420.0 0.0 3.0 135.0 14215.493265574214 14191.296296296277 14232.777777777797 
365.00614998255855 422.0 0.0 2.0 135.0 14214.8350501279 14208.911111111145 14232.777777777797 
366.00614998255855 424.0 0.0 4.0 135.0 14216.004137707712 14226.525925925918 14232.777777777797 
367.00614998255855 426.0 0.0 6.0 135.0 14213.534835048067 14191.311111111108 14232.777777777797 
368.00614998255855 430.0 0.0 4.0 134.0 14212.136166358066 14199.54814814815 14232.777777777797 
369.00614998255855 434.0 0.0 2.0 134.0 14211.50180898152 14205.792592592627 14232.777777777797 
370.00614998255855 435.0 0.0 5.0 135.0 14213.316813268551 14229.651851851839 14232.777777777797 
371.00614998255855 440.0 0.0 3.0 134.0 14209.040687497254 14170.555555555586 14232.777777777797 
372.00614998255855 442.0 0.0 1.0 135.0 14209.027729858635 14208.911111111145 14232.777777777797 
373.00614998255855 443.0 0.0 1.0 135.0 14211.09014205795 14229.651851851839 14232.777777777797 
374.00614998255855 444.0 0.0 2.0 135.0 14212.946313037364 14229.651851851839 14232.777777777797 
375.00614998255855 444.0 0.0 4.0 135.0 14214.30427432622 14226.525925925918 14232.777777777797 
376.00614998255855 446.0 0.0 4.0 135.0 14214.901254301001 14220.274074074052 14232.777777777797 
377.00614998255855 449.0 0.0 3.0 135.0 14215.43927701904 14220.281481481483 14232.777777777797 
378.00614998255855 450.0 0.0 6.0 135.0 14216.235349317158 14223.400000000001 14232.777777777797 
379.00614998255855 453.0 0.0 6.0 135.0 14216.014036607627 14214.022222222226 14232.777777777797 
380.00614998255855 457.0 0.0 7.0 134.0 14214.36596628021 14199.533333333318 14232.777777777797 
381.00614998255855 463.0 0.0 4.0 135.0 14211.121221504047 14181.918518518494 14232.777777777797 
382.00614998255855 466.0 0.0 3.0 135.0 14210.587617872168 14205.785185185186 14232.777777777797 
383.00614998255855 467.0 0.0 6.0 135.0 14211.868856084922 14223.400000000001 14232.777777777797 
384.00614998255855 472.0 0.0 4.0 133.0 14212.085674180138 14214.037037037013 14232.777777777797 
385.00614998255855 474.0 0.0 6.0 134.0 14212.90451416954 14220.274074074052 14232.777777777797 
386.00614998255855 479.0 0.0 8.0 134.0 14213.016284974834 14214.022222222226 14232.777777777797 
387.00614998255855 485.0 0.0 5.0 135.0 14208.45836018103 14167.437037037065 14232.777777777797 
388.00614998255855 489.0 0.0 6.0 134.0 14207.565857496256 14199.533333333318 14232.777777777797 
389.00614998255855 494.0 0.0 4.0 134.0 14203.552234709605 14167.429629629629 14232.777777777797 
390.00614998255855 498.0 0.0 2.0 134.0 14202.014789016404 14188.17777777776 14232.777777777797 
391.00614998255855 500.0 0.0 5.0 134.0 14204.465902707365 14226.525925925918 14232.777777777797 
392.00614998255855 504.0 0.0 2.0 134.0 14202.837090214414 14188.17777777776 14232.777777777797 
393.00614998255855 506.0 0.0 5.0 135.0 14205.205973785547 14226.525925925918 14232.777777777797 
394.00614998255855 510.0 0.0 3.0 135.0 14204.95130233292 14202.659259259277 14232.777777777797 
395.00614998255855 512.0 0.0 5.0 135.0 14206.79617209963 14223.400000000001 14232.777777777797 
396.00614998255855 516.0 0.0 4.0 135.0 14207.831369704485 14217.14814814815 14232.777777777797 
397.00614998255855 518.0 0.0 5.0 135.0 14209.075640141427 14220.274074074052 14232.777777777797 
398.00614998255855 521.0 0.0 5.0 135.0 14209.883631682851 14217.155555555531 14232.777777777797 
399.00614998255855 524.0 0.0 5.0 135.0 14209.161935181224 14202.666666666668 14232.777777777797 
400.00614998255855 529.0 0.0 4.0 135.0 14209.960556477927 14217.14814814815 14232.777777777797 
401.00614998255855 532.0 0.0 5.0 135.0 14209.543019348648 14205.785185185186 14232.777777777797 
402.00614998255855 535.0 0.0 3.0 135.0 14208.8546433397 14202.659259259277 14232.777777777797 
403.00614998255855 538.0 0.0 4.0 135.0 14208.860290116847 14208.911111111145 14232.777777777797 
404.00614998255855 540.0 0.0 9.0 135.0 14208.55277962369 14205.785185185186 14232.777777777797 
405.00614998255855 545.0 0.0 9.0 135.0 14206.713057216873 14190.155555555531 14232.777777777797 
406.00614998255855 553.0 0.0 2.0 134.0 14206.506195939644 14204.644444444439 14232.777777777797 
407.00614998255855 554.0 0.0 2.0 135.0 14208.508168938255 14226.525925925918 14232.777777777797 
408.00614998255855 556.0 0.0 1.0 135.0 14208.861055748132 14212.037037037013 14232.777777777797 
409.00614998255855 557.0 0.0 4.0 135.0 14210.940135358513 14229.651851851839 14232.777777777797 
410.00614998255855 561.0 0.0 1.0 135.0 14210.424640341169 14205.785185185186 14232.777777777797 
411.00614998255855 561.0 0.0 1.0 135.0 14212.347361492255 14229.651851851839 14232.777777777797 
412.00614998255855 561.0 0.0 2.0 135.0 14214.077810528195 14229.651851851839 14232.777777777797 
413.00614998255855 563.0 0.0 1.0 135.0 14215.322622067968 14226.525925925918 14232.777777777797 
414.00614998255855 564.0 0.0 1.0 135.0 14216.755545046344 14229.651851851839 14232.777777777797 
415.00614998255855 565.0 0.0 1.0 135.0 14216.596286838025 14215.162962962962 14232.777777777797 
416.00614998255855 566.0 0.0 3.0 135.0 14217.901843339396 14229.651851851839 14232.777777777797 
417.00614998255855 568.0 0.0 1.0 135.0 14217.002770116589 14208.911111111145 14232.777777777797 
418.00614998255855 568.0 0.0 1.0 135.0 14218.267678290093 14229.651851851839 14232.777777777797 
419.00614998255855 569.0 0.0 1.0 135.0 14219.406095646265 14229.651851851839 14232.777777777797 
420.00614998255855 570.0 0.0 1.0 135.0 14220.430671266835 14229.651851851839 14232.777777777797 
421.00614998255855 571.0 0.0 1.0 135.0 14221.352789325343 14229.651851851839 14232.777777777797 
422.00614998255855 572.0 0.0 2.0 135.0 14222.182695577985 14229.651851851839 14232.777777777797 
423.00614998255855 573.0 0.0 1.0 135.0 14222.617018612775 14226.525925925918 14232.777777777797 
424.00614998255855 574.0 0.0 0.0 135.0 14223.32050193669 14229.651851851839 14232.777777777797 
425.00614998255855 574.0 0.0 0.0 135.0 14224.266229520805 14232.777777777797 14232.777777777797 
426.00614998255855 574.0 0.0 1.0 135.0 14225.117384346508 14232.777777777797 14232.777777777797 
427.00614998255855 575.0 0.0 0.0 135.0 14225.570831097028 14229.651851851839 14232.777777777797 
428.00614998255855 575.0 0.0 0.0 135.0 14226.29152576511 14232.777777777797 14232.777777777797 
429.00614998255855 575.0 0.0 0.0 135.0 14226.94015096636 14232.777777777797 14232.777777777797 
430.00614998255855 575.0 0.0 0.0 135.0 14227.523913647516 14232.777777777797 14232.777777777797 
431.00614998255855 575.0 0.0 0.0 135.0 14228.049300060546 14232.777777777797 14232.777777777797 
432.00614998255855 575.0 0.0 0.0 135.0 14228.522147832278 14232.777777777797 14232.777777777797 
433.00614998255855 575.0 0.0 0.0 135.0 14228.947710826835 14232.777777777797 14232.777777777797 
434.00614998255855 575.0 0.0 0.0 135.0 14229.330717521896 14232.777777777797 14232.777777777797 
435.00614998255855 575.0 0.0 0.0 135.0 14229.6754235475 14232.777777777797 14232.777777777797 
436.00614998255855 575.0 0.0 0.0 135.0 14229.985658970527 14232.777777777797 14232.777777777797 
437.00614998255855 575.0 0.0 0.0 135.0 14230.264870851233 14232.777777777797 14232.777777777797 
438.00614998255855 575.0 0.0 0.0 135.0 14230.516161543894 14232.777777777797 14232.777777777797 
439.00614998255855 575.0 0.0 0.0 135.0 14230.742323167286 14232.777777777797 14232.777777777797 
440.00614998255855 575.0 0.0 2.0 135.0 14230.94586862834 14232.777777777797 14232.777777777797 
441.00614998255855 577.0 0.0 0.0 135.0 14230.503874358094 14226.525925925918 14232.777777777797 
442.00614998255855 577.0 0.0 1.0 135.0 14230.731264700058 14232.777777777797 14232.777777777797 
443.00614998255855 578.0 0.0 0.0 135.0 14230.623323415235 14229.651851851839 14232.777777777797 
444.00614998255855 578.0 0.0 1.0 135.0 14230.838768851507 14232.777777777797 14232.777777777797 
445.00614998255855 579.0 0.0 0.0 135.0 14229.271188262657 14215.162962962962 14232.777777777797 
446.00614998255855 579.0 0.0 1.0 135.0 14229.621847214148 14232.777777777797 14232.777777777797 
447.00614998255855 580.0 0.0 0.0 135.0 14229.624847677927 14229.651851851839 14232.777777777797 
448.00614998255855 580.0 0.0 1.0 135.0 14229.94014068793 14232.777777777797 14232.777777777797 
449.00614998255855 581.0 0.0 1.0 135.0 14228.46242291542 14215.162962962962 14232.777777777797 
450.00614998255855 582.0 0.0 0.0 135.0 14228.58136580905 14229.651851851839 14232.777777777797 
451.00614998255855 582.0 0.0 0.0 135.0 14229.001007005922 14232.777777777797 14232.777777777797 
452.00614998255855 582.0 0.0 1.0 135.0 14229.37868408312 14232.777777777797 14232.777777777797 
453.00614998255855 583.0 0.0 0.0 135.0 14229.406000859975 14229.651851851839 14232.777777777797 
454.00614998255855 583.0 0.0 0.0 135.0 14229.74317855176 14232.777777777797 14232.777777777797 
455.00614998255855 583.0 0.0 1.0 135.0 14230.046638474383 14232.777777777797 14232.777777777797 
456.00614998255855 583.0 0.0 2.0 135.0 14230.007159812105 14229.651851851839 14232.777777777797 
457.00614998255855 584.0 0.0 1.0 135.0 14229.659036423482 14226.525925925918 14232.777777777797 
458.00614998255855 585.0 0.0 0.0 135.0 14229.658317966316 14229.651851851839 14232.777777777797 
459.00614998255855 585.0 0.0 0.0 135.0 14229.970263947462 14232.777777777797 14232.777777777797 
460.00614998255855 585.0 0.0 0.0 135.0 14230.251015330503 14232.777777777797 14232.777777777797 
461.00614998255855 585.0 0.0 0.0 135.0 14230.503691575223 14232.777777777797 14232.777777777797 
462.00614998255855 585.0 0.0 0.0 135.0 14230.731100195484 14232.777777777797 14232.777777777797 
463.00614998255855 585.0 0.0 0.0 135.0 14230.935767953706 14232.777777777797 14232.777777777797 
464.00614998255855 585.0 0.0 1.0 135.0 14231.119968936138 14232.777777777797 14232.777777777797 
465.00614998255855 585.0 0.0 1.0 135.0 14230.973157227678 14229.651851851839 14232.777777777797 
466.00614998255855 586.0 0.0 0.0 135.0 14230.841026690123 14229.651851851839 14232.777777777797 
467.00614998255855 586.0 0.0 0.0 135.0 14231.034701798872 14232.777777777797 14232.777777777797 
468.00614998255855 586.0 0.0 0.0 135.0 14231.209009396765 14232.777777777797 14232.777777777797 
469.00614998255855 586.0 0.0 0.0 135.0 14231.365886234857 14232.777777777797 14232.777777777797 
470.00614998255855 586.0 0.0 0.0 135.0 14231.507075389169 14232.777777777797 14232.777777777797 
471.00614998255855 586.0 0.0 0.0 135.0 14231.634145628024 14232.777777777797 14232.777777777797 
472.00614998255855 586.0 0.0 0.0 135.0 14231.748508843 14232.777777777797 14232.777777777797 
473.00614998255855 586.0 0.0 1.0 135.0 14231.851435736457 14232.777777777797 14232.777777777797 
474.00614998255855 587.0 0.0 0.0 135.0 14231.631477347997 14229.651851851839 14232.777777777797 
475.00614998255855 587.0 0.0 0.0 135.0 14231.746107390984 14232.777777777797 14232.777777777797 
476.00614998255855 587.0 0.0 0.0 135.0 14231.849274429667 14232.777777777797 14232.777777777797 
477.00614998255855 587.0 0.0 1.0 135.0 14231.942124764495 14232.777777777797 14232.777777777797 
478.00614998255855 588.0 0.0 0.0 135.0 14230.264208584324 14215.162962962962 14232.777777777797 
479.00614998255855 588.0 0.0 0.0 135.0 14230.515565503687 14232.777777777797 14232.777777777797 
480.00614998255855 588.0 0.0 0.0 135.0 14230.74178673108 14232.777777777797 14232.777777777797 
481.00614998255855 588.0 0.0 0.0 135.0 14230.945385835748 14232.777777777797 14232.777777777797 
482.00614998255855 588.0 0.0 0.0 135.0 14231.128625029967 14232.777777777797 14232.777777777797 
483.00614998255855 588.0 0.0 0.0 135.0 14231.293540304727 14232.777777777797 14232.777777777797 
484.00614998255855 588.0 0.0 0.0 135.0 14231.44196405203 14232.777777777797 14232.777777777797 
485.00614998255855 588.0 0.0 0.0 135.0 14231.575545424626 14232.777777777797 14232.777777777797 
486.00614998255855 588.0 0.0 0.0 135.0 14231.69576865993 14232.777777777797 14232.777777777797 
487.00614998255855 588.0 0.0 0.0 135.0 14231.803969571705 14232.777777777797 14232.777777777797 
488.00614998255855 588.0 0.0 0.0 135.0 14231.90135039232 14232.777777777797 14232.777777777797 
489.00614998255855 588.0 0.0 0.0 135.0 14231.988993130872 14232.777777777797 14232.777777777797 
490.00614998255855 588.0 0.0 0.0 135.0 14232.067871595578 14232.777777777797 14232.777777777797 
491.00614998255855 588.0 0.0 0.0 135.0 14232.138862213767 14232.777777777797 14232.777777777797 
492.00614998255855 588.0 0.0 0.0 135.0 14232.202753770187 14232.777777777797 14232.777777777797 
493.00614998255855 588.0 0.0 0.0 135.0 14232.26025617092 14232.777777777797 14232.777777777797 
494.00614998255855 588.0 0.0 0.0 135.0 14232.312008331623 14232.777777777797 14232.777777777797 
495.00614998255855 588.0 0.0 0.0 135.0 14232.358585276235 14232.777777777797 14232.777777777797 
496.00614998255855 588.0 0.0 0.0 135.0 14232.400504526371 14232.777777777797 14232.777777777797 
497.00614998255855 588.0 0.0 0.0 135.0 14232.438231851525 14232.777777777797 14232.777777777797 
498.00614998255855 588.0 0.0 0.0 135.0 14232.472186444149 14232.777777777797 14232.777777777797 
499.00614998255855 588.0 0.0 0.0 135.0 14232.502745577516 14232.777777777797 14232.777777777797 
500.00614998255855 588.0 0.0 0.0 135.0 14232.530248797557 14232.777777777797 14232.777777777797 
501.00614998255855 588.0 0.0 0.0 135.0 14232.555001695573 14232.777777777797 14232.777777777797 
502.00614998255855 588.0 0.0 0.0 135.0 14232.577279303783 14232.777777777797 14232.777777777797 
503.00614998255855 588.0 0.0 0.0 135.0 14232.597329151178 14232.777777777797 14232.777777777797 
504.00614998255855 588.0 0.0 0.0 135.0 14232.615374013845 14232.777777777797 14232.777777777797 
505.00614998255855 588.0 0.0 0.0 135.0 14232.631614390219 14232.777777777797 14232.777777777797 
506.00614998255855 588.0 0.0 1.0 135.0 14232.646230728995 14232.777777777797 14232.777777777797 
507.00614998255855 589.0 0.0 0.0 135.0 14232.34679284126 14229.651851851839 14232.777777777797 
508.00614998255855 589.0 0.0 0.0 135.0 14232.389891334917 14232.777777777797 14232.777777777797 
509.00614998255855 589.0 0.0 0.0 135.0 14232.428679979224 14232.777777777797 14232.777777777797 
510.00614998255855 589.0 0.0 1.0 135.0 14232.463589759063 14232.777777777797 14232.777777777797 
511.00614998255855 590.0 0.0 0.0 135.0 14232.182415968346 14229.651851851839 14232.777777777797 
512.0061499825586 590.0 0.0 0.0 135.0 14232.241952149288 14232.777777777797 14232.777777777797 
513.0061499825586 590.0 0.0 0.0 135.0 14232.295534712146 14232.777777777797 14232.777777777797 
514.0061499825586 590.0 0.0 0.0 135.0 14232.34375901871 14232.777777777797 14232.777777777797 
515.0061499825586 590.0 0.0 0.0 135.0 14232.387160894608 14232.777777777797 14232.777777777797 
516.0061499825586 590.0 0.0 0.0 135.0 14232.426222582933 14232.777777777797 14232.777777777797 
517.0061499825586 590.0 0.0 0.0 135.0 14232.461378102404 14232.777777777797 14232.777777777797 
518.0061499825586 590.0 0.0 0.0 135.0 14232.493018069945 14232.777777777797 14232.777777777797 
519.0061499825586 590.0 0.0 0.0 135.0 14232.52149404073 14232.777777777797 14232.777777777797 
520.0061499825586 590.0 0.0 0.0 135.0 14232.547122414428 14232.777777777797 14232.777777777797 
521.0061499825586 590.0 0.0 0.0 135.0 14232.570187950778 14232.777777777797 14232.777777777797 
522.0061499825586 590.0 0.0 0.0 135.0 14232.590946933466 14232.777777777797 14232.777777777797 
523.0061499825586 590.0 0.0 0.0 135.0 14232.60963001789 14232.777777777797 14232.777777777797 
524.0061499825586 590.0 0.0 0.0 135.0 14232.62644479389 14232.777777777797 14232.777777777797 
525.0061499825586 590.0 0.0 0.0 135.0 14232.641578092289 14232.777777777797 14232.777777777797 
526.0061499825586 590.0 0.0 0.0 135.0 14232.655198060824 14232.777777777797 14232.777777777797 
527.0061499825586 590.0 0.0 0.0 135.0 14232.667456032541 14232.777777777797 14232.777777777797 
528.0061499825586 590.0 0.0 0.0 135.0 14232.678488207051 14232.777777777797 14232.777777777797 
529.0061499825586 590.0 0.0 0.0 135.0 14232.68841716411 14232.777777777797 14232.777777777797 
530.0061499825586 590.0 0.0 0.0 135.0 14232.697353225498 14232.777777777797 14232.777777777797 
531.0061499825586 590.0 0.0 0.0 135.0 14232.705395680714 14232.777777777797 14232.777777777797 
532.0061499825586 590.0 0.0 0.0 135.0 14232.712633890422 14232.777777777797 14232.777777777797 
533.0061499825586 590.0 0.0 1.0 135.0 14232.719148279153 14232.777777777797 14232.777777777797 
534.0061499825586 591.0 0.0 0.0 135.0 14232.412418636424 14229.651851851839 14232.777777777797 
535.0061499825586 591.0 0.0 0.0 135.0 14232.448954550566 14232.777777777797 14232.777777777797 
536.0061499825586 591.0 0.0 0.0 135.0 14232.481836873261 14232.777777777797 14232.777777777797 
537.0061499825586 591.0 0.0 0.0 135.0 14232.51143096373 14232.777777777797 14232.777777777797 
538.0061499825586 591.0 0.0 0.0 135.0 14232.53806564513 14232.777777777797 14232.777777777797 
539.0061499825586 591.0 0.0 0.0 135.0 14232.562036858404 14232.777777777797 14232.777777777797 
540.0061499825586 591.0 0.0 0.0 135.0 14232.583610950334 14232.777777777797 14232.777777777797 
541.0061499825586 591.0 0.0 0.0 135.0 14232.60302763308 14232.777777777797 14232.777777777797 
542.0061499825586 591.0 0.0 0.0 135.0 14232.620502647545 14232.777777777797 14232.777777777797 
543.0061499825586 591.0 0.0 0.0 135.0 14232.636230160571 14232.777777777797 14232.777777777797 
544.0061499825586 591.0 0.0 0.0 135.0 14232.6503849223 14232.777777777797 14232.777777777797 
545.0061499825586 591.0 0.0 2.0 135.0 14232.663124207827 14232.777777777797 14232.777777777797 
546.0061499825586 593.0 0.0 0.0 135.0 14232.049404379635 14226.525925925918 14232.777777777797 
547.0061499825586 593.0 0.0 0.0 135.0 14232.122241719457 14232.777777777797 14232.777777777797 
548.0061499825586 593.0 0.0 0.0 135.0 14232.187795325302 14232.777777777797 14232.777777777797 
549.0061499825586 593.0 0.0 1.0 135.0 14232.246793570534 14232.777777777797 14232.777777777797 
550.0061499825586 593.0 0.0 1.0 135.0 14231.98729939867 14229.651851851839 14232.777777777797 
551.0061499825586 593.0 0.0 1.0 135.0 14231.753754644 14229.651851851839 14232.777777777797 
552.0061499825586 594.0 0.0 0.0 135.0 14231.543564364776 14229.651851851839 14232.777777777797 
553.0061499825586 594.0 0.0 0.0 135.0 14231.66698570608 14232.777777777797 14232.777777777797 
554.0061499825586 594.0 0.0 0.0 135.0 14231.778064913238 14232.777777777797 14232.777777777797 
555.0061499825586 594.0 0.0 0.0 135.0 14231.8780361997 14232.777777777797 14232.777777777797 
556.0061499825586 594.0 0.0 0.0 135.0 14231.968010357512 14232.777777777797 14232.777777777797 
557.0061499825586 594.0 0.0 0.0 135.0 14232.048987099537 14232.777777777797 14232.777777777797 
558.0061499825586 594.0 0.0 0.0 135.0 14232.121866167354 14232.777777777797 14232.777777777797 
559.0061499825586 594.0 0.0 0.0 135.0 14232.187457328386 14232.777777777797 14232.777777777797 
560.0061499825586 594.0 0.0 0.0 135.0 14232.246489373332 14232.777777777797 14232.777777777797 
561.0061499825586 594.0 0.0 0.0 135.0 14232.299618213772 14232.777777777797 14232.777777777797 
562.0061499825586 594.0 0.0 0.0 135.0 14232.347434170188 14232.777777777797 14232.777777777797 
563.0061499825586 594.0 0.0 0.0 135.0 14232.390468530937 14232.777777777797 14232.777777777797 
564.0061499825586 594.0 0.0 0.0 135.0 14232.429199455624 14232.777777777797 14232.777777777797 
565.0061499825586 594.0 0.0 0.0 135.0 14232.464057287827 14232.777777777797 14232.777777777797 
566.0061499825586 594.0 0.0 0.0 135.0 14232.495429336846 14232.777777777797 14232.777777777797 
567.0061499825586 594.0 0.0 0.0 135.0 14232.523664180939 14232.777777777797 14232.777777777797 
568.0061499825586 594.0 0.0 0.0 135.0 14232.549075540614 14232.777777777797 14232.777777777797 
569.0061499825586 594.0 0.0 0.0 135.0 14232.571945764317 14232.777777777797 14232.777777777797 
570.0061499825586 594.0 0.0 0.0 135.0 14232.592528965679 14232.777777777797 14232.777777777797 
571.0061499825586 594.0 0.0 0.0 135.0 14232.611053846887 14232.777777777797 14232.777777777797 
572.0061499825586 594.0 0.0 0.0 135.0 14232.627726239964 14232.777777777797 14232.777777777797 
573.0061499825586 594.0 0.0 0.0 135.0 14232.64273139375 14232.777777777797 14232.777777777797 
574.0061499825586 594.0 0.0 0.0 135.0 14232.656236032148 14232.777777777797 14232.777777777797 
575.0061499825586 594.0 0.0 0.0 135.0 14232.668390206702 14232.777777777797 14232.777777777797 
576.0061499825586 594.0 0.0 0.0 135.0 14232.679328963812 14232.777777777797 14232.777777777797 
577.0061499825586 594.0 0.0 0.0 135.0 14232.689173845229 14232.777777777797 14232.777777777797 
578.0061499825586 594.0 0.0 0.0 135.0 14232.698034238469 14232.777777777797 14232.777777777797 
579.0061499825586 594.0 0.0 0.0 135.0 14232.706008592411 14232.777777777797 14232.777777777797 
580.0061499825586 594.0 0.0 0.0 135.0 14232.713185510946 14232.777777777797 14232.777777777797 
581.0061499825586 594.0 0.0 0.0 135.0 14232.719644737614 14232.777777777797 14232.777777777797 
582.0061499825586 594.0 0.0 0.0 135.0 14232.725458041641 14232.777777777797 14232.777777777797 
583.0061499825586 594.0 0.0 0.0 135.0 14232.730690015263 14232.777777777797 14232.777777777797 
584.0061499825586 594.0 0.0 0.0 135.0 14232.735398791514 14232.777777777797 14232.777777777797 
585.0061499825586 594.0 0.0 0.0 135.0 14232.73963669014 14232.777777777797 14232.777777777797 
586.0061499825586 594.0 0.0 0.0 135.0 14232.743450798896 14232.777777777797 14232.777777777797 
587.0061499825586 594.0 0.0 0.0 135.0 14232.746883496784 14232.777777777797 14232.777777777797 
588.0061499825586 594.0 0.0 1.0 135.0 14232.749972924878 14232.777777777797 14232.777777777797 
589.0061499825586 595.0 0.0 0.0 135.0 14232.440160817589 14229.651851851839 14232.777777777797 
590.0061499825586 595.0 0.0 0.0 135.0 14232.473922513582 14232.777777777797 14232.777777777797 
591.0061499825586 595.0 0.0 1.0 135.0 14232.504308040017 14232.777777777797 14232.777777777797 
592.0061499825586 596.0 0.0 0.0 135.0 14230.770173532304 14215.162962962962 14232.777777777797 
593.0061499825586 596.0 0.0 0.0 135.0 14230.970933956854 14232.777777777797 14232.777777777797 
594.0061499825586 596.0 0.0 0.0 135.0 14231.151618338947 14232.777777777797 14232.777777777797 
595.0061499825586 596.0 0.0 0.0 135.0 14231.314234282834 14232.777777777797 14232.777777777797 
596.0061499825586 596.0 0.0 0.0 135.0 14231.460588632312 14232.777777777797 14232.777777777797 
597.0061499825586 596.0 0.0 0.0 135.0 14231.592307546869 14232.777777777797 14232.777777777797 
598.0061499825586 596.0 0.0 0.0 135.0 14231.710854569978 14232.777777777797 14232.777777777797 
599.0061499825586 596.0 0.0 0.0 135.0 14231.817546890747 14232.777777777797 14232.777777777797 
600.0061499825586 596.0 0.0 0.0 135.0 14231.913569979442 14232.777777777797 14232.777777777797 
#####################################################################
# End of data export. Simulation finished at: 2020-02-12T17:07+0000 #
#####################################################################
