#####################################################################
# Alchemist log file - simulation started at: 2020-02-15T13:50+0000 #
#####################################################################
# longseed = 48.0, meanTaskSize = 10, peakFrequency = 0.3
#
# The columns have the following meaning: 
# time done[Sum] drop[Sum] waiting[Sum] isLeader[Sum] capacity[Mean] freeCapacity[Mean] maxCapacity[Mean] 
0.0 NaN 0.0 NaN NaN NaN NaN NaN 
1.000781838923525 0.0 0.0 0.0 135.0 14232.777777777797 14232.777777777797 14232.777777777797 
2.0007818389235252 0.0 0.0 0.0 135.0 14232.777777777797 14232.777777777797 14232.777777777797 
3.0007818389235252 0.0 0.0 0.0 135.0 14232.777777777797 14232.777777777797 14232.777777777797 
4.000781838923525 0.0 0.0 0.0 135.0 14232.777777777797 14232.777777777797 14232.777777777797 
5.000781838923525 0.0 0.0 0.0 135.0 14232.777777777797 14232.777777777797 14232.777777777797 
6.000781838923525 0.0 0.0 0.0 135.0 14232.777777777797 14232.777777777797 14232.777777777797 
7.000781838923525 0.0 0.0 0.0 135.0 14232.777777777797 14232.777777777797 14232.777777777797 
8.000781838923526 0.0 0.0 0.0 135.0 14232.777777777797 14232.777777777797 14232.777777777797 
9.000781838923526 0.0 0.0 0.0 135.0 14232.777777777797 14232.777777777797 14232.777777777797 
10.000781838923526 0.0 0.0 0.0 135.0 14232.777777777797 14232.777777777797 14232.777777777797 
11.000781838923526 0.0 0.0 0.0 135.0 14232.777777777797 14232.777777777797 14232.777777777797 
12.000781838923526 0.0 0.0 0.0 135.0 14232.777777777797 14232.777777777797 14232.777777777797 
13.000781838923526 0.0 0.0 0.0 135.0 14232.777777777797 14232.777777777797 14232.777777777797 
14.000781838923526 0.0 0.0 1.0 135.0 14232.777777777797 14232.777777777797 14232.777777777797 
15.000781838923526 0.0 0.0 1.0 135.0 14232.465185185178 14229.651851851839 14232.777777777797 
16.000781838923526 1.0 0.0 0.0 135.0 14232.183851851856 14229.651851851839 14232.777777777797 
17.000781838923526 1.0 0.0 0.0 135.0 14232.24324444442 14232.777777777797 14232.777777777797 
18.000781838923526 1.0 0.0 0.0 135.0 14232.296697777778 14232.777777777797 14232.777777777797 
19.000781838923526 1.0 0.0 0.0 135.0 14232.344805777784 14232.777777777797 14232.777777777797 
20.000781838923526 1.0 0.0 1.0 135.0 14232.388102977784 14232.777777777797 14232.777777777797 
21.000781838923526 2.0 0.0 0.0 135.0 14232.1144778652 14229.651851851839 14232.777777777797 
22.000781838923526 2.0 0.0 0.0 135.0 14232.180807856435 14232.777777777797 14232.777777777797 
23.000781838923526 2.0 0.0 1.0 135.0 14232.2405048486 14232.777777777797 14232.777777777797 
24.000781838923526 3.0 0.0 0.0 135.0 14230.532750660019 14215.162962962962 14232.777777777797 
25.000781838923526 3.0 0.0 0.0 135.0 14230.757253371787 14232.777777777797 14232.777777777797 
26.000781838923526 3.0 0.0 0.0 135.0 14230.959305812405 14232.777777777797 14232.777777777797 
27.000781838923526 3.0 0.0 0.0 135.0 14231.141153008943 14232.777777777797 14232.777777777797 
28.000781838923526 3.0 0.0 0.0 135.0 14231.304815485795 14232.777777777797 14232.777777777797 
29.000781838923526 3.0 0.0 0.0 135.0 14231.452111715029 14232.777777777797 14232.777777777797 
30.000781838923526 3.0 0.0 0.0 135.0 14231.584678321287 14232.777777777797 14232.777777777797 
31.000781838923526 3.0 0.0 0.0 135.0 14231.70398826694 14232.777777777797 14232.777777777797 
32.00078183892353 3.0 0.0 0.0 135.0 14231.811367218032 14232.777777777797 14232.777777777797 
33.00078183892353 3.0 0.0 0.0 135.0 14231.908008273993 14232.777777777797 14232.777777777797 
34.00078183892353 3.0 0.0 0.0 135.0 14231.994985224379 14232.777777777797 14232.777777777797 
35.00078183892353 3.0 0.0 0.0 135.0 14232.073264479715 14232.777777777797 14232.777777777797 
36.00078183892353 3.0 0.0 1.0 135.0 14232.143715809496 14232.777777777797 14232.777777777797 
37.00078183892353 4.0 0.0 0.0 135.0 14231.894529413752 14229.651851851839 14232.777777777797 
38.00078183892353 4.0 0.0 0.0 135.0 14231.982854250178 14232.777777777797 14232.777777777797 
39.00078183892353 4.0 0.0 1.0 135.0 14232.062346602908 14232.777777777797 14232.777777777797 
40.00078183892353 5.0 0.0 0.0 135.0 14230.37240823891 14215.162962962962 14232.777777777797 
41.00078183892353 5.0 0.0 0.0 135.0 14230.61294519281 14232.777777777797 14232.777777777797 
42.00078183892353 5.0 0.0 0.0 135.0 14230.829428451312 14232.777777777797 14232.777777777797 
43.00078183892353 5.0 0.0 0.0 135.0 14231.024263383944 14232.777777777797 14232.777777777797 
44.00078183892353 5.0 0.0 0.0 135.0 14231.19961482334 14232.777777777797 14232.777777777797 
45.00078183892353 5.0 0.0 0.0 135.0 14231.357431118788 14232.777777777797 14232.777777777797 
46.00078183892353 5.0 0.0 1.0 135.0 14231.499465784682 14232.777777777797 14232.777777777797 
47.00078183892353 6.0 0.0 0.0 135.0 14231.31470439139 14229.651851851839 14232.777777777797 
48.00078183892353 6.0 0.0 0.0 135.0 14231.461011730027 14232.777777777797 14232.777777777797 
49.00078183892353 6.0 0.0 0.0 135.0 14231.592688334817 14232.777777777797 14232.777777777797 
50.00078183892353 6.0 0.0 0.0 135.0 14231.711197279074 14232.777777777797 14232.777777777797 
51.00078183892353 6.0 0.0 0.0 135.0 14231.817855328947 14232.777777777797 14232.777777777797 
52.00078183892353 6.0 0.0 0.0 135.0 14231.91384757388 14232.777777777797 14232.777777777797 
53.00078183892353 6.0 0.0 0.0 135.0 14232.00024059425 14232.777777777797 14232.777777777797 
54.00078183892353 6.0 0.0 0.0 135.0 14232.077994312582 14232.777777777797 14232.777777777797 
55.00078183892353 6.0 0.0 0.0 135.0 14232.147972659117 14232.777777777797 14232.777777777797 
56.00078183892353 6.0 0.0 0.0 135.0 14232.210953170985 14232.777777777797 14232.777777777797 
57.00078183892353 6.0 0.0 0.0 135.0 14232.267635631693 14232.777777777797 14232.777777777797 
58.00078183892353 6.0 0.0 0.0 135.0 14232.318649846275 14232.777777777797 14232.777777777797 
59.00078183892353 6.0 0.0 0.0 135.0 14232.364562639425 14232.777777777797 14232.777777777797 
60.00078183892353 6.0 0.0 0.0 135.0 14232.405884153286 14232.777777777797 14232.777777777797 
61.00078183892353 6.0 0.0 0.0 135.0 14232.443073515717 14232.777777777797 14232.777777777797 
62.00078183892353 6.0 0.0 0.0 135.0 14232.476543941915 14232.777777777797 14232.777777777797 
63.00078183892353 6.0 0.0 0.0 135.0 14232.506667325502 14232.777777777797 14232.777777777797 
64.00078183892353 6.0 0.0 0.0 135.0 14232.53377837073 14232.777777777797 14232.777777777797 
65.00078183892353 6.0 0.0 0.0 135.0 14232.558178311427 14232.777777777797 14232.777777777797 
66.00078183892353 6.0 0.0 0.0 135.0 14232.580138258061 14232.777777777797 14232.777777777797 
67.00078183892353 6.0 0.0 0.0 135.0 14232.599902210026 14232.777777777797 14232.777777777797 
68.00078183892353 6.0 0.0 0.0 135.0 14232.617689766801 14232.777777777797 14232.777777777797 
69.00078183892353 6.0 0.0 0.0 135.0 14232.633698567915 14232.777777777797 14232.777777777797 
70.00078183892353 6.0 0.0 0.0 135.0 14232.648106488914 14232.777777777797 14232.777777777797 
71.00078183892353 6.0 0.0 0.0 135.0 14232.66107361778 14232.777777777797 14232.777777777797 
72.00078183892353 6.0 0.0 0.0 135.0 14232.672744033785 14232.777777777797 14232.777777777797 
73.00078183892353 6.0 0.0 0.0 135.0 14232.683247408213 14232.777777777797 14232.777777777797 
74.00078183892353 6.0 0.0 0.0 135.0 14232.692700445119 14232.777777777797 14232.777777777797 
75.00078183892353 6.0 0.0 0.0 135.0 14232.701208178398 14232.777777777797 14232.777777777797 
76.00078183892353 6.0 0.0 0.0 135.0 14232.708865138356 14232.777777777797 14232.777777777797 
77.00078183892353 6.0 0.0 0.0 135.0 14232.715756402296 14232.777777777797 14232.777777777797 
78.00078183892353 6.0 0.0 0.0 135.0 14232.721958539836 14232.777777777797 14232.777777777797 
79.00078183892353 6.0 0.0 0.0 135.0 14232.727540463608 14232.777777777797 14232.777777777797 
80.00078183892353 6.0 0.0 0.0 135.0 14232.732564195034 14232.777777777797 14232.777777777797 
81.00078183892353 6.0 0.0 0.0 135.0 14232.737085553299 14232.777777777797 14232.777777777797 
82.00078183892353 6.0 0.0 0.0 135.0 14232.74115477579 14232.777777777797 14232.777777777797 
83.00078183892353 6.0 0.0 0.0 135.0 14232.744817075938 14232.777777777797 14232.777777777797 
84.00078183892353 6.0 0.0 0.0 135.0 14232.74811314615 14232.777777777797 14232.777777777797 
85.00078183892353 6.0 0.0 1.0 135.0 14232.751079609312 14232.777777777797 14232.777777777797 
86.00078183892353 7.0 0.0 1.0 135.0 14230.992267944708 14215.162962962962 14232.777777777797 
87.00078183892353 8.0 0.0 0.0 135.0 14230.858226335406 14229.651851851839 14232.777777777797 
88.00078183892353 8.0 0.0 0.0 135.0 14231.050181479608 14232.777777777797 14232.777777777797 
89.00078183892353 8.0 0.0 0.0 135.0 14231.222941109447 14232.777777777797 14232.777777777797 
90.00078183892353 8.0 0.0 0.0 135.0 14231.378424776298 14232.777777777797 14232.777777777797 
91.00078183892353 8.0 0.0 1.0 135.0 14231.518360076407 14232.777777777797 14232.777777777797 
92.00078183892353 9.0 0.0 0.0 135.0 14231.331709253967 14229.651851851839 14232.777777777797 
93.00078183892353 9.0 0.0 0.0 135.0 14231.476316106351 14232.777777777797 14232.777777777797 
94.00078183892353 9.0 0.0 1.0 135.0 14231.606462273483 14232.777777777797 14232.777777777797 
95.00078183892353 10.0 0.0 0.0 135.0 14231.41100123135 14229.651851851839 14232.777777777797 
96.00078183892353 10.0 0.0 0.0 135.0 14231.547678885972 14232.777777777797 14232.777777777797 
97.00078183892353 10.0 0.0 0.0 135.0 14231.670688775168 14232.777777777797 14232.777777777797 
98.00078183892353 10.0 0.0 1.0 135.0 14231.78139767543 14232.777777777797 14232.777777777797 
99.00078183892353 11.0 0.0 0.0 135.0 14231.568443093061 14229.651851851839 14232.777777777797 
100.00078183892353 11.0 0.0 0.0 135.0 14231.689376561537 14232.777777777797 14232.777777777797 
101.00078183892353 11.0 0.0 0.0 135.0 14231.798216683152 14232.777777777797 14232.777777777797 
102.00078183892353 11.0 0.0 1.0 135.0 14231.896172792605 14232.777777777797 14232.777777777797 
103.00078183892353 12.0 0.0 0.0 135.0 14231.671740698537 14229.651851851839 14232.777777777797 
104.00078183892353 12.0 0.0 1.0 135.0 14231.782344406462 14232.777777777797 14232.777777777797 
105.00078183892353 13.0 0.0 0.0 135.0 14231.569295151003 14229.651851851839 14232.777777777797 
106.00078183892353 13.0 0.0 0.0 135.0 14231.69014341368 14232.777777777797 14232.777777777797 
107.00078183892353 13.0 0.0 1.0 135.0 14231.798906850094 14232.777777777797 14232.777777777797 
108.00078183892353 14.0 0.0 1.0 135.0 14231.584201350268 14229.651851851839 14232.777777777797 
109.00078183892353 14.0 0.0 1.0 135.0 14231.390966400428 14229.651851851839 14232.777777777797 
110.00078183892353 15.0 0.0 0.0 135.0 14231.217054945566 14229.651851851839 14232.777777777797 
111.00078183892353 15.0 0.0 0.0 135.0 14231.373127228773 14232.777777777797 14232.777777777797 
112.00078183892353 15.0 0.0 1.0 135.0 14231.513592283674 14232.777777777797 14232.777777777797 
113.00078183892353 16.0 0.0 1.0 135.0 14231.327418240518 14229.651851851839 14232.777777777797 
114.00078183892353 16.0 0.0 1.0 135.0 14231.159861601627 14229.651851851839 14232.777777777797 
115.00078183892353 17.0 0.0 1.0 134.0 14231.009060626686 14229.651851851839 14232.777777777797 
116.00078183892353 18.0 0.0 1.0 134.0 14230.873339749181 14229.651851851839 14232.777777777797 
117.00078183892353 18.0 0.0 1.0 135.0 14231.063783552045 14232.777777777797 14232.777777777797 
118.00078183892353 19.0 0.0 1.0 134.0 14229.161108900526 14212.037037037013 14232.777777777797 
119.00078183892353 19.0 0.0 2.0 135.0 14229.21018319566 14229.651851851839 14232.777777777797 
120.00078183892353 20.0 0.0 1.0 135.0 14228.942498209448 14226.533333333318 14232.777777777797 
121.00078183892353 21.0 0.0 1.0 135.0 14229.013433573677 14229.651851851839 14232.777777777797 
122.00078183892353 22.0 0.0 1.0 134.0 14229.077275401522 14229.651851851839 14232.777777777797 
123.00078183892353 23.0 0.0 0.0 135.0 14229.13473304652 14229.651851851839 14232.777777777797 
124.00078183892353 23.0 0.0 1.0 135.0 14229.499037519658 14232.777777777797 14232.777777777797 
125.00078183892353 23.0 0.0 1.0 134.0 14229.514318952874 14229.651851851839 14232.777777777797 
126.00078183892353 23.0 0.0 3.0 134.0 14229.528072242769 14229.651851851839 14232.777777777797 
127.00078183892353 25.0 0.0 1.0 134.0 14229.22785761106 14226.525925925918 14232.777777777797 
128.00078183892353 26.0 0.0 1.0 134.0 14227.821368146302 14215.162962962962 14232.777777777797 
129.00078183892353 26.0 0.0 2.0 134.0 14228.317009109407 14232.777777777797 14232.777777777797 
130.00078183892353 27.0 0.0 1.0 135.0 14227.001604494773 14215.162962962962 14232.777777777797 
131.00078183892353 28.0 0.0 0.0 134.0 14225.505147749001 14212.037037037013 14232.777777777797 
132.00078183892353 28.0 0.0 2.0 134.0 14225.919818159296 14229.651851851839 14232.777777777797 
133.00078183892353 28.0 0.0 2.0 134.0 14226.605614121136 14232.777777777797 14232.777777777797 
134.00078183892353 30.0 0.0 0.0 135.0 14223.70060826458 14197.555555555586 14232.777777777797 
135.00078183892353 30.0 0.0 0.0 135.0 14224.608325215895 14232.777777777797 14232.777777777797 
136.00078183892353 30.0 0.0 0.0 135.0 14225.42527047208 14232.777777777797 14232.777777777797 
137.00078183892353 30.0 0.0 0.0 135.0 14226.16052120266 14232.777777777797 14232.777777777797 
138.00078183892353 30.0 0.0 1.0 135.0 14226.822246860169 14232.777777777797 14232.777777777797 
139.00078183892353 30.0 0.0 2.0 135.0 14227.105207359331 14229.651851851839 14232.777777777797 
140.00078183892353 32.0 0.0 1.0 134.0 14227.048019956737 14226.533333333318 14232.777777777797 
141.00078183892353 32.0 0.0 1.0 134.0 14227.620995738836 14232.777777777797 14232.777777777797 
142.00078183892353 33.0 0.0 0.0 135.0 14226.375192461226 14215.162962962962 14232.777777777797 
143.00078183892353 33.0 0.0 1.0 135.0 14227.01545099293 14232.777777777797 14232.777777777797 
144.00078183892353 33.0 0.0 1.0 135.0 14227.279091078808 14229.651851851839 14232.777777777797 
145.00078183892353 34.0 0.0 0.0 135.0 14227.51636715613 14229.651851851839 14232.777777777797 
146.00078183892353 34.0 0.0 2.0 135.0 14228.042508218268 14232.777777777797 14232.777777777797 
147.00078183892353 35.0 0.0 1.0 135.0 14227.891590729756 14226.533333333318 14232.777777777797 
148.00078183892353 35.0 0.0 1.0 135.0 14228.067616841983 14229.651851851839 14232.777777777797 
149.00078183892353 36.0 0.0 0.0 134.0 14228.226040342968 14229.651851851839 14232.777777777797 
150.00078183892353 36.0 0.0 1.0 135.0 14228.681214086433 14232.777777777797 14232.777777777797 
151.00078183892353 37.0 0.0 1.0 135.0 14228.778277862966 14229.651851851839 14232.777777777797 
152.00078183892353 37.0 0.0 4.0 135.0 14228.865635261885 14229.651851851839 14232.777777777797 
153.00078183892353 38.0 0.0 5.0 135.0 14228.007219883837 14220.281481481483 14232.777777777797 
154.00078183892353 42.0 0.0 3.0 134.0 14226.922794191745 14217.162962962962 14232.777777777797 
155.00078183892353 44.0 0.0 1.0 134.0 14225.121625883663 14208.911111111145 14232.777777777797 
156.00078183892353 45.0 0.0 2.0 134.0 14225.574648480517 14229.651851851839 14232.777777777797 
157.00078183892353 45.0 0.0 5.0 134.0 14225.982368817644 14229.651851851839 14232.777777777797 
158.00078183892353 48.0 0.0 4.0 133.0 14223.963391195139 14205.792592592627 14232.777777777797 
159.00078183892353 50.0 0.0 4.0 134.0 14222.458163186762 14208.911111111145 14232.777777777797 
160.00078183892353 54.0 0.0 3.0 134.0 14217.893828349524 14176.814814814803 14232.777777777797 
161.00078183892353 56.0 0.0 3.0 134.0 14216.995556625698 14208.911111111145 14232.777777777797 
162.00078183892353 57.0 0.0 3.0 134.0 14217.949334296452 14226.533333333318 14232.777777777797 
163.00078183892353 59.0 0.0 2.0 133.0 14217.045511977898 14208.911111111145 14232.777777777797 
164.00078183892353 61.0 0.0 6.0 133.0 14216.232071891269 14208.911111111145 14232.777777777797 
165.00078183892353 65.0 0.0 5.0 133.0 14214.562938776198 14199.540740740757 14232.777777777797 
166.00078183892353 67.0 0.0 5.0 133.0 14213.685904157845 14205.792592592627 14232.777777777797 
167.00078183892353 71.0 0.0 1.0 133.0 14212.895832260552 14205.785185185186 14232.777777777797 
168.00078183892353 72.0 0.0 0.0 135.0 14213.122545330823 14215.162962962962 14232.777777777797 
169.00078183892353 72.0 0.0 3.0 135.0 14215.088068575504 14232.777777777797 14232.777777777797 
170.00078183892353 73.0 0.0 6.0 134.0 14215.919261717961 14223.400000000001 14232.777777777797 
171.00078183892353 75.0 0.0 6.0 133.0 14214.594002212809 14202.666666666668 14232.777777777797 
172.00078183892353 80.0 0.0 2.0 133.0 14211.639787176739 14185.05185185184 14232.777777777797 
173.00078183892353 81.0 0.0 3.0 134.0 14213.440993644239 14229.651851851839 14232.777777777797 
174.00078183892353 83.0 0.0 5.0 134.0 14212.988005390927 14208.911111111145 14232.777777777797 
175.00078183892353 85.0 0.0 6.0 134.0 14211.955130777742 14202.659259259277 14232.777777777797 
176.00078183892353 91.0 0.0 3.0 134.0 14209.264062144437 14185.044444444442 14232.777777777797 
177.00078183892353 91.0 0.0 5.0 133.0 14210.677655930012 14223.400000000001 14232.777777777797 
178.00078183892353 94.0 0.0 4.0 132.0 14211.638038485164 14220.281481481483 14232.777777777797 
179.00078183892353 95.0 0.0 6.0 131.0 14211.052753155156 14205.785185185186 14232.777777777797 
180.00078183892353 101.0 0.0 5.0 131.0 14211.351181543323 14214.037037037013 14232.777777777797 
181.00078183892353 102.0 0.0 7.0 132.0 14211.419767092711 14212.037037037013 14232.777777777797 
182.00078183892353 107.0 0.0 5.0 133.0 14205.57334593901 14152.95555555556 14232.777777777797 
183.00078183892353 110.0 0.0 7.0 130.0 14204.970085419161 14199.540740740757 14232.777777777797 
184.00078183892353 113.0 0.0 7.0 131.0 14203.290113914274 14188.17037037036 14232.777777777797 
185.00078183892353 117.0 0.0 7.0 132.0 14200.643324745053 14176.82222222224 14232.777777777797 
186.00078183892353 123.0 0.0 4.0 133.0 14194.4249181965 14138.459259259243 14232.777777777797 
187.00078183892353 126.0 0.0 3.0 133.0 14193.799463413876 14188.17037037036 14232.777777777797 
188.00078183892353 128.0 0.0 6.0 132.0 14196.76025781324 14223.407407407401 14232.777777777797 
189.00078183892353 131.0 0.0 5.0 133.0 14197.662750550415 14205.785185185186 14232.777777777797 
190.00078183892353 134.0 0.0 7.0 131.0 14197.026105125038 14191.296296296277 14232.777777777797 
191.00078183892353 137.0 0.0 6.0 134.0 14194.692383501382 14173.688888888892 14232.777777777797 
192.00078183892353 142.0 0.0 4.0 132.0 14191.967589595692 14167.444444444414 14232.777777777797 
193.00078183892353 142.0 0.0 9.0 133.0 14195.110830636138 14223.400000000001 14232.777777777797 
194.00078183892353 148.0 0.0 10.0 132.0 14189.956784609563 14143.570370370371 14232.777777777797 
195.00078183892353 153.0 0.0 8.0 131.0 14189.978143185655 14190.17037037036 14232.777777777797 
196.00078183892353 158.0 0.0 9.0 131.0 14189.17292145968 14181.92592592593 14232.777777777797 
197.00078183892353 164.0 0.0 7.0 130.0 14189.897110795206 14196.414814814798 14232.777777777797 
198.00078183892353 169.0 0.0 8.0 131.0 14188.275547863801 14173.681481481453 14232.777777777797 
199.00078183892353 175.0 0.0 3.0 131.0 14186.191696781147 14167.437037037065 14232.777777777797 
200.00078183892353 178.0 0.0 4.0 132.0 14188.463638214113 14208.911111111145 14232.777777777797 
201.00078183892353 181.0 0.0 4.0 131.0 14190.195792911234 14205.785185185186 14232.777777777797 
202.00078183892353 184.0 0.0 2.0 132.0 14193.203621027516 14220.274074074052 14232.777777777797 
203.00078183892353 186.0 0.0 5.0 131.0 14196.535851517354 14226.525925925918 14232.777777777797 
204.00078183892353 187.0 0.0 9.0 134.0 14197.14893303229 14202.666666666668 14232.777777777797 
205.00078183892353 194.0 0.0 6.0 132.0 14196.762928617945 14193.288888888881 14232.777777777797 
206.00078183892353 197.0 0.0 7.0 132.0 14196.216265385803 14191.296296296277 14232.777777777797 
207.00078183892353 202.0 0.0 5.0 132.0 14192.51463884721 14159.200000000026 14232.777777777797 
208.00078183892353 206.0 0.0 6.0 133.0 14190.318730518064 14170.555555555586 14232.777777777797 
209.00078183892353 211.0 0.0 8.0 132.0 14189.479450058807 14181.92592592593 14232.777777777797 
210.00078183892353 218.0 0.0 8.0 131.0 14188.723356904804 14181.918518518494 14232.777777777797 
211.00078183892353 222.0 0.0 5.0 133.0 14186.906576769865 14170.555555555586 14232.777777777797 
212.00078183892353 227.0 0.0 5.0 133.0 14187.032956129948 14188.17037037036 14232.777777777797 
213.00078183892353 231.0 0.0 7.0 134.0 14185.697808665078 14173.681481481453 14232.777777777797 
214.00078183892353 234.0 0.0 12.0 133.0 14185.32136113191 14181.933333333322 14232.777777777797 
215.00078183892353 244.0 0.0 9.0 131.0 14186.318113907597 14195.288888888881 14232.777777777797 
216.00078183892353 248.0 0.0 11.0 132.0 14185.05593214646 14173.696296296283 14232.777777777797 
217.00078183892353 257.0 0.0 7.0 132.0 14178.010338931837 14114.599999999999 14232.777777777797 
218.00078183892353 262.0 0.0 10.0 132.0 14178.401897631247 14181.92592592593 14232.777777777797 
219.00078183892353 268.0 0.0 9.0 132.0 14178.441707868102 14178.799999999974 14232.777777777797 
220.00078183892353 274.0 0.0 14.0 133.0 14177.653833377573 14170.562962962935 14232.777777777797 
221.00078183892353 286.0 0.0 8.0 132.0 14171.860301891676 14119.718518518519 14232.777777777797 
222.00078183892353 292.0 0.0 4.0 130.0 14172.242419850681 14175.681481481453 14232.777777777797 
223.00078183892353 292.0 0.0 4.0 131.0 14177.358918606356 14223.407407407401 14232.777777777797 
224.00078183892353 296.0 0.0 3.0 132.0 14180.202286004942 14205.792592592627 14232.777777777797 
225.00078183892353 299.0 0.0 3.0 133.0 14183.07316851557 14208.911111111145 14232.777777777797 
226.00078183892353 302.0 0.0 9.0 133.0 14185.65696277512 14208.911111111145 14232.777777777797 
227.00078183892353 307.0 0.0 14.0 132.0 14186.107562793928 14190.162962962962 14232.777777777797 
228.00078183892353 315.0 0.0 14.0 130.0 14183.816065773764 14163.19259259259 14232.777777777797 
229.00078183892353 324.0 0.0 12.0 130.0 14178.542607344563 14131.081481481506 14232.777777777797 
230.00078183892353 331.0 0.0 9.0 129.0 14175.358716980463 14146.70370370372 14232.777777777797 
231.00078183892353 335.0 0.0 13.0 129.0 14178.713956393534 14208.911111111145 14232.777777777797 
232.00078183892353 345.0 0.0 6.0 128.0 14173.12700519861 14122.844444444469 14232.777777777797 
233.00078183892353 350.0 0.0 8.0 133.0 14174.632082456557 14188.17777777776 14232.777777777797 
234.00078183892353 354.0 0.0 9.0 133.0 14172.465170507185 14152.962962962987 14232.777777777797 
235.00078183892353 358.0 0.0 9.0 133.0 14174.234949752756 14190.162962962962 14232.777777777797 
236.00078183892353 365.0 0.0 7.0 130.0 14173.753676999697 14169.422222222236 14232.777777777797 
237.00078183892353 371.0 0.0 4.0 131.0 14172.80942041084 14164.311111111108 14232.777777777797 
238.00078183892353 374.0 0.0 5.0 131.0 14178.181070962348 14226.525925925918 14232.777777777797 
239.00078183892353 376.0 0.0 9.0 131.0 14180.941482384615 14205.785185185186 14232.777777777797 
240.00078183892353 383.0 0.0 8.0 130.0 14182.175482294339 14193.281481481483 14232.777777777797 
241.00078183892353 388.0 0.0 8.0 132.0 14181.837934064877 14178.799999999974 14232.777777777797 
242.00078183892353 395.0 0.0 8.0 132.0 14182.983029547288 14193.288888888881 14232.777777777797 
243.00078183892353 400.0 0.0 6.0 133.0 14184.325467333309 14196.407407407401 14232.777777777797 
244.00078183892353 402.0 0.0 13.0 132.0 14185.5336613407 14196.407407407401 14232.777777777797 
245.00078183892353 414.0 0.0 6.0 132.0 14181.849924836253 14148.696296296283 14232.777777777797 
246.00078183892353 417.0 0.0 7.0 131.0 14184.243450871145 14205.785185185186 14232.777777777797 
247.00078183892353 423.0 0.0 9.0 131.0 14182.56355022849 14167.444444444414 14232.777777777797 
248.00078183892353 427.0 0.0 13.0 132.0 14185.709417427852 14214.022222222226 14232.777777777797 
249.00078183892353 438.0 0.0 6.0 131.0 14181.695512722119 14145.570370370371 14232.777777777797 
250.00078183892353 441.0 0.0 9.0 132.0 14185.865961449892 14223.400000000001 14232.777777777797 
251.00078183892353 447.0 0.0 6.0 130.0 14182.77418011973 14154.94814814816 14232.777777777797 
252.00078183892353 451.0 0.0 9.0 130.0 14183.825650996652 14193.288888888881 14232.777777777797 
253.00078183892353 453.0 0.0 14.0 130.0 14186.53419700809 14210.911111111145 14232.777777777797 
254.00078183892353 461.0 0.0 17.0 130.0 14181.926703233212 14140.459259259243 14232.777777777797 
255.00078183892353 475.0 0.0 13.0 130.0 14175.905144020995 14121.711111111119 14232.777777777797 
256.00078183892356 483.0 0.0 11.0 127.0 14171.73611110038 14134.214814814812 14232.777777777797 
257.00078183892356 493.0 0.0 9.0 130.0 14171.504722212558 14169.422222222236 14232.777777777797 
258.00078183892356 498.0 0.0 6.0 130.0 14169.337212954264 14149.82962962964 14232.777777777797 
259.00078183892356 503.0 0.0 11.0 132.0 14171.533121288452 14191.296296296277 14232.777777777797 
260.00078183892356 511.0 0.0 8.0 130.0 14173.083512863312 14187.037037037013 14232.777777777797 
261.00078183892356 515.0 0.0 8.0 132.0 14175.415902317734 14196.407407407401 14232.777777777797 
262.00078183892356 521.0 0.0 11.0 131.0 14177.20320097484 14193.288888888881 14232.777777777797 
263.00078183892356 526.0 0.0 14.0 130.0 14175.288806803293 14158.059259259278 14232.777777777797 
264.00078183892356 535.0 0.0 14.0 130.0 14169.730296493328 14119.70370370372 14232.777777777797 
265.00013214794643 545.0 0.0 8.0 129.0 14170.614182149999 14178.80740740741 14232.777777777797 
266.00078183892356 550.0 0.0 21.0 131.0 14168.244577196618 14146.703703703723 14232.777777777797 
267.00078183892356 562.0 0.0 16.0 129.0 14159.13048984733 14077.103703703682 14232.777777777797 
268.00078183892356 575.0 0.0 11.0 126.0 14158.285589010751 14150.681481481453 14232.777777777797 
269.00078183892356 580.0 0.0 18.0 124.0 14154.428141220795 14119.711111111119 14232.777777777797 
270.00078183892356 593.0 0.0 14.0 125.0 14151.780882654279 14127.955555555558 14232.777777777797 
271.00078183892356 604.0 0.0 11.0 126.0 14147.436868462906 14108.340740740723 14232.777777777797 
272.00078183892356 609.0 0.0 19.0 129.0 14146.226514949974 14135.333333333332 14232.777777777797 
273.00078183892356 617.0 0.0 19.0 126.0 14141.389789380906 14097.859259259254 14232.777777777797 
274.00078183892356 631.0 0.0 18.0 125.0 14143.769328961322 14165.185185185197 14232.777777777797 
275.00078183892356 642.0 0.0 15.0 127.0 14137.217581250361 14078.251851851868 14232.777777777797 
276.00078183892356 654.0 0.0 14.0 127.0 14137.228415717931 14137.325925925894 14232.777777777797 
277.00078183892356 662.0 0.0 15.0 129.0 14142.521870442428 14190.162962962962 14232.777777777797 
278.00078183892356 672.0 0.0 15.0 124.0 14139.616350064856 14113.46666666668 14232.777777777797 
279.00078183892356 683.0 0.0 12.0 128.0 14135.240640984297 14095.859259259254 14232.777777777797 
280.00078183892356 691.0 0.0 16.0 126.0 14138.347687996997 14166.311111111108 14232.777777777797 
281.00078183892356 700.0 0.0 17.0 124.0 14139.068474752834 14145.555555555586 14232.777777777797 
282.00078183892356 707.0 0.0 15.0 128.0 14137.756442092372 14125.94814814816 14232.777777777797 
283.00078183892356 717.0 0.0 16.0 126.0 14135.640797883128 14116.599999999999 14232.777777777797 
284.00078183892356 728.0 0.0 16.0 126.0 14131.976718094811 14099.0 14232.777777777797 
285.00078183892356 734.0 0.0 20.0 126.0 14133.336083322372 14145.570370370371 14232.777777777797 
286.00078183892356 747.0 0.0 23.0 126.0 14130.412845360506 14104.103703703682 14232.777777777797 
287.00078183892356 757.0 0.0 20.0 125.0 14124.570820083718 14071.9925925926 14232.777777777797 
288.00078183892356 776.0 0.0 7.0 124.0 14115.790775112384 14036.77037037036 14232.777777777797 
289.00078183892356 779.0 0.0 10.0 127.0 14120.954660564103 14167.429629629629 14232.777777777797 
290.00078183892356 788.0 0.0 10.0 125.0 14128.1880833966 14193.288888888881 14232.777777777797 
291.00078183892356 794.0 0.0 14.0 128.0 14129.214460242121 14138.45185185185 14232.777777777797 
292.00078183892356 804.0 0.0 15.0 130.0 14126.814495699376 14105.214814814812 14232.777777777797 
293.00078183892356 815.0 0.0 15.0 127.0 14121.64415724056 14075.11111111112 14232.777777777797 
294.00078183892356 824.0 0.0 17.0 128.0 14123.412334109085 14139.325925925894 14232.777777777797 
295.00078183892356 834.0 0.0 18.0 127.0 14123.24221180929 14121.711111111119 14232.777777777797 
296.00078183892356 849.0 0.0 7.0 126.0 14122.263916554282 14113.459259259243 14232.777777777797 
297.00078183892356 854.0 0.0 9.0 128.0 14128.85456193591 14188.17037037036 14232.777777777797 
298.00078183892356 859.0 0.0 17.0 132.0 14134.160957594147 14181.918518518494 14232.777777777797 
299.00078183892356 870.0 0.0 18.0 129.0 14136.125602575481 14153.80740740741 14232.777777777797 
300.00078183892356 884.0 0.0 7.0 129.0 14130.339708984608 14078.266666666657 14232.777777777797 
301.00078183892356 890.0 0.0 6.0 130.0 14137.259071419472 14199.533333333318 14232.777777777797 
302.0003535048009 894.0 0.0 9.0 130.0 14143.511661796087 14202.659259259277 14232.777777777797 
303.00078183892356 902.0 0.0 11.0 131.0 14147.299181183109 14178.799999999974 14232.777777777797 
304.00078183892356 908.0 0.0 14.0 129.0 14145.789263064813 14132.200000000026 14232.777777777797 
305.00078183892356 918.0 0.0 12.0 131.0 14142.35774416574 14111.474074074082 14232.777777777797 
306.00078183892356 926.0 0.0 14.0 131.0 14143.615303082484 14154.933333333322 14232.777777777797 
307.00078183892356 934.0 0.0 13.0 131.0 14142.362661663126 14131.088888888855 14232.777777777797 
308.00078183892356 940.0 0.0 21.0 129.0 14144.444173274602 14163.17777777776 14232.777777777797 
309.00078183892356 954.0 0.0 18.0 132.0 14136.886422613801 14068.86666666665 14232.777777777797 
310.00078183892356 966.0 0.0 11.0 128.0 14133.29703961166 14100.9925925926 14232.777777777797 
311.00078183892356 974.0 0.0 9.0 127.0 14136.597706020873 14166.303703703717 14232.777777777797 
312.00078183892356 981.0 0.0 9.0 127.0 14140.50534282618 14175.674074074106 14232.777777777797 
313.00078183892356 986.0 0.0 13.0 131.0 14143.199252988043 14167.444444444414 14232.777777777797 
314.00078183892356 995.0 0.0 19.0 131.0 14142.3008091707 14134.214814814814 14232.777777777797 
315.00078183892356 1008.0 0.0 14.0 127.0 14141.377394920302 14133.066666666678 14232.777777777797 
316.00078183892356 1015.0 0.0 16.0 127.0 14144.181877650473 14169.422222222236 14232.777777777797 
317.00078183892356 1028.0 0.0 18.0 127.0 14144.008875070635 14142.45185185185 14232.777777777797 
318.00078183892356 1037.0 0.0 16.0 124.0 14147.375394970974 14177.674074074106 14232.777777777797 
319.00078183892356 1049.0 0.0 9.0 124.0 14144.297114733128 14116.592592592599 14232.777777777797 
320.00078183892356 1054.0 0.0 11.0 131.0 14145.162218074636 14152.94814814816 14232.777777777797 
321.00078183892356 1062.0 0.0 14.0 125.0 14145.827477748651 14151.814814814803 14232.777777777797 
322.00078183892356 1072.0 0.0 10.0 127.0 14146.11361886268 14148.688888888892 14232.777777777797 
323.00078183892356 1081.0 0.0 12.0 127.0 14146.68447919862 14151.82222222224 14232.777777777797 
324.00078183892356 1086.0 0.0 16.0 127.0 14148.646401649146 14166.303703703717 14232.777777777797 
325.00078183892356 1095.0 0.0 20.0 126.0 14148.962502224957 14151.80740740741 14232.777777777797 
326.00078183892356 1105.0 0.0 18.0 130.0 14141.064770520987 14069.985185185162 14232.777777777797 
327.00078183892356 1118.0 0.0 17.0 125.0 14135.605700876284 14086.474074074082 14232.777777777797 
328.00078183892356 1130.0 0.0 17.0 125.0 14134.839945603486 14127.94814814816 14232.777777777797 
329.00078183892356 1141.0 0.0 12.0 125.0 14133.32780289499 14119.718518518519 14232.777777777797 
330.00078183892356 1150.0 0.0 8.0 125.0 14131.655022605486 14116.599999999999 14232.777777777797 
331.00078183892356 1155.0 0.0 14.0 128.0 14134.29544627087 14158.059259259278 14232.777777777797 
332.00078183892356 1162.0 0.0 17.0 129.0 14134.285901643765 14134.200000000026 14232.777777777797 
333.00078183892356 1178.0 0.0 14.0 124.0 14130.952867034946 14100.95555555556 14232.777777777797 
334.00078183892356 1188.0 0.0 12.0 124.0 14133.351654405527 14154.940740740722 14232.777777777797 
335.00078183892356 1197.0 0.0 15.0 128.0 14134.373526002 14143.570370370371 14232.777777777797 
336.00078183892356 1207.0 0.0 13.0 130.0 14131.148025253671 14102.11851851852 14232.777777777797 
337.00078183892356 1220.0 0.0 9.0 130.0 14129.38063013571 14113.474074074082 14232.777777777797 
338.00078183892356 1223.0 0.0 20.0 127.0 14133.384048603613 14169.414814814798 14232.777777777797 
339.00078183892356 1234.0 0.0 19.0 125.0 14133.352310409922 14133.066666666678 14232.777777777797 
340.00078183892356 1247.0 0.0 16.0 128.0 14132.18670899856 14121.696296296284 14232.777777777797 
341.00078183892356 1259.0 0.0 8.0 126.0 14130.313964024617 14113.459259259243 14232.777777777797 
342.00078183892356 1266.0 0.0 9.0 127.0 14136.923308362895 14196.407407407401 14232.777777777797 
343.00078183892356 1273.0 0.0 8.0 127.0 14142.559125674768 14193.281481481483 14232.777777777797 
344.00078183892356 1281.0 0.0 10.0 127.0 14146.182472366549 14178.792592592627 14232.777777777797 
345.00078183892356 1284.0 0.0 16.0 131.0 14150.068669574339 14185.044444444442 14232.777777777797 
346.00078183892356 1298.0 0.0 11.0 129.0 14145.781802616892 14107.200000000026 14232.777777777797 
347.00078183892356 1305.0 0.0 14.0 129.0 14149.28140013299 14180.777777777797 14232.777777777797 
348.00078183892356 1312.0 0.0 21.0 129.0 14145.700667527115 14113.474074074082 14232.777777777797 
349.00078183892356 1325.0 0.0 25.0 127.0 14140.60393410772 14094.733333333344 14232.777777777797 
350.00078183892356 1341.0 0.0 16.0 126.0 14133.63020736362 14070.866666666652 14232.777777777797 
351.00078183892356 1350.0 0.0 13.0 125.0 14137.40940884949 14171.422222222236 14232.777777777797 
352.00078183892356 1362.0 0.0 7.0 124.0 14136.775134631194 14131.066666666678 14232.777777777797 
353.00078183892356 1366.0 0.0 7.0 126.0 14145.12502857547 14220.274074074052 14232.777777777797 
354.00078183892356 1369.0 0.0 16.0 128.0 14149.429562754984 14188.17037037036 14232.777777777797 
355.00078183892356 1377.0 0.0 20.0 127.0 14150.49327314614 14160.066666666678 14232.777777777797 
356.00078183892356 1391.0 0.0 15.0 126.0 14142.01801990562 14065.740740740734 14232.777777777797 
357.00078183892356 1403.0 0.0 14.0 124.0 14143.508069766882 14156.918518518494 14232.777777777797 
358.00078183892356 1413.0 0.0 13.0 126.0 14143.400966493919 14142.437037037065 14232.777777777797 
359.00078183892356 1422.0 0.0 20.0 127.0 14146.002351325995 14169.414814814798 14232.777777777797 
360.00078183892356 1432.0 0.0 22.0 127.0 14146.471005082289 14150.688888888892 14232.777777777797 
361.00078183892356 1447.0 0.0 20.0 124.0 14139.733534203686 14079.096296296293 14232.777777777797 
362.00078183892356 1460.0 0.0 16.0 124.0 14144.037958561097 14182.777777777797 14232.777777777797 
363.00078183892356 1470.0 0.0 15.0 123.0 14139.531199742025 14098.970370370334 14232.777777777797 
364.00078183892356 1479.0 0.0 15.0 124.0 14140.759561249306 14151.814814814803 14232.777777777797 
365.00078183892356 1488.0 0.0 13.0 127.0 14140.416938457702 14137.333333333334 14232.777777777797 
366.00078183892356 1500.0 0.0 16.0 127.0 14136.896726093415 14105.214814814812 14232.777777777797 
367.00078183892356 1507.0 0.0 16.0 128.0 14138.700386817405 14154.933333333322 14232.777777777797 
368.00078183892356 1517.0 0.0 15.0 129.0 14130.894051839374 14060.637037037042 14232.777777777797 
369.00078183892356 1528.0 0.0 16.0 127.0 14131.736498507289 14139.318518518547 14232.777777777797 
370.00078183892356 1540.0 0.0 12.0 128.0 14131.983589397307 14134.207407407373 14232.777777777797 
371.00078183892356 1549.0 0.0 13.0 129.0 14131.381526753863 14125.962962962985 14232.777777777797 
372.00078183892356 1556.0 0.0 13.0 128.0 14136.321892596987 14180.785185185186 14232.777777777797 
373.00078183892356 1564.0 0.0 14.0 128.0 14134.348221855813 14116.5851851852 14232.777777777797 
374.00078183892356 1574.0 0.0 14.0 130.0 14135.468955225795 14145.555555555586 14232.777777777797 
375.00078183892356 1583.0 0.0 16.0 130.0 14136.47687451804 14145.54814814815 14232.777777777797 
376.00078183892356 1593.0 0.0 14.0 126.0 14136.760298177318 14139.311111111108 14232.777777777797 
377.00078183892356 1600.0 0.0 19.0 127.0 14137.95167576701 14148.674074074106 14232.777777777797 
378.00078183892356 1613.0 0.0 15.0 130.0 14133.117248931045 14089.607407407428 14232.777777777797 
379.00078183892356 1623.0 0.0 13.0 125.0 14136.947005519432 14171.414814814798 14232.777777777797 
380.00078183892356 1630.0 0.0 11.0 126.0 14139.881934597095 14166.296296296277 14232.777777777797 
381.00078183892356 1639.0 0.0 11.0 126.0 14138.80188928555 14129.081481481506 14232.777777777797 
382.00078183892356 1646.0 0.0 16.0 130.0 14143.93873739402 14190.17037037036 14232.777777777797 
383.00078183892356 1657.0 0.0 15.0 129.0 14145.238196987955 14156.933333333322 14232.777777777797 
384.0006098713538 1665.0 0.0 18.0 129.0 14142.278641684508 14116.5851851852 14232.777777777797 
385.00078183892356 1675.0 0.0 21.0 130.0 14135.645976597281 14075.103703703682 14232.777777777797 
386.00078183892356 1692.0 0.0 13.0 125.0 14133.000638196821 14109.19259259259 14232.777777777797 
387.00078183892356 1698.0 0.0 20.0 126.0 14136.330944747502 14166.303703703717 14232.777777777797 
388.00078183892356 1712.0 0.0 15.0 124.0 14132.483035457937 14097.85185185185 14232.777777777797 
389.00078183892356 1724.0 0.0 19.0 125.0 14137.002880060272 14177.681481481453 14232.777777777797 
390.00078183892356 1735.0 0.0 19.0 126.0 14134.024073535746 14107.214814814812 14232.777777777797 
391.00078183892356 1745.0 0.0 19.0 125.0 14133.927592108093 14133.059259259278 14232.777777777797 
392.00078183892356 1755.0 0.0 15.0 126.0 14135.602240304688 14150.674074074106 14232.777777777797 
393.00078183892356 1766.0 0.0 15.0 125.0 14135.97534960756 14139.333333333332 14232.777777777797 
394.00078183892356 1772.0 0.0 22.0 125.0 14137.871147980135 14154.933333333322 14232.777777777797 
395.00078183892356 1786.0 0.0 17.0 127.0 14128.386255404337 14043.022222222226 14232.777777777797 
396.00078183892356 1802.0 0.0 12.0 129.0 14124.820222456514 14092.725925925948 14232.777777777797 
397.00078183892356 1809.0 0.0 14.0 126.0 14126.38338539604 14140.45185185185 14232.777777777797 
398.00078183892356 1818.0 0.0 14.0 127.0 14132.13689870828 14183.918518518494 14232.777777777797 
399.00078183892356 1826.0 0.0 16.0 128.0 14135.240986615248 14163.17777777776 14232.777777777797 
400.00078183892356 1836.0 0.0 12.0 129.0 14134.824295361113 14131.07407407407 14232.777777777797 
401.00078183892356 1843.0 0.0 20.0 130.0 14137.460384343529 14161.185185185197 14232.777777777797 
402.00078183892356 1858.0 0.0 11.0 130.0 14131.225457020264 14075.11111111112 14232.777777777797 
403.00078183892356 1866.0 0.0 10.0 131.0 14133.908096503426 14158.05185185184 14232.777777777797 
404.00078183892356 1872.0 0.0 7.0 131.0 14137.146175741984 14166.288888888881 14232.777777777797 
405.00078183892356 1876.0 0.0 4.0 132.0 14144.52118779741 14210.896296296318 14232.777777777797 
406.00078183892356 1880.0 0.0 3.0 134.0 14150.647587536205 14205.785185185186 14232.777777777797 
407.00078183892356 1882.0 0.0 2.0 134.0 14156.473939893682 14208.911111111145 14232.777777777797 
408.00078183892356 1884.0 0.0 0.0 134.0 14162.030249608028 14212.037037037013 14232.777777777797 
409.00078183892356 1884.0 0.0 2.0 134.0 14169.10500242499 14232.777777777797 14232.777777777797 
410.00078183892356 1886.0 0.0 1.0 135.0 14174.847094775085 14226.525925925918 14232.777777777797 
411.00078183892356 1886.0 0.0 1.0 135.0 14180.327570482761 14229.651851851839 14232.777777777797 
412.00078183892356 1887.0 0.0 1.0 135.0 14185.259998619684 14229.651851851839 14232.777777777797 
413.00078183892356 1888.0 0.0 1.0 135.0 14188.250295053995 14215.162962962962 14232.777777777797 
414.00078183892356 1889.0 0.0 0.0 135.0 14192.390450733783 14229.651851851839 14232.777777777797 
415.00078183892356 1889.0 0.0 0.0 135.0 14196.429183438184 14232.777777777797 14232.777777777797 
416.00078183892356 1889.0 0.0 0.0 135.0 14200.064042872144 14232.777777777797 14232.777777777797 
417.00078183892356 1889.0 0.0 0.0 135.0 14203.335416362706 14232.777777777797 14232.777777777797 
418.00078183892356 1889.0 0.0 1.0 135.0 14206.279652504201 14232.777777777797 14232.777777777797 
419.00078183892356 1890.0 0.0 0.0 135.0 14208.616872438994 14229.651851851839 14232.777777777797 
420.00078183892356 1890.0 0.0 0.0 135.0 14211.032962972853 14232.777777777797 14232.777777777797 
421.00078183892356 1890.0 0.0 0.0 135.0 14213.207444453341 14232.777777777797 14232.777777777797 
422.00078183892356 1890.0 0.0 0.0 135.0 14215.16447778578 14232.777777777797 14232.777777777797 
423.00078183892356 1890.0 0.0 0.0 135.0 14216.925807784975 14232.777777777797 14232.777777777797 
424.00078183892356 1890.0 0.0 0.0 135.0 14218.511004784263 14232.777777777797 14232.777777777797 
425.00078183892356 1890.0 0.0 0.0 135.0 14219.937682083631 14232.777777777797 14232.777777777797 
426.00078183892356 1890.0 0.0 0.0 135.0 14221.221691653029 14232.777777777797 14232.777777777797 
427.00078183892356 1890.0 0.0 0.0 135.0 14222.377300265516 14232.777777777797 14232.777777777797 
428.00078183892356 1890.0 0.0 0.0 135.0 14223.417348016726 14232.777777777797 14232.777777777797 
429.00078183892356 1890.0 0.0 0.0 135.0 14224.353390992832 14232.777777777797 14232.777777777797 
430.00078183892356 1890.0 0.0 0.0 135.0 14225.19582967133 14232.777777777797 14232.777777777797 
431.00078183892356 1890.0 0.0 0.0 135.0 14225.954024481978 14232.777777777797 14232.777777777797 
432.00078183892356 1890.0 0.0 0.0 135.0 14226.636399811545 14232.777777777797 14232.777777777797 
433.00078183892356 1890.0 0.0 0.0 135.0 14227.25053760817 14232.777777777797 14232.777777777797 
434.00078183892356 1890.0 0.0 0.0 135.0 14227.803261625144 14232.777777777797 14232.777777777797 
435.00078183892356 1890.0 0.0 0.0 135.0 14228.300713240404 14232.777777777797 14232.777777777797 
436.00078183892356 1890.0 0.0 1.0 135.0 14228.748419694142 14232.777777777797 14232.777777777797 
437.00078183892356 1890.0 0.0 1.0 135.0 14228.838762909923 14229.651851851839 14232.777777777797 
438.00078183892356 1891.0 0.0 0.0 135.0 14228.920071804101 14229.651851851839 14232.777777777797 
439.00078183892356 1891.0 0.0 0.0 135.0 14229.305842401478 14232.777777777797 14232.777777777797 
440.00078183892356 1891.0 0.0 0.0 135.0 14229.653035939093 14232.777777777797 14232.777777777797 
441.00078183892356 1891.0 0.0 1.0 135.0 14229.965510122982 14232.777777777797 14232.777777777797 
442.00078183892356 1892.0 0.0 0.0 135.0 14229.934144295858 14229.651851851839 14232.777777777797 
443.00078183892356 1892.0 0.0 0.0 135.0 14230.218507644056 14232.777777777797 14232.777777777797 
444.00078183892356 1892.0 0.0 0.0 135.0 14230.47443465742 14232.777777777797 14232.777777777797 
445.00078183892356 1892.0 0.0 0.0 135.0 14230.704768969461 14232.777777777797 14232.777777777797 
446.00078183892356 1892.0 0.0 0.0 135.0 14230.912069850288 14232.777777777797 14232.777777777797 
447.00078183892356 1892.0 0.0 1.0 135.0 14231.09864064303 14232.777777777797 14232.777777777797 
448.00078183892356 1893.0 0.0 0.0 135.0 14230.953961763917 14229.651851851839 14232.777777777797 
449.00078183892356 1893.0 0.0 0.0 135.0 14231.136343365308 14232.777777777797 14232.777777777797 
450.00078183892356 1893.0 0.0 0.0 135.0 14231.300486806549 14232.777777777797 14232.777777777797 
451.00078183892356 1893.0 0.0 0.0 135.0 14231.44821590366 14232.777777777797 14232.777777777797 
452.00078183892356 1893.0 0.0 2.0 135.0 14231.581172091079 14232.777777777797 14232.777777777797 
453.00078183892356 1895.0 0.0 0.0 135.0 14229.626758585673 14212.037037037013 14232.777777777797 
454.00078183892356 1895.0 0.0 0.0 135.0 14229.94186050488 14232.777777777797 14232.777777777797 
455.00078183892356 1895.0 0.0 0.0 135.0 14230.225452232176 14232.777777777797 14232.777777777797 
456.00078183892356 1895.0 0.0 0.0 135.0 14230.48068478674 14232.777777777797 14232.777777777797 
457.00078183892356 1895.0 0.0 0.0 135.0 14230.710394085838 14232.777777777797 14232.777777777797 
458.00078183892356 1895.0 0.0 0.0 135.0 14230.917132455043 14232.777777777797 14232.777777777797 
459.00078183892356 1895.0 0.0 0.0 135.0 14231.103196987298 14232.777777777797 14232.777777777797 
460.00078183892356 1895.0 0.0 0.0 135.0 14231.270655066355 14232.777777777797 14232.777777777797 
461.00078183892356 1895.0 0.0 0.0 135.0 14231.42136733751 14232.777777777797 14232.777777777797 
462.00078183892356 1895.0 0.0 0.0 135.0 14231.55700838154 14232.777777777797 14232.777777777797 
463.00078183892356 1895.0 0.0 0.0 135.0 14231.67908532114 14232.777777777797 14232.777777777797 
464.00078183892356 1895.0 0.0 1.0 135.0 14231.788954566819 14232.777777777797 14232.777777777797 
465.00078183892356 1895.0 0.0 3.0 135.0 14231.575244295313 14229.651851851839 14232.777777777797 
466.00078183892356 1897.0 0.0 1.0 135.0 14230.757719865785 14223.400000000001 14232.777777777797 
467.00078183892356 1898.0 0.0 0.0 135.0 14230.647133064396 14229.651851851839 14232.777777777797 
468.00078183892356 1898.0 0.0 0.0 135.0 14230.860197535734 14232.777777777797 14232.777777777797 
469.00078183892356 1898.0 0.0 0.0 135.0 14231.051955559918 14232.777777777797 14232.777777777797 
470.00078183892356 1898.0 0.0 0.0 135.0 14231.224537781733 14232.777777777797 14232.777777777797 
471.00078183892356 1898.0 0.0 0.0 135.0 14231.379861781308 14232.777777777797 14232.777777777797 
472.00078183892356 1898.0 0.0 0.0 135.0 14231.519653380963 14232.777777777797 14232.777777777797 
473.00078183892356 1898.0 0.0 0.0 135.0 14231.645465820653 14232.777777777797 14232.777777777797 
474.00078183892356 1898.0 0.0 0.0 135.0 14231.758697016343 14232.777777777797 14232.777777777797 
475.00078183892356 1898.0 0.0 0.0 135.0 14231.860605092506 14232.777777777797 14232.777777777797 
476.00078183892356 1898.0 0.0 1.0 135.0 14231.952322361018 14232.777777777797 14232.777777777797 
477.00078183892356 1899.0 0.0 0.0 135.0 14231.72227531011 14229.651851851839 14232.777777777797 
478.00078183892356 1899.0 0.0 0.0 135.0 14231.827825556875 14232.777777777797 14232.777777777797 
479.00078183892356 1899.0 0.0 0.0 135.0 14231.92282077897 14232.777777777797 14232.777777777797 
480.00078183892356 1899.0 0.0 0.0 135.0 14232.00831647885 14232.777777777797 14232.777777777797 
481.00078183892356 1899.0 0.0 0.0 135.0 14232.085262608753 14232.777777777797 14232.777777777797 
482.00078183892356 1899.0 0.0 0.0 135.0 14232.154514125647 14232.777777777797 14232.777777777797 
483.00078183892356 1899.0 0.0 0.0 135.0 14232.216840490863 14232.777777777797 14232.777777777797 
484.00078183892356 1899.0 0.0 1.0 135.0 14232.272934219542 14232.777777777797 14232.777777777797 
485.00078183892356 1899.0 0.0 1.0 135.0 14232.010825982778 14229.651851851839 14232.777777777797 
486.00078183892356 1900.0 0.0 0.0 135.0 14231.77492856968 14229.651851851839 14232.777777777797 
487.00078183892356 1900.0 0.0 0.0 135.0 14231.875213490495 14232.777777777797 14232.777777777797 
488.00078183892356 1900.0 0.0 0.0 135.0 14231.965469919222 14232.777777777797 14232.777777777797 
489.00078183892356 1900.0 0.0 0.0 135.0 14232.046700705083 14232.777777777797 14232.777777777797 
490.00078183892356 1900.0 0.0 0.0 135.0 14232.119808412337 14232.777777777797 14232.777777777797 
491.00078183892356 1900.0 0.0 0.0 135.0 14232.185605348901 14232.777777777797 14232.777777777797 
492.00078183892356 1900.0 0.0 0.0 135.0 14232.244822591785 14232.777777777797 14232.777777777797 
493.00078183892356 1900.0 0.0 0.0 135.0 14232.298118110382 14232.777777777797 14232.777777777797 
494.00078183892356 1900.0 0.0 0.0 135.0 14232.346084077104 14232.777777777797 14232.777777777797 
495.00078183892356 1900.0 0.0 0.0 135.0 14232.389253447174 14232.777777777797 14232.777777777797 
496.00078183892356 1900.0 0.0 0.0 135.0 14232.428105880235 14232.777777777797 14232.777777777797 
497.00078183892356 1900.0 0.0 0.0 135.0 14232.463073069994 14232.777777777797 14232.777777777797 
498.00078183892356 1900.0 0.0 0.0 135.0 14232.494543540783 14232.777777777797 14232.777777777797 
499.00078183892356 1900.0 0.0 0.0 135.0 14232.522866964466 14232.777777777797 14232.777777777797 
500.00078183892356 1900.0 0.0 0.0 135.0 14232.548358045819 14232.777777777797 14232.777777777797 
501.00078183892356 1900.0 0.0 0.0 135.0 14232.57130001899 14232.777777777797 14232.777777777797 
502.00078183892356 1900.0 0.0 0.0 135.0 14232.591947794872 14232.777777777797 14232.777777777797 
503.00078183892356 1900.0 0.0 0.0 135.0 14232.61053079316 14232.777777777797 14232.777777777797 
504.00078183892356 1900.0 0.0 0.0 135.0 14232.627255491612 14232.777777777797 14232.777777777797 
505.00078183892356 1900.0 0.0 0.0 135.0 14232.642307720245 14232.777777777797 14232.777777777797 
506.00078183892356 1900.0 0.0 0.0 135.0 14232.655854726008 14232.777777777797 14232.777777777797 
507.00078183892356 1900.0 0.0 0.0 135.0 14232.66804703118 14232.777777777797 14232.777777777797 
508.00078183892356 1900.0 0.0 0.0 135.0 14232.679020105823 14232.777777777797 14232.777777777797 
509.00078183892356 1900.0 0.0 0.0 135.0 14232.688895873025 14232.777777777797 14232.777777777797 
510.00078183892356 1900.0 0.0 0.0 135.0 14232.697784063503 14232.777777777797 14232.777777777797 
511.00078183892356 1900.0 0.0 0.0 135.0 14232.705783434938 14232.777777777797 14232.777777777797 
512.0007818389236 1900.0 0.0 0.0 135.0 14232.712982869205 14232.777777777797 14232.777777777797 
513.0007818389236 1900.0 0.0 0.0 135.0 14232.719462360083 14232.777777777797 14232.777777777797 
514.0007818389236 1900.0 0.0 0.0 135.0 14232.725293901844 14232.777777777797 14232.777777777797 
515.0007818389236 1900.0 0.0 0.0 135.0 14232.730542289433 14232.777777777797 14232.777777777797 
516.0007818389236 1900.0 0.0 0.0 135.0 14232.735265838268 14232.777777777797 14232.777777777797 
517.0007818389236 1900.0 0.0 0.0 135.0 14232.739517032236 14232.777777777797 14232.777777777797 
518.0007818389236 1900.0 0.0 0.0 135.0 14232.743343106775 14232.777777777797 14232.777777777797 
519.0007818389236 1900.0 0.0 0.0 135.0 14232.746786573867 14232.777777777797 14232.777777777797 
520.0007818389236 1900.0 0.0 0.0 135.0 14232.749885694266 14232.777777777797 14232.777777777797 
521.0007818389236 1900.0 0.0 0.0 135.0 14232.752674902631 14232.777777777797 14232.777777777797 
522.0007818389236 1900.0 0.0 0.0 135.0 14232.755185190137 14232.777777777797 14232.777777777797 
523.0007818389236 1900.0 0.0 0.0 135.0 14232.757444448887 14232.777777777797 14232.777777777797 
524.0007818389236 1900.0 0.0 0.0 135.0 14232.759477781774 14232.777777777797 14232.777777777797 
525.0007818389236 1900.0 0.0 0.0 135.0 14232.761307781397 14232.777777777797 14232.777777777797 
526.0007818389236 1900.0 0.0 0.0 135.0 14232.762954781008 14232.777777777797 14232.777777777797 
527.0007818389236 1900.0 0.0 0.0 135.0 14232.764437080701 14232.777777777797 14232.777777777797 
528.0007818389236 1900.0 0.0 0.0 135.0 14232.765771150422 14232.777777777797 14232.777777777797 
529.0007818389236 1900.0 0.0 0.0 135.0 14232.766971813144 14232.777777777797 14232.777777777797 
530.0007818389236 1900.0 0.0 0.0 135.0 14232.768052409598 14232.777777777797 14232.777777777797 
531.0007818389236 1900.0 0.0 0.0 135.0 14232.769024946427 14232.777777777797 14232.777777777797 
532.0007818389236 1900.0 0.0 0.0 135.0 14232.76990022957 14232.777777777797 14232.777777777797 
533.0007818389236 1900.0 0.0 0.0 135.0 14232.770687984377 14232.777777777797 14232.777777777797 
534.0007818389236 1900.0 0.0 0.0 135.0 14232.771396963724 14232.777777777797 14232.777777777797 
535.0007818389236 1900.0 0.0 0.0 135.0 14232.772035045133 14232.777777777797 14232.777777777797 
536.0007818389236 1900.0 0.0 0.0 135.0 14232.772609318396 14232.777777777797 14232.777777777797 
537.0007818389236 1900.0 0.0 0.0 135.0 14232.773126164335 14232.777777777797 14232.777777777797 
538.0007818389236 1900.0 0.0 0.0 135.0 14232.773591325687 14232.777777777797 14232.777777777797 
539.0007818389236 1900.0 0.0 0.0 135.0 14232.774009970886 14232.777777777797 14232.777777777797 
540.0007818389236 1900.0 0.0 0.0 135.0 14232.77438675158 14232.777777777797 14232.777777777797 
541.0007818389236 1900.0 0.0 0.0 135.0 14232.774725854204 14232.777777777797 14232.777777777797 
542.0007818389236 1900.0 0.0 0.0 135.0 14232.77503104655 14232.777777777797 14232.777777777797 
543.0007818389236 1900.0 0.0 0.0 135.0 14232.775305719673 14232.777777777797 14232.777777777797 
544.0007818389236 1900.0 0.0 0.0 135.0 14232.77555292548 14232.777777777797 14232.777777777797 
545.0007818389236 1900.0 0.0 0.0 135.0 14232.775775410715 14232.777777777797 14232.777777777797 
546.0007818389236 1900.0 0.0 0.0 135.0 14232.775975647428 14232.777777777797 14232.777777777797 
547.0007818389236 1900.0 0.0 0.0 135.0 14232.776155860465 14232.777777777797 14232.777777777797 
548.0007818389236 1900.0 0.0 0.0 135.0 14232.776318052194 14232.777777777797 14232.777777777797 
549.0007818389236 1900.0 0.0 1.0 135.0 14232.776464024733 14232.777777777797 14232.777777777797 
550.0007818389236 1900.0 0.0 1.0 135.0 14232.464002807448 14229.651851851839 14232.777777777797 
551.0007818389236 1901.0 0.0 0.0 135.0 14232.182787711898 14229.651851851839 14232.777777777797 
552.0007818389236 1901.0 0.0 0.0 135.0 14232.242286718496 14232.777777777797 14232.777777777797 
553.0007818389236 1901.0 0.0 1.0 135.0 14232.295835824398 14232.777777777797 14232.777777777797 
554.0007818389236 1901.0 0.0 2.0 135.0 14232.031437427146 14229.651851851839 14232.777777777797 
555.0007818389236 1903.0 0.0 0.0 135.0 14230.031997388141 14212.037037037013 14232.777777777797 
556.0007818389236 1903.0 0.0 1.0 135.0 14230.306575427121 14232.777777777797 14232.777777777797 
557.0007818389236 1904.0 0.0 0.0 135.0 14230.24110306956 14229.651851851839 14232.777777777797 
558.0007818389236 1904.0 0.0 0.0 135.0 14230.49477054041 14232.777777777797 14232.777777777797 
559.0007818389236 1904.0 0.0 0.0 135.0 14230.723071264145 14232.777777777797 14232.777777777797 
560.0007818389236 1904.0 0.0 0.0 135.0 14230.928541915504 14232.777777777797 14232.777777777797 
561.0007818389236 1904.0 0.0 0.0 135.0 14231.11346550174 14232.777777777797 14232.777777777797 
562.0007818389236 1904.0 0.0 0.0 135.0 14231.279896729318 14232.777777777797 14232.777777777797 
563.0007818389236 1904.0 0.0 0.0 135.0 14231.429684834178 14232.777777777797 14232.777777777797 
564.0007818389236 1904.0 0.0 0.0 135.0 14231.564494128523 14232.777777777797 14232.777777777797 
565.0007818389236 1904.0 0.0 0.0 135.0 14231.685822493455 14232.777777777797 14232.777777777797 
566.0007818389236 1904.0 0.0 0.0 135.0 14231.795018021878 14232.777777777797 14232.777777777797 
567.0007818389236 1904.0 0.0 0.0 135.0 14231.893293997466 14232.777777777797 14232.777777777797 
568.0007818389236 1904.0 0.0 0.0 135.0 14231.981742375507 14232.777777777797 14232.777777777797 
569.0007818389236 1904.0 0.0 0.0 135.0 14232.061345915725 14232.777777777797 14232.777777777797 
570.0007818389236 1904.0 0.0 0.0 135.0 14232.132989101934 14232.777777777797 14232.777777777797 
571.0007818389236 1904.0 0.0 0.0 135.0 14232.197467969534 14232.777777777797 14232.777777777797 
572.0007818389236 1904.0 0.0 0.0 135.0 14232.255498950337 14232.777777777797 14232.777777777797 
573.0007818389236 1904.0 0.0 0.0 135.0 14232.307726833104 14232.777777777797 14232.777777777797 
574.0007818389236 1904.0 0.0 0.0 135.0 14232.35473192756 14232.777777777797 14232.777777777797 
575.0007818389236 1904.0 0.0 1.0 135.0 14232.397036512575 14232.777777777797 14232.777777777797 
576.0007818389236 1904.0 0.0 1.0 135.0 14232.122518046506 14229.651851851839 14232.777777777797 
577.0007818389236 1904.0 0.0 1.0 135.0 14231.875451427042 14229.651851851839 14232.777777777797 
578.0007818389236 1905.0 0.0 1.0 135.0 14231.653091469512 14229.651851851839 14232.777777777797 
579.0007818389236 1906.0 0.0 1.0 135.0 14230.00407861887 14215.162962962962 14232.777777777797 
580.0007818389236 1906.0 0.0 1.0 135.0 14229.968855942176 14229.651851851839 14232.777777777797 
581.0007818389236 1907.0 0.0 0.0 135.0 14229.937155533135 14229.651851851839 14232.777777777797 
582.0007818389236 1907.0 0.0 0.0 135.0 14230.221217757604 14232.777777777797 14232.777777777797 
583.0007818389236 1907.0 0.0 0.0 135.0 14230.476873759604 14232.777777777797 14232.777777777797 
584.0007818389236 1907.0 0.0 0.0 135.0 14230.706964161422 14232.777777777797 14232.777777777797 
585.0007818389236 1907.0 0.0 0.0 135.0 14230.914045523066 14232.777777777797 14232.777777777797 
586.0007818389236 1907.0 0.0 0.0 135.0 14231.100418748527 14232.777777777797 14232.777777777797 
587.0007818389236 1907.0 0.0 0.0 135.0 14231.268154651456 14232.777777777797 14232.777777777797 
588.0007818389236 1907.0 0.0 0.0 135.0 14231.419116964093 14232.777777777797 14232.777777777797 
589.0007818389236 1907.0 0.0 0.0 135.0 14231.554983045466 14232.777777777797 14232.777777777797 
590.0007818389236 1907.0 0.0 0.0 135.0 14231.67726251869 14232.777777777797 14232.777777777797 
591.0007818389236 1907.0 0.0 0.0 135.0 14231.787314044614 14232.777777777797 14232.777777777797 
592.0007818389236 1907.0 0.0 1.0 135.0 14231.88636041792 14232.777777777797 14232.777777777797 
593.0007818389236 1907.0 0.0 1.0 135.0 14231.662909561313 14229.651851851839 14232.777777777797 
594.0007818389236 1908.0 0.0 0.0 135.0 14231.461803790347 14229.651851851839 14232.777777777797 
595.0007818389236 1908.0 0.0 0.0 135.0 14231.593401189102 14232.777777777797 14232.777777777797 
596.0007818389236 1908.0 0.0 0.0 135.0 14231.711838847978 14232.777777777797 14232.777777777797 
597.0007818389236 1908.0 0.0 0.0 135.0 14231.818432740956 14232.777777777797 14232.777777777797 
598.0007818389236 1908.0 0.0 0.0 135.0 14231.91436724465 14232.777777777797 14232.777777777797 
599.0007818389236 1908.0 0.0 0.0 135.0 14232.000708297943 14232.777777777797 14232.777777777797 
600.0007818389236 1908.0 0.0 0.0 135.0 14232.078415245922 14232.777777777797 14232.777777777797 
#####################################################################
# End of data export. Simulation finished at: 2020-02-15T19:29+0000 #
#####################################################################
