#####################################################################
# Alchemist log file - simulation started at: 2020-02-07T16:28+0000 #
#####################################################################
# seed = 9.0, meanTaskSize = 1000, smoothing = 0.03, grain = 1700.0, peakFrequency = 0.01
#
# The columns have the following meaning: 
# time done[Sum] drop[Sum] waiting[Sum] isLeader[Sum] capacity[Mean] freeCapacity[Mean] maxCapacity[Mean] 
0.0 NaN 0.0 NaN NaN NaN NaN NaN 
1.0015323036356916 0.0 0.0 0.0 134.0 14232.777777777797 14232.777777777797 14232.777777777797 
2.001532303635692 0.0 0.0 0.0 35.0 14232.777777777797 14232.777777777797 14232.777777777797 
3.001532303635692 0.0 0.0 0.0 35.0 14232.777777777797 14232.777777777797 14232.777777777797 
4.001532303635692 0.0 0.0 0.0 35.0 14232.777777777797 14232.777777777797 14232.777777777797 
5.001532303635692 0.0 0.0 0.0 35.0 14232.777777777797 14232.777777777797 14232.777777777797 
6.001532303635692 0.0 0.0 0.0 35.0 14232.777777777797 14232.777777777797 14232.777777777797 
7.001532303635692 0.0 0.0 0.0 35.0 14232.777777777797 14232.777777777797 14232.777777777797 
8.001532303635692 0.0 0.0 0.0 35.0 14232.777777777797 14232.777777777797 14232.777777777797 
9.001532303635692 0.0 0.0 0.0 35.0 14232.777777777797 14232.777777777797 14232.777777777797 
10.001532303635692 0.0 0.0 0.0 35.0 14232.777777777797 14232.777777777797 14232.777777777797 
11.001532303635692 0.0 0.0 0.0 35.0 14232.777777777797 14232.777777777797 14232.777777777797 
12.001532303635692 0.0 0.0 0.0 35.0 14232.777777777797 14232.777777777797 14232.777777777797 
13.001532303635692 0.0 0.0 0.0 35.0 14232.777777777797 14232.777777777797 14232.777777777797 
14.001532303635692 0.0 0.0 0.0 35.0 14232.777777777797 14232.777777777797 14232.777777777797 
15.001532303635692 0.0 0.0 0.0 35.0 14232.777777777797 14232.777777777797 14232.777777777797 
16.001532303635692 0.0 0.0 0.0 35.0 14232.777777777797 14232.777777777797 14232.777777777797 
17.001532303635692 0.0 0.0 0.0 35.0 14232.777777777797 14232.777777777797 14232.777777777797 
18.001532303635692 0.0 0.0 0.0 35.0 14232.777777777797 14232.777777777797 14232.777777777797 
19.001532303635692 0.0 0.0 0.0 35.0 14232.777777777797 14232.777777777797 14232.777777777797 
20.001532303635692 0.0 0.0 2.0 35.0 14232.777777777797 14232.777777777797 14232.777777777797 
21.001532303635692 0.0 0.0 2.0 35.0 14232.249333333348 14215.162962962962 14232.777777777797 
22.001532303635692 1.0 0.0 1.0 35.0 14231.208297777777 14197.54814814815 14232.777777777797 
23.001532303635692 2.0 0.0 0.0 35.0 14231.255382177764 14232.777777777797 14232.777777777797 
24.001532303635692 2.0 0.0 0.0 35.0 14231.301054045767 14232.777777777797 14232.777777777797 
25.001532303635692 2.0 0.0 0.0 35.0 14231.34535575773 14232.777777777797 14232.777777777797 
26.001532303635692 2.0 0.0 0.0 35.0 14231.388328418316 14232.777777777797 14232.777777777797 
27.001532303635692 2.0 0.0 0.0 35.0 14231.430011899123 14232.777777777797 14232.777777777797 
28.001532303635692 2.0 0.0 0.0 35.0 14231.47044487545 14232.777777777797 14232.777777777797 
29.001532303635692 2.0 0.0 0.0 35.0 14231.509664862542 14232.777777777797 14232.777777777797 
30.001532303635692 2.0 0.0 0.0 35.0 14231.547708249993 14232.777777777797 14232.777777777797 
31.001532303635692 2.0 0.0 0.0 35.0 14231.58461033584 14232.777777777797 14232.777777777797 
32.00153230363569 2.0 0.0 0.0 35.0 14231.620405359095 14232.777777777797 14232.777777777797 
33.00153230363569 2.0 0.0 2.0 35.0 14231.655126531688 14232.777777777797 14232.777777777797 
34.00153230363569 2.0 0.0 2.0 35.0 14230.631917180142 14197.54814814815 14232.777777777797 
35.00153230363569 2.0 0.0 2.0 35.0 14229.639404109179 14197.54814814815 14232.777777777797 
36.00153230363569 3.0 0.0 1.0 35.0 14228.676666430367 14197.54814814815 14232.777777777797 
37.00153230363569 3.0 0.0 1.0 35.0 14228.271255326325 14215.162962962962 14232.777777777797 
38.00153230363569 3.0 0.0 1.0 35.0 14227.878006555433 14215.162962962962 14232.777777777797 
39.00153230363569 3.0 0.0 1.0 35.0 14227.49655524767 14215.162962962962 14232.777777777797 
40.00153230363569 3.0 0.0 1.0 35.0 14227.126547479153 14215.162962962962 14232.777777777797 
41.00153230363569 3.0 0.0 1.0 35.0 14226.767639943644 14215.162962962962 14232.777777777797 
42.00153230363569 3.0 0.0 1.0 35.0 14226.419499634216 14215.162962962962 14232.777777777797 
43.00153230363569 4.0 0.0 0.0 35.0 14226.610247978551 14232.777777777797 14232.777777777797 
44.00153230363569 4.0 0.0 0.0 35.0 14226.79527387247 14232.777777777797 14232.777777777797 
45.00153230363569 4.0 0.0 0.0 35.0 14226.974748989664 14232.777777777797 14232.777777777797 
46.00153230363569 4.0 0.0 2.0 35.0 14227.148839853298 14232.777777777797 14232.777777777797 
47.00153230363569 4.0 0.0 2.0 35.0 14226.260819102134 14197.54814814815 14232.777777777797 
48.00153230363569 4.0 0.0 2.0 35.0 14225.399438973542 14197.54814814815 14232.777777777797 
49.00153230363569 4.0 0.0 2.0 35.0 14224.56390024877 14197.54814814815 14232.777777777797 
50.00153230363569 4.0 0.0 2.0 35.0 14223.753427685771 14197.54814814815 14232.777777777797 
51.00153230363569 4.0 0.0 2.0 35.0 14222.967269299614 14197.54814814815 14232.777777777797 
52.00153230363569 5.0 0.0 1.0 35.0 14222.204695665094 14197.54814814815 14232.777777777797 
53.00153230363569 6.0 0.0 0.0 35.0 14222.521888128444 14232.777777777797 14232.777777777797 
54.00153230363569 6.0 0.0 0.0 35.0 14222.829564817928 14232.777777777797 14232.777777777797 
55.00153230363569 6.0 0.0 0.0 35.0 14223.128011206742 14232.777777777797 14232.777777777797 
56.00153230363569 6.0 0.0 0.0 35.0 14223.41750420385 14232.777777777797 14232.777777777797 
57.00153230363569 6.0 0.0 0.0 35.0 14223.698312411077 14232.777777777797 14232.777777777797 
58.00153230363569 6.0 0.0 1.0 35.0 14223.97069637209 14232.777777777797 14232.777777777797 
59.00153230363569 6.0 0.0 1.0 35.0 14224.234908814222 14232.777777777797 14232.777777777797 
60.00153230363569 6.0 0.0 1.0 35.0 14223.962750438732 14215.162962962962 14232.777777777797 
61.00153230363569 7.0 0.0 0.0 35.0 14223.698756814421 14215.162962962962 14232.777777777797 
62.00153230363569 7.0 0.0 0.0 35.0 14223.971127443345 14232.777777777797 14232.777777777797 
63.00153230363569 7.0 0.0 0.0 35.0 14224.235326953374 14232.777777777797 14232.777777777797 
64.00153230363568 7.0 0.0 0.0 35.0 14224.491600478126 14232.777777777797 14232.777777777797 
65.00153230363568 7.0 0.0 0.0 35.0 14224.740185797078 14232.777777777797 14232.777777777797 
66.00153230363568 7.0 0.0 0.0 35.0 14224.98131355652 14232.777777777797 14232.777777777797 
67.00153230363568 7.0 0.0 0.0 35.0 14225.215207483157 14232.777777777797 14232.777777777797 
68.00153230363568 7.0 0.0 0.0 35.0 14225.442084591994 14232.777777777797 14232.777777777797 
69.00153230363568 7.0 0.0 0.0 35.0 14225.662155387585 14232.777777777797 14232.777777777797 
70.00153230363568 7.0 0.0 0.0 35.0 14225.875624059294 14232.777777777797 14232.777777777797 
71.00153230363568 7.0 0.0 0.0 35.0 14226.082688670822 14232.777777777797 14232.777777777797 
72.00153230363568 7.0 0.0 0.0 35.0 14226.283541344044 14232.777777777797 14232.777777777797 
73.00153230363568 7.0 0.0 0.0 35.0 14226.478368437041 14232.777777777797 14232.777777777797 
74.00153230363568 7.0 0.0 1.0 35.0 14226.667350717269 14232.777777777797 14232.777777777797 
75.00153230363568 7.0 0.0 1.0 35.0 14226.322219084645 14215.162962962962 14232.777777777797 
76.00153230363568 7.0 0.0 1.0 35.0 14225.987441400985 14215.162962962962 14232.777777777797 
77.00153230363568 7.0 0.0 1.0 35.0 14225.662707047852 14215.162962962962 14232.777777777797 
78.00153230363568 7.0 0.0 1.0 35.0 14225.347714725289 14215.162962962962 14232.777777777797 
79.00153230363568 7.0 0.0 1.0 35.0 14225.042172172438 14215.162962962962 14232.777777777797 
80.00153230363568 7.0 0.0 1.0 35.0 14224.745795896159 14215.162962962962 14232.777777777797 
81.00153230363568 7.0 0.0 1.0 35.0 14224.45831090814 14215.162962962962 14232.777777777797 
82.00153230363568 7.0 0.0 1.0 35.0 14224.179450469805 14215.162962962962 14232.777777777797 
83.00153230363568 8.0 0.0 0.0 35.0 14223.908955844603 14215.162962962962 14232.777777777797 
84.00153230363568 8.0 0.0 0.0 35.0 14224.175020502556 14232.777777777797 14232.777777777797 
85.00153230363568 8.0 0.0 0.0 35.0 14224.433103220843 14232.777777777797 14232.777777777797 
86.00153230363568 8.0 0.0 0.0 35.0 14224.683443457536 14232.777777777797 14232.777777777797 
87.00153230363568 8.0 0.0 0.0 35.0 14224.926273487175 14232.777777777797 14232.777777777797 
88.00153230363568 8.0 0.0 0.0 35.0 14225.16181861589 14232.777777777797 14232.777777777797 
89.00153230363568 8.0 0.0 0.0 35.0 14225.39029739072 14232.777777777797 14232.777777777797 
90.00153230363568 8.0 0.0 0.0 35.0 14225.61192180232 14232.777777777797 14232.777777777797 
91.00153230363568 8.0 0.0 0.0 35.0 14225.826897481606 14232.777777777797 14232.777777777797 
92.00153230363568 8.0 0.0 0.0 35.0 14226.035423890515 14232.777777777797 14232.777777777797 
93.00153230363568 8.0 0.0 1.0 35.0 14226.23769450713 14232.777777777797 14232.777777777797 
94.00153230363568 8.0 0.0 1.0 35.0 14226.43389700523 14232.777777777797 14232.777777777797 
95.00153230363568 8.0 0.0 1.0 35.0 14226.095768983983 14215.162962962962 14232.777777777797 
96.00153230363568 8.0 0.0 1.0 35.0 14225.767784803335 14215.162962962962 14232.777777777797 
97.00153230363568 8.0 0.0 1.0 35.0 14225.449640148143 14215.162962962962 14232.777777777797 
98.00153230363568 9.0 0.0 0.0 35.0 14225.141039832566 14215.162962962962 14232.777777777797 
99.00153230363568 9.0 0.0 0.0 35.0 14225.37014197092 14232.777777777797 14232.777777777797 
100.00153230363568 9.0 0.0 0.0 35.0 14225.592371045117 14232.777777777797 14232.777777777797 
101.00153230363568 9.0 0.0 0.0 35.0 14225.80793324711 14232.777777777797 14232.777777777797 
102.00153230363568 9.0 0.0 0.0 35.0 14226.017028583055 14232.777777777797 14232.777777777797 
103.00153230363568 9.0 0.0 0.0 35.0 14226.219851058851 14232.777777777797 14232.777777777797 
104.00153230363568 9.0 0.0 0.0 35.0 14226.416588860453 14232.777777777797 14232.777777777797 
105.00153230363568 9.0 0.0 0.0 35.0 14226.607424527965 14232.777777777797 14232.777777777797 
106.00153230363568 9.0 0.0 1.0 35.0 14226.792535125425 14232.777777777797 14232.777777777797 
107.00153230363568 9.0 0.0 1.0 35.0 14226.443647960577 14215.162962962962 14232.777777777797 
108.00153230363568 9.0 0.0 1.0 35.0 14226.105227410651 14215.162962962962 14232.777777777797 
109.00153230363568 9.0 0.0 1.0 35.0 14225.776959477216 14215.162962962962 14232.777777777797 
110.00153230363568 9.0 0.0 1.0 35.0 14225.4585395818 14215.162962962962 14232.777777777797 
111.00153230363568 9.0 0.0 1.0 35.0 14225.14967228322 14215.162962962962 14232.777777777797 
112.00153230363568 9.0 0.0 1.0 35.0 14224.850071003599 14215.162962962962 14232.777777777797 
113.00153230363568 9.0 0.0 1.0 35.0 14224.5594577624 14215.162962962962 14232.777777777797 
114.00153230363568 9.0 0.0 1.0 35.0 14224.27756291844 14215.162962962962 14232.777777777797 
115.00153230363568 9.0 0.0 2.0 35.0 14224.00412491976 14215.162962962962 14232.777777777797 
116.00153230363568 9.0 0.0 2.0 35.0 14223.738890061039 14215.162962962962 14232.777777777797 
117.00153230363568 9.0 0.0 2.0 35.0 14222.953167803662 14197.54814814815 14232.777777777797 
118.00153230363568 9.0 0.0 2.0 35.0 14222.19101721401 14197.54814814815 14232.777777777797 
119.00153230363568 9.0 0.0 2.0 35.0 14221.451731142015 14197.54814814815 14232.777777777797 
120.00153230363568 9.0 0.0 2.0 35.0 14220.734623652217 14197.54814814815 14232.777777777797 
121.00153230363568 9.0 0.0 2.0 35.0 14220.0390293871 14197.54814814815 14232.777777777797 
122.00153230363568 9.0 0.0 2.0 35.0 14219.36430294992 14197.54814814815 14232.777777777797 
123.00153230363568 9.0 0.0 2.0 35.0 14218.709818305837 14197.54814814815 14232.777777777797 
124.00153230363568 9.0 0.0 2.0 35.0 14218.074968201143 14197.54814814815 14232.777777777797 
125.00153230363568 9.0 0.0 2.0 35.0 14217.45916359953 14197.54814814815 14232.777777777797 
126.00153230363568 10.0 0.0 1.0 35.0 14217.390277580447 14215.162962962962 14232.777777777797 
127.00153230363568 10.0 0.0 2.0 35.0 14217.323458141936 14215.162962962962 14232.777777777797 
128.00153230363568 10.0 0.0 2.0 35.0 14217.25864328656 14215.162962962962 14232.777777777797 
129.00153230363568 11.0 0.0 1.0 35.0 14216.667328432377 14197.54814814815 14232.777777777797 
130.00153230363568 11.0 0.0 1.0 35.0 14216.622197468325 14215.162962962962 14232.777777777797 
131.00153230363568 11.0 0.0 1.0 35.0 14216.578420433158 14215.162962962962 14232.777777777797 
132.00153230363568 11.0 0.0 1.0 35.0 14216.535956709056 14215.162962962962 14232.777777777797 
133.00153230363568 11.0 0.0 2.0 35.0 14216.494766896665 14215.162962962962 14232.777777777797 
134.00153230363568 11.0 0.0 2.0 35.0 14215.926368334227 14197.54814814815 14232.777777777797 
135.00153230363568 11.0 0.0 3.0 35.0 14215.3750217286 14197.54814814815 14232.777777777797 
136.00153230363568 11.0 0.0 3.0 35.0 14214.840215521239 14197.54814814815 14232.777777777797 
137.00153230363568 12.0 0.0 2.0 35.0 14213.793009055598 14179.933333333322 14232.777777777797 
138.00153230363568 12.0 0.0 2.0 35.0 14213.305663228353 14197.54814814815 14232.777777777797 
139.00153230363568 12.0 0.0 2.0 35.0 14212.832937775944 14197.54814814815 14232.777777777797 
140.00153230363568 12.0 0.0 2.0 35.0 14212.374394087106 14197.54814814815 14232.777777777797 
141.00153230363568 12.0 0.0 2.0 35.0 14211.929606708956 14197.54814814815 14232.777777777797 
142.00153230363568 12.0 0.0 2.0 35.0 14211.498162952128 14197.54814814815 14232.777777777797 
143.00153230363568 13.0 0.0 1.0 35.0 14211.079662507997 14197.54814814815 14232.777777777797 
144.00153230363568 13.0 0.0 1.0 35.0 14211.202161521653 14215.162962962962 14232.777777777797 
145.00153230363568 13.0 0.0 1.0 35.0 14211.320985564893 14215.162962962962 14232.777777777797 
146.00153230363568 13.0 0.0 1.0 35.0 14211.43624488683 14215.162962962962 14232.777777777797 
147.00153230363568 13.0 0.0 2.0 35.0 14211.548046429123 14215.162962962962 14232.777777777797 
148.00153230363568 13.0 0.0 2.0 35.0 14211.656493925142 14215.162962962962 14232.777777777797 
149.00153230363568 13.0 0.0 3.0 35.0 14211.233243551835 14197.54814814815 14232.777777777797 
150.00153230363568 13.0 0.0 3.0 35.0 14210.822690689718 14197.54814814815 14232.777777777797 
151.00153230363568 13.0 0.0 3.0 35.0 14209.896009969001 14179.933333333322 14232.777777777797 
152.00153230363568 13.0 0.0 3.0 35.0 14208.997129669944 14179.933333333322 14232.777777777797 
153.00153230363568 13.0 0.0 4.0 35.0 14208.125215779855 14179.933333333322 14232.777777777797 
154.00153230363568 13.0 0.0 4.0 35.0 14207.27945930643 14179.933333333322 14232.777777777797 
155.00153230363568 13.0 0.0 4.0 35.0 14205.930631082814 14162.318518518547 14232.777777777797 
156.00153230363568 13.0 0.0 4.0 35.0 14204.622267705903 14162.318518518547 14232.777777777797 
157.00153230363568 13.0 0.0 4.0 35.0 14203.35315523027 14162.318518518547 14232.777777777797 
158.00153230363568 13.0 0.0 4.0 35.0 14202.122116128914 14162.318518518547 14232.777777777797 
159.00153230363568 13.0 0.0 4.0 35.0 14200.928008200599 14162.318518518547 14232.777777777797 
160.00153230363568 13.0 0.0 4.0 35.0 14199.769723510137 14162.318518518547 14232.777777777797 
161.00153230363568 13.0 0.0 6.0 35.0 14198.646187360386 14162.318518518547 14232.777777777797 
162.00153230363568 14.0 0.0 6.0 35.0 14197.027912850674 14144.70370370372 14232.777777777797 
163.00153230363568 14.0 0.0 7.0 35.0 14195.458186576274 14144.70370370372 14232.777777777797 
164.00153230363568 15.0 0.0 6.0 35.0 14193.40710764567 14127.088888888855 14232.777777777797 
165.00153230363568 15.0 0.0 6.0 35.0 14191.417783305167 14127.096296296291 14232.777777777797 
166.00153230363568 17.0 0.0 4.0 35.0 14189.488138694904 14127.096296296291 14232.777777777797 
167.00153230363568 17.0 0.0 4.0 35.0 14188.67327231184 14162.325925925896 14232.777777777797 
168.00153230363568 18.0 0.0 3.0 35.0 14187.882851920267 14162.325925925896 14232.777777777797 
169.00153230363568 18.0 0.0 4.0 35.0 14187.644588584886 14179.940740740722 14232.777777777797 
170.00153230363568 18.0 0.0 4.0 35.0 14187.41347314957 14179.940740740722 14232.777777777797 
171.00153230363568 18.0 0.0 4.0 35.0 14186.660846732872 14162.325925925896 14232.777777777797 
172.00153230363568 18.0 0.0 4.0 35.0 14185.930799108646 14162.325925925896 14232.777777777797 
173.00153230363568 18.0 0.0 4.0 35.0 14185.222652913159 14162.325925925896 14232.777777777797 
174.00153230363568 18.0 0.0 4.0 35.0 14184.535751103555 14162.325925925896 14232.777777777797 
175.00153230363568 18.0 0.0 4.0 35.0 14183.869456348195 14162.325925925896 14232.777777777797 
176.00153230363568 18.0 0.0 4.0 35.0 14183.223150435544 14162.325925925896 14232.777777777797 
177.00153230363568 18.0 0.0 4.0 35.0 14182.596233700257 14162.325925925896 14232.777777777797 
178.00153230363568 18.0 0.0 4.0 35.0 14181.98812446705 14162.325925925896 14232.777777777797 
179.00153230363568 18.0 0.0 4.0 35.0 14181.398258510813 14162.325925925896 14232.777777777797 
180.00153230363568 18.0 0.0 4.0 35.0 14180.826088533226 14162.325925925896 14232.777777777797 
181.00153230363568 18.0 0.0 4.0 35.0 14180.271083655003 14162.325925925896 14232.777777777797 
182.00153230363568 18.0 0.0 4.0 35.0 14179.732728923125 14162.325925925896 14232.777777777797 
183.00153230363568 18.0 0.0 4.0 35.0 14179.210524833205 14162.325925925896 14232.777777777797 
184.00153230363568 19.0 0.0 3.0 35.0 14178.703986866016 14162.325925925896 14232.777777777797 
185.00153230363568 19.0 0.0 3.0 35.0 14178.74108948226 14179.940740740722 14232.777777777797 
186.00153230363568 19.0 0.0 4.0 35.0 14178.777079020016 14179.940740740722 14232.777777777797 
187.00153230363568 19.0 0.0 4.0 35.0 14178.28354442716 14162.325925925896 14232.777777777797 
188.00153230363568 19.0 0.0 4.0 35.0 14177.804815872172 14162.325925925896 14232.777777777797 
189.00153230363568 19.0 0.0 4.0 35.0 14177.340449173756 14162.325925925896 14232.777777777797 
190.00153230363568 19.0 0.0 4.0 35.0 14176.89001347631 14162.325925925896 14232.777777777797 
191.00153230363568 19.0 0.0 4.0 35.0 14176.45309084983 14162.325925925896 14232.777777777797 
192.00153230363568 20.0 0.0 3.0 35.0 14176.02927590211 14162.325925925896 14232.777777777797 
193.00153230363568 20.0 0.0 4.0 35.0 14176.146397625007 14179.933333333322 14232.777777777797 
194.00153230363568 21.0 0.0 3.0 35.0 14175.731561251841 14162.318518518547 14232.777777777797 
195.00153230363568 21.0 0.0 4.0 35.0 14175.857614414273 14179.933333333322 14232.777777777797 
196.00153230363568 21.0 0.0 4.0 35.0 14175.979885981837 14179.933333333322 14232.777777777797 
197.00153230363568 21.0 0.0 4.0 35.0 14175.570044957956 14162.318518518547 14232.777777777797 
198.00153230363568 21.0 0.0 4.0 35.0 14175.172499164766 14162.318518518547 14232.777777777797 
199.00153230363568 22.0 0.0 4.0 35.0 14174.786879745385 14162.318518518547 14232.777777777797 
200.00153230363568 22.0 0.0 4.0 35.0 14174.941273353003 14179.933333333322 14232.777777777797 
201.00153230363568 22.0 0.0 4.0 35.0 14174.56259070797 14162.318518518547 14232.777777777797 
202.00153230363568 22.0 0.0 4.0 35.0 14174.195268542318 14162.318518518547 14232.777777777797 
203.00153230363568 22.0 0.0 4.0 35.0 14173.838966041603 14162.318518518547 14232.777777777797 
204.00153230363568 23.0 0.0 3.0 35.0 14173.4933526159 14162.318518518547 14232.777777777797 
205.00153230363568 23.0 0.0 3.0 35.0 14173.686552037425 14179.933333333322 14232.777777777797 
206.00153230363568 23.0 0.0 3.0 35.0 14173.873955476283 14179.933333333322 14232.777777777797 
207.00153230363568 24.0 0.0 2.0 35.0 14174.05573681198 14179.933333333322 14232.777777777797 
208.00153230363568 24.0 0.0 2.0 35.0 14174.760509152085 14197.54814814815 14232.777777777797 
209.00153230363568 24.0 0.0 2.0 35.0 14175.444138321947 14197.54814814815 14232.777777777797 
210.00153230363568 24.0 0.0 2.0 35.0 14176.107258616783 14197.54814814815 14232.777777777797 
211.00153230363568 24.0 0.0 2.0 35.0 14176.750485302728 14197.54814814815 14232.777777777797 
212.00153230363568 24.0 0.0 3.0 35.0 14177.374415188047 14197.54814814815 14232.777777777797 
213.00153230363568 24.0 0.0 4.0 35.0 14177.979627176854 14197.54814814815 14232.777777777797 
214.00153230363568 25.0 0.0 3.0 35.0 14178.038460583772 14179.940740740722 14232.777777777797 
215.00153230363568 25.0 0.0 3.0 35.0 14178.095306766294 14179.933333333322 14232.777777777797 
216.00153230363568 25.0 0.0 3.0 35.0 14178.150447563292 14179.933333333322 14232.777777777797 
217.00153230363568 25.0 0.0 4.0 35.0 14178.203934136378 14179.933333333322 14232.777777777797 
218.00153230363568 25.0 0.0 4.0 35.0 14178.255816112305 14179.933333333322 14232.777777777797 
219.00153230363568 25.0 0.0 4.0 35.0 14177.777697184467 14162.318518518547 14232.777777777797 
220.00153230363568 25.0 0.0 5.0 35.0 14177.313921824509 14162.318518518547 14232.777777777797 
221.00153230363568 25.0 0.0 5.0 35.0 14176.335615280876 14144.70370370372 14232.777777777797 
222.00153230363568 25.0 0.0 5.0 35.0 14175.386657933555 14144.70370370372 14232.777777777797 
223.00153230363568 25.0 0.0 5.0 35.0 14174.46616930665 14144.70370370372 14232.777777777797 
224.00153230363568 25.0 0.0 5.0 35.0 14173.573295338594 14144.70370370372 14232.777777777797 
225.00153230363568 25.0 0.0 5.0 35.0 14172.707207589543 14144.70370370372 14232.777777777797 
226.00153230363568 25.0 0.0 6.0 35.0 14171.86710247296 14144.70370370372 14232.777777777797 
227.00153230363568 25.0 0.0 6.0 35.0 14170.523756065448 14127.088888888855 14232.777777777797 
228.00153230363568 25.0 0.0 6.0 35.0 14169.220710050162 14127.088888888855 14232.777777777797 
229.00153230363568 26.0 0.0 5.0 35.0 14167.956755415289 14127.088888888855 14232.777777777797 
230.00153230363568 26.0 0.0 5.0 35.0 14167.259163863944 14144.70370370372 14232.777777777797 
231.00153230363568 26.0 0.0 6.0 35.0 14166.582500059134 14144.70370370372 14232.777777777797 
232.00153230363568 26.0 0.0 7.0 35.0 14165.926136168473 14144.70370370372 14232.777777777797 
233.00153230363568 26.0 0.0 7.0 35.0 14164.232574305644 14109.474074074082 14232.777777777797 
234.00153230363568 26.0 0.0 7.0 35.0 14162.589819298708 14109.474074074082 14232.777777777797 
235.00153230363568 26.0 0.0 7.0 35.0 14160.996346941974 14109.474074074082 14232.777777777797 
236.00153230363568 26.0 0.0 8.0 35.0 14159.450678755924 14109.474074074082 14232.777777777797 
237.00153230363568 26.0 0.0 8.0 35.0 14157.95138061548 14109.474074074082 14232.777777777797 
238.00153230363568 26.0 0.0 10.0 35.0 14155.968839197029 14091.86666666665 14232.777777777797 
239.00153230363568 26.0 0.0 11.0 35.0 14153.517551798885 14074.259259259266 14232.777777777797 
240.00153230363568 27.0 0.0 10.0 35.0 14150.61135857824 14056.644444444439 14232.777777777797 
241.00153230363568 29.0 0.0 8.0 35.0 14148.320795598664 14074.259259259266 14232.777777777797 
242.00153230363568 29.0 0.0 8.0 35.0 14146.627171730708 14091.86666666665 14232.777777777797 
243.00153230363568 30.0 0.0 7.0 35.0 14144.984356578796 14091.86666666665 14232.777777777797 
244.00153230363568 31.0 0.0 8.0 35.0 14144.447492548114 14127.088888888855 14232.777777777797 
245.00153230363568 31.0 0.0 8.0 35.0 14143.398289993862 14109.474074074082 14232.777777777797 
246.00153230363568 31.0 0.0 9.0 35.0 14141.852119071811 14091.859259259254 14232.777777777797 
247.00153230363568 31.0 0.0 9.0 35.0 14140.35233327745 14091.859259259254 14232.777777777797 
248.00153230363568 31.0 0.0 11.0 35.0 14138.36909661246 14074.244444444439 14232.777777777797 
249.00153230363568 31.0 0.0 11.0 35.0 14136.445357047429 14074.244444444439 14232.777777777797 
250.00153230363568 31.0 0.0 12.0 35.0 14133.522663002657 14039.022222222226 14232.777777777797 
251.00153230363568 32.0 0.0 12.0 35.0 14130.159205334809 14021.407407407401 14232.777777777797 
252.00153230363568 32.0 0.0 12.0 35.0 14127.42509584143 14039.022222222226 14232.777777777797 
253.00153230363568 32.0 0.0 12.0 35.0 14124.24478741064 14021.4148148148 14232.777777777797 
254.00153230363568 34.0 0.0 10.0 35.0 14121.6883326772 14039.029629629666 14232.777777777797 
255.00153230363568 36.0 0.0 8.0 35.0 14119.737016030218 14056.644444444439 14232.777777777797 
256.0015323036357 36.0 0.0 8.0 35.0 14118.900905549322 14091.86666666665 14232.777777777797 
257.0015323036357 36.0 0.0 8.0 35.0 14118.089878382814 14091.86666666665 14232.777777777797 
258.0015323036357 37.0 0.0 7.0 35.0 14117.303182031348 14091.86666666665 14232.777777777797 
259.0015323036357 38.0 0.0 6.0 35.0 14117.068531014842 14109.481481481478 14232.777777777797 
260.0015323036357 41.0 0.0 3.0 35.0 14117.369141751076 14127.088888888855 14232.777777777797 
261.0015323036357 42.0 0.0 2.0 35.0 14119.774511942991 14197.54814814815 14232.777777777797 
262.0015323036357 42.0 0.0 2.0 35.0 14122.107721029162 14197.54814814815 14232.777777777797 
263.0015323036357 42.0 0.0 2.0 35.0 14124.370933842705 14197.54814814815 14232.777777777797 
264.0015323036357 42.0 0.0 3.0 35.0 14126.566250271873 14197.54814814815 14232.777777777797 
265.0015323036357 42.0 0.0 3.0 35.0 14128.695707208159 14197.54814814815 14232.777777777797 
266.0015323036357 42.0 0.0 4.0 35.0 14130.233058214113 14179.940740740722 14232.777777777797 
267.0015323036357 42.0 0.0 5.0 35.0 14131.724288689951 14179.940740740722 14232.777777777797 
268.0015323036357 42.0 0.0 5.0 35.0 14132.64233780703 14162.325925925896 14232.777777777797 
269.0015323036357 42.0 0.0 6.0 35.0 14133.004401006143 14144.711111111119 14232.777777777797 
270.0015323036357 43.0 0.0 6.0 35.0 14132.827157864856 14127.096296296291 14232.777777777797 
271.0015323036357 43.0 0.0 6.0 35.0 14133.183676462224 14144.711111111119 14232.777777777797 
272.0015323036357 43.0 0.0 6.0 35.0 14133.001277279469 14127.103703703682 14232.777777777797 
273.0015323036357 43.0 0.0 6.0 35.0 14132.824350072191 14127.103703703682 14232.777777777797 
274.0015323036357 43.0 0.0 7.0 35.0 14132.652730681148 14127.103703703682 14232.777777777797 
275.0015323036357 43.0 0.0 7.0 35.0 14131.957815427397 14109.488888888909 14232.777777777797 
276.0015323036357 43.0 0.0 7.0 35.0 14131.283747631223 14109.488888888909 14232.777777777797 
277.0015323036357 43.0 0.0 7.0 35.0 14130.629901868937 14109.488888888909 14232.777777777797 
278.0015323036357 44.0 0.0 6.0 35.0 14129.995671479575 14109.488888888909 14232.777777777797 
279.0015323036357 44.0 0.0 6.0 35.0 14129.908690224065 14127.096296296291 14232.777777777797 
280.0015323036357 45.0 0.0 6.0 35.0 14129.82431840624 14127.096296296291 14232.777777777797 
281.0015323036357 45.0 0.0 6.0 35.0 14130.270922187356 14144.711111111119 14232.777777777797 
282.0015323036357 46.0 0.0 5.0 35.0 14130.17568341065 14127.096296296291 14232.777777777797 
283.0015323036357 47.0 0.0 4.0 35.0 14131.140190686085 14162.325925925896 14232.777777777797 
284.0015323036357 47.0 0.0 4.0 35.0 14132.075762743292 14162.325925925896 14232.777777777797 
285.0015323036357 47.0 0.0 4.0 35.0 14132.983267638778 14162.325925925896 14232.777777777797 
286.0015323036357 47.0 0.0 4.0 35.0 14133.863547387382 14162.325925925896 14232.777777777797 
287.0015323036357 47.0 0.0 4.0 35.0 14134.717418743545 14162.325925925896 14232.777777777797 
288.0015323036357 47.0 0.0 4.0 35.0 14135.545673959032 14162.325925925896 14232.777777777797 
289.0015323036357 47.0 0.0 4.0 35.0 14136.349081518005 14162.325925925896 14232.777777777797 
290.0015323036357 47.0 0.0 5.0 35.0 14137.128386850265 14162.325925925896 14232.777777777797 
291.0015323036357 49.0 0.0 3.0 35.0 14137.355868578068 14144.711111111119 14232.777777777797 
292.0015323036357 50.0 0.0 3.0 35.0 14138.633414742939 14179.940740740722 14232.777777777797 
293.0015323036357 50.0 0.0 4.0 35.0 14139.872634522908 14179.940740740722 14232.777777777797 
294.0015323036357 50.0 0.0 4.0 35.0 14140.546455487194 14162.333333333332 14232.777777777797 
295.0015323036357 50.0 0.0 5.0 35.0 14141.200061822608 14162.333333333332 14232.777777777797 
296.0015323036357 50.0 0.0 5.0 35.0 14141.30561552347 14144.718518518519 14232.777777777797 
297.0015323036357 51.0 0.0 5.0 35.0 14141.936224835541 14162.325925925896 14232.777777777797 
298.0015323036357 52.0 0.0 4.0 35.0 14142.019471423817 14144.711111111119 14232.777777777797 
299.0015323036357 52.0 0.0 5.0 35.0 14142.628442836627 14162.318518518547 14232.777777777797 
300.0015323036357 52.0 0.0 5.0 35.0 14142.690700662666 14144.70370370372 14232.777777777797 
301.0015323036357 53.0 0.0 5.0 35.0 14142.751090753887 14144.70370370372 14232.777777777797 
302.0015323036357 55.0 0.0 3.0 35.0 14143.866780253491 14179.940740740722 14232.777777777797 
303.0015323036357 55.0 0.0 4.0 35.0 14144.948999068121 14179.940740740722 14232.777777777797 
304.0015323036357 55.0 0.0 4.0 35.0 14145.99875131828 14179.940740740722 14232.777777777797 
305.0015323036357 55.0 0.0 4.0 35.0 14146.48856655654 14162.325925925896 14232.777777777797 
306.0015323036357 55.0 0.0 4.0 35.0 14146.963687337598 14162.325925925896 14232.777777777797 
307.0015323036357 55.0 0.0 4.0 35.0 14147.424554495265 14162.325925925896 14232.777777777797 
308.0015323036357 55.0 0.0 6.0 35.0 14147.871595638166 14162.325925925896 14232.777777777797 
309.0015323036357 55.0 0.0 7.0 35.0 14147.77678110234 14144.711111111119 14232.777777777797 
310.0015323036357 56.0 0.0 6.0 35.0 14147.156144335953 14127.088888888855 14232.777777777797 
311.0015323036357 56.0 0.0 6.0 35.0 14146.554126672547 14127.088888888855 14232.777777777797 
312.0015323036357 56.0 0.0 7.0 35.0 14145.97016953904 14127.088888888855 14232.777777777797 
313.0015323036357 56.0 0.0 7.0 35.0 14144.8755088973 14109.481481481478 14232.777777777797 
314.0015323036357 56.0 0.0 7.0 35.0 14143.813688074824 14109.481481481478 14232.777777777797 
315.0015323036357 58.0 0.0 5.0 35.0 14143.312166321477 14127.096296296291 14232.777777777797 
316.0015323036357 59.0 0.0 4.0 35.0 14143.353912442952 14144.70370370372 14232.777777777797 
317.0015323036357 60.0 0.0 3.0 35.0 14143.922850625208 14162.318518518547 14232.777777777797 
318.0015323036357 60.0 0.0 6.0 35.0 14145.003165106458 14179.933333333322 14232.777777777797 
319.0015323036357 61.0 0.0 5.0 35.0 14144.99418126435 14144.70370370372 14232.777777777797 
320.0015323036357 61.0 0.0 5.0 35.0 14144.985466937565 14144.70370370372 14232.777777777797 
321.0015323036357 62.0 0.0 5.0 35.0 14145.50545848499 14162.318518518547 14232.777777777797 
322.0015323036357 62.0 0.0 6.0 35.0 14146.009850286 14162.318518518547 14232.777777777797 
323.0015323036357 62.0 0.0 6.0 35.0 14145.970665888504 14144.70370370372 14232.777777777797 
324.0015323036357 62.0 0.0 6.0 35.0 14145.40421257853 14127.088888888855 14232.777777777797 
325.0015323036357 62.0 0.0 6.0 35.0 14144.854752867828 14127.088888888855 14232.777777777797 
326.0015323036357 62.0 0.0 6.0 35.0 14144.321776948464 14127.088888888855 14232.777777777797 
327.0015323036357 62.0 0.0 6.0 35.0 14143.804790306676 14127.088888888855 14232.777777777797 
328.0015323036357 63.0 0.0 5.0 35.0 14143.303313264141 14127.088888888855 14232.777777777797 
329.0015323036357 64.0 0.0 4.0 35.0 14143.345324977356 14144.70370370372 14232.777777777797 
330.0015323036357 64.0 0.0 4.0 35.0 14143.91452078356 14162.318518518547 14232.777777777797 
331.0015323036357 64.0 0.0 4.0 35.0 14144.46664071561 14162.318518518547 14232.777777777797 
332.0015323036357 64.0 0.0 4.0 35.0 14145.002197049711 14162.318518518547 14232.777777777797 
333.0015323036357 64.0 0.0 4.0 35.0 14145.521686693783 14162.318518518547 14232.777777777797 
334.0015323036357 64.0 0.0 4.0 35.0 14146.025591648511 14162.318518518547 14232.777777777797 
335.0015323036357 64.0 0.0 5.0 35.0 14146.514379454604 14162.318518518547 14232.777777777797 
336.0015323036357 64.0 0.0 5.0 35.0 14146.460281404312 14144.711111111119 14232.777777777797 
337.0015323036357 64.0 0.0 6.0 35.0 14146.407806295509 14144.711111111119 14232.777777777797 
338.0015323036357 64.0 0.0 6.0 35.0 14146.356905439987 14144.711111111119 14232.777777777797 
339.0015323036357 64.0 0.0 6.0 35.0 14145.779309387899 14127.103703703682 14232.777777777797 
340.0015323036357 64.0 0.0 6.0 35.0 14145.219041217373 14127.103703703682 14232.777777777797 
341.0015323036357 66.0 0.0 5.0 35.0 14144.675581091962 14127.103703703682 14232.777777777797 
342.0015323036357 66.0 0.0 5.0 35.0 14144.67642477031 14144.70370370372 14232.777777777797 
343.0015323036357 66.0 0.0 5.0 35.0 14144.677243138316 14144.70370370372 14232.777777777797 
344.0015323036357 66.0 0.0 5.0 35.0 14144.67803695527 14144.70370370372 14232.777777777797 
345.0015323036357 67.0 0.0 5.0 35.0 14145.207251402167 14162.318518518547 14232.777777777797 
346.0015323036357 68.0 0.0 4.0 35.0 14145.19214497122 14144.70370370372 14232.777777777797 
347.0015323036357 68.0 0.0 4.0 35.0 14145.705936177634 14162.318518518547 14232.777777777797 
348.0015323036357 68.0 0.0 5.0 35.0 14146.204313647864 14162.318518518547 14232.777777777797 
349.0015323036357 68.0 0.0 5.0 35.0 14146.687739793975 14162.318518518547 14232.777777777797 
350.0015323036357 68.0 0.0 5.0 35.0 14146.628440933473 14144.711111111119 14232.777777777797 
351.0015323036357 68.0 0.0 5.0 35.0 14146.570921038821 14144.711111111119 14232.777777777797 
352.0015323036357 69.0 0.0 5.0 35.0 14146.515126740973 14144.711111111119 14232.777777777797 
353.0015323036357 70.0 0.0 5.0 35.0 14146.989450716525 14162.325925925896 14232.777777777797 
354.0015323036357 70.0 0.0 6.0 35.0 14147.449544972818 14162.325925925896 14232.777777777797 
355.0015323036357 70.0 0.0 6.0 35.0 14146.83894751252 14127.096296296291 14232.777777777797 
356.0015323036357 70.0 0.0 7.0 35.0 14146.246667976042 14127.096296296291 14232.777777777797 
357.0015323036357 70.0 0.0 8.0 35.0 14145.672156825634 14127.096296296291 14232.777777777797 
358.0015323036357 71.0 0.0 7.0 35.0 14145.114881009751 14127.096296296291 14232.777777777797 
359.0015323036357 71.0 0.0 7.0 35.0 14144.045879023908 14109.481481481478 14232.777777777797 
360.0015323036357 71.0 0.0 8.0 35.0 14143.00894709762 14109.481481481478 14232.777777777797 
361.0015323036357 72.0 0.0 7.0 35.0 14142.003123129154 14109.481481481478 14232.777777777797 
362.0015323036357 73.0 0.0 6.0 35.0 14141.027473879712 14109.481481481478 14232.777777777797 
363.0015323036357 73.0 0.0 6.0 35.0 14140.609538552231 14127.096296296291 14232.777777777797 
364.0015323036357 73.0 0.0 6.0 35.0 14140.204141284532 14127.096296296291 14232.777777777797 
365.0015323036357 74.0 0.0 6.0 35.0 14139.810905934914 14127.096296296291 14232.777777777797 
366.0015323036357 74.0 0.0 7.0 35.0 14139.957689867959 14144.70370370372 14232.777777777797 
367.0015323036357 74.0 0.0 8.0 35.0 14139.57184806082 14127.096296296291 14232.777777777797 
368.0015323036357 75.0 0.0 8.0 35.0 14138.669137063425 14109.481481481478 14232.777777777797 
369.0015323036357 76.0 0.0 7.0 35.0 14137.265062951545 14091.86666666665 14232.777777777797 
370.0015323036357 76.0 0.0 8.0 35.0 14136.431555507408 14109.481481481478 14232.777777777797 
371.0015323036357 77.0 0.0 8.0 35.0 14135.09460884222 14091.86666666665 14232.777777777797 
372.0015323036357 78.0 0.0 8.0 35.0 14133.797770576939 14091.86666666665 14232.777777777797 
373.0015323036357 78.0 0.0 8.0 35.0 14132.54005968186 14091.874074074081 14232.777777777797 
374.0015323036357 79.0 0.0 7.0 35.0 14131.320080113634 14091.874074074081 14232.777777777797 
375.0015323036357 79.0 0.0 7.0 35.0 14130.665144376853 14109.488888888909 14232.777777777797 
376.0015323036357 79.0 0.0 7.0 35.0 14130.029856712235 14109.488888888909 14232.777777777797 
377.0015323036357 79.0 0.0 8.0 35.0 14129.413627677543 14109.488888888909 14232.777777777797 
378.0015323036357 80.0 0.0 8.0 35.0 14128.815885513877 14109.488888888909 14232.777777777797 
379.0015323036357 82.0 0.0 6.0 35.0 14128.764297837331 14127.096296296291 14232.777777777797 
380.0015323036357 82.0 0.0 6.0 35.0 14128.71403556889 14127.088888888855 14232.777777777797 
381.0015323036357 82.0 0.0 6.0 35.0 14128.66528116849 14127.088888888855 14232.777777777797 
382.0015323036357 82.0 0.0 6.0 35.0 14128.617989400107 14127.088888888855 14232.777777777797 
383.0015323036357 82.0 0.0 6.0 35.0 14128.572116384781 14127.088888888855 14232.777777777797 
384.0015323036357 82.0 0.0 6.0 35.0 14128.5276195599 14127.088888888855 14232.777777777797 
385.0015323036357 82.0 0.0 6.0 35.0 14128.484457639774 14127.088888888855 14232.777777777797 
386.0015323036357 82.0 0.0 6.0 35.0 14128.442590577213 14127.088888888855 14232.777777777797 
387.0015323036357 83.0 0.0 6.0 35.0 14128.401979526583 14127.088888888855 14232.777777777797 
388.0015323036357 83.0 0.0 7.0 35.0 14128.891031251902 14144.70370370372 14232.777777777797 
389.0015323036357 83.0 0.0 7.0 35.0 14128.83718920323 14127.096296296291 14232.777777777797 
390.0015323036357 83.0 0.0 7.0 35.0 14128.256517971553 14109.481481481478 14232.777777777797 
391.0015323036357 83.0 0.0 7.0 35.0 14127.693266876871 14109.481481481478 14232.777777777797 
392.0015323036357 83.0 0.0 7.0 35.0 14127.146913315011 14109.481481481478 14232.777777777797 
393.0015323036357 83.0 0.0 7.0 35.0 14126.616950360014 14109.481481481478 14232.777777777797 
394.0015323036357 83.0 0.0 7.0 35.0 14126.102886293655 14109.481481481478 14232.777777777797 
395.0015323036357 83.0 0.0 7.0 35.0 14125.604244149283 14109.481481481478 14232.777777777797 
396.0015323036357 83.0 0.0 7.0 35.0 14125.120561269248 14109.481481481478 14232.777777777797 
397.0015323036357 83.0 0.0 7.0 35.0 14124.651388875593 14109.481481481478 14232.777777777797 
398.0015323036357 83.0 0.0 7.0 35.0 14124.196291653781 14109.481481481478 14232.777777777797 
399.0015323036357 83.0 0.0 8.0 35.0 14123.754847348606 14109.481481481478 14232.777777777797 
400.0015323036357 83.0 0.0 8.0 35.0 14122.79842415038 14091.874074074081 14232.777777777797 
401.0015323036357 83.0 0.0 8.0 35.0 14121.870693648096 14091.874074074081 14232.777777777797 
402.0015323036357 83.0 0.0 9.0 35.0 14120.970795060875 14091.874074074081 14232.777777777797 
403.0015323036357 83.0 0.0 9.0 35.0 14119.569448986844 14074.259259259266 14232.777777777797 
404.0015323036357 83.0 0.0 10.0 35.0 14118.210143294988 14074.259259259266 14232.777777777797 
405.0015323036357 83.0 0.0 11.0 35.0 14116.891616773926 14074.259259259266 14232.777777777797 
406.0015323036357 84.0 0.0 11.0 35.0 14115.084423826249 14056.651851851839 14232.777777777797 
407.0015323036357 86.0 0.0 9.0 35.0 14113.859668889265 14074.259259259266 14232.777777777797 
408.0015323036357 87.0 0.0 8.0 35.0 14112.671656600358 14074.259259259266 14232.777777777797 
409.0015323036357 87.0 0.0 8.0 35.0 14112.047506902334 14091.86666666665 14232.777777777797 
410.0015323036357 88.0 0.0 7.0 35.0 14111.970526139721 14109.481481481478 14232.777777777797 
411.0015323036357 88.0 0.0 7.0 35.0 14111.895854799955 14109.481481481478 14232.777777777797 
412.0015323036357 89.0 0.0 6.0 35.0 14111.823423600405 14109.481481481478 14232.777777777797 
413.0015323036357 89.0 0.0 7.0 35.0 14112.281609781274 14127.096296296291 14232.777777777797 
414.0015323036357 89.0 0.0 7.0 35.0 14112.197605932302 14109.481481481478 14232.777777777797 
415.0015323036357 90.0 0.0 6.0 35.0 14112.644344420982 14127.088888888855 14232.777777777797 
416.0015323036357 90.0 0.0 7.0 35.0 14113.077680755028 14127.088888888855 14232.777777777797 
417.0015323036357 90.0 0.0 7.0 35.0 14113.498016999023 14127.088888888855 14232.777777777797 
418.0015323036357 91.0 0.0 6.0 35.0 14113.377520933524 14109.481481481478 14232.777777777797 
419.0015323036357 91.0 0.0 6.0 35.0 14113.789084194377 14127.096296296291 14232.777777777797 
420.0015323036357 91.0 0.0 6.0 35.0 14114.188300557475 14127.096296296291 14232.777777777797 
421.0015323036357 91.0 0.0 6.0 35.0 14114.575540429598 14127.096296296291 14232.777777777797 
422.0015323036357 91.0 0.0 6.0 35.0 14114.951163105605 14127.096296296291 14232.777777777797 
423.0015323036357 91.0 0.0 6.0 35.0 14115.315517101346 14127.096296296291 14232.777777777797 
424.0015323036357 91.0 0.0 6.0 35.0 14115.668940477182 14127.096296296291 14232.777777777797 
425.0015323036357 91.0 0.0 6.0 35.0 14116.011761151784 14127.096296296291 14232.777777777797 
426.0015323036357 92.0 0.0 6.0 35.0 14116.872741650535 14144.711111111119 14232.777777777797 
427.0015323036357 93.0 0.0 6.0 35.0 14117.70789273438 14144.711111111119 14232.777777777797 
428.0015323036357 93.0 0.0 8.0 35.0 14118.517989285667 14144.711111111119 14232.777777777797 
429.0015323036357 93.0 0.0 8.0 35.0 14117.718671829327 14091.874074074081 14232.777777777797 
430.0015323036357 94.0 0.0 7.0 35.0 14116.94333389666 14091.874074074081 14232.777777777797 
431.0015323036357 95.0 0.0 6.0 35.0 14116.719700546411 14109.488888888909 14232.777777777797 
432.0015323036357 96.0 0.0 5.0 35.0 14117.030998418906 14127.096296296291 14232.777777777797 
433.0015323036357 96.0 0.0 6.0 35.0 14117.86140179969 14144.711111111119 14232.777777777797 
434.0015323036357 96.0 0.0 7.0 35.0 14118.666893079031 14144.711111111119 14232.777777777797 
435.0015323036357 97.0 0.0 7.0 35.0 14118.391330731105 14109.481481481478 14232.777777777797 
436.0015323036357 97.0 0.0 7.0 35.0 14118.652479698067 14127.096296296291 14232.777777777797 
437.0015323036357 97.0 0.0 7.0 35.0 14118.377349751576 14109.481481481478 14232.777777777797 
438.0015323036357 98.0 0.0 6.0 35.0 14118.110473703462 14109.481481481478 14232.777777777797 
439.0015323036357 98.0 0.0 7.0 35.0 14118.379826159036 14127.088888888855 14232.777777777797 
440.0015323036357 98.0 0.0 7.0 35.0 14118.641098040911 14127.088888888855 14232.777777777797 
441.0015323036357 99.0 0.0 8.0 35.0 14118.366087321925 14109.474074074082 14232.777777777797 
442.0015323036357 99.0 0.0 8.0 35.0 14118.099326924503 14109.474074074082 14232.777777777797 
443.0015323036357 100.0 0.0 7.0 35.0 14117.31212489454 14091.859259259254 14232.777777777797 
444.0015323036357 100.0 0.0 7.0 35.0 14117.076983369918 14109.474074074082 14232.777777777797 
445.0015323036357 100.0 0.0 7.0 35.0 14116.848896091033 14109.474074074082 14232.777777777797 
446.0015323036357 100.0 0.0 7.0 35.0 14116.62765143052 14109.474074074082 14232.777777777797 
447.0015323036357 100.0 0.0 8.0 35.0 14116.413044109815 14109.474074074082 14232.777777777797 
448.0015323036357 101.0 0.0 7.0 35.0 14116.733319453204 14127.088888888855 14232.777777777797 
449.0015323036357 101.0 0.0 7.0 35.0 14116.515542091842 14109.474074074082 14232.777777777797 
450.0015323036357 102.0 0.0 6.0 35.0 14116.832742495753 14127.088888888855 14232.777777777797 
451.0015323036357 102.0 0.0 6.0 35.0 14117.140426887534 14127.088888888855 14232.777777777797 
452.0015323036357 102.0 0.0 6.0 35.0 14117.438880747575 14127.088888888855 14232.777777777797 
453.0015323036357 102.0 0.0 6.0 35.0 14117.728380991797 14127.088888888855 14232.777777777797 
454.0015323036357 102.0 0.0 6.0 35.0 14118.009196228732 14127.088888888855 14232.777777777797 
455.0015323036357 102.0 0.0 7.0 35.0 14118.28158700853 14127.088888888855 14232.777777777797 
456.0015323036357 102.0 0.0 7.0 35.0 14118.545806064923 14127.088888888855 14232.777777777797 
457.0015323036357 103.0 0.0 6.0 35.0 14118.273876327448 14109.481481481478 14232.777777777797 
458.0015323036357 103.0 0.0 7.0 35.0 14118.538548926503 14127.096296296291 14232.777777777797 
459.0015323036357 105.0 0.0 6.0 35.0 14118.266836903147 14109.481481481478 14232.777777777797 
460.0015323036357 105.0 0.0 6.0 35.0 14118.531720684949 14127.096296296291 14232.777777777797 
461.0015323036357 105.0 0.0 7.0 35.0 14118.788657953297 14127.096296296291 14232.777777777797 
462.0015323036357 105.0 0.0 7.0 35.0 14118.509664881352 14109.488888888909 14232.777777777797 
463.0015323036357 105.0 0.0 8.0 35.0 14118.239041601595 14109.488888888909 14232.777777777797 
464.0015323036357 105.0 0.0 9.0 35.0 14117.97653702021 14109.488888888909 14232.777777777797 
465.0015323036357 105.0 0.0 9.0 35.0 14116.665018687385 14074.259259259266 14232.777777777797 
466.0015323036357 105.0 0.0 9.0 35.0 14115.392845904526 14074.259259259266 14232.777777777797 
467.0015323036357 106.0 0.0 8.0 35.0 14114.687282749617 14091.874074074081 14232.777777777797 
468.0015323036357 106.0 0.0 8.0 35.0 14114.002886489347 14091.874074074081 14232.777777777797 
469.0015323036357 106.0 0.0 8.0 35.0 14113.339022116888 14091.874074074081 14232.777777777797 
470.0015323036357 107.0 0.0 8.0 35.0 14112.695073675608 14091.874074074081 14232.777777777797 
471.0015323036357 108.0 0.0 7.0 35.0 14112.598665909787 14109.481481481478 14232.777777777797 
472.0015323036357 108.0 0.0 7.0 35.0 14112.50515037694 14109.481481481478 14232.777777777797 
473.0015323036357 109.0 0.0 6.0 35.0 14112.94266253229 14127.088888888855 14232.777777777797 
474.0015323036357 109.0 0.0 6.0 35.0 14113.367049323011 14127.088888888855 14232.777777777797 
475.0015323036357 109.0 0.0 6.0 35.0 14113.778704509952 14127.088888888855 14232.777777777797 
476.0015323036357 109.0 0.0 8.0 35.0 14114.17801004132 14127.088888888855 14232.777777777797 
477.0015323036357 109.0 0.0 9.0 35.0 14114.565336406784 14127.088888888855 14232.777777777797 
478.0015323036357 109.0 0.0 9.0 35.0 14113.884598536772 14091.874074074081 14232.777777777797 
479.0015323036357 109.0 0.0 9.0 35.0 14112.696060580674 14074.266666666657 14232.777777777797 
480.0015323036357 109.0 0.0 9.0 35.0 14111.543178763264 14074.266666666657 14232.777777777797 
481.0015323036357 112.0 0.0 6.0 35.0 14110.424883400367 14074.266666666657 14232.777777777797 
482.0015323036357 112.0 0.0 7.0 35.0 14110.925025787248 14127.096296296291 14232.777777777797 
483.0015323036357 112.0 0.0 7.0 35.0 14111.410163902498 14127.096296296291 14232.777777777797 
484.0015323036357 112.0 0.0 7.0 35.0 14111.35252565207 14109.488888888909 14232.777777777797 
485.0015323036357 112.0 0.0 7.0 35.0 14111.29661654922 14109.488888888909 14232.777777777797 
486.0015323036357 113.0 0.0 6.0 35.0 14111.242384719373 14109.488888888909 14232.777777777797 
487.0015323036357 113.0 0.0 6.0 35.0 14111.718224288932 14127.103703703682 14232.777777777797 
488.0015323036357 115.0 0.0 4.0 35.0 14112.708010893599 14144.711111111119 14232.777777777797 
489.0015323036357 116.0 0.0 3.0 35.0 14114.196548344544 14162.325925925896 14232.777777777797 
490.0015323036357 116.0 0.0 3.0 35.0 14116.16887411643 14179.940740740722 14232.777777777797 
491.0015323036357 117.0 0.0 2.0 35.0 14118.08203011516 14179.940740740722 14232.777777777797 
492.0015323036357 117.0 0.0 2.0 35.0 14120.466235878366 14197.555555555586 14232.777777777797 
493.0015323036357 117.0 0.0 2.0 35.0 14122.778915468694 14197.555555555586 14232.777777777797 
494.0015323036357 117.0 0.0 2.0 35.0 14125.02221467131 14197.555555555586 14232.777777777797 
495.0015323036357 117.0 0.0 2.0 35.0 14127.198214897804 14197.555555555586 14232.777777777797 
496.0015323036357 117.0 0.0 2.0 35.0 14129.308935117551 14197.555555555586 14232.777777777797 
497.0015323036357 117.0 0.0 2.0 35.0 14131.356333730686 14197.555555555586 14232.777777777797 
498.0015323036357 117.0 0.0 2.0 35.0 14133.342310385442 14197.555555555586 14232.777777777797 
499.0015323036357 117.0 0.0 2.0 35.0 14135.268707740534 14197.555555555586 14232.777777777797 
500.0015323036357 117.0 0.0 2.0 35.0 14137.13731317499 14197.555555555586 14232.777777777797 
501.0015323036357 117.0 0.0 2.0 35.0 14138.949860446435 14197.555555555586 14232.777777777797 
502.0015323036357 117.0 0.0 3.0 35.0 14140.708031299699 14197.555555555586 14232.777777777797 
503.0015323036357 117.0 0.0 4.0 35.0 14141.885012582945 14179.940740740722 14232.777777777797 
504.0015323036357 117.0 0.0 4.0 35.0 14143.026684427667 14179.940740740722 14232.777777777797 
505.0015323036357 118.0 0.0 3.0 35.0 14143.605661672598 14162.325925925896 14232.777777777797 
506.0015323036357 118.0 0.0 3.0 35.0 14144.695491822418 14179.933333333322 14232.777777777797 
507.0015323036357 118.0 0.0 3.0 35.0 14145.752627067764 14179.933333333322 14232.777777777797 
508.0015323036357 118.0 0.0 3.0 35.0 14146.778048255728 14179.933333333322 14232.777777777797 
509.0015323036357 118.0 0.0 3.0 35.0 14147.77270680804 14179.933333333322 14232.777777777797 
510.0015323036357 118.0 0.0 3.0 35.0 14148.737525603805 14179.933333333322 14232.777777777797 
511.0015323036357 118.0 0.0 4.0 35.0 14149.673399835696 14179.933333333322 14232.777777777797 
512.0015323036357 118.0 0.0 5.0 35.0 14150.052753396176 14162.318518518547 14232.777777777797 
513.0015323036357 121.0 0.0 2.0 35.0 14149.892281905391 14144.70370370372 14232.777777777797 
514.0015323036357 121.0 0.0 2.0 35.0 14151.32195789266 14197.54814814815 14232.777777777797 
515.0015323036357 121.0 0.0 2.0 35.0 14152.708743600357 14197.54814814815 14232.777777777797 
516.0015323036357 121.0 0.0 2.0 35.0 14154.053925736767 14197.54814814815 14232.777777777797 
517.0015323036357 121.0 0.0 2.0 35.0 14155.358752409116 14197.54814814815 14232.777777777797 
518.0015323036357 121.0 0.0 2.0 35.0 14156.624434281295 14197.54814814815 14232.777777777797 
519.0015323036357 121.0 0.0 3.0 35.0 14157.852145697298 14197.54814814815 14232.777777777797 
520.0015323036357 122.0 0.0 2.0 35.0 14159.571470215295 14215.162962962962 14232.777777777797 
521.0015323036357 122.0 0.0 2.0 35.0 14160.710770553273 14197.54814814815 14232.777777777797 
522.0015323036357 122.0 0.0 2.0 35.0 14161.8158918811 14197.54814814815 14232.777777777797 
523.0015323036357 122.0 0.0 2.0 35.0 14162.887859569095 14197.54814814815 14232.777777777797 
524.0015323036357 122.0 0.0 2.0 35.0 14163.927668226479 14197.54814814815 14232.777777777797 
525.0015323036357 122.0 0.0 2.0 35.0 14164.936282624145 14197.54814814815 14232.777777777797 
526.0015323036357 122.0 0.0 2.0 35.0 14165.914638589866 14197.54814814815 14232.777777777797 
527.0015323036357 122.0 0.0 2.0 35.0 14166.863643876604 14197.54814814815 14232.777777777797 
528.0015323036357 122.0 0.0 2.0 35.0 14167.78417900475 14197.54814814815 14232.777777777797 
529.0015323036357 122.0 0.0 2.0 35.0 14168.677098079055 14197.54814814815 14232.777777777797 
530.0015323036357 122.0 0.0 4.0 35.0 14169.54322958114 14197.54814814815 14232.777777777797 
531.0015323036357 122.0 0.0 4.0 35.0 14170.383377138134 14197.54814814815 14232.777777777797 
532.0015323036357 122.0 0.0 4.0 35.0 14170.141653601762 14162.325925925896 14232.777777777797 
533.0015323036357 122.0 0.0 4.0 35.0 14169.907181771505 14162.325925925896 14232.777777777797 
534.0015323036357 122.0 0.0 4.0 35.0 14169.67974409614 14162.325925925896 14232.777777777797 
535.0015323036357 122.0 0.0 4.0 35.0 14169.459129551044 14162.325925925896 14232.777777777797 
536.0015323036357 123.0 0.0 3.0 35.0 14169.245133442268 14162.325925925896 14232.777777777797 
537.0015323036357 123.0 0.0 3.0 35.0 14169.56577943902 14179.933333333322 14232.777777777797 
538.0015323036357 124.0 0.0 2.0 35.0 14169.876806055829 14179.933333333322 14232.777777777797 
539.0015323036357 124.0 0.0 3.0 35.0 14170.7069463186 14197.54814814815 14232.777777777797 
540.0015323036357 125.0 0.0 2.0 35.0 14171.512182373486 14197.54814814815 14232.777777777797 
541.0015323036357 125.0 0.0 2.0 35.0 14172.293261346726 14197.54814814815 14232.777777777797 
542.0015323036357 125.0 0.0 2.0 35.0 14173.050907950765 14197.54814814815 14232.777777777797 
543.0015323036357 125.0 0.0 2.0 35.0 14173.785825156685 14197.54814814815 14232.777777777797 
544.0015323036357 125.0 0.0 3.0 35.0 14174.498694846447 14197.54814814815 14232.777777777797 
545.0015323036357 125.0 0.0 3.0 35.0 14175.190178445459 14197.54814814815 14232.777777777797 
546.0015323036357 125.0 0.0 3.0 35.0 14175.332473092123 14179.933333333322 14232.777777777797 
547.0015323036357 125.0 0.0 3.0 35.0 14175.470498899344 14179.933333333322 14232.777777777797 
548.0015323036357 125.0 0.0 5.0 35.0 14175.604383932352 14179.933333333322 14232.777777777797 
549.0015323036357 125.0 0.0 5.0 35.0 14175.205807969978 14162.318518518547 14232.777777777797 
550.0015323036357 125.0 0.0 6.0 35.0 14174.290967064182 14144.711111111119 14232.777777777797 
551.0015323036357 125.0 0.0 6.0 35.0 14172.875126941171 14127.096296296291 14232.777777777797 
552.0015323036357 125.0 0.0 6.0 35.0 14171.501762021817 14127.096296296291 14232.777777777797 
553.0015323036357 126.0 0.0 5.0 35.0 14170.169598050043 14127.096296296291 14232.777777777797 
554.0015323036357 126.0 0.0 5.0 35.0 14169.405843441888 14144.711111111119 14232.777777777797 
555.0015323036357 126.0 0.0 5.0 35.0 14168.66500147194 14144.711111111119 14232.777777777797 
556.0015323036357 127.0 0.0 4.0 35.0 14167.946384761137 14144.711111111119 14232.777777777797 
557.0015323036357 127.0 0.0 4.0 35.0 14167.777770996052 14162.325925925896 14232.777777777797 
558.0015323036357 127.0 0.0 4.0 35.0 14167.614215643955 14162.325925925896 14232.777777777797 
559.0015323036357 127.0 0.0 4.0 35.0 14167.455566952409 14162.325925925896 14232.777777777797 
560.0015323036357 128.0 0.0 4.0 35.0 14167.301677721625 14162.325925925896 14232.777777777797 
561.0015323036357 128.0 0.0 4.0 35.0 14167.68062738999 14179.933333333322 14232.777777777797 
562.0015323036357 129.0 0.0 3.0 35.0 14167.519986346062 14162.325925925896 14232.777777777797 
563.0015323036357 129.0 0.0 3.0 35.0 14167.89238675568 14179.933333333322 14232.777777777797 
564.0015323036357 129.0 0.0 3.0 35.0 14168.253615152993 14179.933333333322 14232.777777777797 
565.0015323036357 129.0 0.0 3.0 35.0 14168.604006698411 14179.933333333322 14232.777777777797 
566.0015323036357 129.0 0.0 4.0 35.0 14168.943886497473 14179.933333333322 14232.777777777797 
567.0015323036357 129.0 0.0 4.0 35.0 14168.745125458085 14162.318518518547 14232.777777777797 
568.0015323036357 129.0 0.0 4.0 35.0 14168.552327249916 14162.318518518547 14232.777777777797 
569.0015323036357 129.0 0.0 4.0 35.0 14168.36531298798 14162.318518518547 14232.777777777797 
570.0015323036357 129.0 0.0 4.0 35.0 14168.183909153882 14162.318518518547 14232.777777777797 
571.0015323036357 129.0 0.0 4.0 35.0 14168.00794743482 14162.318518518547 14232.777777777797 
572.0015323036357 130.0 0.0 3.0 35.0 14167.837264567313 14162.318518518547 14232.777777777797 
573.0015323036357 130.0 0.0 3.0 35.0 14168.200146630306 14179.933333333322 14232.777777777797 
574.0015323036357 130.0 0.0 3.0 35.0 14168.552142231407 14179.933333333322 14232.777777777797 
575.0015323036357 130.0 0.0 3.0 35.0 14168.89357796444 14179.933333333322 14232.777777777797 
576.0015323036357 130.0 0.0 3.0 35.0 14169.224770625531 14179.933333333322 14232.777777777797 
577.0015323036357 130.0 0.0 3.0 35.0 14169.546027506787 14179.933333333322 14232.777777777797 
578.0015323036357 130.0 0.0 3.0 35.0 14169.857646681538 14179.933333333322 14232.777777777797 
579.0015323036357 130.0 0.0 3.0 35.0 14170.159917281115 14179.933333333322 14232.777777777797 
580.0015323036357 130.0 0.0 3.0 35.0 14170.453119762666 14179.933333333322 14232.777777777797 
581.0015323036357 130.0 0.0 3.0 35.0 14170.73752616982 14179.933333333322 14232.777777777797 
582.0015323036357 130.0 0.0 3.0 35.0 14171.013400384709 14179.933333333322 14232.777777777797 
583.0015323036357 131.0 0.0 2.0 35.0 14171.809442817605 14197.54814814815 14232.777777777797 
584.0015323036357 131.0 0.0 2.0 35.0 14172.581603977525 14197.54814814815 14232.777777777797 
585.0015323036357 132.0 0.0 1.0 35.0 14173.85904474707 14215.162962962962 14232.777777777797 
586.0015323036357 132.0 0.0 1.0 35.0 14175.098162293556 14215.162962962962 14232.777777777797 
587.0015323036357 132.0 0.0 1.0 35.0 14176.30010631365 14215.162962962962 14232.777777777797 
588.0015323036357 132.0 0.0 1.0 35.0 14177.465992013116 14215.162962962962 14232.777777777797 
589.0015323036357 132.0 0.0 1.0 35.0 14178.596901141636 14215.162962962962 14232.777777777797 
590.0015323036357 132.0 0.0 1.0 35.0 14179.69388299628 14215.162962962962 14232.777777777797 
591.0015323036357 132.0 0.0 1.0 35.0 14180.75795539527 14215.162962962962 14232.777777777797 
592.0015323036357 133.0 0.0 0.0 35.0 14181.790105622309 14215.162962962962 14232.777777777797 
593.0015323036357 133.0 0.0 0.0 35.0 14183.319735786956 14232.777777777797 14232.777777777797 
594.0015323036357 133.0 0.0 0.0 35.0 14184.803477046671 14232.777777777797 14232.777777777797 
595.0015323036357 133.0 0.0 0.0 35.0 14186.242706068635 14232.777777777797 14232.777777777797 
596.0015323036357 133.0 0.0 0.0 35.0 14187.638758219897 14232.777777777797 14232.777777777797 
597.0015323036357 133.0 0.0 0.0 35.0 14188.99292880663 14232.777777777797 14232.777777777797 
598.0015323036357 133.0 0.0 0.0 35.0 14190.306474275765 14232.777777777797 14232.777777777797 
599.0015323036357 133.0 0.0 0.0 35.0 14191.580613380844 14232.777777777797 14232.777777777797 
600.0015323036357 133.0 0.0 2.0 35.0 14192.816528312733 14232.777777777797 14232.777777777797 
#####################################################################
# End of data export. Simulation finished at: 2020-02-07T16:38+0000 #
#####################################################################
