#####################################################################
# Alchemist log file - simulation started at: 2020-02-02T11:21+0000 #
#####################################################################
# seed = 6.0, meanTaskSize = 100, smoothing = 0.9, grain = 1500.0, peakFrequency = 0.3
#
# The columns have the following meaning: 
# time done[Sum] drop[Sum] waiting[Sum] isLeader[Sum] capacity[Mean] freeCapacity[Mean] maxCapacity[Mean] 
0.0 NaN 0.0 NaN NaN NaN NaN NaN 
1.0115592716150654 0.0 0.0 0.0 135.0 14232.777777777797 14232.777777777797 14232.777777777797 
2.0115592716150656 0.0 0.0 0.0 135.0 14232.777777777797 14232.777777777797 14232.777777777797 
3.0115592716150656 0.0 0.0 0.0 135.0 14232.777777777797 14232.777777777797 14232.777777777797 
4.011559271615066 0.0 0.0 0.0 135.0 14232.777777777797 14232.777777777797 14232.777777777797 
5.011559271615066 0.0 0.0 0.0 135.0 14232.777777777797 14232.777777777797 14232.777777777797 
6.011559271615066 0.0 0.0 0.0 135.0 14232.777777777797 14232.777777777797 14232.777777777797 
7.011559271615066 0.0 0.0 0.0 135.0 14232.777777777797 14232.777777777797 14232.777777777797 
8.011559271615067 0.0 0.0 0.0 135.0 14232.777777777797 14232.777777777797 14232.777777777797 
9.011559271615067 0.0 0.0 0.0 135.0 14232.777777777797 14232.777777777797 14232.777777777797 
10.011559271615067 0.0 0.0 0.0 135.0 14232.777777777797 14232.777777777797 14232.777777777797 
11.011559271615067 0.0 0.0 0.0 135.0 14232.777777777797 14232.777777777797 14232.777777777797 
12.011559271615067 0.0 0.0 0.0 135.0 14232.777777777797 14232.777777777797 14232.777777777797 
13.011559271615067 0.0 0.0 0.0 135.0 14232.777777777797 14232.777777777797 14232.777777777797 
14.011559271615067 0.0 0.0 1.0 135.0 14232.777777777797 14232.777777777797 14232.777777777797 
15.011559271615067 0.0 0.0 1.0 134.0 14229.96444444445 14229.651851851839 14232.777777777797 
16.011559271615067 0.0 0.0 1.0 134.0 14229.683111111077 14229.651851851839 14232.777777777797 
17.011559271615067 0.0 0.0 1.0 134.0 14229.654977777798 14229.651851851839 14232.777777777797 
18.011559271615067 0.0 0.0 1.0 134.0 14229.652164444464 14229.651851851839 14232.777777777797 
19.011559271615067 0.0 0.0 1.0 134.0 14229.651883111117 14229.651851851839 14232.777777777797 
20.011559271615067 0.0 0.0 1.0 134.0 14229.65185497777 14229.651851851839 14232.777777777797 
21.011559271615067 0.0 0.0 2.0 134.0 14229.651852164465 14229.651851851839 14232.777777777797 
22.011559271615067 0.0 0.0 2.0 133.0 14226.838518549777 14226.525925925918 14232.777777777797 
23.011559271615067 0.0 0.0 2.0 133.0 14226.55718518831 14226.525925925918 14232.777777777797 
24.011559271615067 1.0 0.0 1.0 133.0 14226.529051852154 14226.525925925918 14232.777777777797 
25.011559271615067 1.0 0.0 1.0 134.0 14229.339571851902 14229.651851851839 14232.777777777797 
26.011559271615067 1.0 0.0 1.0 134.0 14229.620623851835 14229.651851851839 14232.777777777797 
27.011559271615067 1.0 0.0 2.0 134.0 14229.648729051853 14229.651851851839 14232.777777777797 
28.011559271615067 1.0 0.0 2.0 133.0 14226.838206238515 14226.525925925918 14232.777777777797 
29.011559271615067 1.0 0.0 2.0 133.0 14226.557153957176 14226.525925925918 14232.777777777797 
30.011559271615067 1.0 0.0 2.0 133.0 14226.529048729042 14226.525925925918 14232.777777777797 
31.011559271615067 1.0 0.0 2.0 133.0 14226.526238206243 14226.525925925918 14232.777777777797 
32.01155927161507 1.0 0.0 2.0 133.0 14226.525957153957 14226.525925925918 14232.777777777797 
33.01155927161507 1.0 0.0 2.0 133.0 14226.525929048727 14226.525925925918 14232.777777777797 
34.01155927161507 1.0 0.0 2.0 133.0 14226.525926238233 14226.525925925918 14232.777777777797 
35.01155927161507 2.0 0.0 1.0 133.0 14226.52592595717 14226.525925925918 14232.777777777797 
36.01155927161507 3.0 0.0 0.0 134.0 14229.339259262355 14229.651851851839 14232.777777777797 
37.01155927161507 3.0 0.0 0.0 135.0 14232.43392592625 14232.777777777797 14232.777777777797 
38.01155927161507 3.0 0.0 1.0 135.0 14232.743392592629 14232.777777777797 14232.777777777797 
39.01155927161507 3.0 0.0 1.0 134.0 14229.96100592595 14229.651851851839 14232.777777777797 
40.01155927161507 3.0 0.0 1.0 134.0 14229.682767259254 14229.651851851839 14232.777777777797 
41.01155927161507 3.0 0.0 1.0 134.0 14229.65494339258 14229.651851851839 14232.777777777797 
42.01155927161507 3.0 0.0 1.0 134.0 14229.652161005948 14229.651851851839 14232.777777777797 
43.01155927161507 3.0 0.0 1.0 134.0 14229.651882767286 14229.651851851839 14232.777777777797 
44.01155927161507 3.0 0.0 1.0 134.0 14229.651854943391 14229.651851851839 14232.777777777797 
45.01155927161507 3.0 0.0 1.0 134.0 14229.651852161009 14229.651851851839 14232.777777777797 
46.01155927161507 3.0 0.0 1.0 134.0 14229.651851882765 14229.651851851839 14232.777777777797 
47.01155927161507 4.0 0.0 0.0 134.0 14229.65185185492 14229.651851851839 14232.777777777797 
48.01155927161507 4.0 0.0 0.0 135.0 14232.465185185489 14232.777777777797 14232.777777777797 
49.01155927161507 4.0 0.0 0.0 135.0 14232.746518518557 14232.777777777797 14232.777777777797 
50.01155927161507 4.0 0.0 0.0 135.0 14232.774651851836 14232.777777777797 14232.777777777797 
51.01155927161507 4.0 0.0 0.0 135.0 14232.777465185203 14232.777777777797 14232.777777777797 
52.01155927161507 4.0 0.0 0.0 135.0 14232.777746518519 14232.777777777797 14232.777777777797 
53.01155927161507 4.0 0.0 0.0 135.0 14232.777774651855 14232.777777777797 14232.777777777797 
54.01155927161507 4.0 0.0 0.0 135.0 14232.777777465171 14232.777777777797 14232.777777777797 
55.01155927161507 4.0 0.0 0.0 135.0 14232.7777777465 14232.777777777797 14232.777777777797 
56.01155927161507 4.0 0.0 0.0 135.0 14232.777777774656 14232.777777777797 14232.777777777797 
57.01155927161507 4.0 0.0 0.0 135.0 14232.777777777434 14232.777777777797 14232.777777777797 
58.01155927161507 4.0 0.0 0.0 135.0 14232.777777777741 14232.777777777797 14232.777777777797 
59.01155927161507 4.0 0.0 0.0 135.0 14232.77777777779 14232.777777777797 14232.777777777797 
60.01155927161507 4.0 0.0 0.0 135.0 14232.777777777796 14232.777777777797 14232.777777777797 
61.01155927161507 4.0 0.0 0.0 135.0 14232.777777777797 14232.777777777797 14232.777777777797 
62.01155927161507 4.0 0.0 0.0 135.0 14232.777777777797 14232.777777777797 14232.777777777797 
63.01155927161507 4.0 0.0 1.0 135.0 14232.777777777797 14232.777777777797 14232.777777777797 
64.01155927161507 4.0 0.0 2.0 134.0 14229.96444444445 14229.651851851839 14232.777777777797 
65.01155927161507 4.0 0.0 2.0 133.0 14226.869777777778 14226.525925925918 14232.777777777797 
66.01155927161507 4.0 0.0 2.0 133.0 14226.560311111087 14226.525925925918 14232.777777777797 
67.01155927161507 4.0 0.0 2.0 133.0 14226.529364444435 14226.525925925918 14232.777777777797 
68.01155927161507 4.0 0.0 2.0 133.0 14226.526269777787 14226.525925925918 14232.777777777797 
69.01155927161507 4.0 0.0 2.0 133.0 14226.525960311139 14226.525925925918 14232.777777777797 
70.01155927161507 4.0 0.0 2.0 133.0 14226.52592936444 14226.525925925918 14232.777777777797 
71.01155927161507 4.0 0.0 2.0 133.0 14226.525926269755 14226.525925925918 14232.777777777797 
72.01155927161507 5.0 0.0 1.0 133.0 14226.52592596031 14226.525925925918 14232.777777777797 
73.01155927161507 5.0 0.0 1.0 134.0 14229.339259262717 14229.651851851839 14232.777777777797 
74.01155927161507 5.0 0.0 1.0 134.0 14229.62059259291 14229.651851851839 14232.777777777797 
75.01155927161507 5.0 0.0 1.0 134.0 14229.648725925972 14229.651851851839 14232.777777777797 
76.01155927161507 5.0 0.0 1.0 134.0 14229.651539259257 14229.651851851839 14232.777777777797 
77.01155927161507 5.0 0.0 1.0 134.0 14229.6518205926 14229.651851851839 14232.777777777797 
78.01155927161507 5.0 0.0 1.0 134.0 14229.651848725898 14229.651851851839 14232.777777777797 
79.01155927161507 5.0 0.0 1.0 134.0 14229.651851539253 14229.651851851839 14232.777777777797 
80.01155927161507 5.0 0.0 1.0 134.0 14229.651851820587 14229.651851851839 14232.777777777797 
81.01155927161507 5.0 0.0 1.0 134.0 14229.651851848746 14229.651851851839 14232.777777777797 
82.01155927161507 5.0 0.0 1.0 134.0 14229.651851851566 14229.651851851839 14232.777777777797 
83.01155927161507 5.0 0.0 3.0 134.0 14229.651851851824 14229.651851851839 14232.777777777797 
84.01155927161507 7.0 0.0 1.0 132.0 14224.025185185186 14223.400000000001 14232.777777777797 
85.01155927161507 7.0 0.0 1.0 134.0 14229.089185185185 14229.651851851839 14232.777777777797 
86.01155927161507 7.0 0.0 1.0 134.0 14229.595585185189 14229.651851851839 14232.777777777797 
87.01155927161507 7.0 0.0 2.0 134.0 14229.646225185214 14229.651851851839 14232.777777777797 
88.01155927161507 7.0 0.0 2.0 133.0 14226.837955851877 14226.525925925918 14232.777777777797 
89.01155927161507 7.0 0.0 2.0 133.0 14226.55712891852 14226.525925925918 14232.777777777797 
90.01155927161507 7.0 0.0 2.0 133.0 14226.52904622522 14226.525925925918 14232.777777777797 
91.01155927161507 7.0 0.0 2.0 133.0 14226.526237955846 14226.525925925918 14232.777777777797 
92.01155927161507 7.0 0.0 2.0 133.0 14226.525957128892 14226.525925925918 14232.777777777797 
93.01155927161507 7.0 0.0 2.0 133.0 14226.525929046215 14226.525925925918 14232.777777777797 
94.01155927161507 7.0 0.0 2.0 133.0 14226.525926237971 14226.525925925918 14232.777777777797 
95.01155927161507 8.0 0.0 1.0 133.0 14226.525925957128 14226.525925925918 14232.777777777797 
96.01155927161507 8.0 0.0 1.0 134.0 14229.33925926235 14229.651851851839 14232.777777777797 
97.01155927161507 8.0 0.0 1.0 134.0 14229.620592592904 14229.651851851839 14232.777777777797 
98.01155927161507 8.0 0.0 1.0 134.0 14229.648725925967 14229.651851851839 14232.777777777797 
99.01155927161507 8.0 0.0 2.0 134.0 14229.651539259257 14229.651851851839 14232.777777777797 
100.01155927161507 8.0 0.0 2.0 133.0 14226.838487259254 14226.525925925918 14232.777777777797 
101.01155927161507 8.0 0.0 2.0 133.0 14226.557182059267 14226.525925925918 14232.777777777797 
102.01155927161507 9.0 0.0 1.0 133.0 14226.529051539263 14226.525925925918 14232.777777777797 
103.01155927161507 9.0 0.0 1.0 134.0 14229.339571820607 14229.651851851839 14232.777777777797 
104.01155927161507 9.0 0.0 2.0 134.0 14229.620623848728 14229.651851851839 14232.777777777797 
105.01155927161507 9.0 0.0 2.0 133.0 14226.835395718193 14226.525925925918 14232.777777777797 
106.01155927161507 9.0 0.0 2.0 133.0 14226.556872905154 14226.525925925918 14232.777777777797 
107.01155927161507 9.0 0.0 3.0 133.0 14226.52902062385 14226.525925925918 14232.777777777797 
108.01155927161507 9.0 0.0 4.0 133.0 14226.526235395717 14226.525925925918 14232.777777777797 
109.01155927161507 9.0 0.0 4.0 132.0 14207.859290206228 14205.785185185186 14232.777777777797 
110.01155927161507 9.0 0.0 6.0 132.0 14205.992595687301 14205.785185185186 14232.777777777797 
111.01155927161507 10.0 0.0 6.0 132.0 14205.805926235402 14205.785185185186 14232.777777777797 
112.01155927161507 13.0 0.0 6.0 132.0 14189.940592623534 14188.17777777776 14232.777777777797 
113.01155927161507 14.0 0.0 6.0 134.0 14193.98072592904 14194.429629629629 14232.777777777797 
114.01155927161507 15.0 0.0 6.0 128.0 14154.251405926261 14149.837037037038 14232.777777777797 
115.01155927161507 17.0 0.0 4.0 121.0 14166.12514059263 14167.444444444414 14232.777777777797 
116.01155927161507 18.0 0.0 4.0 128.0 14185.065847392605 14187.17037037036 14232.777777777797 
117.01155927161507 18.0 0.0 6.0 115.0 14202.813251405903 14204.785185185186 14232.777777777797 
118.01155927161507 19.0 0.0 8.0 115.0 14172.88132514059 14169.555555555586 14232.777777777797 
119.01155927161507 21.0 0.0 7.0 115.0 14138.194799180743 14134.340740740723 14232.777777777797 
120.01155927161507 26.0 0.0 2.0 115.0 14134.719479918102 14134.333333333332 14232.777777777797 
121.01155927161507 26.0 0.0 3.0 118.0 14208.918614658445 14217.162962962962 14232.777777777797 
122.01155927161507 27.0 0.0 2.0 115.0 14219.145194799188 14220.281481481483 14232.777777777797 
123.01155927161507 28.0 0.0 2.0 121.0 14207.127852813252 14205.792592592627 14232.777777777797 
124.01155927161507 28.0 0.0 8.0 133.0 14221.779451948001 14223.407407407401 14232.777777777797 
125.01155927161507 32.0 0.0 4.0 133.0 14143.991278528123 14135.348148148161 14232.777777777797 
126.01155927161507 34.0 0.0 3.0 133.0 14167.912461186152 14170.570370370371 14232.777777777797 
127.01155927161507 37.0 0.0 0.0 134.0 14173.111246118613 14173.688888888892 14232.777777777797 
128.01155927161506 37.0 0.0 1.0 134.0 14221.191124611867 14226.533333333318 14232.777777777797 
129.01155927161506 37.0 0.0 5.0 134.0 14225.999112461166 14226.533333333318 14232.777777777797 
130.01155927161506 37.0 0.0 6.0 126.0 14202.19324457943 14199.54814814815 14232.777777777797 
131.01155927161506 39.0 0.0 5.0 122.0 14170.91932445794 14167.444444444414 14232.777777777797 
132.01155927161506 40.0 0.0 4.0 126.0 14199.491932445782 14202.666666666668 14232.777777777797 
133.01155927161506 40.0 0.0 7.0 121.0 14202.349193244589 14202.666666666668 14232.777777777797 
134.01155927161506 42.0 0.0 6.0 127.0 14173.748252657797 14170.570370370371 14232.777777777797 
135.01155927161506 44.0 0.0 7.0 121.0 14168.06815859913 14167.437037037065 14232.777777777797 
136.01155927161506 46.0 0.0 5.0 127.0 14156.360149193246 14155.059259259278 14232.777777777797 
137.01155927161506 46.0 0.0 7.0 120.0 14171.049348252653 14172.681481481453 14232.777777777797 
138.01155927161506 48.0 0.0 10.0 127.0 14097.978268158584 14089.859259259254 14232.777777777797 
139.01155927161506 52.0 0.0 6.0 120.0 14106.517826815878 14107.46666666668 14232.777777777797 
140.01155927161506 52.0 0.0 8.0 133.0 14110.19178268159 14110.599999999999 14232.777777777797 
141.01155927161506 56.0 0.0 4.0 133.0 14078.85917826818 14075.377777777787 14232.777777777797 
142.01155927161506 57.0 0.0 3.0 133.0 14150.252584493477 14158.185185185197 14232.777777777797 
143.01155927161506 58.0 0.0 5.0 133.0 14189.098591782671 14193.414814814798 14232.777777777797 
144.01155927161506 60.0 0.0 4.0 132.0 14174.316525844935 14172.674074074106 14232.777777777797 
145.01155927161506 60.0 0.0 8.0 132.0 14175.644985917836 14175.792592592627 14232.777777777797 
146.01155927161506 64.0 0.0 6.0 132.0 14107.664498591774 14100.11111111112 14232.777777777797 
147.01155927161506 65.0 0.0 8.0 132.0 14148.419783192541 14152.94814814816 14232.777777777797 
148.01155927161506 70.0 0.0 5.0 132.0 14136.635311652586 14135.325925925896 14232.777777777797 
149.01155927161506 73.0 0.0 4.0 134.0 14188.643531165266 14194.422222222236 14232.777777777797 
150.01155927161506 75.0 0.0 2.0 133.0 14175.177686449873 14173.681481481453 14232.777777777797 
151.0063758021895 75.0 0.0 6.0 134.0 14192.49776864501 14194.422222222236 14232.777777777797 
152.01155927161506 77.0 0.0 7.0 130.0 14198.83644353116 14199.540740740757 14232.777777777797 
153.01155927161506 79.0 0.0 10.0 117.0 14167.763644353125 14164.311111111108 14232.777777777797 
154.01155927161506 83.0 0.0 11.0 130.0 14130.143031101974 14125.962962962985 14232.777777777797 
155.01155927161506 85.0 0.0 10.0 114.0 14114.340969776857 14112.5851851852 14232.777777777797 
156.01155927161506 85.0 0.0 10.0 114.0 14133.320763644382 14135.429629629629 14232.777777777797 
157.01155927161506 88.0 0.0 11.0 114.0 14114.658743031112 14112.5851851852 14232.777777777797 
158.01155927161506 91.0 0.0 12.0 114.0 14123.92587430312 14124.95555555556 14232.777777777797 
159.01155927161506 92.0 0.0 16.0 114.0 14093.165920763637 14089.748148148132 14232.777777777797 
160.01155927161506 97.0 0.0 14.0 130.0 14085.376592076353 14084.511111111091 14232.777777777797 
161.01155927161506 103.0 0.0 10.0 117.0 14061.337659207637 14058.666666666668 14232.777777777797 
162.01155927161506 109.0 0.0 6.0 130.0 14021.607099254074 14017.192592592592 14232.777777777797 
163.01155927161506 111.0 0.0 7.0 130.0 14115.534043258733 14125.970370370334 14232.777777777797 
164.01155927161506 113.0 0.0 9.0 131.0 14114.693404325863 14114.599999999999 14232.777777777797 
165.01155927161506 115.0 0.0 7.0 131.0 14114.616007099257 14114.607407407428 14232.777777777797 
166.01155927161506 118.0 0.0 6.0 131.0 14146.30160070992 14149.82222222224 14232.777777777797 
167.01155927161506 121.0 0.0 8.0 133.0 14155.096826737654 14156.074074074071 14232.777777777797 
168.01155927161506 125.0 0.0 7.0 130.0 14160.576349340461 14161.185185185197 14232.777777777797 
169.01155927161506 128.0 0.0 6.0 130.0 14161.130968267402 14161.19259259259 14232.777777777797 
170.01155927161506 130.0 0.0 6.0 130.0 14161.18643016009 14161.19259259259 14232.777777777797 
171.01155927161506 132.0 0.0 7.0 131.0 14179.851976349344 14181.92592592593 14232.777777777797 
172.01155927161506 133.0 0.0 8.0 131.0 14165.865197634932 14164.311111111108 14232.777777777797 
173.01155927161506 134.0 0.0 11.0 129.0 14174.693186430151 14175.674074074106 14232.777777777797 
174.01155927161506 137.0 0.0 8.0 129.0 14128.022651976347 14122.83703703704 14232.777777777797 
175.01155927161506 137.0 0.0 9.0 129.0 14155.055598530997 14158.059259259278 14232.777777777797 
176.01155927161506 139.0 0.0 9.0 129.0 14141.912226519751 14140.45185185185 14232.777777777797 
177.01155927161506 142.0 0.0 8.0 130.0 14146.211222651982 14146.688888888892 14232.777777777797 
178.01155927161506 144.0 0.0 10.0 130.0 14162.494455598533 14164.303703703717 14232.777777777797 
179.01155927161506 147.0 0.0 10.0 130.0 14132.422778893186 14129.081481481506 14232.777777777797 
180.01155927161506 149.0 0.0 14.0 130.0 14129.422277889327 14129.088888888855 14232.777777777797 
181.01155927161506 154.0 0.0 13.0 130.0 14113.275561122286 14111.481481481478 14232.777777777797 
182.01155927161506 156.0 0.0 13.0 134.0 14075.36755611224 14071.155555555531 14232.777777777797 
183.01155927161506 160.0 0.0 12.0 114.0 14062.116755611205 14060.644444444439 14232.777777777797 
184.01155927161506 165.0 0.0 9.0 111.0 14092.478342227789 14095.85185185185 14232.777777777797 
185.00498285061406 168.0 0.0 9.0 114.0 14108.561167556123 14110.348148148161 14232.777777777797 
186.01155927161506 171.0 0.0 14.0 93.0 14183.802783422287 14192.162962962962 14232.777777777797 
187.01155927161506 175.0 0.0 15.0 109.0 14103.733611675558 14094.83703703704 14232.777777777797 
188.01155927161506 178.0 0.0 16.0 93.0 14058.420027834223 14053.385185185176 14232.777777777797 
189.01155927161506 182.0 0.0 15.0 108.0 14031.60200278341 14028.622222222215 14232.777777777797 
190.01155927161506 186.0 0.0 15.0 108.0 14042.880200278349 14044.13333333335 14232.777777777797 
191.01155927161506 190.0 0.0 19.0 112.0 14022.534686694516 14020.274074074052 14232.777777777797 
192.01155927161506 195.0 0.0 23.0 96.0 13947.973468669443 13939.68888888889 14232.777777777797 
193.00732199250058 198.0 0.0 21.0 91.0 13962.285346866938 13961.400000000001 14232.777777777797 
194.01155927161506 204.0 0.0 21.0 91.0 13880.119068020033 13871.23703703704 14232.777777777797 
195.01155927161506 209.0 0.0 20.0 93.0 13943.05190680201 13950.04444444444 14232.777777777797 
196.01155927161506 215.0 0.0 18.0 114.0 13932.598524013536 13931.437037037065 14232.777777777797 
197.01155927161506 218.0 0.0 21.0 102.0 13977.999852401354 13983.04444444444 14232.777777777797 
198.01155927161506 224.0 0.0 24.0 100.0 13924.766651906819 13918.85185185185 14232.777777777797 
199.01155927161506 232.0 0.0 17.0 99.0 13832.856665190679 13822.644444444439 14232.777777777797 
200.01155927161506 235.0 0.0 18.0 99.0 13988.578999852409 14005.88148148148 14232.777777777797 
201.01155927161506 238.0 0.0 22.0 102.0 13929.617899985222 13923.066666666678 14232.777777777797 
202.01155927161506 243.0 0.0 21.0 113.0 13926.515123331832 13926.17037037036 14232.777777777797 
203.01155927161506 247.0 0.0 21.0 108.0 13958.72484566652 13962.303703703716 14232.777777777797 
204.00035487772027 253.0 0.0 20.0 102.0 13951.71281747462 13950.933333333322 14232.777777777797 
205.01155927161506 257.0 0.0 23.0 103.0 13911.197915123343 13905.459259259243 14232.777777777797 
206.01155927161506 267.0 0.0 22.0 87.0 13954.373124845673 13959.17037037036 14232.777777777797 
207.01155927161506 274.0 0.0 17.0 97.0 13869.203979151236 13859.740740740732 14232.777777777797 
208.01155927161506 275.0 0.0 22.0 82.0 13937.020397915123 13944.555555555586 14232.777777777797 
209.0034353030999 284.0 0.0 14.0 94.0 13885.080768461487 13879.333333333332 14232.777777777797 
210.01155927161506 291.0 0.0 12.0 73.0 13994.797537312492 14005.748148148132 14232.777777777797 
211.01155927161506 294.0 0.0 19.0 86.0 14060.533087064578 14067.837037037038 14232.777777777797 
212.01155927161506 300.0 0.0 15.0 75.0 13945.019975373123 13932.185185185197 14232.777777777797 
213.01155927161506 304.0 0.0 17.0 83.0 14025.748664203958 14034.718518518519 14232.777777777797 
214.01155927161506 313.0 0.0 8.0 87.0 13991.721533087055 13987.940740740722 14232.777777777797 
215.01155927161506 318.0 0.0 8.0 87.0 14117.925486642047 14131.94814814816 14232.777777777797 
216.01155927161506 320.0 0.0 16.0 103.0 14101.659215330885 14099.85185185185 14232.777777777797 
217.01155927161506 326.0 0.0 16.0 111.0 14065.512588199781 14061.496296296304 14232.777777777797 
218.01155927161506 330.0 0.0 14.0 95.0 14014.351258819997 14008.666666666668 14232.777777777797 
219.01155927161506 333.0 0.0 14.0 107.0 14015.035125882005 14015.11111111112 14232.777777777797 
220.01155927161506 335.0 0.0 18.0 122.0 14049.623512588196 14053.46666666668 14232.777777777797 
221.01155927161506 342.0 0.0 16.0 107.0 13968.195684592152 13959.14814814815 14232.777777777797 
222.01155927161506 344.0 0.0 20.0 106.0 13944.206235125876 13941.540740740757 14232.777777777797 
223.01155927161506 348.0 0.0 18.0 107.0 13934.387290179247 13933.296296296281 14232.777777777797 
224.01155927161506 354.0 0.0 18.0 106.0 13944.545395684598 13945.674074074104 14232.777777777797 
225.01155927161506 357.0 0.0 23.0 107.0 13970.647872901807 13973.54814814815 14232.777777777797 
226.0053535469551 365.0 0.0 23.0 106.0 13907.055927290172 13899.977777777773 14232.777777777797 
227.00510125459772 371.0 0.0 23.0 108.0 13938.005592729041 13941.444444444414 14232.777777777797 
228.01155927161506 376.0 0.0 25.0 110.0 13925.253781206251 13923.83703703704 14232.777777777797 
229.01155927161506 385.0 0.0 22.0 109.0 13910.952044787267 13909.36296296296 14232.777777777797 
230.01155927161506 394.0 0.0 20.0 104.0 13899.188537812051 13897.88148148148 14232.777777777797 
231.01155927161506 394.0 0.0 27.0 96.0 13990.305520447853 14000.429629629629 14232.777777777797 
232.01155927161506 402.0 0.0 23.0 106.0 13789.757218711457 13767.474074074082 14232.777777777797 
233.01155927161506 410.0 0.0 18.0 81.0 13922.582388537821 13937.340740740723 14232.777777777797 
234.01155927161506 417.0 0.0 16.0 92.0 13919.218238853786 13918.844444444469 14232.777777777797 
235.01155927161506 420.0 0.0 19.0 94.0 13960.901823885384 13965.53333333332 14232.777777777797 
236.01155927161506 423.0 0.0 19.0 108.0 13933.556849055196 13930.51851851852 14232.777777777797 
237.01155927161506 429.0 0.0 16.0 103.0 13968.942351572174 13972.874074074081 14232.777777777797 
238.01155927161506 436.0 0.0 14.0 106.0 13949.107568490557 13946.903703703707 14232.777777777797 
239.01155927161506 441.0 0.0 16.0 107.0 14009.544090182395 14016.259259259265 14232.777777777797 
240.01155927161506 443.0 0.0 17.0 105.0 13970.734409018263 13966.422222222236 14232.777777777797 
241.00236582303572 448.0 0.0 14.0 106.0 14049.606403893507 14058.607407407428 14232.777777777797 
242.01155927161506 456.0 0.0 15.0 122.0 14032.76934409019 14029.637037037042 14232.777777777797 
243.01155927161506 458.0 0.0 20.0 111.0 14098.85026774238 14106.192592592592 14232.777777777797 
244.01155927161506 463.0 0.0 18.0 108.0 14020.57836010756 14011.88148148148 14232.777777777797 
245.01155927161506 466.0 0.0 20.0 121.0 14056.697836010771 14060.711111111119 14232.777777777797 
246.01155927161506 469.0 0.0 24.0 120.0 13914.843116934408 13899.081481481506 14232.777777777797 
247.01155927161506 474.0 0.0 26.0 122.0 13874.584311693443 13870.111111111119 14232.777777777797 
248.01155927161506 488.0 0.0 17.0 119.0 13825.698431169327 13820.266666666656 14232.777777777797 
249.01155927161506 492.0 0.0 20.0 123.0 13895.456509783584 13903.207407407375 14232.777777777797 
250.01155927161506 498.0 0.0 23.0 122.0 13899.62565097834 13900.088888888855 14232.777777777797 
251.01155927161506 505.0 0.0 24.0 123.0 13902.855898431166 13903.214814814812 14232.777777777797 
252.01155927161506 510.0 0.0 27.0 124.0 13964.672256509793 13971.540740740757 14232.777777777797 
253.00820582905067 519.0 0.0 27.0 121.0 13952.879781207143 13952.807407407408 14232.777777777797 
254.01155927161506 525.0 0.0 32.0 121.0 13983.833389231757 13985.911111111145 14232.777777777797 
255.01155927161506 534.0 0.0 30.0 120.0 13903.650005589841 13894.740740740732 14232.777777777797 
256.01155927161506 538.0 0.0 36.0 115.0 13900.238333892325 13899.859259259252 14232.777777777797 
257.01155927161506 548.0 0.0 36.0 100.0 13843.910500055912 13837.65185185184 14232.777777777797 
258.01155927161506 561.0 0.0 35.0 104.0 13856.931050005582 13858.377777777787 14232.777777777797 
259.01155927161506 569.0 0.0 36.0 106.0 13810.686438333876 13805.548148148151 14232.777777777797 
260.01155927161506 579.0 0.0 33.0 88.0 13829.435310500055 13831.51851851852 14232.777777777797 
261.01155927161506 590.0 0.0 32.0 96.0 13752.076864383347 13743.48148148148 14232.777777777797 
262.01155927161506 599.0 0.0 27.0 98.0 13794.707686438342 13799.444444444414 14232.777777777797 
263.01155927161506 606.0 0.0 25.0 100.0 13724.410768643842 13716.6 14232.777777777797 
264.01155927161506 615.0 0.0 20.0 91.0 13758.507743531054 13762.296296296281 14232.777777777797 
265.01155927161506 620.0 0.0 20.0 102.0 13847.79077435312 13857.711111111119 14232.777777777797 
266.01155927161506 624.0 0.0 21.0 99.0 13878.9790774353 13882.444444444414 14232.777777777797 
267.0055933324193 628.0 0.0 24.0 109.0 13842.183755076865 13837.970370370334 14232.777777777797 
268.01155927161506 635.0 0.0 24.0 98.0 13915.627124107697 13923.799999999974 14232.777777777797 
269.01155927161506 643.0 0.0 22.0 115.0 13925.80271241077 13926.933333333322 14232.777777777797 
270.01155927161506 648.0 0.0 23.0 106.0 13928.640271241082 13928.95555555556 14232.777777777797 
271.01155927161506 653.0 0.0 25.0 116.0 13859.890693790783 13852.251851851868 14232.777777777797 
272.01155927161506 659.0 0.0 27.0 103.0 13825.95573604575 13822.185185185197 14232.777777777797 
273.01155927161506 665.0 0.0 25.0 109.0 13777.822240271247 13772.474074074082 14232.777777777797 
274.01155927161506 672.0 0.0 28.0 89.0 13942.615557360454 13960.925925925929 14232.777777777797 
275.01155927161506 680.0 0.0 24.0 96.0 13859.474889069395 13850.23703703704 14232.777777777797 
276.01155927161506 683.0 0.0 27.0 86.0 13898.707488906937 13903.066666666678 14232.777777777797 
277.01050253931595 691.0 0.0 31.0 92.0 13820.093742112645 13811.0 14232.777777777797 
278.01155927161506 700.0 0.0 33.0 113.0 13759.730408222393 13753.059259259277 14232.777777777797 
279.01155927161506 711.0 0.0 26.0 90.0 13799.273040822241 13803.666666666668 14232.777777777797 
280.01155927161506 717.0 0.0 31.0 105.0 13742.14063741556 13735.792592592625 14232.777777777797 
281.01155927161506 727.0 0.0 29.0 91.0 13833.294063741549 13843.422222222236 14232.777777777797 
282.01155927161506 733.0 0.0 31.0 99.0 13866.59607304082 13870.296296296281 14232.777777777797 
283.01155927161506 738.0 0.0 35.0 91.0 13844.552940637415 13842.103703703682 14232.777777777797 
284.01155927161506 742.0 0.0 36.0 95.0 13757.575294063743 13747.911111111145 14232.777777777797 
285.01155927161506 749.0 0.0 40.0 77.0 13756.297529406365 13756.155555555531 14232.777777777797 
286.01155927161506 761.0 0.0 36.0 78.0 13751.463086273965 13750.925925925927 14232.777777777797 
287.01155927161506 770.0 0.0 40.0 83.0 13769.639641960737 13771.659259259277 14232.777777777797 
288.01155927161506 781.0 0.0 41.0 82.0 13725.510630862722 13720.607407407428 14232.777777777797 
289.01155927161506 794.0 0.0 35.0 81.0 13740.671063086282 13742.355555555561 14232.777777777797 
290.01155927161506 802.0 0.0 38.0 102.0 13746.880439641955 13747.57037037037 14232.777777777797 
291.01155927161506 815.0 0.0 29.0 85.0 13826.761377297516 13835.63703703704 14232.777777777797 
292.01155927161506 824.0 0.0 29.0 96.0 13702.436137729737 13688.62222222221 14232.777777777797 
293.00268656499213 834.0 0.0 22.0 83.0 13779.576713071516 13788.148148148148 14232.777777777797 
294.01155927161506 840.0 0.0 22.0 97.0 13827.424361377314 13832.740740740734 14232.777777777797 
295.01155927161506 847.0 0.0 23.0 98.0 13805.209102804392 13802.740740740734 14232.777777777797 
296.01155927161506 852.0 0.0 34.0 113.0 13869.187576947104 13876.296296296281 14232.777777777797 
297.01155927161506 865.0 0.0 31.0 101.0 13840.985424361359 13837.85185185185 14232.777777777797 
298.01155927161506 872.0 0.0 35.0 98.0 13804.571875769465 13800.525925925918 14232.777777777797 
299.01155927161506 884.0 0.0 38.0 96.0 13801.737187576948 13801.422222222236 14232.777777777797 
300.01155927161506 891.0 0.0 41.0 97.0 13834.060385424342 13837.65185185184 14232.777777777797 
301.01155927161506 910.0 0.0 27.0 86.0 13791.626038542425 13786.911111111145 14232.777777777797 
302.01155927161506 920.0 0.0 29.0 106.0 13936.562603854243 13952.666666666668 14232.777777777797 
303.01155927161506 927.0 0.0 36.0 87.0 13794.462927052107 13778.674074074104 14232.777777777797 
304.01155927161506 936.0 0.0 34.0 97.0 13885.572959371892 13895.696296296284 14232.777777777797 
305.01155927161506 942.0 0.0 34.0 84.0 13745.803962603835 13730.274074074054 14232.777777777797 
306.01155927161506 952.0 0.0 34.0 98.0 13780.28039626038 13784.111111111119 14232.777777777797 
307.01155927161506 960.0 0.0 32.0 89.0 13797.68137295936 13799.614814814826 14232.777777777797 
308.00779649343906 971.0 0.0 28.0 97.0 13816.061470629269 13818.103703703682 14232.777777777797 
309.01155927161506 980.0 0.0 27.0 98.0 13905.599480396255 13915.548148148151 14232.777777777797 
310.01155927161506 987.0 0.0 30.0 99.0 13941.533281372967 13945.525925925918 14232.777777777797 
311.01155927161506 996.0 0.0 26.0 112.0 13934.786661470629 13934.037037037015 14232.777777777797 
312.01155927161506 1004.0 0.0 24.0 101.0 13925.778666147076 13924.777777777797 14232.777777777797 
313.01155927161506 1010.0 0.0 29.0 114.0 13974.264533281394 13979.651851851839 14232.777777777797 
314.01155927161506 1016.0 0.0 32.0 116.0 13875.58645332814 13864.622222222213 14232.777777777797 
315.01155927161506 1031.0 0.0 25.0 116.0 13865.725311999495 13864.629629629611 14232.777777777797 
316.01155927161506 1036.0 0.0 32.0 117.0 13959.839197866615 13970.296296296281 14232.777777777797 
317.01155927161506 1045.0 0.0 31.0 114.0 13916.063919786659 13911.200000000026 14232.777777777797 
318.01155927161506 1054.0 0.0 26.0 113.0 13924.719725312012 13925.681481481453 14232.777777777797 
319.01155927161506 1058.0 0.0 31.0 115.0 13915.36530586455 13914.325925925896 14232.777777777797 
320.01155927161506 1070.0 0.0 32.0 113.0 13956.363197253137 13960.918518518494 14232.777777777797 
321.01155927161506 1075.0 0.0 34.0 112.0 13925.942986391992 13922.562962962935 14232.777777777797 
322.01155927161506 1084.0 0.0 34.0 117.0 13857.727631972526 13850.14814814815 14232.777777777797 
323.0052041567046 1095.0 0.0 29.0 117.0 13839.652763197273 13837.644444444439 14232.777777777797 
324.01155927161506 1102.0 0.0 33.0 112.0 13904.05860965307 13911.214814814812 14232.777777777797 
325.01155927161506 1111.0 0.0 34.0 88.0 13899.245860965308 13898.711111111119 14232.777777777797 
326.01155927161506 1123.0 0.0 30.0 110.0 13882.911252763195 13881.096296296291 14232.777777777797 
327.01155927161506 1131.0 0.0 35.0 88.0 13819.77112527631 13812.755555555561 14232.777777777797 
328.01155927161506 1141.0 0.0 35.0 101.0 13863.71711252764 13868.599999999999 14232.777777777797 
329.01155927161506 1151.0 0.0 31.0 98.0 13870.11171125278 13870.82222222224 14232.777777777797 
330.01155927161506 1162.0 0.0 30.0 109.0 13814.097837791944 13807.874074074081 14232.777777777797 
331.01155927161506 1167.0 0.0 38.0 106.0 13813.016450445855 13812.896296296318 14232.777777777797 
332.00448599304156 1175.0 0.0 35.0 118.0 13730.96164504458 13721.844444444467 14232.777777777797 
333.01155927161506 1187.0 0.0 36.0 115.0 13659.256164504466 13651.288888888881 14232.777777777797 
334.01155927161506 1195.0 0.0 45.0 118.0 13756.52561645044 13767.33333333333 14232.777777777797 
335.01155927161506 1209.0 0.0 40.0 115.0 13704.659228311708 13698.896296296318 14232.777777777797 
336.01155927161506 1224.0 0.0 33.0 114.0 13773.999256164494 13781.703703703719 14232.777777777797 
337.01155927161506 1237.0 0.0 31.0 116.0 13799.593258949782 13802.437037037065 14232.777777777797 
338.01155927161506 1248.0 0.0 31.0 114.0 13939.165992561653 13954.674074074104 14232.777777777797 
339.01155927161506 1254.0 0.0 36.0 112.0 13902.769932589505 13898.725925925948 14232.777777777797 
340.01155927161506 1263.0 0.0 38.0 114.0 13888.916993258941 13887.377777777787 14232.777777777797 
341.01155927161506 1276.0 0.0 33.0 113.0 13789.598365992573 13778.562962962935 14232.777777777797 
342.01155927161506 1291.0 0.0 28.0 117.0 13886.026503265923 13896.740740740732 14232.777777777797 
343.00897947219414 1298.0 0.0 30.0 118.0 13932.982650326605 13938.200000000026 14232.777777777797 
344.01155927161506 1305.0 0.0 32.0 119.0 13879.904931699331 13874.007407407402 14232.777777777797 
345.0045658679696 1319.0 0.0 30.0 114.0 13797.143826503256 13787.94814814816 14232.777777777797 
346.00364707590785 1325.0 0.0 41.0 114.0 13931.501049317007 13946.429629629629 14232.777777777797 
347.001121223886 1335.0 0.0 39.0 114.0 13886.156771598356 13881.11851851852 14232.777777777797 
348.01155927161506 1347.0 0.0 35.0 113.0 13881.61567715983 13881.111111111119 14232.777777777797 
349.01155927161506 1352.0 0.0 41.0 115.0 13889.588234382636 13890.474074074082 14232.777777777797 
350.01155927161506 1363.0 0.0 37.0 113.0 13789.65882343828 13778.555555555586 14232.777777777797 
351.01155927161506 1375.0 0.0 35.0 115.0 13848.705882343824 13855.266666666654 14232.777777777797 
352.01155927161506 1384.0 0.0 38.0 114.0 13883.490588234388 13887.355555555561 14232.777777777797 
353.0015954062471 1394.0 0.0 33.0 112.0 13852.449058823442 13849.0 14232.777777777797 
354.01155927161506 1405.0 0.0 27.0 113.0 13931.418239215694 13940.192592592592 14232.777777777797 
355.01155927161506 1412.0 0.0 31.0 115.0 13960.781823921567 13964.04444444444 14232.777777777797 
356.01155927161506 1427.0 0.0 29.0 115.0 13918.984849058836 13914.340740740723 14232.777777777797 
357.01155927161506 1432.0 0.0 40.0 116.0 13949.311818239219 13952.681481481453 14232.777777777797 
358.01155927161506 1440.0 0.0 41.0 113.0 13832.937848490588 13820.007407407402 14232.777777777797 
359.01155927161506 1447.0 0.0 45.0 111.0 13752.27378484905 13743.31111111111 14232.777777777797 
360.01155927161506 1461.0 0.0 45.0 111.0 13731.180711818239 13728.837037037041 14232.777777777797 
361.01155927161506 1473.0 0.0 42.0 111.0 13776.624737848479 13781.674074074104 14232.777777777797 
362.01155927161506 1487.0 0.0 34.0 111.0 13797.002473784847 13799.266666666654 14232.777777777797 
363.01155927161506 1497.0 0.0 32.0 112.0 13849.413580711813 13855.23703703704 14232.777777777797 
364.01155927161506 1502.0 0.0 34.0 113.0 13876.121358071166 13879.088888888855 14232.777777777797 
365.01155927161506 1511.0 0.0 39.0 113.0 13910.485469140458 13914.303703703716 14232.777777777797 
366.01155927161506 1520.0 0.0 45.0 114.0 13916.748546914047 13917.444444444414 14232.777777777797 
367.01155927161506 1534.0 0.0 39.0 113.0 13760.681521358076 13743.340740740723 14232.777777777797 
368.01155927161506 1544.0 0.0 41.0 111.0 13842.988152135787 13852.13333333335 14232.777777777797 
369.01155927161506 1552.0 0.0 45.0 97.0 13848.412148546922 13849.014814814838 14232.777777777797 
370.01155927161506 1567.0 0.0 41.0 98.0 13818.341214854678 13815.0 14232.777777777797 
371.01155927161506 1578.0 0.0 46.0 95.0 13854.454121485463 13858.466666666678 14232.777777777797 
372.01155927161506 1590.0 0.0 43.0 82.0 13806.672078815216 13801.36296296296 14232.777777777797 
373.01155927161506 1596.0 0.0 52.0 77.0 13755.26054121486 13749.548148148151 14232.777777777797 
374.0029755631353 1611.0 0.0 46.0 101.0 13677.409641454817 13669.859259259252 14232.777777777797 
375.01155927161506 1626.0 0.0 43.0 99.0 13711.953938745497 13714.444444444416 14232.777777777797 
376.01155927161506 1638.0 0.0 38.0 89.0 13593.935393874555 13580.822222222238 14232.777777777797 
377.00369528771074 1647.0 0.0 42.0 102.0 13600.656676308126 13601.540740740757 14232.777777777797 
378.00235690730824 1655.0 0.0 45.0 88.0 13593.912334297485 13593.162962962957 14232.777777777797 
379.01155927161506 1669.0 0.0 42.0 101.0 13621.34580206053 13624.392592592572 14232.777777777797 
380.01155927161506 1676.0 0.0 48.0 89.0 13806.74124687272 13827.340740740723 14232.777777777797 
381.01155927161506 1689.0 0.0 44.0 87.0 13677.920791353943 13663.607407407428 14232.777777777797 
382.01155927161506 1698.0 0.0 42.0 92.0 13741.778745802047 13748.874074074081 14232.777777777797 
383.01155927161506 1709.0 0.0 36.0 87.0 13635.424541246883 13623.607407407428 14232.777777777797 
384.01155927161506 1718.0 0.0 38.0 112.0 13687.189120791345 13692.940740740723 14232.777777777797 
385.01155927161506 1732.0 0.0 34.0 112.0 13764.978912079134 13773.622222222213 14232.777777777797 
386.00140870333263 1741.0 0.0 30.0 111.0 13728.804291014452 13724.903703703709 14232.777777777797 
387.01155927161506 1748.0 0.0 38.0 101.0 13889.445122454143 13906.04444444444 14232.777777777797 
388.01155927161506 1753.0 0.0 42.0 112.0 13769.26451224542 13755.911111111145 14232.777777777797 
389.01155927161506 1763.0 0.0 45.0 101.0 13700.27311789121 13692.607407407428 14232.777777777797 
390.01155927161506 1778.0 0.0 37.0 112.0 13734.493978455783 13738.296296296283 14232.777777777797 
391.01155927161506 1789.0 0.0 33.0 99.0 13745.349397845584 13746.555555555584 14232.777777777797 
392.01155927161506 1795.0 0.0 36.0 110.0 13728.694939784564 13726.844444444467 14232.777777777797 
393.01155927161506 1807.0 0.0 36.0 102.0 13750.389493978462 13752.799999999974 14232.777777777797 
394.01155927161506 1814.0 0.0 39.0 112.0 13743.325616064523 13742.540740740757 14232.777777777797 
395.0091119333572 1819.0 0.0 45.0 103.0 13784.425783305805 13788.992592592598 14232.777777777797 
396.01155927161506 1831.0 0.0 45.0 100.0 13673.795922827314 13661.503703703695 14232.777777777797 
397.01155927161506 1845.0 0.0 44.0 105.0 13791.439592282723 13804.511111111091 14232.777777777797 
398.01155927161506 1853.0 0.0 47.0 92.0 13677.397292561609 13664.725925925946 14232.777777777797 
399.01155927161506 1870.0 0.0 39.0 97.0 13695.893062589503 13697.94814814816 14232.777777777797 
400.01155927161506 1886.0 0.0 32.0 106.0 13790.829306258946 13801.377777777787 14232.777777777797 
401.01155927161506 1892.0 0.0 38.0 96.0 13830.122930625887 13834.488888888909 14232.777777777797 
402.01155927161506 1902.0 0.0 38.0 110.0 13935.578959729251 13947.29629629628 14232.777777777797 
403.01155927161506 1914.0 0.0 34.0 110.0 13742.884562639592 13721.474074074082 14232.777777777797 
404.01155927161506 1922.0 0.0 29.0 114.0 13785.228456263969 13789.933333333322 14232.777777777797 
405.01155927161506 1932.0 0.0 19.0 113.0 13850.042845626404 13857.244444444439 14232.777777777797 
406.01155927161506 1934.0 0.0 19.0 111.0 13977.7109512293 13991.896296296318 14232.777777777797 
407.01155927161506 1942.0 0.0 12.0 112.0 14056.704428456263 14065.481481481478 14232.777777777797 
408.01155927161506 1944.0 0.0 11.0 114.0 14104.737109512278 14110.07407407407 14232.777777777797 
409.01155927161506 1947.0 0.0 10.0 113.0 14106.727044284558 14106.94814814816 14232.777777777797 
410.01155927161506 1952.0 0.0 5.0 113.0 14125.586037761803 14127.681481481453 14232.777777777797 
411.01155927161506 1952.0 0.0 7.0 119.0 14163.01193710951 14167.17037037036 14232.777777777797 
412.01155927161506 1952.0 0.0 8.0 118.0 14169.554527044282 14170.281481481483 14232.777777777797 
413.01155927161506 1955.0 0.0 7.0 118.0 14154.355452704414 14152.666666666668 14232.777777777797 
414.01155927161506 1957.0 0.0 6.0 120.0 14166.882211937113 14168.274074074052 14232.777777777797 
415.01155927161506 1958.0 0.0 5.0 123.0 14192.428221193712 14195.266666666657 14232.777777777797 
416.01155927161506 1959.0 0.0 4.0 124.0 14197.796155452697 14198.392592592572 14232.777777777797 
417.01155927161506 1959.0 0.0 4.0 125.0 14201.14628221193 14201.518518518522 14232.777777777797 
418.01155927161506 1959.0 0.0 4.0 125.0 14201.481294887873 14201.518518518522 14232.777777777797 
419.01155927161506 1960.0 0.0 3.0 125.0 14201.514796155436 14201.518518518522 14232.777777777797 
420.01155927161506 1961.0 0.0 2.0 126.0 14204.331479615556 14204.644444444439 14232.777777777797 
421.01155927161506 1961.0 0.0 2.0 128.0 14210.23981462822 14210.896296296318 14232.777777777797 
422.01155927161506 1961.0 0.0 2.0 129.0 14213.643981462834 14214.022222222226 14232.777777777797 
423.01155927161506 1961.0 0.0 2.0 130.0 14216.79773147961 14217.14814814815 14232.777777777797 
424.01155927161506 1961.0 0.0 3.0 130.0 14217.11310648131 14217.14814814815 14232.777777777797 
425.01155927161506 1962.0 0.0 2.0 131.0 14204.104643981482 14202.659259259277 14232.777777777797 
426.01155927161506 1962.0 0.0 2.0 131.0 14218.657131064803 14220.274074074052 14232.777777777797 
427.01155927161506 1962.0 0.0 2.0 132.0 14222.925713106459 14223.400000000001 14232.777777777797 
428.01155927161506 1962.0 0.0 2.0 133.0 14226.165904644002 14226.525925925918 14232.777777777797 
429.01155927161506 1962.0 0.0 2.0 133.0 14226.489923797704 14226.525925925918 14232.777777777797 
430.01155927161506 1962.0 0.0 2.0 133.0 14226.522325713107 14226.525925925918 14232.777777777797 
431.01155927161506 1963.0 0.0 1.0 133.0 14226.525565904643 14226.525925925918 14232.777777777797 
432.01155927161506 1963.0 0.0 1.0 134.0 14229.339223257139 14229.651851851839 14232.777777777797 
433.01155927161506 1964.0 0.0 0.0 134.0 14229.620588992366 14229.651851851839 14232.777777777797 
434.01155927161506 1964.0 0.0 0.0 135.0 14232.462058899247 14232.777777777797 14232.777777777797 
435.01155927161506 1964.0 0.0 0.0 135.0 14232.74620588992 14232.777777777797 14232.777777777797 
436.01155927161506 1964.0 0.0 0.0 135.0 14232.774620588978 14232.777777777797 14232.777777777797 
437.01155927161506 1964.0 0.0 0.0 135.0 14232.777462058883 14232.777777777797 14232.777777777797 
438.01155927161506 1964.0 0.0 0.0 135.0 14232.77774620587 14232.777777777797 14232.777777777797 
439.01155927161506 1964.0 0.0 0.0 135.0 14232.777774620603 14232.777777777797 14232.777777777797 
440.01155927161506 1964.0 0.0 0.0 135.0 14232.777777462077 14232.777777777797 14232.777777777797 
441.01155927161506 1964.0 0.0 0.0 135.0 14232.777777746189 14232.777777777797 14232.777777777797 
442.01155927161506 1964.0 0.0 0.0 135.0 14232.77777777461 14232.777777777797 14232.777777777797 
443.01155927161506 1964.0 0.0 0.0 135.0 14232.777777777428 14232.777777777797 14232.777777777797 
444.01155927161506 1964.0 0.0 0.0 135.0 14232.777777777741 14232.777777777797 14232.777777777797 
445.01155927161506 1964.0 0.0 0.0 135.0 14232.77777777779 14232.777777777797 14232.777777777797 
446.01155927161506 1964.0 0.0 0.0 135.0 14232.777777777797 14232.777777777797 14232.777777777797 
447.01155927161506 1964.0 0.0 0.0 135.0 14232.777777777797 14232.777777777797 14232.777777777797 
448.01155927161506 1964.0 0.0 0.0 135.0 14232.777777777797 14232.777777777797 14232.777777777797 
449.01155927161506 1964.0 0.0 0.0 135.0 14232.777777777797 14232.777777777797 14232.777777777797 
450.01155927161506 1964.0 0.0 0.0 135.0 14232.777777777797 14232.777777777797 14232.777777777797 
451.01155927161506 1964.0 0.0 0.0 135.0 14232.777777777797 14232.777777777797 14232.777777777797 
452.01155927161506 1964.0 0.0 0.0 135.0 14232.777777777797 14232.777777777797 14232.777777777797 
453.01155927161506 1964.0 0.0 0.0 135.0 14232.777777777797 14232.777777777797 14232.777777777797 
454.01155927161506 1964.0 0.0 0.0 135.0 14232.777777777797 14232.777777777797 14232.777777777797 
455.01155927161506 1964.0 0.0 0.0 135.0 14232.777777777797 14232.777777777797 14232.777777777797 
456.01155927161506 1964.0 0.0 0.0 135.0 14232.777777777797 14232.777777777797 14232.777777777797 
457.01155927161506 1964.0 0.0 0.0 135.0 14232.777777777797 14232.777777777797 14232.777777777797 
458.01155927161506 1964.0 0.0 0.0 135.0 14232.777777777797 14232.777777777797 14232.777777777797 
459.01155927161506 1964.0 0.0 0.0 135.0 14232.777777777797 14232.777777777797 14232.777777777797 
460.01155927161506 1964.0 0.0 0.0 135.0 14232.777777777797 14232.777777777797 14232.777777777797 
461.01155927161506 1964.0 0.0 0.0 135.0 14232.777777777797 14232.777777777797 14232.777777777797 
462.01155927161506 1964.0 0.0 0.0 135.0 14232.777777777797 14232.777777777797 14232.777777777797 
463.01155927161506 1964.0 0.0 0.0 135.0 14232.777777777797 14232.777777777797 14232.777777777797 
464.01155927161506 1964.0 0.0 0.0 135.0 14232.777777777797 14232.777777777797 14232.777777777797 
465.01155927161506 1964.0 0.0 0.0 135.0 14232.777777777797 14232.777777777797 14232.777777777797 
466.01155927161506 1964.0 0.0 0.0 135.0 14232.777777777797 14232.777777777797 14232.777777777797 
467.01155927161506 1964.0 0.0 0.0 135.0 14232.777777777797 14232.777777777797 14232.777777777797 
468.01155927161506 1964.0 0.0 0.0 135.0 14232.777777777797 14232.777777777797 14232.777777777797 
469.01155927161506 1964.0 0.0 1.0 135.0 14232.777777777797 14232.777777777797 14232.777777777797 
470.01155927161506 1964.0 0.0 1.0 134.0 14229.964444444451 14229.651851851839 14232.777777777797 
471.01155927161506 1964.0 0.0 1.0 134.0 14229.683111111077 14229.651851851839 14232.777777777797 
472.01155927161506 1964.0 0.0 1.0 134.0 14229.654977777798 14229.651851851839 14232.777777777797 
473.01155927161506 1964.0 0.0 1.0 134.0 14229.65216444446 14229.651851851839 14232.777777777797 
474.01155927161506 1964.0 0.0 1.0 134.0 14229.651883111117 14229.651851851839 14232.777777777797 
475.01155927161506 1964.0 0.0 1.0 134.0 14229.651854977768 14229.651851851839 14232.777777777797 
476.01155927161506 1964.0 0.0 1.0 134.0 14229.651852164465 14229.651851851839 14232.777777777797 
477.01155927161506 1964.0 0.0 2.0 134.0 14229.651851883085 14229.651851851839 14232.777777777797 
478.01155927161506 1965.0 0.0 1.0 133.0 14226.838518521636 14226.525925925918 14232.777777777797 
479.01155927161506 1965.0 0.0 2.0 134.0 14229.37051851882 14229.651851851839 14232.777777777797 
480.01155927161506 1965.0 0.0 2.0 133.0 14226.81038518522 14226.525925925918 14232.777777777797 
481.01155927161506 1965.0 0.0 2.0 133.0 14226.554371851844 14226.525925925918 14232.777777777797 
482.01155927161506 1966.0 0.0 1.0 133.0 14226.528770518542 14226.525925925918 14232.777777777797 
483.01155927161506 1967.0 0.0 0.0 134.0 14229.339543718519 14229.651851851839 14232.777777777797 
484.01155927161506 1967.0 0.0 1.0 135.0 14232.433954371863 14232.777777777797 14232.777777777797 
485.01155927161506 1967.0 0.0 1.0 134.0 14229.93006210384 14229.651851851839 14232.777777777797 
486.01155927161506 1967.0 0.0 2.0 134.0 14229.67967287704 14229.651851851839 14232.777777777797 
487.01155927161506 1967.0 0.0 2.0 133.0 14226.84130062105 14226.525925925918 14232.777777777797 
488.01155927161506 1967.0 0.0 2.0 133.0 14226.557463395458 14226.525925925918 14232.777777777797 
489.01155927161506 1967.0 0.0 2.0 133.0 14226.529079672877 14226.525925925918 14232.777777777797 
490.01155927161506 1968.0 0.0 1.0 133.0 14226.526241300615 14226.525925925918 14232.777777777797 
491.01155927161506 1968.0 0.0 1.0 134.0 14229.3392907967 14229.651851851839 14232.777777777797 
492.01155927161506 1968.0 0.0 1.0 134.0 14229.620595746332 14229.651851851839 14232.777777777797 
493.01155927161506 1968.0 0.0 2.0 134.0 14229.648726241308 14229.651851851839 14232.777777777797 
494.01155927161506 1968.0 0.0 2.0 133.0 14226.838205957465 14226.525925925918 14232.777777777797 
495.01155927161506 1968.0 0.0 2.0 133.0 14226.55715392911 14226.525925925918 14232.777777777797 
496.01155927161506 1969.0 0.0 1.0 133.0 14226.529048726268 14226.525925925918 14232.777777777797 
497.01155927161506 1970.0 0.0 1.0 134.0 14229.339571539276 14229.651851851839 14232.777777777797 
498.01155927161506 1970.0 0.0 1.0 134.0 14229.620623820589 14229.651851851839 14232.777777777797 
499.01155927161506 1970.0 0.0 1.0 134.0 14229.64872904876 14229.651851851839 14232.777777777797 
500.01155927161506 1970.0 0.0 1.0 134.0 14229.651539571516 14229.651851851839 14232.777777777797 
501.01155927161506 1970.0 0.0 1.0 134.0 14229.651820623842 14229.651851851839 14232.777777777797 
502.01155927161506 1970.0 0.0 1.0 134.0 14229.651848729076 14229.651851851839 14232.777777777797 
503.01155927161506 1970.0 0.0 1.0 134.0 14229.651851539567 14229.651851851839 14232.777777777797 
504.01155927161506 1970.0 0.0 1.0 134.0 14229.65185182063 14229.651851851839 14232.777777777797 
505.01155927161506 1970.0 0.0 1.0 134.0 14229.651851848745 14229.651851851839 14232.777777777797 
506.01155927161506 1970.0 0.0 1.0 134.0 14229.651851851566 14229.651851851839 14232.777777777797 
507.01155927161506 1970.0 0.0 1.0 134.0 14229.651851851824 14229.651851851839 14232.777777777797 
508.01155927161506 1970.0 0.0 1.0 134.0 14229.651851851831 14229.651851851839 14232.777777777797 
509.01155927161506 1970.0 0.0 1.0 134.0 14229.651851851837 14229.651851851839 14232.777777777797 
510.01155927161506 1970.0 0.0 1.0 134.0 14229.651851851839 14229.651851851839 14232.777777777797 
511.01155927161506 1970.0 0.0 1.0 134.0 14229.651851851839 14229.651851851839 14232.777777777797 
512.011559271615 1970.0 0.0 1.0 134.0 14229.651851851839 14229.651851851839 14232.777777777797 
513.011559271615 1970.0 0.0 2.0 134.0 14229.651851851839 14229.651851851839 14232.777777777797 
514.011559271615 1970.0 0.0 2.0 133.0 14226.838518518542 14226.525925925918 14232.777777777797 
515.011559271615 1970.0 0.0 2.0 133.0 14226.55718518521 14226.525925925918 14232.777777777797 
516.011559271615 1970.0 0.0 2.0 133.0 14226.529051851849 14226.525925925918 14232.777777777797 
517.011559271615 1970.0 0.0 2.0 133.0 14226.526238518507 14226.525925925918 14232.777777777797 
518.011559271615 1971.0 0.0 1.0 133.0 14226.5259571852 14226.525925925918 14232.777777777797 
519.011559271615 1971.0 0.0 1.0 134.0 14229.339262385201 14229.651851851839 14232.777777777797 
520.011559271615 1971.0 0.0 1.0 134.0 14229.620592905168 14229.651851851839 14232.777777777797 
521.011559271615 1972.0 0.0 0.0 134.0 14229.64872595721 14229.651851851839 14232.777777777797 
522.011559271615 1972.0 0.0 0.0 135.0 14232.464872595725 14232.777777777797 14232.777777777797 
523.011559271615 1972.0 0.0 0.0 135.0 14232.746487259572 14232.777777777797 14232.777777777797 
524.011559271615 1972.0 0.0 0.0 135.0 14232.774648725936 14232.777777777797 14232.777777777797 
525.011559271615 1972.0 0.0 0.0 135.0 14232.777464872592 14232.777777777797 14232.777777777797 
526.011559271615 1972.0 0.0 0.0 135.0 14232.777746487262 14232.777777777797 14232.777777777797 
527.011559271615 1972.0 0.0 0.0 135.0 14232.777774648715 14232.777777777797 14232.777777777797 
528.011559271615 1972.0 0.0 0.0 135.0 14232.777777464898 14232.777777777797 14232.777777777797 
529.011559271615 1972.0 0.0 0.0 135.0 14232.777777746494 14232.777777777797 14232.777777777797 
530.011559271615 1972.0 0.0 0.0 135.0 14232.777777774652 14232.777777777797 14232.777777777797 
531.011559271615 1972.0 0.0 1.0 135.0 14232.777777777434 14232.777777777797 14232.777777777797 
532.011559271615 1972.0 0.0 1.0 134.0 14229.964444444406 14229.651851851839 14232.777777777797 
533.011559271615 1972.0 0.0 1.0 134.0 14229.683111111106 14229.651851851839 14232.777777777797 
534.011559271615 1972.0 0.0 1.0 134.0 14229.654977777798 14229.651851851839 14232.777777777797 
535.011559271615 1972.0 0.0 1.0 134.0 14229.65216444446 14229.651851851839 14232.777777777797 
536.011559271615 1972.0 0.0 1.0 134.0 14229.651883111117 14229.651851851839 14232.777777777797 
537.011559271615 1972.0 0.0 1.0 134.0 14229.651854977768 14229.651851851839 14232.777777777797 
538.011559271615 1973.0 0.0 0.0 134.0 14229.651852164465 14229.651851851839 14232.777777777797 
539.011559271615 1973.0 0.0 0.0 135.0 14232.465185216472 14232.777777777797 14232.777777777797 
540.011559271615 1973.0 0.0 0.0 135.0 14232.74651852164 14232.777777777797 14232.777777777797 
541.011559271615 1973.0 0.0 0.0 135.0 14232.774651852144 14232.777777777797 14232.777777777797 
542.011559271615 1973.0 0.0 0.0 135.0 14232.77746518521 14232.777777777797 14232.777777777797 
543.011559271615 1973.0 0.0 0.0 135.0 14232.777746518517 14232.777777777797 14232.777777777797 
544.011559271615 1973.0 0.0 0.0 135.0 14232.777774651855 14232.777777777797 14232.777777777797 
545.011559271615 1973.0 0.0 0.0 135.0 14232.777777465171 14232.777777777797 14232.777777777797 
546.011559271615 1973.0 0.0 0.0 135.0 14232.7777777465 14232.777777777797 14232.777777777797 
547.011559271615 1973.0 0.0 0.0 135.0 14232.777777774656 14232.777777777797 14232.777777777797 
548.011559271615 1973.0 0.0 0.0 135.0 14232.777777777434 14232.777777777797 14232.777777777797 
549.011559271615 1973.0 0.0 2.0 135.0 14232.777777777741 14232.777777777797 14232.777777777797 
550.011559271615 1975.0 0.0 0.0 134.0 14214.111111111117 14212.037037037013 14232.777777777797 
551.011559271615 1975.0 0.0 0.0 135.0 14230.911111111145 14232.777777777797 14232.777777777797 
552.011559271615 1975.0 0.0 0.0 135.0 14232.591111111095 14232.777777777797 14232.777777777797 
553.011559271615 1975.0 0.0 0.0 135.0 14232.759111111145 14232.777777777797 14232.777777777797 
554.011559271615 1975.0 0.0 0.0 135.0 14232.77591111109 14232.777777777797 14232.777777777797 
555.011559271615 1975.0 0.0 0.0 135.0 14232.777591111091 14232.777777777797 14232.777777777797 
556.011559271615 1975.0 0.0 0.0 135.0 14232.77775911111 14232.777777777797 14232.777777777797 
557.0049054234925 1975.0 0.0 0.0 135.0 14232.77777591109 14232.777777777797 14232.777777777797 
558.011559271615 1975.0 0.0 1.0 135.0 14232.777777591113 14232.777777777797 14232.777777777797 
559.011559271615 1975.0 0.0 1.0 134.0 14229.964444425761 14229.651851851839 14232.777777777797 
560.011559271615 1975.0 0.0 1.0 134.0 14229.683111109242 14229.651851851839 14232.777777777797 
561.011559271615 1975.0 0.0 1.0 134.0 14229.654977777594 14229.651851851839 14232.777777777797 
562.011559271615 1975.0 0.0 1.0 134.0 14229.652164444433 14229.651851851839 14232.777777777797 
563.011559271615 1975.0 0.0 1.0 134.0 14229.651883111117 14229.651851851839 14232.777777777797 
564.011559271615 1975.0 0.0 1.0 134.0 14229.65185497777 14229.651851851839 14232.777777777797 
565.011559271615 1975.0 0.0 1.0 134.0 14229.651852164465 14229.651851851839 14232.777777777797 
566.011559271615 1975.0 0.0 2.0 134.0 14229.651851883085 14229.651851851839 14232.777777777797 
567.011559271615 1975.0 0.0 2.0 133.0 14226.838518521634 14226.525925925918 14232.777777777797 
568.011559271615 1976.0 0.0 1.0 133.0 14226.557185185482 14226.525925925918 14232.777777777797 
569.011559271615 1976.0 0.0 1.0 134.0 14229.342385185235 14229.651851851839 14232.777777777797 
570.011559271615 1976.0 0.0 2.0 134.0 14229.620905185184 14229.651851851839 14232.777777777797 
571.011559271615 1976.0 0.0 2.0 133.0 14226.835423851851 14226.525925925918 14232.777777777797 
572.011559271615 1976.0 0.0 2.0 133.0 14226.55687571851 14226.525925925918 14232.777777777797 
573.011559271615 1976.0 0.0 2.0 133.0 14226.529020905187 14226.525925925918 14232.777777777797 
574.011559271615 1976.0 0.0 2.0 133.0 14226.526235423858 14226.525925925918 14232.777777777797 
575.011559271615 1977.0 0.0 1.0 133.0 14226.525956875714 14226.525925925918 14232.777777777797 
576.011559271615 1977.0 0.0 1.0 134.0 14229.339262354266 14229.651851851839 14232.777777777797 
577.011559271615 1977.0 0.0 1.0 134.0 14229.620592902093 14229.651851851839 14232.777777777797 
578.011559271615 1977.0 0.0 1.0 134.0 14229.648725956858 14229.651851851839 14232.777777777797 
579.011559271615 1977.0 0.0 1.0 134.0 14229.651539262339 14229.651851851839 14232.777777777797 
580.011559271615 1978.0 0.0 1.0 134.0 14229.651820592906 14229.651851851839 14232.777777777797 
581.011559271615 1978.0 0.0 1.0 134.0 14229.651848725947 14229.651851851839 14232.777777777797 
582.011559271615 1978.0 0.0 1.0 134.0 14229.651851539256 14229.651851851839 14232.777777777797 
583.011559271615 1978.0 0.0 1.0 134.0 14229.651851820587 14229.651851851839 14232.777777777797 
584.011559271615 1979.0 0.0 0.0 134.0 14229.651851848746 14229.651851851839 14232.777777777797 
585.011559271615 1979.0 0.0 0.0 135.0 14232.465185184874 14232.777777777797 14232.777777777797 
586.011559271615 1979.0 0.0 0.0 135.0 14232.746518518456 14232.777777777797 14232.777777777797 
587.011559271615 1979.0 0.0 0.0 135.0 14232.774651851863 14232.777777777797 14232.777777777797 
588.011559271615 1979.0 0.0 0.0 135.0 14232.777465185203 14232.777777777797 14232.777777777797 
589.011559271615 1979.0 0.0 0.0 135.0 14232.77774651852 14232.777777777797 14232.777777777797 
590.011559271615 1979.0 0.0 0.0 135.0 14232.777774651853 14232.777777777797 14232.777777777797 
591.011559271615 1979.0 0.0 0.0 135.0 14232.777777465171 14232.777777777797 14232.777777777797 
592.011559271615 1979.0 0.0 0.0 135.0 14232.7777777465 14232.777777777797 14232.777777777797 
593.011559271615 1979.0 0.0 0.0 135.0 14232.777777774656 14232.777777777797 14232.777777777797 
594.011559271615 1979.0 0.0 0.0 135.0 14232.777777777434 14232.777777777797 14232.777777777797 
595.011559271615 1979.0 0.0 0.0 135.0 14232.777777777741 14232.777777777797 14232.777777777797 
596.011559271615 1979.0 0.0 0.0 135.0 14232.77777777779 14232.777777777797 14232.777777777797 
597.011559271615 1979.0 0.0 1.0 135.0 14232.777777777796 14232.777777777797 14232.777777777797 
598.011559271615 1979.0 0.0 1.0 134.0 14229.96444444445 14229.651851851839 14232.777777777797 
599.011559271615 1979.0 0.0 1.0 134.0 14229.683111111077 14229.651851851839 14232.777777777797 
600.011559271615 1979.0 0.0 2.0 134.0 14229.654977777798 14229.651851851839 14232.777777777797 
#####################################################################
# End of data export. Simulation finished at: 2020-02-02T12:31+0000 #
#####################################################################
