#####################################################################
# Alchemist log file - simulation started at: 2020-01-28T19:10+0000 #
#####################################################################
# seed = 3.0, meanTaskSize = 10000, smoothing = 0.1, grain = 1700.0, peakFrequency = 0.3
#
# The columns have the following meaning: 
# time done[Sum] drop[Sum] waiting[Sum] isLeader[Sum] capacity[Mean] freeCapacity[Mean] maxCapacity[Mean] 
0.0 NaN 0.0 NaN NaN NaN NaN NaN 
1.0016359619213666 0.0 0.0 0.0 135.0 14232.777777777797 14232.777777777797 14232.777777777797 
2.001635961921367 0.0 0.0 0.0 35.0 14232.777777777797 14232.777777777797 14232.777777777797 
3.001635961921367 0.0 0.0 0.0 35.0 14232.777777777797 14232.777777777797 14232.777777777797 
4.001635961921367 0.0 0.0 0.0 35.0 14232.777777777797 14232.777777777797 14232.777777777797 
5.001635961921367 0.0 0.0 0.0 35.0 14232.777777777797 14232.777777777797 14232.777777777797 
6.001635961921367 0.0 0.0 0.0 35.0 14232.777777777797 14232.777777777797 14232.777777777797 
7.001635961921367 0.0 0.0 0.0 35.0 14232.777777777797 14232.777777777797 14232.777777777797 
8.001635961921366 0.0 0.0 0.0 35.0 14232.777777777797 14232.777777777797 14232.777777777797 
9.001635961921366 0.0 0.0 0.0 35.0 14232.777777777797 14232.777777777797 14232.777777777797 
10.001635961921366 0.0 0.0 0.0 35.0 14232.777777777797 14232.777777777797 14232.777777777797 
11.001635961921366 0.0 0.0 0.0 35.0 14232.777777777797 14232.777777777797 14232.777777777797 
12.001635961921366 0.0 0.0 0.0 35.0 14232.777777777797 14232.777777777797 14232.777777777797 
13.001635961921366 0.0 0.0 0.0 35.0 14232.777777777797 14232.777777777797 14232.777777777797 
14.001635961921366 0.0 0.0 0.0 35.0 14232.777777777797 14232.777777777797 14232.777777777797 
15.001635961921366 0.0 0.0 0.0 35.0 14232.777777777797 14232.777777777797 14232.777777777797 
16.001635961921366 0.0 0.0 0.0 35.0 14232.777777777797 14232.777777777797 14232.777777777797 
17.001635961921366 0.0 0.0 0.0 35.0 14232.777777777797 14232.777777777797 14232.777777777797 
18.001635961921366 0.0 0.0 0.0 35.0 14232.777777777797 14232.777777777797 14232.777777777797 
19.001635961921366 0.0 0.0 0.0 35.0 14232.777777777797 14232.777777777797 14232.777777777797 
20.001635961921366 0.0 0.0 0.0 35.0 14232.777777777797 14232.777777777797 14232.777777777797 
21.001635961921366 0.0 0.0 0.0 35.0 14232.777777777797 14232.777777777797 14232.777777777797 
22.001635961921366 0.0 0.0 0.0 35.0 14232.777777777797 14232.777777777797 14232.777777777797 
23.001635961921366 0.0 0.0 0.0 35.0 14232.777777777797 14232.777777777797 14232.777777777797 
24.001635961921366 0.0 0.0 0.0 35.0 14232.777777777797 14232.777777777797 14232.777777777797 
25.001635961921366 0.0 0.0 0.0 35.0 14232.777777777797 14232.777777777797 14232.777777777797 
26.001635961921366 0.0 0.0 0.0 35.0 14232.777777777797 14232.777777777797 14232.777777777797 
27.001635961921366 0.0 0.0 0.0 35.0 14232.777777777797 14232.777777777797 14232.777777777797 
28.001635961921366 0.0 0.0 0.0 35.0 14232.777777777797 14232.777777777797 14232.777777777797 
29.001635961921366 0.0 0.0 0.0 35.0 14232.777777777797 14232.777777777797 14232.777777777797 
30.001635961921366 0.0 0.0 0.0 35.0 14232.777777777797 14232.777777777797 14232.777777777797 
31.001635961921366 0.0 0.0 0.0 35.0 14232.777777777797 14232.777777777797 14232.777777777797 
32.001635961921366 0.0 0.0 1.0 35.0 14232.777777777797 14232.777777777797 14232.777777777797 
33.001635961921366 0.0 0.0 1.0 35.0 14232.777777777797 14232.777777777797 14232.777777777797 
34.001635961921366 0.0 0.0 1.0 35.0 14231.016296296295 14215.162962962962 14232.777777777797 
35.001635961921366 0.0 0.0 1.0 35.0 14229.430962962973 14215.162962962962 14232.777777777797 
36.001635961921366 0.0 0.0 1.0 35.0 14228.004162962934 14215.162962962962 14232.777777777797 
37.001635961921366 0.0 0.0 1.0 35.0 14226.720042962961 14215.162962962962 14232.777777777797 
38.001635961921366 0.0 0.0 1.0 35.0 14225.56433496295 14215.162962962962 14232.777777777797 
39.001635961921366 0.0 0.0 1.0 35.0 14224.524197762956 14215.162962962962 14232.777777777797 
40.001635961921366 0.0 0.0 1.0 35.0 14223.588074282954 14215.162962962962 14232.777777777797 
41.001635961921366 0.0 0.0 1.0 35.0 14222.74556315098 14215.162962962962 14232.777777777797 
42.001635961921366 0.0 0.0 1.0 35.0 14221.987303132142 14215.162962962962 14232.777777777797 
43.001635961921366 0.0 0.0 1.0 35.0 14221.304869115227 14215.162962962962 14232.777777777797 
44.001635961921366 0.0 0.0 1.0 35.0 14220.690678500016 14215.162962962962 14232.777777777797 
45.001635961921366 0.0 0.0 1.0 35.0 14220.1379069463 14215.162962962962 14232.777777777797 
46.001635961921366 0.0 0.0 2.0 35.0 14219.640412547958 14215.162962962962 14232.777777777797 
47.001635961921366 0.0 0.0 2.0 35.0 14219.192667589447 14215.162962962962 14232.777777777797 
48.001635961921366 0.0 0.0 2.0 35.0 14217.028215645336 14197.54814814815 14232.777777777797 
49.001635961921366 0.0 0.0 2.0 35.0 14215.080208895612 14197.54814814815 14232.777777777797 
50.001635961921366 0.0 0.0 2.0 35.0 14213.327002820877 14197.54814814815 14232.777777777797 
51.001635961921366 0.0 0.0 2.0 35.0 14211.749117353598 14197.54814814815 14232.777777777797 
52.001635961921366 0.0 0.0 3.0 35.0 14210.329020433059 14197.54814814815 14232.777777777797 
53.001635961921366 0.0 0.0 3.0 35.0 14209.050933204546 14197.54814814815 14232.777777777797 
54.001635961921366 1.0 0.0 2.0 35.0 14206.139913958183 14179.940740740722 14232.777777777797 
55.001635961921366 1.0 0.0 2.0 35.0 14205.280737377147 14197.54814814815 14232.777777777797 
56.001635961921366 1.0 0.0 2.0 35.0 14204.507478454265 14197.54814814815 14232.777777777797 
57.001635961921366 1.0 0.0 2.0 35.0 14203.811545423645 14197.54814814815 14232.777777777797 
58.001635961921366 1.0 0.0 2.0 35.0 14203.185205696092 14197.54814814815 14232.777777777797 
59.001635961921366 1.0 0.0 2.0 35.0 14202.62149994132 14197.54814814815 14232.777777777797 
60.001635961921366 1.0 0.0 2.0 35.0 14202.114164762017 14197.54814814815 14232.777777777797 
61.001635961921366 1.0 0.0 2.0 35.0 14201.657563100638 14197.54814814815 14232.777777777797 
62.001635961921366 1.0 0.0 2.0 35.0 14201.246621605354 14197.54814814815 14232.777777777797 
63.001635961921366 1.0 0.0 2.0 35.0 14200.876774259663 14197.54814814815 14232.777777777797 
64.00163596192137 1.0 0.0 2.0 35.0 14200.543911648521 14197.54814814815 14232.777777777797 
65.00163596192137 1.0 0.0 2.0 35.0 14200.24433529848 14197.54814814815 14232.777777777797 
66.00163596192137 1.0 0.0 2.0 35.0 14199.974716583436 14197.54814814815 14232.777777777797 
67.00163596192137 1.0 0.0 2.0 35.0 14199.7320597399 14197.54814814815 14232.777777777797 
68.00163596192137 1.0 0.0 2.0 35.0 14199.513668580752 14197.54814814815 14232.777777777797 
69.00163596192137 1.0 0.0 2.0 35.0 14199.31711653748 14197.54814814815 14232.777777777797 
70.00163596192137 1.0 0.0 2.0 35.0 14199.140219698551 14197.54814814815 14232.777777777797 
71.00163596192137 1.0 0.0 2.0 35.0 14198.981012543489 14197.54814814815 14232.777777777797 
72.00163596192137 1.0 0.0 2.0 35.0 14198.837726103948 14197.54814814815 14232.777777777797 
73.00163596192137 1.0 0.0 2.0 35.0 14198.708768308368 14197.54814814815 14232.777777777797 
74.00163596192137 1.0 0.0 2.0 35.0 14198.592706292333 14197.54814814815 14232.777777777797 
75.00163596192137 1.0 0.0 2.0 35.0 14198.488250477934 14197.54814814815 14232.777777777797 
76.00163596192137 1.0 0.0 2.0 35.0 14198.394240244943 14197.54814814815 14232.777777777797 
77.00163596192137 1.0 0.0 2.0 35.0 14198.309631035276 14197.54814814815 14232.777777777797 
78.00163596192137 1.0 0.0 3.0 35.0 14198.233482746567 14197.54814814815 14232.777777777797 
79.00163596192137 1.0 0.0 4.0 35.0 14196.403467805258 14179.933333333322 14232.777777777797 
80.00163596192137 1.0 0.0 4.0 35.0 14194.75645435805 14179.933333333322 14232.777777777797 
81.00163596192137 1.0 0.0 4.0 35.0 14191.5126607741 14162.318518518547 14232.777777777797 
82.00163596192137 1.0 0.0 4.0 35.0 14188.593246548548 14162.318518518547 14232.777777777797 
83.00163596192137 1.0 0.0 4.0 35.0 14185.965773745545 14162.318518518547 14232.777777777797 
84.00163596192137 1.0 0.0 4.0 35.0 14183.601048222838 14162.318518518547 14232.777777777797 
85.00163596192137 1.0 0.0 4.0 35.0 14181.472795252377 14162.318518518547 14232.777777777797 
86.00163596192137 1.0 0.0 5.0 35.0 14179.55736757902 14162.318518518547 14232.777777777797 
87.00163596192137 1.0 0.0 5.0 35.0 14176.072001191491 14144.70370370372 14232.777777777797 
88.00163596192137 1.0 0.0 5.0 35.0 14172.9351714427 14144.70370370372 14232.777777777797 
89.00163596192137 1.0 0.0 5.0 35.0 14170.112024668791 14144.70370370372 14232.777777777797 
90.00163596192137 1.0 0.0 5.0 35.0 14167.571192572304 14144.70370370372 14232.777777777797 
91.00163596192137 2.0 0.0 4.0 35.0 14165.284443685428 14144.70370370372 14232.777777777797 
92.00163596192137 2.0 0.0 4.0 35.0 14164.987851168758 14162.318518518547 14232.777777777797 
93.00163596192137 2.0 0.0 4.0 35.0 14164.72091790372 14162.318518518547 14232.777777777797 
94.00163596192137 2.0 0.0 4.0 35.0 14164.480677965214 14162.318518518547 14232.777777777797 
95.00163596192137 2.0 0.0 4.0 35.0 14164.264462020563 14162.318518518547 14232.777777777797 
96.00163596192137 2.0 0.0 4.0 35.0 14164.069867670352 14162.318518518547 14232.777777777797 
97.00163596192137 2.0 0.0 4.0 35.0 14163.894732755156 14162.318518518547 14232.777777777797 
98.00163596192137 2.0 0.0 5.0 35.0 14163.73711133152 14162.318518518547 14232.777777777797 
99.00163596192137 2.0 0.0 5.0 35.0 14161.834511309478 14144.711111111119 14232.777777777797 
100.00163596192137 2.0 0.0 5.0 35.0 14160.12217128962 14144.711111111119 14232.777777777797 
101.00163596192137 2.0 0.0 5.0 35.0 14158.58106527178 14144.711111111119 14232.777777777797 
102.00163596192137 2.0 0.0 5.0 35.0 14157.194069855705 14144.711111111119 14232.777777777797 
103.00163596192137 2.0 0.0 5.0 35.0 14155.945773981222 14144.711111111119 14232.777777777797 
104.00163596192137 2.0 0.0 5.0 35.0 14154.822307694223 14144.711111111119 14232.777777777797 
105.00163596192137 2.0 0.0 5.0 35.0 14153.811188035936 14144.711111111119 14232.777777777797 
106.00163596192137 2.0 0.0 5.0 35.0 14152.901180343419 14144.711111111119 14232.777777777797 
107.00163596192137 2.0 0.0 5.0 35.0 14152.082173420205 14144.711111111119 14232.777777777797 
108.00163596192137 2.0 0.0 5.0 35.0 14151.345067189284 14144.711111111119 14232.777777777797 
109.00163596192137 2.0 0.0 5.0 35.0 14150.68167158149 14144.711111111119 14232.777777777797 
110.00163596192137 2.0 0.0 5.0 35.0 14150.084615534455 14144.711111111119 14232.777777777797 
111.00163596192137 2.0 0.0 6.0 35.0 14149.547265092086 14144.711111111119 14232.777777777797 
112.00163596192137 2.0 0.0 7.0 35.0 14149.063649694026 14144.711111111119 14232.777777777797 
113.00163596192137 2.0 0.0 8.0 35.0 14146.866914354214 14127.096296296291 14232.777777777797 
114.00163596192137 2.0 0.0 8.0 35.0 14143.128371066961 14109.481481481478 14232.777777777797 
115.00163596192137 2.0 0.0 9.0 35.0 14138.002941367664 14091.874074074081 14232.777777777797 
116.00163596192137 2.0 0.0 9.0 35.0 14133.390054638337 14091.874074074081 14232.777777777797 
117.00163596192137 2.0 0.0 10.0 35.0 14127.477715841138 14074.266666666657 14232.777777777797 
118.00163596192137 2.0 0.0 10.0 35.0 14122.15661092371 14074.266666666657 14232.777777777797 
119.00163596192137 2.0 0.0 11.0 35.0 14115.606875757272 14056.659259259277 14232.777777777797 
120.00163596192137 2.0 0.0 13.0 35.0 14109.712114107448 14056.659259259277 14232.777777777797 
121.00163596192137 2.0 0.0 14.0 35.0 14100.883865659674 14021.42962962963 14232.777777777797 
122.00163596192137 2.0 0.0 15.0 35.0 14091.177701315932 14003.82222222224 14232.777777777797 
123.00163596192137 2.0 0.0 15.0 35.0 14078.920671925067 13968.607407407428 14232.777777777797 
124.00163596192137 2.0 0.0 15.0 35.0 14067.889345473317 13968.607407407428 14232.777777777797 
125.00163596192137 2.0 0.0 16.0 35.0 14057.96115166673 13968.607407407428 14232.777777777797 
126.00163596192137 2.0 0.0 16.0 35.0 14049.025777240808 13968.607407407428 14232.777777777797 
127.00163596192137 2.0 0.0 19.0 35.0 14039.222458775983 13950.992592592598 14232.777777777797 
128.00163596192135 2.0 0.0 22.0 35.0 14026.877249935407 13915.770370370361 14232.777777777797 
129.00163596192135 2.0 0.0 23.0 35.0 14012.244339756697 13880.548148148151 14232.777777777797 
130.00163596192135 3.0 0.0 24.0 35.0 13993.79249837358 13827.725925925946 14232.777777777797 
131.00163596192135 3.0 0.0 26.0 35.0 13977.185100388098 13827.71851851852 14232.777777777797 
132.00163596192135 3.0 0.0 30.0 35.0 13958.71621997894 13792.496296296305 14232.777777777797 
133.00163596192135 4.0 0.0 31.0 35.0 13938.572746129184 13757.281481481477 14232.777777777797 
134.00163596192135 4.0 0.0 33.0 35.0 13915.159915960694 13704.444444444416 14232.777777777797 
135.00163596192135 4.0 0.0 34.0 35.0 13890.566887327583 13669.229629629635 14232.777777777797 
136.00163596192135 4.0 0.0 36.0 35.0 13866.67242081706 13651.62222222221 14232.777777777797 
137.00163596192135 5.0 0.0 36.0 35.0 13839.885178735356 13598.799999999974 14232.777777777797 
138.00163596192135 5.0 0.0 40.0 35.0 13817.537401602536 13616.407407407401 14232.777777777797 
139.00163596192135 5.0 0.0 41.0 35.0 13792.141439220086 13563.577777777764 14232.777777777797 
140.00163596192135 5.0 0.0 44.0 35.0 13764.001369372141 13510.740740740728 14232.777777777797 
141.00163596192135 5.0 0.0 46.0 35.0 13736.913825027532 13493.125925925922 14232.777777777797 
142.00163596192135 7.0 0.0 45.0 35.0 13707.252072154399 13440.296296296287 14232.777777777797 
143.00163596192135 7.0 0.0 48.0 35.0 13682.317235309341 13457.903703703714 14232.777777777797 
144.00163596192135 7.0 0.0 51.0 35.0 13652.832919185836 13387.474074074082 14232.777777777797 
145.00163596192135 7.0 0.0 53.0 35.0 13622.77481245241 13352.251851851868 14232.777777777797 
146.00163596192135 8.0 0.0 56.0 35.0 13590.439553429405 13299.422222222236 14232.777777777797 
147.00163596192135 8.0 0.0 56.0 35.0 13556.054857345687 13246.592592592599 14232.777777777797 
148.00163596192135 9.0 0.0 57.0 35.0 13525.108630870409 13246.592592592599 14232.777777777797 
149.00163596192135 9.0 0.0 59.0 35.0 13495.495545561107 13228.977777777767 14232.777777777797 
150.00163596192135 9.0 0.0 63.0 35.0 13465.322287301333 13193.76296296296 14232.777777777797 
151.00163596192135 9.0 0.0 64.0 35.0 13436.404873385987 13176.148148148139 14232.777777777797 
152.00163596192135 9.0 0.0 65.0 35.0 13403.336237899246 13105.718518518528 14232.777777777797 
153.00163596192135 9.0 0.0 67.0 35.0 13373.57446596117 13105.718518518528 14232.777777777797 
154.00163596192135 9.0 0.0 67.0 35.0 13343.266648994704 13070.496296296313 14232.777777777797 
155.00163596192135 9.0 0.0 71.0 35.0 13314.228132243374 13052.88148148148 14232.777777777797 
156.00163596192135 9.0 0.0 73.0 35.0 13282.810504204212 13000.05185185184 14232.777777777797 
157.00163596192135 9.0 0.0 74.0 35.0 13249.251676006026 12947.222222222204 14232.777777777797 
158.00163596192135 9.0 0.0 77.0 35.0 13219.048730627645 12947.222222222204 14232.777777777797 
159.00163596192135 10.0 0.0 78.0 35.0 13188.344598305597 12912.007407407411 14232.777777777797 
160.00163596192135 11.0 0.0 80.0 35.0 13155.427916252826 12859.177777777772 14232.777777777797 
161.00163596192135 11.0 0.0 84.0 35.0 13125.8029024053 12859.177777777772 14232.777777777797 
162.00163596192135 11.0 0.0 92.0 35.0 13092.096686238858 12788.74074074072 14232.777777777797 
163.00163596192135 11.0 0.0 95.0 35.0 13052.955906503885 12700.688888888877 14232.777777777797 
164.00163596192135 11.0 0.0 96.0 35.0 13008.925501038673 12612.651851851853 14232.777777777797 
165.00163596192135 11.0 0.0 96.0 35.0 12965.77591389776 12577.429629629643 14232.777777777797 
166.00163596192135 11.0 0.0 98.0 35.0 12926.941285470943 12577.429629629643 14232.777777777797 
167.00163596192135 12.0 0.0 99.0 35.0 12890.228638405337 12559.814814814805 14232.777777777797 
168.00163596192135 14.0 0.0 102.0 35.0 12855.425774564792 12542.200000000024 14232.777777777797 
169.00163596192135 15.0 0.0 106.0 35.0 12822.342456367594 12524.592592592599 14232.777777777797 
170.00163596192135 17.0 0.0 110.0 35.0 12787.284507027116 12471.76296296296 14232.777777777797 
171.00163596192135 18.0 0.0 112.0 35.0 12752.210871139228 12436.548148148164 14232.777777777797 
172.00163596192135 19.0 2.0 112.0 35.0 12717.123117358622 12401.333333333316 14232.777777777797 
173.00163596192135 20.0 2.0 114.0 35.0 12685.544879696869 12401.340740740723 14232.777777777797 
174.00163596192135 22.0 2.0 113.0 35.0 12655.36298431974 12383.725925925944 14232.777777777797 
175.00163596192135 22.0 2.0 116.0 35.0 12628.199278480368 12383.725925925944 14232.777777777797 
176.00163596192135 22.0 3.0 119.0 35.0 12600.230461743455 12348.511111111093 14232.777777777797 
177.00163596192135 22.0 6.0 121.0 35.0 12573.297045198728 12330.896296296316 14232.777777777797 
178.00163596192135 22.0 6.0 121.0 35.0 12547.296229567755 12313.288888888881 14232.777777777797 
179.00163596192135 24.0 8.0 120.0 34.0 12522.134014018393 12295.674074074102 14232.777777777797 
180.00163596192135 25.0 8.0 120.0 33.0 12503.00950150544 12330.888888888898 14232.777777777797 
181.00163596192135 25.0 11.0 121.0 33.0 12458.14558839192 12054.370370370387 14232.777777777797 
182.00163596192135 25.0 11.0 125.0 33.0 12386.070288811969 11737.392592592576 14232.777777777797 
183.00163596192135 25.0 12.0 127.0 32.0 12315.920296967819 11684.570370370355 14232.777777777797 
184.00163596192135 25.0 13.0 128.0 32.0 12249.262341345135 11649.340740740723 14232.777777777797 
185.00163596192135 27.0 14.0 127.0 32.0 12157.57314424765 11332.370370370387 14232.777777777797 
186.00163596192135 28.0 14.0 129.0 31.0 12078.574348341383 11367.58518518518 14232.777777777797 
187.00163596192135 28.0 14.0 129.0 25.0 12003.953950544275 11332.370370370387 14232.777777777797 
188.00163596192135 30.0 18.0 128.0 36.0 11935.034111045425 11314.755555555543 14232.777777777797 
189.00163596192135 31.0 20.0 130.0 25.0 11864.553662903847 11230.22962962962 14232.777777777797 
190.00163596192135 32.0 20.0 132.0 33.0 11783.273111428285 11051.748148148134 14232.777777777797 
191.00163596192135 35.0 20.0 135.0 23.0 11700.60135584099 10956.555555555578 14232.777777777797 
192.00163596192135 36.0 21.0 139.0 32.0 11625.48344247911 10949.422222222236 14232.777777777797 
193.00163596192135 38.0 22.0 139.0 23.0 11545.883246379371 10829.481481481496 14232.777777777797 
194.00163596192135 38.0 24.0 142.0 28.0 11407.929736556229 10166.348148148141 14232.777777777797 
195.00163596192135 38.0 25.0 146.0 30.0 11251.78639253026 9846.496296296316 14232.777777777797 
196.00163596192135 39.0 25.0 150.0 22.0 11090.218864388338 9636.1111111111 14232.777777777797 
197.00163596192135 39.0 25.0 154.0 28.0 10897.974014986532 9167.77037037038 14232.777777777797 
198.00163596192135 39.0 26.0 160.0 24.0 10717.004761636033 9088.281481481465 14232.777777777797 
199.00163596192135 40.0 27.0 163.0 24.0 10545.639100287248 9003.348148148141 14232.777777777797 
200.00163596192135 42.0 28.0 163.0 28.0 10383.461856925198 8923.866666666663 14232.777777777797 
201.00163596192135 45.0 28.0 163.0 24.0 10231.837893454873 8867.222222222206 14232.777777777797 
202.00163596192135 46.0 28.0 165.0 23.0 10090.426696701985 8817.725925925934 14232.777777777797 
203.00163596192135 46.0 29.0 168.0 26.0 9954.672915920668 8732.8888888889 14232.777777777797 
204.00163596192135 48.0 31.0 172.0 27.0 9829.99673543972 8707.911111111127 14232.777777777797 
205.00163596192135 50.0 32.0 174.0 27.0 9704.747432266116 8577.503703703693 14232.777777777797 
206.00163596192135 50.0 33.0 176.0 18.0 9588.50083718767 8542.281481481466 14232.777777777797 
207.00163596192135 50.0 33.0 178.0 28.0 9478.928531246656 8492.777777777794 14232.777777777797 
208.00163596192135 50.0 33.0 180.0 23.0 9358.038641084977 8270.029629629644 14232.777777777797 
209.00163596192135 52.0 34.0 181.0 17.0 9246.239221420905 8240.044444444426 14232.777777777797 
210.00163596192135 55.0 36.0 181.0 24.0 9138.898262241792 8172.8296296296385 14232.777777777797 
211.00163596192135 55.0 37.0 183.0 27.0 9036.81658416575 8118.081481481484 14232.777777777797 
212.00163596192135 57.0 38.0 182.0 21.0 8884.566777601038 7514.31851851852 14232.777777777797 
213.00163596192135 57.0 39.0 189.0 18.0 8747.018988729826 7509.08888888888 14232.777777777797 
214.00163596192135 58.0 40.0 195.0 26.0 8612.07708985683 7397.600000000012 14232.777777777797 
215.00163596192135 58.0 42.0 199.0 24.0 8481.635306797067 7307.659259259272 14232.777777777797 
216.00163596192135 58.0 44.0 205.0 19.0 8354.004368709953 7205.325925925924 14232.777777777797 
217.00163596192135 59.0 45.0 206.0 17.0 8236.661709616747 7180.577777777767 14232.777777777797 
218.00163596192135 59.0 45.0 211.0 13.0 8102.973316432854 6899.777777777791 14232.777777777797 
219.00163596192135 61.0 46.0 213.0 18.0 7973.978947752533 6813.029629629629 14232.777777777797 
220.00163596192135 62.0 47.0 218.0 24.0 7833.312904829129 6567.318518518511 14232.777777777797 
221.00163596192135 64.0 48.0 219.0 16.0 7692.435688420278 6424.540740740751 14232.777777777797 
222.00163596192135 66.0 49.0 222.0 20.0 7559.638045504186 6364.459259259249 14232.777777777797 
223.00163596192135 68.0 51.0 220.0 23.0 7414.644611324135 6109.7037037037 14232.777777777797 
224.00163596192135 68.0 53.0 223.0 18.0 7285.91200204358 6127.318518518511 14232.777777777797 
225.00163596192135 71.0 54.0 225.0 14.0 7170.052653691067 6127.318518518511 14232.777777777797 
226.00163596192135 74.0 58.0 224.0 23.0 7066.291092025656 6132.437037037032 14232.777777777797 
227.00163596192135 74.0 60.0 226.0 21.0 6973.428649489767 6137.66666666666 14232.777777777797 
228.00163596192135 75.0 62.0 228.0 12.0 6888.6146734296735 6125.288888888882 14232.777777777797 
229.00163596192135 76.0 65.0 233.0 22.0 6808.569502383008 6088.1629629629515 14232.777777777797 
230.00163596192135 76.0 66.0 237.0 12.0 6709.922922515076 5822.103703703692 14232.777777777797 
231.00163596192135 77.0 66.0 238.0 15.0 6614.952852485783 5760.222222222213 14232.777777777797 
232.00163596192135 80.0 66.0 237.0 12.0 6528.242752422394 5747.85185185185 14232.777777777797 
233.00163596192135 80.0 66.0 238.0 12.0 6447.194032735714 5717.755555555549 14232.777777777797 
234.00163596192135 83.0 67.0 240.0 27.0 6372.4887035362135 5700.140740740732 14232.777777777797 
235.00163596192135 83.0 70.0 245.0 10.0 6305.253907256677 5700.140740740732 14232.777777777797 
236.00163596192135 85.0 74.0 245.0 7.0 6236.794442456936 5620.659259259268 14232.777777777797 
237.00163596192135 86.0 76.0 245.0 21.0 6168.993516729756 5558.78518518518 14232.777777777797 
238.00163596192135 87.0 79.0 244.0 12.0 6105.486757649367 5533.925925925935 14232.777777777797 
239.00163596192135 88.0 79.0 249.0 12.0 6045.321044847405 5503.829629629638 14232.777777777797 
240.00163596192135 88.0 82.0 254.0 15.0 5989.411162584874 5486.2222222222135 14232.777777777797 
241.00163596192135 89.0 84.0 254.0 14.0 5939.092268548614 5486.2222222222135 14232.777777777797 
242.00163596192135 92.0 86.0 253.0 17.0 5865.866004656719 5206.829629629637 14232.777777777797 
243.00163596192135 93.0 88.0 255.0 10.0 5799.225330116964 5199.4592592592535 14232.777777777797 
244.00163596192135 93.0 91.0 260.0 9.0 5733.775389697865 5144.725925925923 14232.777777777797 
245.00163596192135 95.0 93.0 261.0 14.0 5673.633406283638 5132.3555555555595 14232.777777777797 
246.00163596192135 95.0 96.0 266.0 10.0 5599.75525084046 4934.85185185185 14232.777777777797 
247.00163596192135 95.0 99.0 267.0 16.0 5522.127133163822 4823.47407407408 14232.777777777797 
248.00163596192135 99.0 100.0 264.0 11.0 5417.707753180775 4477.933333333334 14232.777777777797 
249.00163596192135 102.0 101.0 265.0 4.0 5294.221422307139 4182.844444444447 14232.777777777797 
250.00163596192135 102.0 104.0 267.0 11.0 5185.356317113462 4205.570370370369 14232.777777777797 
251.00163596192135 104.0 107.0 269.0 14.0 5083.352537253964 4165.318518518515 14232.777777777797 
252.00163596192135 106.0 109.0 267.0 12.0 4971.035802047092 3960.1851851851816 14232.777777777797 
253.00163596192135 108.0 111.0 268.0 7.0 4844.7737033238645 3708.414814814819 14232.777777777797 
254.00163596192135 108.0 112.0 270.0 8.0 4716.002258917401 3557.05925925926 14232.777777777797 
255.00163596192135 110.0 114.0 268.0 19.0 4590.054625618252 3456.5259259259215 14232.777777777797 
256.00163596192135 111.0 119.0 272.0 8.0 4465.511385278648 3344.622222222224 14232.777777777797 
257.00163596192135 114.0 120.0 270.0 3.0 4316.34543193597 2973.8518518518504 14232.777777777797 
258.00163596192135 116.0 122.0 270.0 12.0 4171.530148001637 2868.1925925925943 14232.777777777797 
259.00163596192135 118.0 122.0 272.0 7.0 4044.194910979247 2898.1777777777797 14232.777777777797 
260.00163596192135 121.0 124.0 273.0 7.0 3933.1146791405795 2933.392592592592 14232.777777777797 
261.00163596192135 122.0 126.0 276.0 5.0 3836.1409890042974 2963.3777777777764 14232.777777777797 
262.00163596192135 123.0 130.0 277.0 7.0 3747.9276308446124 2954.007407407411 14232.777777777797 
263.00163596192135 123.0 131.0 282.0 8.0 3640.87264553793 2677.377777777779 14232.777777777797 
264.00163596192135 127.0 132.0 280.0 6.0 3545.0357513545086 2682.5037037037077 14232.777777777797 
265.00163596192135 129.0 134.0 279.0 5.0 3460.5432873301684 2700.1111111111118 14232.777777777797 
266.00163596192135 131.0 139.0 282.0 3.0 3359.84673637493 2453.5777777777757 14232.777777777797 
267.00163596192135 132.0 140.0 284.0 13.0 3242.281321996693 2184.192592592594 14232.777777777797 
268.00163596192135 133.0 144.0 286.0 10.0 3135.2354120192463 2171.8222222222207 14232.777777777797 
269.00163596192135 135.0 145.0 284.0 11.0 3042.4163152617657 2207.0444444444447 14232.777777777797 
270.00163596192135 135.0 147.0 286.0 3.0 2958.879128180034 2207.0444444444447 14232.777777777797 
271.00163596192135 136.0 150.0 288.0 18.0 2883.6956598064758 2207.0444444444447 14232.777777777797 
272.00163596192135 138.0 153.0 287.0 6.0 2801.943130862864 2066.1703703703715 14232.777777777797 
273.00163596192135 138.0 156.0 290.0 6.0 2707.3288177765785 1855.799999999999 14232.777777777797 
274.00163596192135 139.0 160.0 293.0 13.0 2622.17593599892 1855.799999999999 14232.777777777797 
275.00163596192135 142.0 162.0 292.0 7.0 2545.5383423990297 1855.799999999999 14232.777777777797 
276.00163596192135 144.0 164.0 296.0 3.0 2480.0859896406087 1891.014814814815 14232.777777777797 
277.0010574734426 146.0 165.0 298.0 5.0 2409.7505888136857 1760.1185185185195 14232.777777777797 
278.0004348429318 148.0 169.0 300.0 8.0 2347.7851595619477 1790.096296296297 14232.777777777797 
279.00163596192135 149.0 170.0 303.0 5.0 2290.6705827443 1790.096296296297 14232.777777777797 
280.00163596192135 149.0 172.0 305.0 6.0 2237.424265210611 1758.2074074074083 14232.777777777797 
281.00163596192135 150.0 177.0 310.0 14.0 2190.7403572080684 1770.5851851851858 14232.777777777797 
282.00163596192135 150.0 180.0 313.0 2.0 2129.35446963541 1576.8814814814807 14232.777777777797 
283.00163596192135 152.0 183.0 314.0 2.0 2054.7368004496457 1383.177777777778 14232.777777777797 
284.00163596192135 153.0 188.0 316.0 8.0 1987.5808981824594 1383.177777777778 14232.777777777797 
285.00163596192135 155.0 192.0 314.0 10.0 1928.902067623473 1400.7925925925929 14232.777777777797 
286.00163596192135 156.0 197.0 316.0 12.0 1871.3207497500148 1353.0888888888887 14232.777777777797 
287.00163596192135 157.0 199.0 318.0 8.0 1819.497563663902 1353.0888888888887 14232.777777777797 
288.00163596192135 157.0 205.0 321.0 5.0 1765.098918408623 1275.5111111111112 14232.777777777797 
289.00163596192135 159.0 209.0 321.0 10.0 1704.811989530723 1162.2296296296295 14232.777777777797 
290.00163596192135 162.0 212.0 320.0 11.0 1650.2411609480214 1159.1037037037036 14232.777777777797 
291.00163596192135 162.0 216.0 323.0 6.0 1596.3570448532196 1111.4000000000003 14232.777777777797 
292.00163596192135 163.0 218.0 329.0 4.0 1547.8613403678974 1111.4000000000003 14232.777777777797 
293.00163596192135 166.0 219.0 328.0 5.0 1504.2152063311078 1111.4000000000003 14232.777777777797 
294.00163596192135 170.0 221.0 328.0 9.0 1466.6944264387375 1129.0074074074073 14232.777777777797 
295.00163596192135 170.0 221.0 330.0 11.0 1433.4375763874566 1134.125925925926 14232.777777777797 
296.00163596192135 172.0 224.0 328.0 7.0 1403.5064113413036 1134.125925925926 14232.777777777797 
297.00163596192135 172.0 228.0 338.0 1.0 1376.5683627997657 1134.125925925926 14232.777777777797 
298.00163596192135 173.0 228.0 338.0 6.0 1343.5196746679371 1046.0814814814812 14232.777777777797 
299.00163596192135 175.0 230.0 338.0 9.0 1313.7758553492918 1046.0814814814812 14232.777777777797 
300.00163596192135 176.0 230.0 341.0 8.0 1284.8204920365847 1024.222222222222 14232.777777777797 
301.00163596192135 177.0 235.0 342.0 4.0 1260.5102946847783 1041.7185185185183 14232.777777777797 
302.00163596192135 179.0 236.0 345.0 6.0 1235.1103763274116 1006.5111111111112 14232.777777777797 
303.00163596192135 181.0 243.0 343.0 2.0 1205.4385979539297 938.3925925925925 14232.777777777797 
304.00163596192135 183.0 244.0 344.0 9.0 1178.733997417796 938.3925925925925 14232.777777777797 
305.00163596192135 185.0 252.0 347.0 3.0 1154.6998569352756 938.3925925925925 14232.777777777797 
306.00163596192135 186.0 256.0 351.0 13.0 1133.0691305010073 938.3925925925925 14232.777777777797 
307.00163596192135 188.0 258.0 353.0 6.0 1113.6014767101658 938.3925925925925 14232.777777777797 
308.00163596192135 190.0 262.0 358.0 2.0 1099.60206977989 973.6074074074073 14232.777777777797 
309.00163596192135 191.0 265.0 359.0 2.0 1079.958899838938 903.1703703703703 14232.777777777797 
310.00163596192135 194.0 268.0 360.0 5.0 1062.2800468920814 903.1703703703703 14232.777777777797 
311.00163596192135 196.0 269.0 364.0 15.0 1046.3690792399102 903.1703703703703 14232.777777777797 
312.00163596192135 201.0 276.0 365.0 5.0 1029.8640231677712 881.3185185185185 14232.777777777797 
313.00163596192135 203.0 278.0 366.0 13.0 1014.6968801102531 878.1925925925921 14232.777777777797 
314.00163596192135 204.0 283.0 372.0 5.0 1001.5583032103391 883.3111111111117 14232.777777777797 
315.00163596192135 204.0 285.0 377.0 2.0 988.4846951115275 870.8222222222221 14232.777777777797 
316.00163596192135 206.0 286.0 378.0 5.0 976.7184478225968 870.8222222222221 14232.777777777797 
317.00163596192135 209.0 288.0 378.0 13.0 966.1288252625592 870.8222222222221 14232.777777777797 
318.00163596192135 209.0 291.0 381.0 7.0 954.7248316251925 852.088888888889 14232.777777777797 
319.00163596192135 211.0 296.0 381.0 3.0 944.4612373515617 852.088888888889 14232.777777777797 
320.00163596192135 213.0 299.0 382.0 2.0 935.2240025052947 852.088888888889 14232.777777777797 
321.00163596192135 214.0 305.0 384.0 4.0 923.3890096621727 816.8740740740736 14232.777777777797 
322.00163596192135 217.0 309.0 384.0 8.0 914.4982568441034 834.4814814814813 14232.777777777797 
323.00163596192135 220.0 313.0 385.0 9.0 905.8721348633968 828.2370370370369 14232.777777777797 
324.00163596192135 223.0 317.0 384.0 6.0 898.1086250807612 828.2370370370369 14232.777777777797 
325.00163596192135 226.0 319.0 384.0 5.0 891.1214662763886 828.2370370370369 14232.777777777797 
326.00163596192135 227.0 324.0 389.0 4.0 880.9996900191201 789.9037037037035 14232.777777777797 
327.00163596192135 229.0 327.0 392.0 13.0 871.8900913875785 789.9037037037035 14232.777777777797 
328.00163596192135 232.0 329.0 396.0 4.0 863.6914526191912 789.9037037037035 14232.777777777797 
329.00163596192135 236.0 335.0 395.0 5.0 856.3126777276423 789.9037037037035 14232.777777777797 
330.00163596192135 237.0 336.0 394.0 7.0 849.6717803252486 789.9037037037035 14232.777777777797 
331.00163596192135 241.0 337.0 400.0 5.0 843.6949726630941 789.9037037037035 14232.777777777797 
332.00163596192135 244.0 338.0 401.0 10.0 838.315845767155 789.9037037037035 14232.777777777797 
333.00163596192135 245.0 340.0 407.0 4.0 833.1620389682172 786.7777777777782 14232.777777777797 
334.00163596192135 247.0 344.0 411.0 1.0 830.2843535899138 804.3851851851848 14232.777777777797 
335.00163596192135 247.0 347.0 413.0 6.0 827.6944367494413 804.3851851851848 14232.777777777797 
336.00163596192135 248.0 350.0 419.0 17.0 825.3516597411636 804.2666666666669 14232.777777777797 
337.00163596192135 251.0 355.0 421.0 4.0 825.0039011744545 821.8740740740739 14232.777777777797 
338.00163596192135 253.0 355.0 425.0 12.0 828.212399945898 857.0888888888887 14232.777777777797 
339.00163596192135 254.0 359.0 430.0 1.0 831.0889377290861 856.9777777777776 14232.777777777797 
340.00163596192135 255.0 364.0 431.0 2.0 832.4289328450664 844.4888888888888 14232.777777777797 
341.00163596192135 259.0 367.0 432.0 1.0 837.1571506716709 879.7111111111111 14232.777777777797 
342.00163596192135 262.0 368.0 432.0 1.0 835.6058800489483 821.6444444444445 14232.777777777797 
343.00163596192135 265.0 370.0 435.0 5.0 837.2082550070163 851.6296296296297 14232.777777777797 
344.00163596192135 269.0 376.0 440.0 2.0 833.3681702470556 798.8074074074077 14232.777777777797 
345.00163596192135 270.0 379.0 442.0 1.0 829.9120939630907 798.8074074074077 14232.777777777797 
346.00163596192135 270.0 386.0 449.0 1.0 821.8519956778928 749.3111111111116 14232.777777777797 
347.00163596192135 272.0 389.0 451.0 4.0 814.5979072212147 749.3111111111116 14232.777777777797 
348.00163596192135 273.0 393.0 452.0 10.0 808.0692276102043 749.3111111111116 14232.777777777797 
349.00163596192135 274.0 396.0 454.0 8.0 800.6326752195542 733.7037037037034 14232.777777777797 
350.00163596192135 274.0 399.0 458.0 11.0 793.3153336235247 727.4592592592589 14232.777777777797 
351.00163596192135 274.0 403.0 464.0 1.0 786.729726187098 727.4592592592589 14232.777777777797 
352.00163596192135 274.0 404.0 469.0 1.0 780.8026794943142 727.4592592592589 14232.777777777797 
353.00163596192135 276.0 405.0 471.0 1.0 775.4683374708088 727.4592592592589 14232.777777777797 
354.00163596192135 276.0 408.0 475.0 13.0 770.667429649654 727.4592592592589 14232.777777777797 
355.00163596192135 276.0 414.0 481.0 6.0 766.3466126106146 727.4592592592589 14232.777777777797 
356.00163596192135 280.0 421.0 480.0 5.0 762.4578772754787 727.4592592592589 14232.777777777797 
357.00163596192135 282.0 424.0 479.0 1.0 757.7091265849681 714.97037037037 14232.777777777797 
358.00163596192135 284.0 427.0 485.0 5.0 753.4352509635082 714.97037037037 14232.777777777797 
359.00163596192135 286.0 430.0 492.0 6.0 749.5887629041945 714.97037037037 14232.777777777797 
360.00163596192135 287.0 437.0 496.0 8.0 746.126923650812 714.97037037037 14232.777777777797 
361.00163596192135 287.0 440.0 501.0 6.0 739.576453507953 680.6222222222225 14232.777777777797 
362.00163596192135 288.0 443.0 506.0 1.0 733.68103037938 680.6222222222225 14232.777777777797 
363.00163596192135 288.0 448.0 510.0 7.0 728.3751495636642 680.6222222222225 14232.777777777797 
364.00163596192135 289.0 454.0 514.0 12.0 723.5998568295201 680.6222222222225 14232.777777777797 
365.00163596192135 290.0 456.0 522.0 6.0 717.4287600354569 661.8888888888888 14232.777777777797 
366.00163596192135 292.0 461.0 526.0 1.0 710.6258840319113 649.4 14232.777777777797 
367.00163596192135 292.0 466.0 536.0 12.0 704.5032956287201 649.4 14232.777777777797 
368.00163596192135 294.0 469.0 540.0 5.0 697.7440771769592 636.911111111111 14232.777777777797 
369.00163596192135 296.0 476.0 543.0 2.0 691.6607805703743 636.911111111111 14232.777777777797 
370.00163596192135 298.0 481.0 546.0 1.0 684.9369247355592 624.4222222222221 14232.777777777797 
371.00163596192135 298.0 487.0 549.0 6.0 678.8854544842255 624.4222222222221 14232.777777777797 
372.00163596192135 301.0 489.0 550.0 13.0 673.4391312580252 624.4222222222221 14232.777777777797 
373.00163596192135 302.0 497.0 554.0 6.0 668.537440354445 624.4222222222221 14232.777777777797 
374.00163596192135 304.0 501.0 557.0 3.0 664.1259185412225 624.4222222222221 14232.777777777797 
375.00163596192135 308.0 504.0 557.0 3.0 660.1555489093226 624.4222222222221 14232.777777777797 
376.00163596192135 311.0 512.0 558.0 14.0 656.5822162406128 624.4222222222221 14232.777777777797 
377.00163596192135 313.0 517.0 565.0 8.0 652.1173279498846 611.9333333333332 14232.777777777797 
378.00163596192135 317.0 521.0 564.0 5.0 648.0989284882295 611.9333333333332 14232.777777777797 
379.00163596192135 319.0 526.0 568.0 2.0 644.48236897274 611.9333333333332 14232.777777777797 
380.00163596192135 321.0 531.0 574.0 1.0 639.9785765199105 599.4444444444442 14232.777777777797 
381.00163596192135 323.0 533.0 580.0 19.0 637.6859040531044 617.051851851852 14232.777777777797 
382.00163596192135 324.0 540.0 587.0 7.0 637.0706469811274 631.5333333333336 14232.777777777797 
383.00163596192135 326.0 545.0 592.0 6.0 636.516915616348 631.5333333333336 14232.777777777797 
384.00163596192135 326.0 553.0 598.0 3.0 635.0822610917503 622.1703703703704 14232.777777777797 
385.00163596192135 326.0 555.0 609.0 2.0 633.7910720196123 622.1703703703704 14232.777777777797 
386.00163596192135 328.0 563.0 615.0 1.0 632.6290018546882 622.1703703703704 14232.777777777797 
387.00163596192135 328.0 569.0 618.0 2.0 628.061657224775 586.9555555555554 14232.777777777797 
388.00163596192135 328.0 577.0 626.0 10.0 623.9510470578529 586.9555555555554 14232.777777777797 
389.00163596192135 331.0 583.0 629.0 11.0 620.2514979076233 586.9555555555554 14232.777777777797 
390.00163596192135 332.0 589.0 630.0 4.0 614.111533302046 558.8518518518517 14232.777777777797 
391.00163596192135 333.0 598.0 636.0 1.0 608.5855651570266 558.8518518518517 14232.777777777797 
392.00163596192135 336.0 605.0 644.0 9.0 602.3633049376202 546.3629629629629 14232.777777777797 
393.00163596192135 339.0 610.0 645.0 9.0 596.450678147562 543.2370370370369 14232.777777777797 
394.00163596192135 341.0 616.0 649.0 14.0 591.1293140365095 543.2370370370369 14232.777777777797 
395.00163596192135 343.0 620.0 650.0 4.0 586.3400863365623 543.2370370370369 14232.777777777797 
396.00163596192135 343.0 623.0 653.0 1.0 582.0297814066096 543.2370370370369 14232.777777777797 
397.00163596192135 345.0 631.0 659.0 1.0 578.1505069696525 543.2370370370369 14232.777777777797 
398.00163596192135 346.0 634.0 659.0 9.0 573.4102710875021 530.7481481481482 14232.777777777797 
399.00163596192135 347.0 640.0 669.0 9.0 569.1440587935666 530.7481481481482 14232.777777777797 
400.00163596192135 349.0 641.0 674.0 8.0 562.4940973586545 502.64444444444456 14232.777777777797 
401.00163596192135 350.0 646.0 677.0 2.0 556.5091320672335 502.64444444444456 14232.777777777797 
402.00163596192135 353.0 653.0 675.0 1.0 550.4982188605102 496.40000000000015 14232.777777777797 
403.00163596192135 354.0 657.0 681.0 3.0 544.4639525300147 490.1555555555558 14232.777777777797 
404.00163596192135 356.0 659.0 680.0 9.0 539.0331128325688 490.1555555555558 14232.777777777797 
405.00163596192135 358.0 659.0 681.0 4.0 532.5727645122748 474.4296296296297 14232.777777777797 
406.00163596192135 362.0 659.0 680.0 2.0 526.7584510240104 474.4296296296297 14232.777777777797 
407.00163596192135 364.0 659.0 679.0 1.0 521.5255688845723 474.4296296296297 14232.777777777797 
408.00163596192135 364.0 659.0 679.0 13.0 516.8159749590781 474.4296296296297 14232.777777777797 
409.00163596192135 367.0 659.0 677.0 3.0 513.8143774631703 486.80000000000007 14232.777777777797 
410.00163596192135 367.0 659.0 677.0 1.0 509.8640508279644 474.3111111111113 14232.777777777797 
411.00163596192135 370.0 659.0 674.0 1.0 506.308756856279 474.3111111111113 14232.777777777797 
412.00163596192135 370.0 660.0 674.0 11.0 504.34677005954006 486.6888888888887 14232.777777777797 
413.00163596192135 372.0 660.0 673.0 1.0 502.5809819424749 486.6888888888887 14232.777777777797 
414.00163596192135 373.0 660.0 672.0 13.0 500.9917726371163 486.6888888888887 14232.777777777797 
415.00163596192135 376.0 660.0 669.0 2.0 498.0000027808121 471.0740740740741 14232.777777777797 
416.00163596192135 377.0 660.0 669.0 2.0 494.0585210212494 458.58518518518514 14232.777777777797 
417.00163596192135 379.0 660.0 667.0 1.0 489.27415040060595 446.2148148148148 14232.777777777797 
418.00163596192135 379.0 660.0 669.0 1.0 486.7289575827677 463.8222222222222 14232.777777777797 
419.00163596192135 379.0 660.0 669.0 11.0 484.4382840467131 463.8222222222222 14232.777777777797 
420.00163596192135 381.0 660.0 667.0 7.0 482.376677864264 463.8222222222222 14232.777777777797 
421.00163596192135 382.0 660.0 666.0 1.0 480.5212323000598 463.8222222222222 14232.777777777797 
422.00163596192135 384.0 660.0 665.0 1.0 476.3765164774613 439.074074074074 14232.777777777797 
423.00163596192135 385.0 660.0 665.0 10.0 472.64627223712256 439.074074074074 14232.777777777797 
424.00163596192135 387.0 660.0 663.0 3.0 469.2890524208177 439.074074074074 14232.777777777797 
425.00163596192135 390.0 660.0 660.0 2.0 466.2675545861434 439.074074074074 14232.777777777797 
426.00163596192135 393.0 660.0 657.0 7.0 462.29931764604754 426.5851851851851 14232.777777777797 
427.00163596192135 395.0 661.0 655.0 3.0 460.4886451407021 444.1925925925924 14232.777777777797 
428.00163596192135 396.0 661.0 655.0 1.0 455.33755840440966 408.97777777777765 14232.777777777797 
429.00163596192135 396.0 661.0 655.0 1.0 450.7015803417464 408.97777777777765 14232.777777777797 
430.00163596192135 400.0 661.0 652.0 6.0 446.5292000853496 408.97777777777765 14232.777777777797 
431.00163596192135 404.0 661.0 649.0 8.0 443.08590970644434 412.0962962962961 14232.777777777797 
432.00163596192135 405.0 661.0 648.0 5.0 439.9869483654295 412.0962962962961 14232.777777777797 
433.00163596192135 407.0 661.0 646.0 5.0 437.1978831585161 412.0962962962961 14232.777777777797 
434.00163596192135 410.0 661.0 644.0 1.0 434.6877244722942 412.0962962962961 14232.777777777797 
435.00163596192135 413.0 661.0 641.0 1.0 432.1159890621018 408.9703703703701 14232.777777777797 
436.00163596192135 416.0 661.0 639.0 6.0 430.1021679336695 411.97777777777765 14232.777777777797 
437.00163596192135 416.0 661.0 639.0 9.0 428.28972891808036 411.97777777777765 14232.777777777797 
438.00163596192135 416.0 661.0 639.0 1.0 425.0970523225686 396.36296296296285 14232.777777777797 
439.00163596192135 419.0 661.0 636.0 1.0 422.223643386608 396.36296296296285 14232.777777777797 
440.00163596192135 419.0 661.0 636.0 15.0 419.63757534424343 396.36296296296285 14232.777777777797 
441.00163596192135 421.0 661.0 634.0 5.0 416.9975215135229 393.23703703703694 14232.777777777797 
442.00163596192135 422.0 661.0 633.0 2.0 413.37258417698547 380.7481481481482 14232.777777777797 
443.00163596192135 425.0 661.0 630.0 1.0 410.1101405741017 380.7481481481482 14232.777777777797 
444.00163596192135 427.0 661.0 628.0 11.0 407.17394133150634 380.7481481481482 14232.777777777797 
445.00163596192135 428.0 661.0 628.0 8.0 404.53136201317045 380.7481481481482 14232.777777777797 
446.00163596192135 431.0 661.0 625.0 6.0 401.42785544148313 373.49629629629624 14232.777777777797 
447.00163596192135 435.0 661.0 621.0 1.0 399.14655137881635 378.6148148148147 14232.777777777797 
448.00163596192135 438.0 661.0 618.0 7.0 397.40597031500874 381.74074074074065 14232.777777777797 
449.00163596192135 440.0 661.0 616.0 5.0 395.83944735758195 381.74074074074065 14232.777777777797 
450.00163596192135 444.0 661.0 612.0 5.0 395.877724844046 396.22222222222206 14232.777777777797 
451.00163596192135 444.0 661.0 613.0 1.0 397.67365606334516 413.837037037037 14232.777777777797 
452.00163596192135 444.0 661.0 613.0 10.0 392.2462904570106 343.4000000000001 14232.777777777797 
453.00163596192135 446.0 661.0 611.0 4.0 387.3616614113096 343.4000000000001 14232.777777777797 
454.00163596192135 448.0 661.0 609.0 9.0 382.9654952701786 343.4000000000001 14232.777777777797 
455.00163596192135 452.0 661.0 605.0 10.0 379.0089457431608 343.4000000000001 14232.777777777797 
456.00163596192135 452.0 661.0 605.0 1.0 375.4480511688447 343.4000000000001 14232.777777777797 
457.00163596192135 453.0 661.0 604.0 4.0 370.99435716307136 330.91111111111115 14232.777777777797 
458.00163596192135 455.0 661.0 602.0 17.0 367.29862515046796 334.03703703703707 14232.777777777797 
459.00163596192135 458.0 661.0 599.0 3.0 363.0361700428286 324.6740740740741 14232.777777777797 
460.00163596192135 461.0 661.0 597.0 5.0 357.9510715570642 312.1851851851852 14232.777777777797 
461.00163596192135 462.0 661.0 596.0 1.0 353.37448291987636 312.1851851851852 14232.777777777797 
462.00163596192135 465.0 661.0 593.0 3.0 349.25555314640724 312.1851851851852 14232.777777777797 
463.00163596192135 466.0 661.0 592.0 10.0 345.54851635028507 312.1851851851852 14232.777777777797 
464.00163596192135 467.0 661.0 591.0 6.0 342.2121832337751 312.1851851851852 14232.777777777797 
465.00163596192135 467.0 661.0 591.0 1.0 339.2094834289161 312.1851851851852 14232.777777777797 
466.00163596192135 468.0 661.0 590.0 1.0 335.2581647156541 299.6962962962963 14232.777777777797 
467.00163596192135 469.0 661.0 589.0 1.0 331.70197787371836 299.6962962962963 14232.777777777797 
468.00163596192135 469.0 661.0 589.0 11.0 328.5014097159762 299.6962962962963 14232.777777777797 
469.00163596192135 470.0 661.0 588.0 1.0 325.62089837400816 299.6962962962963 14232.777777777797 
470.00163596192135 472.0 661.0 586.0 1.0 323.54029001808885 304.8148148148148 14232.777777777797 
471.00163596192135 474.0 661.0 584.0 7.0 321.6677424977615 304.8148148148148 14232.777777777797 
472.00163596192135 477.0 661.0 581.0 7.0 319.9824497294668 304.8148148148148 14232.777777777797 
473.00163596192135 477.0 661.0 581.0 6.0 317.2167973491127 292.32592592592596 14232.777777777797 
474.00163596192135 478.0 661.0 580.0 4.0 316.48845094753483 309.9333333333334 14232.777777777797 
475.00163596192135 478.0 661.0 580.0 1.0 315.8329391861147 309.9333333333334 14232.777777777797 
476.00163596192135 479.0 661.0 579.0 1.0 315.2429786008365 309.9333333333334 14232.777777777797 
477.00163596192135 481.0 661.0 577.0 1.0 314.71201407408626 309.9333333333334 14232.777777777797 
478.00163596192135 481.0 661.0 577.0 1.0 310.7126645185295 274.7185185185183 14232.777777777797 
479.00163596192135 484.0 661.0 574.0 10.0 307.11324991852837 274.7185185185183 14232.777777777797 
480.00163596192135 485.0 661.0 573.0 12.0 303.87377677852743 274.7185185185183 14232.777777777797 
481.00163596192135 487.0 661.0 571.0 5.0 300.9582509525266 274.7185185185183 14232.777777777797 
482.00163596192135 488.0 661.0 570.0 1.0 297.08538882023686 262.2296296296295 14232.777777777797 
483.00163596192135 492.0 661.0 566.0 1.0 293.59981290117616 262.2296296296295 14232.777777777797 
484.00163596192135 492.0 661.0 566.0 19.0 290.46279457402153 262.2296296296295 14232.777777777797 
485.00163596192135 492.0 661.0 566.0 2.0 287.6394780795824 262.2296296296295 14232.777777777797 
486.00163596192135 492.0 661.0 566.0 1.0 285.4103450864389 265.348148148148 14232.777777777797 
487.00163596192135 494.0 661.0 565.0 1.0 282.46782909631355 255.98518518518503 14232.777777777797 
488.00163596192135 495.0 661.0 564.0 20.0 279.8195647052008 255.98518518518503 14232.777777777797 
489.00163596192135 499.0 661.0 560.0 5.0 277.4361267531991 255.98518518518503 14232.777777777797 
490.00163596192135 501.0 661.0 558.0 14.0 275.29103259639777 255.98518518518503 14232.777777777797 
491.00163596192135 502.0 661.0 559.0 1.0 274.5974848923136 268.35555555555544 14232.777777777797 
492.00163596192135 504.0 661.0 557.0 7.0 272.72440306974886 255.8666666666666 14232.777777777797 
493.00163596192135 505.0 661.0 556.0 9.0 272.2764072072184 268.2444444444444 14232.777777777797 
494.00163596192135 508.0 661.0 553.0 5.0 271.873210930941 268.2444444444444 14232.777777777797 
495.00163596192135 509.0 661.0 552.0 23.0 272.74737131932847 280.61481481481474 14232.777777777797 
496.00163596192135 509.0 661.0 552.0 1.0 273.53411566887706 280.61481481481474 14232.777777777797 
497.00163596192135 510.0 661.0 551.0 1.0 274.2310744723598 280.50370370370376 14232.777777777797 
498.00163596192135 511.0 661.0 550.0 1.0 274.8583373954942 280.50370370370376 14232.777777777797 
499.00163596192135 512.0 661.0 549.0 1.0 275.73546661890776 283.6296296296297 14232.777777777797 
500.00163596192135 513.0 661.0 548.0 1.0 271.5752532903503 234.1333333333334 14232.777777777797 
501.00163596192135 515.0 661.0 546.0 1.0 267.83106129464863 234.1333333333334 14232.777777777797 
502.00163596192135 515.0 661.0 546.0 12.0 264.4612884985171 234.1333333333334 14232.777777777797 
503.00163596192135 517.0 661.0 544.0 8.0 261.4284929819987 234.1333333333334 14232.777777777797 
504.00163596192135 519.0 661.0 542.0 1.0 258.6989770171322 234.1333333333334 14232.777777777797 
505.00163596192135 520.0 661.0 541.0 1.0 256.24241264875235 234.1333333333334 14232.777777777797 
506.00163596192135 523.0 661.0 539.0 1.0 254.03150471721045 234.1333333333334 14232.777777777797 
507.00163596192135 525.0 661.0 537.0 16.0 252.04168757882272 234.1333333333334 14232.777777777797 
508.00163596192135 528.0 661.0 534.0 3.0 250.25085215427384 234.1333333333334 14232.777777777797 
509.00163596192135 530.0 661.0 533.0 11.0 248.63910027217977 234.1333333333334 14232.777777777797 
510.00163596192135 531.0 661.0 532.0 3.0 246.87667172644328 231.01481481481497 14232.777777777797 
511.00163596192135 531.0 661.0 533.0 15.0 244.97789344268787 227.88888888888903 14232.777777777797 
512.0016359619214 532.0 661.0 532.0 9.0 243.268992987308 227.88888888888903 14232.777777777797 
513.0016359619214 532.0 661.0 532.0 1.0 241.73098257746608 227.88888888888903 14232.777777777797 
514.0016359619214 532.0 661.0 532.0 1.0 239.0978843197195 215.4000000000001 14232.777777777797 
515.0016359619214 533.0 661.0 531.0 1.0 236.72809588774757 215.4000000000001 14232.777777777797 
516.0016359619214 535.0 661.0 530.0 1.0 234.59528629897278 215.4000000000001 14232.777777777797 
517.0016359619214 536.0 661.0 529.0 19.0 232.67575766907552 215.4000000000001 14232.777777777797 
518.0016359619214 536.0 661.0 530.0 1.0 230.94818190216802 215.4000000000001 14232.777777777797 
519.0016359619214 538.0 661.0 529.0 1.0 229.39336371195122 215.4000000000001 14232.777777777797 
520.0016359619214 541.0 661.0 527.0 1.0 226.7451384518672 202.91111111111107 14232.777777777797 
521.0016359619214 543.0 661.0 525.0 16.0 224.36173571779162 202.91111111111107 14232.777777777797 
522.0016359619214 544.0 661.0 527.0 5.0 222.21667325712357 202.91111111111107 14232.777777777797 
523.0016359619214 545.0 661.0 526.0 2.0 220.2861170425223 202.91111111111107 14232.777777777797 
524.0016359619214 545.0 661.0 526.0 1.0 217.9241720049368 196.66666666666663 14232.777777777797 
525.0016359619214 547.0 661.0 524.0 6.0 215.1739770266653 190.4222222222221 14232.777777777797 
526.0016359619214 548.0 661.0 523.0 4.0 212.69880154622103 190.4222222222221 14232.777777777797 
527.0016359619214 550.0 661.0 521.0 14.0 209.2222547249323 177.9333333333333 14232.777777777797 
528.0016359619214 550.0 661.0 522.0 1.0 205.78076999317983 174.80740740740737 14232.777777777797 
529.0016359619214 551.0 661.0 521.0 1.0 202.68343373460257 174.80740740740737 14232.777777777797 
530.0016359619214 552.0 661.0 520.0 1.0 199.8958311018831 174.80740740740737 14232.777777777797 
531.0016359619214 554.0 661.0 518.0 7.0 197.38698873243553 174.80740740740737 14232.777777777797 
532.0016359619214 555.0 661.0 517.0 1.0 195.12903059993272 174.80740740740737 14232.777777777797 
533.0016359619214 555.0 661.0 517.0 1.0 191.84797939179128 162.31851851851857 14232.777777777797 
534.0016359619214 556.0 661.0 516.0 1.0 188.89503330446405 162.31851851851857 14232.777777777797 
535.0016359619214 557.0 661.0 515.0 14.0 188.7121966406843 187.06666666666672 14232.777777777797 
536.0016359619214 558.0 661.0 514.0 6.0 188.54764364328256 187.06666666666672 14232.777777777797 
537.0016359619214 559.0 661.0 513.0 3.0 188.39954594562099 187.06666666666672 14232.777777777797 
538.0016359619214 559.0 661.0 513.0 2.0 189.5032950547626 199.43703703703704 14232.777777777797 
539.0016359619214 562.0 661.0 510.0 1.0 189.87222480854564 193.19259259259263 14232.777777777797 
540.0016359619214 563.0 661.0 509.0 2.0 190.81759492028365 199.32592592592604 14232.777777777797 
541.0016359619214 564.0 661.0 508.0 1.0 191.04398357640346 193.08148148148152 14232.777777777797 
542.0016359619214 566.0 661.0 506.0 1.0 190.00995558913348 180.70370370370378 14232.777777777797 
543.0016359619214 567.0 661.0 505.0 1.0 185.36747854873866 143.58518518518514 14232.777777777797 
544.0016359619214 568.0 661.0 504.0 5.0 181.18924921238334 143.58518518518514 14232.777777777797 
545.0016359619214 569.0 661.0 503.0 9.0 177.42884280966354 143.58518518518514 14232.777777777797 
546.0016359619214 570.0 661.0 502.0 1.0 174.0444770472157 143.58518518518514 14232.777777777797 
547.0016359619214 571.0 661.0 501.0 1.0 170.99854786101267 143.58518518518514 14232.777777777797 
548.0016359619214 572.0 661.0 500.0 12.0 168.25721159342993 143.58518518518514 14232.777777777797 
549.0016359619214 573.0 661.0 499.0 5.0 165.79000895260546 143.58518518518514 14232.777777777797 
550.0016359619214 573.0 661.0 499.0 1.0 163.56952657586345 143.58518518518514 14232.777777777797 
551.0016359619214 574.0 661.0 498.0 1.0 161.57109243679562 143.58518518518514 14232.777777777797 
552.0016359619214 574.0 661.0 498.0 1.0 160.59620541533832 151.82222222222222 14232.777777777797 
553.0016359619214 575.0 661.0 497.0 1.0 159.40695524417487 148.70370370370375 14232.777777777797 
554.0016359619214 576.0 661.0 496.0 12.0 158.33663009012776 148.70370370370375 14232.777777777797 
555.0016359619214 576.0 661.0 497.0 4.0 159.1340781922261 166.3111111111111 14232.777777777797 
556.0016359619214 579.0 661.0 494.0 4.0 159.8517814841146 166.3111111111111 14232.777777777797 
557.0016359619214 580.0 661.0 493.0 2.0 159.8725292616291 160.05925925925922 14232.777777777797 
558.0016359619214 582.0 661.0 491.0 2.0 161.340091150281 174.54814814814804 14232.777777777797 
559.0016359619214 582.0 661.0 491.0 1.0 159.13941536858624 139.33333333333331 14232.777777777797 
560.0016359619214 582.0 661.0 491.0 5.0 158.91954790580172 156.94074074074078 14232.777777777797 
561.0016359619214 582.0 661.0 491.0 17.0 158.72166718929563 156.94074074074078 14232.777777777797 
562.0016359619214 583.0 661.0 491.0 3.0 158.54357454444016 156.94074074074078 14232.777777777797 
563.0016359619214 585.0 661.0 489.0 2.0 156.62255042332947 139.33333333333331 14232.777777777797 
564.0016359619214 587.0 661.0 487.0 1.0 154.26918426988541 133.08888888888885 14232.777777777797 
565.0016359619214 588.0 661.0 486.0 1.0 154.22448806511912 153.82222222222222 14232.777777777797 
566.0016359619214 588.0 661.0 486.0 3.0 154.18426148082943 153.82222222222222 14232.777777777797 
567.0016359619214 588.0 661.0 486.0 2.0 150.62657607348726 118.60740740740742 14232.777777777797 
568.0016359619214 590.0 661.0 485.0 1.0 147.42465920687928 118.60740740740742 14232.777777777797 
569.0016359619214 590.0 661.0 485.0 1.0 144.5429340269321 118.60740740740742 14232.777777777797 
570.0016359619214 590.0 661.0 485.0 2.0 141.94938136497964 118.60740740740742 14232.777777777797 
571.0016359619214 593.0 661.0 482.0 9.0 141.3759247099632 136.2148148148148 14232.777777777797 
572.0016359619214 593.0 661.0 482.0 3.0 144.38129520192982 171.42962962962955 14232.777777777797 
573.0016359619214 593.0 661.0 482.0 2.0 148.53501753358873 185.9185185185185 14232.777777777797 
574.0016359619214 593.0 661.0 482.0 1.0 152.2733676320817 185.9185185185185 14232.777777777797 
575.0016359619214 595.0 661.0 480.0 1.0 155.6378827207254 185.9185185185185 14232.777777777797 
576.0016359619214 596.0 661.0 480.0 1.0 155.14446481902326 150.70370370370375 14232.777777777797 
577.0016359619214 597.0 661.0 479.0 2.0 154.7003887074913 150.70370370370375 14232.777777777797 
578.0016359619214 598.0 661.0 478.0 1.0 154.30072020711253 150.70370370370375 14232.777777777797 
579.0016359619214 599.0 661.0 477.0 1.0 155.7017592975124 168.3111111111111 14232.777777777797 
580.0016359619214 600.0 661.0 476.0 1.0 158.72343521961304 185.9185185185185 14232.777777777797 
581.0016359619214 600.0 661.0 476.0 1.0 163.20442503098508 203.53333333333313 14232.777777777797 
582.0016359619214 606.0 661.0 470.0 1.0 161.95435289825696 150.70370370370375 14232.777777777797 
583.0016359619214 606.0 661.0 470.0 1.0 162.59002871954237 168.3111111111111 14232.777777777797 
584.0016359619214 606.0 661.0 470.0 17.0 163.16213695869928 168.3111111111111 14232.777777777797 
585.0016359619214 607.0 661.0 469.0 3.0 163.67703437394047 168.3111111111111 14232.777777777797 
586.0016359619214 608.0 661.0 468.0 1.0 165.37747908469458 180.68148148148143 14232.777777777797 
587.0016359619214 609.0 661.0 467.0 1.0 167.2197311762251 183.7999999999999 14232.777777777797 
588.0016359619214 609.0 661.0 467.0 1.0 168.87775805860264 183.7999999999999 14232.777777777797 
589.0016359619214 612.0 661.0 465.0 10.0 172.13072299348312 201.40740740740722 14232.777777777797 
590.0016359619214 612.0 661.0 465.0 1.0 176.8191321756163 219.01481481481497 14232.777777777797 
591.0016359619214 612.0 661.0 465.0 1.0 182.27647821731392 231.39259259259273 14232.777777777797 
592.0016359619214 613.0 661.0 464.0 1.0 187.1880896548418 231.39259259259273 14232.777777777797 
593.0016359619214 613.0 661.0 464.0 1.0 191.6085399486169 231.39259259259273 14232.777777777797 
594.0016359619214 614.0 661.0 463.0 4.0 195.58694521301447 231.39259259259273 14232.777777777797 
595.0016359619214 614.0 661.0 463.0 13.0 198.64380624726857 226.15555555555582 14232.777777777797 
596.0016359619214 614.0 661.0 464.0 4.0 201.39498117809723 226.15555555555582 14232.777777777797 
597.0016359619214 617.0 661.0 461.0 1.0 205.10881639362088 238.53333333333327 14232.777777777797 
598.0016359619214 617.0 661.0 461.0 1.0 211.97274956907364 273.7481481481482 14232.777777777797 
599.0016359619214 617.0 661.0 461.0 1.0 219.3880672047589 286.1259259259259 14232.777777777797 
600.0016359619214 618.0 661.0 461.0 1.0 229.05963085465336 316.1037037037036 14232.777777777797 
#####################################################################
# End of data export. Simulation finished at: 2020-01-28T19:29+0000 #
#####################################################################
