#####################################################################
# Alchemist log file - simulation started at: 2020-02-20T23:57+0000 #
#####################################################################
# longseed = 92.0, meanTaskSize = 10000, peakFrequency = 0.003
#
# The columns have the following meaning: 
# time done[Sum] drop[Sum] waiting[Sum] isLeader[Sum] capacity[Mean] freeCapacity[Mean] maxCapacity[Mean] 
0.0 NaN 0.0 NaN NaN NaN NaN NaN 
1.004183292222383 0.0 0.0 0.0 135.0 14232.777777777797 14232.777777777797 14232.777777777797 
2.004183292222383 0.0 0.0 0.0 135.0 14232.777777777797 14232.777777777797 14232.777777777797 
3.004183292222383 0.0 0.0 0.0 135.0 14232.777777777797 14232.777777777797 14232.777777777797 
4.004183292222383 0.0 0.0 0.0 135.0 14232.777777777797 14232.777777777797 14232.777777777797 
5.004183292222383 0.0 0.0 0.0 135.0 14232.777777777797 14232.777777777797 14232.777777777797 
6.004183292222383 0.0 0.0 0.0 135.0 14232.777777777797 14232.777777777797 14232.777777777797 
7.004183292222383 0.0 0.0 0.0 135.0 14232.777777777797 14232.777777777797 14232.777777777797 
8.004183292222383 0.0 0.0 0.0 135.0 14232.777777777797 14232.777777777797 14232.777777777797 
9.004183292222383 0.0 0.0 0.0 135.0 14232.777777777797 14232.777777777797 14232.777777777797 
10.004183292222383 0.0 0.0 0.0 135.0 14232.777777777797 14232.777777777797 14232.777777777797 
11.004183292222383 0.0 0.0 0.0 135.0 14232.777777777797 14232.777777777797 14232.777777777797 
12.004183292222383 0.0 0.0 0.0 135.0 14232.777777777797 14232.777777777797 14232.777777777797 
13.004183292222383 0.0 0.0 0.0 135.0 14232.777777777797 14232.777777777797 14232.777777777797 
14.004183292222383 0.0 0.0 0.0 135.0 14232.777777777797 14232.777777777797 14232.777777777797 
15.004183292222383 0.0 0.0 0.0 135.0 14232.777777777797 14232.777777777797 14232.777777777797 
16.004183292222383 0.0 0.0 0.0 135.0 14232.777777777797 14232.777777777797 14232.777777777797 
17.004183292222383 0.0 0.0 0.0 135.0 14232.777777777797 14232.777777777797 14232.777777777797 
18.004183292222383 0.0 0.0 1.0 135.0 14232.777777777797 14232.777777777797 14232.777777777797 
19.004183292222383 0.0 0.0 1.0 135.0 14232.465185185178 14229.651851851839 14232.777777777797 
20.004183292222383 0.0 0.0 1.0 135.0 14232.183851851856 14229.651851851839 14232.777777777797 
21.004183292222383 0.0 0.0 1.0 135.0 14231.930651851853 14229.651851851839 14232.777777777797 
22.004183292222383 0.0 0.0 3.0 135.0 14231.702771851888 14229.651851851839 14232.777777777797 
23.004183292222383 0.0 0.0 3.0 135.0 14230.872494666657 14223.400000000001 14232.777777777797 
24.004183292222383 0.0 0.0 3.0 134.0 14230.125245199997 14223.400000000001 14232.777777777797 
25.004183292222383 0.0 0.0 3.0 134.0 14229.452720679978 14223.400000000001 14232.777777777797 
26.004183292222383 0.0 0.0 3.0 134.0 14228.847448611994 14223.400000000001 14232.777777777797 
27.004183292222383 0.0 0.0 3.0 134.0 14228.30270375081 14223.400000000001 14232.777777777797 
28.004183292222383 0.0 0.0 3.0 132.0 14227.812433375702 14223.400000000001 14232.777777777797 
29.004183292222383 0.0 0.0 3.0 132.0 14227.371190038157 14223.400000000001 14232.777777777797 
30.004183292222383 0.0 0.0 3.0 132.0 14226.974071034343 14223.400000000001 14232.777777777797 
31.004183292222383 0.0 0.0 3.0 132.0 14226.61666393088 14223.400000000001 14232.777777777797 
32.00418329222238 0.0 0.0 3.0 132.0 14226.294997537801 14223.400000000001 14232.777777777797 
33.00418329222238 0.0 0.0 3.0 132.0 14226.00549778403 14223.400000000001 14232.777777777797 
34.00418329222238 0.0 0.0 4.0 132.0 14225.744948005626 14223.400000000001 14232.777777777797 
35.00418329222238 0.0 0.0 4.0 132.0 14225.19786061248 14220.274074074052 14232.777777777797 
36.00418329222238 0.0 0.0 4.0 132.0 14224.705481958665 14220.274074074052 14232.777777777797 
37.00418329222238 0.0 0.0 4.0 132.0 14224.26234117017 14220.274074074052 14232.777777777797 
38.00418329222238 0.0 0.0 4.0 132.0 14223.86351446053 14220.274074074052 14232.777777777797 
39.00418329222238 0.0 0.0 4.0 132.0 14223.504570421917 14220.274074074052 14232.777777777797 
40.00418329222238 0.0 0.0 4.0 131.0 14223.181520787124 14220.274074074052 14232.777777777797 
41.00418329222238 0.0 0.0 4.0 131.0 14222.89077611581 14220.274074074052 14232.777777777797 
42.00418329222238 0.0 0.0 4.0 131.0 14222.62910591164 14220.274074074052 14232.777777777797 
43.00418329222238 0.0 0.0 4.0 131.0 14222.39360272788 14220.274074074052 14232.777777777797 
44.00418329222238 0.0 0.0 5.0 131.0 14222.181649862487 14220.274074074052 14232.777777777797 
45.00418329222238 0.0 0.0 5.0 131.0 14221.678299691086 14217.14814814815 14232.777777777797 
46.00418329222238 0.0 0.0 5.0 131.0 14221.225284536755 14217.14814814815 14232.777777777797 
47.00418329222238 0.0 0.0 5.0 131.0 14220.817570897929 14217.14814814815 14232.777777777797 
48.00418329222238 0.0 0.0 5.0 131.0 14220.450628622963 14217.14814814815 14232.777777777797 
49.00418329222238 0.0 0.0 5.0 131.0 14220.120380575469 14217.14814814815 14232.777777777797 
50.00418329222238 0.0 0.0 5.0 130.0 14219.823157332721 14217.14814814815 14232.777777777797 
51.00418329222238 0.0 0.0 5.0 130.0 14219.555656414295 14217.14814814815 14232.777777777797 
52.00418329222238 0.0 0.0 5.0 130.0 14219.314905587658 14217.14814814815 14232.777777777797 
53.00418329222238 0.0 0.0 5.0 130.0 14219.098229843737 14217.14814814815 14232.777777777797 
54.00418329222238 0.0 0.0 5.0 130.0 14218.90322167414 14217.14814814815 14232.777777777797 
55.00418329222238 0.0 0.0 5.0 130.0 14218.727714321536 14217.14814814815 14232.777777777797 
56.00418329222238 0.0 0.0 5.0 130.0 14218.569757704247 14217.14814814815 14232.777777777797 
57.00418329222238 0.0 0.0 6.0 130.0 14218.427596748623 14217.14814814815 14232.777777777797 
58.00418329222238 0.0 0.0 7.0 130.0 14217.987059295969 14214.022222222226 14232.777777777797 
59.00418329222238 0.0 0.0 7.0 130.0 14217.277982996004 14210.896296296318 14232.777777777797 
60.00418329222238 0.0 0.0 7.0 130.0 14216.639814326008 14210.896296296318 14232.777777777797 
61.00418329222238 0.0 0.0 8.0 130.0 14216.065462523056 14210.896296296318 14232.777777777797 
62.00418329222238 0.0 0.0 8.0 130.0 14215.235953307785 14207.77037037036 14232.777777777797 
63.00418329222238 0.0 0.0 8.0 129.0 14214.489395014067 14207.77037037036 14232.777777777797 
64.00418329222238 0.0 0.0 8.0 128.0 14213.817492549677 14207.77037037036 14232.777777777797 
65.00418329222238 0.0 0.0 8.0 128.0 14213.21278033176 14207.77037037036 14232.777777777797 
66.00418329222238 0.0 0.0 8.0 128.0 14212.6685393356 14207.77037037036 14232.777777777797 
67.00418329222238 0.0 0.0 8.0 127.0 14212.178722439076 14207.77037037036 14232.777777777797 
68.00418329222238 0.0 0.0 8.0 127.0 14211.737887232228 14207.77037037036 14232.777777777797 
69.00418329222238 1.0 0.0 8.0 127.0 14211.34113554604 14207.77037037036 14232.777777777797 
70.00418329222238 1.0 0.0 8.0 127.0 14210.98405902846 14207.77037037036 14232.777777777797 
71.00418329222238 1.0 0.0 8.0 127.0 14210.662690162651 14207.77037037036 14232.777777777797 
72.00418329222238 1.0 0.0 9.0 128.0 14210.37345818346 14207.77037037036 14232.777777777797 
73.00418329222238 1.0 0.0 9.0 128.0 14209.800556809512 14204.644444444439 14232.777777777797 
74.00418329222238 1.0 0.0 9.0 128.0 14209.284945573007 14204.644444444439 14232.777777777797 
75.00418329222238 1.0 0.0 9.0 127.0 14208.820895460141 14204.644444444439 14232.777777777797 
76.00418329222238 1.0 0.0 9.0 127.0 14208.403250358622 14204.644444444439 14232.777777777797 
77.00418329222238 1.0 0.0 9.0 127.0 14208.027369767166 14204.644444444439 14232.777777777797 
78.00418329222238 1.0 0.0 9.0 126.0 14207.689077234898 14204.644444444439 14232.777777777797 
79.00418329222238 1.0 0.0 9.0 126.0 14207.384613955854 14204.644444444439 14232.777777777797 
80.00418329222238 1.0 0.0 12.0 126.0 14207.110597004708 14204.644444444439 14232.777777777797 
81.00418329222238 1.0 0.0 12.0 126.0 14205.92620397093 14195.266666666657 14232.777777777797 
82.00418329222238 1.0 0.0 13.0 126.0 14204.860250240477 14195.266666666657 14232.777777777797 
83.00418329222238 1.0 0.0 13.0 126.0 14203.588299290519 14192.140740740746 14232.777777777797 
84.00418329222238 1.0 0.0 13.0 126.0 14202.443543435527 14192.140740740746 14232.777777777797 
85.00418329222238 1.0 0.0 13.0 126.0 14201.413263166038 14192.140740740746 14232.777777777797 
86.00418329222238 1.0 0.0 13.0 123.0 14200.486010923532 14192.140740740746 14232.777777777797 
87.00418329222238 1.0 0.0 13.0 123.0 14199.651483905234 14192.140740740746 14232.777777777797 
88.00418329222238 1.0 0.0 13.0 122.0 14198.900409588774 14192.140740740746 14232.777777777797 
89.00418329222238 1.0 0.0 13.0 122.0 14198.224442704002 14192.140740740746 14232.777777777797 
90.00418329222238 1.0 0.0 15.0 122.0 14197.616072507664 14192.140740740746 14232.777777777797 
91.00418329222238 1.0 0.0 16.0 122.0 14196.443354145798 14185.88888888888 14232.777777777797 
92.00418329222238 1.0 0.0 16.0 122.0 14195.075315027512 14182.76296296296 14232.777777777797 
93.00418329222238 1.0 0.0 17.0 122.0 14193.844079821049 14182.76296296296 14232.777777777797 
94.00418329222238 1.0 0.0 17.0 122.0 14192.42337554265 14179.637037037042 14232.777777777797 
95.00418329222238 1.0 0.0 17.0 122.0 14191.14474169207 14179.637037037042 14232.777777777797 
96.00418329222238 1.0 0.0 17.0 120.0 14189.993971226582 14179.637037037042 14232.777777777797 
97.00418329222238 1.0 0.0 17.0 119.0 14188.95827780766 14179.637037037042 14232.777777777797 
98.00418329222238 1.0 0.0 17.0 119.0 14188.02615373058 14179.637037037042 14232.777777777797 
99.00418329222238 1.0 0.0 18.0 118.0 14187.187242061218 14179.637037037042 14232.777777777797 
100.00418329222238 1.0 0.0 18.0 118.0 14186.119628966193 14176.511111111091 14232.777777777797 
101.00418329222238 1.0 0.0 18.0 118.0 14185.158777180708 14176.511111111091 14232.777777777797 
102.00418329222238 1.0 0.0 18.0 118.0 14184.29401057372 14176.511111111091 14232.777777777797 
103.00418329222238 1.0 0.0 18.0 118.0 14183.515720627456 14176.511111111091 14232.777777777797 
104.00418329222238 1.0 0.0 18.0 118.0 14182.815259675823 14176.511111111091 14232.777777777797 
105.00418329222238 1.0 0.0 18.0 117.0 14182.184844819372 14176.511111111091 14232.777777777797 
106.00418329222238 1.0 0.0 18.0 117.0 14181.617471448546 14176.511111111091 14232.777777777797 
107.00418329222238 1.0 0.0 18.0 117.0 14181.1068354148 14176.511111111091 14232.777777777797 
108.00418329222238 1.0 0.0 18.0 117.0 14180.647262984436 14176.511111111091 14232.777777777797 
109.00418329222238 1.0 0.0 18.0 117.0 14180.233647797095 14176.511111111091 14232.777777777797 
110.00418329222238 1.0 0.0 18.0 117.0 14179.861394128482 14176.511111111091 14232.777777777797 
111.00418329222238 1.0 0.0 18.0 117.0 14179.526365826761 14176.511111111091 14232.777777777797 
112.00418329222238 1.0 0.0 18.0 117.0 14179.224840355197 14176.511111111091 14232.777777777797 
113.00418329222238 1.0 0.0 18.0 117.0 14178.95346743079 14176.511111111091 14232.777777777797 
114.00418329222238 1.0 0.0 18.0 117.0 14178.709231798844 14176.511111111091 14232.777777777797 
115.00418329222238 1.0 0.0 18.0 117.0 14178.489419730044 14176.511111111091 14232.777777777797 
116.00418329222238 1.0 0.0 18.0 117.0 14178.291588868153 14176.511111111091 14232.777777777797 
117.00418329222238 1.0 0.0 18.0 117.0 14178.113541092427 14176.511111111091 14232.777777777797 
118.00418329222238 1.0 0.0 18.0 117.0 14177.953298094324 14176.511111111091 14232.777777777797 
119.00418329222238 1.0 0.0 18.0 117.0 14177.809079395996 14176.511111111091 14232.777777777797 
120.00418329222238 1.0 0.0 18.0 117.0 14177.67928256753 14176.511111111091 14232.777777777797 
121.00418329222238 1.0 0.0 18.0 117.0 14177.562465421875 14176.511111111091 14232.777777777797 
122.00418329222238 1.0 0.0 18.0 117.0 14177.457329990786 14176.511111111091 14232.777777777797 
123.00418329222238 1.0 0.0 18.0 117.0 14177.362708102823 14176.511111111091 14232.777777777797 
124.00418329222238 1.0 0.0 18.0 117.0 14177.277548403617 14176.511111111091 14232.777777777797 
125.00418329222238 1.0 0.0 18.0 117.0 14177.20090467442 14176.511111111091 14232.777777777797 
126.00418329222238 1.0 0.0 18.0 117.0 14177.131925318068 14176.511111111091 14232.777777777797 
127.00418329222238 1.0 0.0 18.0 117.0 14177.06984389738 14176.511111111091 14232.777777777797 
128.00418329222236 1.0 0.0 19.0 117.0 14177.013970618746 14176.511111111091 14232.777777777797 
129.00418329222236 1.0 0.0 20.0 117.0 14176.651092075406 14173.385185185178 14232.777777777797 
130.00418329222236 1.0 0.0 20.0 117.0 14176.011908793756 14170.259259259266 14232.777777777797 
131.00418329222236 1.0 0.0 21.0 117.0 14175.43664384035 14170.259259259266 14232.777777777797 
132.00418329222236 1.0 0.0 21.0 117.0 14174.606312789625 14167.13333333335 14232.777777777797 
133.00418329222236 1.0 0.0 21.0 117.0 14173.859014843969 14167.13333333335 14232.777777777797 
134.00418329222236 1.0 0.0 21.0 116.0 14173.186446692927 14167.13333333335 14232.777777777797 
135.00418329222236 1.0 0.0 22.0 115.0 14172.581135356968 14167.13333333335 14232.777777777797 
136.00418329222236 1.0 0.0 22.0 115.0 14172.036355154616 14167.13333333335 14232.777777777797 
137.00418329222236 1.0 0.0 22.0 114.0 14169.784571491024 14149.518518518522 14232.777777777797 
138.00418329222236 1.0 0.0 22.0 114.0 14167.75796619375 14149.518518518522 14232.777777777797 
139.00418329222236 1.0 0.0 22.0 114.0 14165.93402142623 14149.518518518522 14232.777777777797 
140.00418329222236 1.0 0.0 22.0 114.0 14164.292471135435 14149.518518518522 14232.777777777797 
141.00418329222236 1.0 0.0 22.0 114.0 14162.815075873757 14149.518518518522 14232.777777777797 
142.00418329222236 1.0 0.0 22.0 114.0 14161.48542013823 14149.518518518522 14232.777777777797 
143.00418329222236 1.0 0.0 22.0 114.0 14160.288729976277 14149.518518518522 14232.777777777797 
144.00418329222236 1.0 0.0 22.0 114.0 14159.211708830526 14149.518518518522 14232.777777777797 
145.00418329222236 1.0 0.0 23.0 114.0 14158.24238979928 14149.518518518522 14232.777777777797 
146.00418329222236 1.0 0.0 24.0 114.0 14157.370002671212 14149.518518518522 14232.777777777797 
147.00418329222236 1.0 0.0 24.0 114.0 14154.510780181874 14128.777777777797 14232.777777777797 
148.00418329222236 1.0 0.0 24.0 114.0 14151.93747994149 14128.777777777797 14232.777777777797 
149.00418329222236 1.0 0.0 24.0 114.0 14149.621509725104 14128.777777777797 14232.777777777797 
150.00418329222236 1.0 0.0 25.0 114.0 14147.53713653036 14128.777777777797 14232.777777777797 
151.00418329222236 1.0 0.0 25.0 114.0 14145.348608062515 14125.651851851839 14232.777777777797 
152.00418329222236 1.0 0.0 27.0 113.0 14143.378932441448 14125.651851851839 14232.777777777797 
153.00418329222236 1.0 0.0 27.0 113.0 14140.981039197313 14119.400000000001 14232.777777777797 
154.00418329222236 1.0 0.0 27.0 113.0 14138.822935277556 14119.400000000001 14232.777777777797 
155.00418329222236 1.0 0.0 27.0 113.0 14136.880641749807 14119.400000000001 14232.777777777797 
156.00418329222236 1.0 0.0 27.0 112.0 14135.132577574843 14119.400000000001 14232.777777777797 
157.00418329222236 1.0 0.0 27.0 112.0 14133.559319817341 14119.400000000001 14232.777777777797 
158.00418329222236 1.0 0.0 29.0 110.0 14132.143387835615 14119.400000000001 14232.777777777797 
159.00418329222236 1.0 0.0 29.0 110.0 14127.346086089114 14084.17037037036 14232.777777777797 
160.00418329222236 1.0 0.0 29.0 110.0 14123.028514517211 14084.17037037036 14232.777777777797 
161.00418329222236 1.0 0.0 30.0 110.0 14119.142700102524 14084.17037037036 14232.777777777797 
162.00418329222236 1.0 0.0 30.0 110.0 14115.332874536713 14081.044444444442 14232.777777777797 
163.00418329222236 1.0 0.0 30.0 110.0 14111.904031527512 14081.044444444442 14232.777777777797 
164.00418329222236 1.0 0.0 30.0 110.0 14108.818072819216 14081.044444444442 14232.777777777797 
165.00418329222236 1.0 0.0 30.0 110.0 14106.040709981728 14081.044444444442 14232.777777777797 
166.00418329222236 1.0 0.0 30.0 110.0 14103.54108342799 14081.044444444442 14232.777777777797 
167.00418329222236 1.0 0.0 30.0 109.0 14101.291419529658 14081.044444444442 14232.777777777797 
168.00418329222236 1.0 0.0 30.0 109.0 14099.266722021097 14081.044444444442 14232.777777777797 
169.00418329222236 1.0 0.0 30.0 109.0 14097.444494263422 14081.044444444442 14232.777777777797 
170.00418329222236 1.0 0.0 30.0 109.0 14095.804489281574 14081.044444444442 14232.777777777797 
171.00418329222236 1.0 0.0 30.0 109.0 14094.328484797828 14081.044444444442 14232.777777777797 
172.00418329222236 1.0 0.0 30.0 109.0 14093.00008076249 14081.044444444442 14232.777777777797 
173.00418329222236 1.0 0.0 30.0 109.0 14091.804517130695 14081.044444444442 14232.777777777797 
174.00418329222236 1.0 0.0 30.0 109.0 14090.728509862067 14081.044444444442 14232.777777777797 
175.00418329222236 1.0 0.0 31.0 109.0 14089.760103320297 14081.044444444442 14232.777777777797 
176.00418329222236 1.0 0.0 31.0 109.0 14088.575944840128 14077.918518518494 14232.777777777797 
177.00418329222236 1.0 0.0 31.0 109.0 14087.51020220796 14077.918518518494 14232.777777777797 
178.00418329222236 2.0 0.0 30.0 109.0 14086.551033839023 14077.918518518494 14232.777777777797 
179.00418329222236 2.0 0.0 30.0 109.0 14087.44926378846 14095.533333333318 14232.777777777797 
180.00418329222236 2.0 0.0 30.0 109.0 14088.257670742949 14095.533333333318 14232.777777777797 
181.00418329222236 2.0 0.0 30.0 108.0 14088.985237001976 14095.533333333318 14232.777777777797 
182.00418329222236 3.0 0.0 30.0 108.0 14089.640046635091 14095.533333333318 14232.777777777797 
183.00418329222236 3.0 0.0 30.0 108.0 14090.230116045686 14095.540740740757 14232.777777777797 
184.00418329222236 3.0 0.0 31.0 108.0 14090.761178515198 14095.540740740757 14232.777777777797 
185.00418329222236 3.0 0.0 31.0 108.0 14090.926542145124 14092.414814814798 14232.777777777797 
186.00418329222236 3.0 0.0 31.0 108.0 14091.075369412129 14092.414814814798 14232.777777777797 
187.00418329222236 3.0 0.0 31.0 108.0 14091.209313952391 14092.414814814798 14232.777777777797 
188.00418329222236 3.0 0.0 31.0 108.0 14091.329864038637 14092.414814814798 14232.777777777797 
189.00418329222236 3.0 0.0 32.0 108.0 14091.43835911627 14092.414814814798 14232.777777777797 
190.00418329222236 3.0 0.0 32.0 107.0 14089.774523204605 14074.799999999974 14232.777777777797 
191.00418329222236 3.0 0.0 32.0 107.0 14088.277070884174 14074.799999999974 14232.777777777797 
192.00418329222236 3.0 0.0 32.0 107.0 14086.929363795725 14074.799999999974 14232.777777777797 
193.00418329222236 4.0 0.0 32.0 107.0 14085.716427416168 14074.799999999974 14232.777777777797 
194.00418329222236 4.0 0.0 32.0 107.0 14084.624784674541 14074.799999999974 14232.777777777797 
195.00418329222236 4.0 0.0 32.0 107.0 14083.642306207084 14074.799999999974 14232.777777777797 
196.00418329222236 4.0 0.0 32.0 107.0 14082.758075586391 14074.799999999974 14232.777777777797 
197.00418329222236 4.0 0.0 32.0 107.0 14081.962268027768 14074.799999999974 14232.777777777797 
198.00418329222236 4.0 0.0 32.0 107.0 14081.24604122495 14074.799999999974 14232.777777777797 
199.00418329222236 4.0 0.0 32.0 106.0 14080.60143710245 14074.799999999974 14232.777777777797 
200.00418329222236 4.0 0.0 32.0 106.0 14080.021293392247 14074.799999999974 14232.777777777797 
201.00418329222236 4.0 0.0 32.0 107.0 14079.499164053002 14074.799999999974 14232.777777777797 
202.00418329222236 4.0 0.0 32.0 107.0 14079.029247647704 14074.799999999974 14232.777777777797 
203.00418329222236 4.0 0.0 32.0 107.0 14078.60632288294 14074.799999999974 14232.777777777797 
204.00418329222236 4.0 0.0 32.0 107.0 14078.225690594641 14074.799999999974 14232.777777777797 
205.00418329222236 4.0 0.0 32.0 107.0 14077.883121535175 14074.799999999974 14232.777777777797 
206.00418329222236 4.0 0.0 32.0 107.0 14077.574809381662 14074.799999999974 14232.777777777797 
207.00418329222236 4.0 0.0 33.0 107.0 14077.29732844349 14074.799999999974 14232.777777777797 
208.00418329222236 4.0 0.0 33.0 107.0 14075.286114117653 14057.185185185197 14232.777777777797 
209.00418329222236 4.0 0.0 33.0 107.0 14073.476021224422 14057.185185185197 14232.777777777797 
210.00418329222236 4.0 0.0 34.0 107.0 14071.84693762047 14057.185185185197 14232.777777777797 
211.00418329222236 4.0 0.0 34.0 107.0 14068.619280895497 14039.57037037037 14232.777777777797 
212.00418329222236 4.0 0.0 34.0 107.0 14065.714389842986 14039.57037037037 14232.777777777797 
213.00418329222236 4.0 0.0 36.0 107.0 14063.09998789572 14039.57037037037 14232.777777777797 
214.00418329222236 4.0 0.0 36.0 107.0 14058.985544661704 14021.95555555556 14232.777777777797 
215.00418329222236 4.0 0.0 36.0 107.0 14053.52180501033 14004.348148148161 14232.777777777797 
216.00418329222236 4.0 0.0 36.0 107.0 14048.604439324112 14004.348148148161 14232.777777777797 
217.00418329222236 5.0 0.0 35.0 107.0 14044.178810206547 14004.348148148161 14232.777777777797 
218.00418329222236 5.0 0.0 35.0 107.0 14041.957225482149 14021.962962962985 14232.777777777797 
219.00418329222236 5.0 0.0 36.0 107.0 14039.95779923025 14021.962962962985 14232.777777777797 
220.00418329222236 5.0 0.0 37.0 107.0 14037.845723010925 14018.83703703704 14232.777777777797 
221.00418329222236 5.0 0.0 38.0 107.0 14035.632261820954 14015.711111111119 14232.777777777797 
222.00418329222236 5.0 0.0 38.0 107.0 14031.87866526847 13998.096296296291 14232.777777777797 
223.00418329222236 5.0 0.0 39.0 107.0 14028.500428371259 13998.096296296291 14232.777777777797 
224.00418329222236 5.0 0.0 39.0 107.0 14025.460015163773 13998.096296296291 14232.777777777797 
225.00418329222236 5.0 0.0 39.0 106.0 14020.962161795529 13980.481481481478 14232.777777777797 
226.00418329222236 5.0 0.0 40.0 105.0 14016.914093764133 13980.481481481478 14232.777777777797 
227.00418329222236 6.0 0.0 39.0 105.0 14012.958239943278 13977.355555555561 14232.777777777797 
228.00418329222236 6.0 0.0 39.0 105.0 14011.159452985994 13994.970370370334 14232.777777777797 
229.00418329222236 6.0 0.0 39.0 105.0 14009.540544724428 13994.970370370334 14232.777777777797 
230.00418329222236 6.0 0.0 39.0 105.0 14008.08352728902 13994.970370370334 14232.777777777797 
231.00418329222236 6.0 0.0 39.0 105.0 14006.772211597154 13994.970370370334 14232.777777777797 
232.00418329222236 6.0 0.0 39.0 104.0 14005.592027474493 13994.970370370334 14232.777777777797 
233.00418329222236 6.0 0.0 39.0 104.0 14004.52986176407 13994.970370370334 14232.777777777797 
234.00418329222236 6.0 0.0 39.0 104.0 14003.57391262468 13994.970370370334 14232.777777777797 
235.00418329222236 6.0 0.0 39.0 104.0 14002.713558399262 13994.970370370334 14232.777777777797 
236.00418329222236 6.0 0.0 39.0 104.0 14001.939239596362 13994.970370370334 14232.777777777797 
237.00418329222236 6.0 0.0 39.0 104.0 14001.242352673766 13994.970370370334 14232.777777777797 
238.00418329222236 6.0 0.0 39.0 104.0 14000.615154443423 13994.970370370334 14232.777777777797 
239.00418329222236 6.0 0.0 39.0 104.0 14000.050676036111 13994.970370370334 14232.777777777797 
240.00418329222236 6.0 0.0 39.0 104.0 13999.542645469552 13994.970370370334 14232.777777777797 
241.00418329222236 6.0 0.0 39.0 104.0 13999.085417959643 13994.970370370334 14232.777777777797 
242.00418329222236 6.0 0.0 39.0 104.0 13998.673913200708 13994.970370370334 14232.777777777797 
243.00418329222236 6.0 0.0 39.0 104.0 13998.303558917652 13994.970370370334 14232.777777777797 
244.00418329222236 7.0 0.0 38.0 104.0 13997.970240062945 13994.970370370334 14232.777777777797 
245.00418329222236 7.0 0.0 38.0 104.0 13997.982845686272 13998.096296296291 14232.777777777797 
246.00418329222236 7.0 0.0 38.0 104.0 13997.994190747275 13998.096296296291 14232.777777777797 
247.00418329222236 7.0 0.0 38.0 104.0 13998.004401302169 13998.096296296291 14232.777777777797 
248.00418329222236 7.0 0.0 38.0 104.0 13998.01359080159 13998.096296296291 14232.777777777797 
249.00418329222236 7.0 0.0 38.0 104.0 13998.021861351051 13998.096296296291 14232.777777777797 
250.00418329222236 7.0 0.0 39.0 104.0 13998.029304845595 13998.096296296291 14232.777777777797 
251.00418329222236 8.0 0.0 38.0 104.0 13997.723411398085 13994.970370370334 14232.777777777797 
252.00418329222236 8.0 0.0 38.0 105.0 13999.208848036034 14012.577777777764 14232.777777777797 
253.00418329222236 8.0 0.0 38.0 105.0 14000.545741010203 14012.577777777764 14232.777777777797 
254.00418329222236 8.0 0.0 38.0 105.0 14001.748944686971 14012.577777777764 14232.777777777797 
255.00418329222236 8.0 0.0 38.0 105.0 14002.831827996037 14012.577777777764 14232.777777777797 
256.00418329222236 8.0 0.0 39.0 104.0 14003.806422974223 14012.577777777764 14232.777777777797 
257.00418329222236 8.0 0.0 39.0 104.0 14004.370965862 14009.45185185185 14232.777777777797 
258.00418329222236 8.0 0.0 39.0 104.0 14004.879054460962 14009.45185185185 14232.777777777797 
259.00418329222236 8.0 0.0 39.0 104.0 14005.33633420004 14009.45185185185 14232.777777777797 
260.00418329222236 8.0 0.0 39.0 104.0 14005.747885965226 14009.45185185185 14232.777777777797 
261.00418329222236 8.0 0.0 39.0 104.0 14006.118282553905 14009.45185185185 14232.777777777797 
262.00418329222236 8.0 0.0 40.0 103.0 14006.451639483701 14009.45185185185 14232.777777777797 
263.00418329222236 8.0 0.0 40.0 103.0 14004.99017923901 13991.83703703704 14232.777777777797 
264.00418329222236 8.0 0.0 40.0 103.0 14003.674865018833 13991.83703703704 14232.777777777797 
265.00418329222236 8.0 0.0 40.0 103.0 14002.491082220648 13991.83703703704 14232.777777777797 
266.00418329222236 8.0 0.0 40.0 103.0 14001.425677702284 13991.83703703704 14232.777777777797 
267.00418329222236 8.0 0.0 40.0 103.0 14000.466813635756 13991.83703703704 14232.777777777797 
268.00418329222236 8.0 0.0 40.0 103.0 13999.60383597589 13991.83703703704 14232.777777777797 
269.00418329222236 8.0 0.0 40.0 103.0 13998.827156082001 13991.83703703704 14232.777777777797 
270.00418329222236 8.0 0.0 40.0 103.0 13998.128144177505 13991.83703703704 14232.777777777797 
271.00418329222236 9.0 0.0 39.0 103.0 13997.499033463482 13991.83703703704 14232.777777777797 
272.00418329222236 9.0 0.0 40.0 103.0 13998.693574561552 14009.444444444414 14232.777777777797 
273.00418329222236 9.0 0.0 41.0 103.0 13999.768661549839 14009.444444444414 14232.777777777797 
274.00418329222236 10.0 0.0 40.0 103.0 13998.975499098568 13991.83703703704 14232.777777777797 
275.00418329222236 10.0 0.0 40.0 103.0 13998.261652892399 13991.83703703704 14232.777777777797 
276.00418329222236 10.0 0.0 40.0 103.0 13997.61919130688 13991.83703703704 14232.777777777797 
277.00418329222236 10.0 0.0 40.0 103.0 13997.040975879907 13991.83703703704 14232.777777777797 
278.00418329222236 10.0 0.0 40.0 103.0 13996.520581995606 13991.83703703704 14232.777777777797 
279.00418329222236 10.0 0.0 40.0 103.0 13996.052227499753 13991.83703703704 14232.777777777797 
280.00418329222236 10.0 0.0 40.0 103.0 13995.63070845348 13991.83703703704 14232.777777777797 
281.00418329222236 10.0 0.0 41.0 103.0 13995.251341311843 13991.83703703704 14232.777777777797 
282.00418329222236 10.0 0.0 41.0 103.0 13994.909910884353 13991.83703703704 14232.777777777797 
283.00418329222236 10.0 0.0 41.0 103.0 13992.841142018162 13974.222222222203 14232.777777777797 
284.00418329222236 10.0 0.0 41.0 103.0 13990.979250038568 13974.222222222203 14232.777777777797 
285.00418329222236 10.0 0.0 41.0 103.0 13989.303547256937 13974.222222222203 14232.777777777797 
286.00418329222236 10.0 0.0 41.0 103.0 13987.795414753433 13974.222222222203 14232.777777777797 
287.00418329222236 10.0 0.0 41.0 103.0 13986.438095500327 13974.222222222203 14232.777777777797 
288.00418329222236 10.0 0.0 41.0 103.0 13985.216508172505 13974.222222222203 14232.777777777797 
289.00418329222236 10.0 0.0 41.0 103.0 13984.11707957748 13974.222222222203 14232.777777777797 
290.00418329222236 10.0 0.0 41.0 103.0 13983.127593841962 13974.222222222203 14232.777777777797 
291.00418329222236 10.0 0.0 42.0 103.0 13982.237056679975 13974.222222222203 14232.777777777797 
292.00418329222236 10.0 0.0 42.0 103.0 13981.1229806416 13971.096296296291 14232.777777777797 
293.00418329222236 10.0 0.0 42.0 103.0 13980.120312207091 13971.096296296291 14232.777777777797 
294.00418329222236 10.0 0.0 43.0 103.0 13979.217910616027 13971.096296296291 14232.777777777797 
295.00418329222236 10.0 0.0 43.0 103.0 13976.644267702552 13953.481481481478 14232.777777777797 
296.00418329222236 10.0 0.0 43.0 103.0 13974.327989080444 13953.481481481478 14232.777777777797 
297.00418329222236 10.0 0.0 43.0 102.0 13972.243338320548 13953.481481481478 14232.777777777797 
298.00418329222236 10.0 0.0 43.0 102.0 13970.367152636643 13953.481481481478 14232.777777777797 
299.00418329222236 10.0 0.0 43.0 102.0 13968.678585521107 13953.481481481478 14232.777777777797 
300.00418329222236 10.0 0.0 45.0 102.0 13967.15887511716 13953.481481481478 14232.777777777797 
301.00418329222236 10.0 0.0 45.0 102.0 13962.269654272106 13918.266666666657 14232.777777777797 
302.00418329222236 10.0 0.0 46.0 102.0 13957.869355511551 13918.266666666657 14232.777777777797 
303.00418329222236 11.0 0.0 46.0 102.0 13952.148345886335 13900.659259259277 14232.777777777797 
304.00418329222236 11.0 0.0 46.0 102.0 13946.998696482893 13900.651851851839 14232.777777777797 
305.00418329222236 11.0 0.0 46.0 102.0 13942.364012019783 13900.651851851839 14232.777777777797 
306.00418329222236 11.0 0.0 47.0 102.0 13938.192796002995 13900.651851851839 14232.777777777797 
307.00418329222236 11.0 0.0 47.0 102.0 13932.67722010641 13883.037037037015 14232.777777777797 
308.00418329222236 11.0 0.0 47.0 102.0 13927.713201799474 13883.037037037015 14232.777777777797 
309.00418329222236 11.0 0.0 48.0 102.0 13923.245585323219 13883.037037037015 14232.777777777797 
310.00418329222236 11.0 0.0 48.0 102.0 13918.912137902002 13879.911111111145 14232.777777777797 
311.00418329222236 11.0 0.0 48.0 102.0 13915.012035222904 13879.911111111145 14232.777777777797 
312.00418329222236 11.0 0.0 48.0 102.0 13911.501942811721 13879.911111111145 14232.777777777797 
313.00418329222236 11.0 0.0 48.0 102.0 13908.342859641687 13879.911111111145 14232.777777777797 
314.00418329222236 11.0 0.0 48.0 102.0 13905.499684788623 13879.911111111145 14232.777777777797 
315.00418329222236 11.0 0.0 48.0 101.0 13902.940827420854 13879.911111111145 14232.777777777797 
316.00418329222236 12.0 0.0 47.0 101.0 13900.637855789906 13879.911111111145 14232.777777777797 
317.00418329222236 12.0 0.0 47.0 101.0 13900.326662803485 13897.525925925918 14232.777777777797 
318.00418329222236 12.0 0.0 47.0 101.0 13900.046589115747 13897.525925925918 14232.777777777797 
319.00418329222236 12.0 0.0 47.0 101.0 13899.794522796758 13897.525925925918 14232.777777777797 
320.00418329222236 12.0 0.0 47.0 101.0 13899.567663109692 13897.525925925918 14232.777777777797 
321.00418329222236 12.0 0.0 47.0 101.0 13899.363489391308 13897.525925925918 14232.777777777797 
322.00418329222236 12.0 0.0 47.0 101.0 13899.179733044752 13897.525925925918 14232.777777777797 
323.00418329222236 12.0 0.0 47.0 101.0 13899.014352332879 13897.525925925918 14232.777777777797 
324.00418329222236 12.0 0.0 47.0 101.0 13898.86550969218 13897.525925925918 14232.777777777797 
325.00418329222236 12.0 0.0 47.0 101.0 13898.731551315559 13897.525925925918 14232.777777777797 
326.00418329222236 12.0 0.0 47.0 101.0 13898.610988776596 13897.525925925918 14232.777777777797 
327.00418329222236 12.0 0.0 48.0 101.0 13898.502482491522 13897.525925925918 14232.777777777797 
328.00418329222236 12.0 0.0 48.0 101.0 13896.644086094222 13879.918518518494 14232.777777777797 
329.00418329222236 13.0 0.0 47.0 101.0 13894.97152933666 13879.918518518494 14232.777777777797 
330.00418329222236 13.0 0.0 48.0 101.0 13895.226968995592 13897.525925925918 14232.777777777797 
331.00418329222236 13.0 0.0 49.0 101.0 13895.456864688613 13897.525925925918 14232.777777777797 
332.00418329222236 14.0 0.0 48.0 101.0 13892.142289330868 13862.31111111111 14232.777777777797 
333.00418329222236 14.0 0.0 48.0 101.0 13890.919912249632 13879.918518518494 14232.777777777797 
334.00418329222236 14.0 0.0 48.0 101.0 13889.819772876504 13879.918518518494 14232.777777777797 
335.00418329222236 14.0 0.0 48.0 101.0 13888.829647440733 13879.918518518494 14232.777777777797 
336.00418329222236 14.0 0.0 48.0 101.0 13887.938534548497 13879.918518518494 14232.777777777797 
337.00418329222236 14.0 0.0 48.0 101.0 13887.136532945511 13879.918518518494 14232.777777777797 
338.00418329222236 14.0 0.0 48.0 101.0 13886.414731502815 13879.918518518494 14232.777777777797 
339.00418329222236 14.0 0.0 48.0 101.0 13885.765110204375 13879.918518518494 14232.777777777797 
340.00418329222236 14.0 0.0 49.0 101.0 13885.18045103581 13879.918518518494 14232.777777777797 
341.00418329222236 14.0 0.0 50.0 101.0 13882.89277630258 13862.303703703716 14232.777777777797 
342.00418329222236 14.0 0.0 50.0 101.0 13880.5212764501 13859.17777777776 14232.777777777797 
343.00418329222236 14.0 0.0 50.0 101.0 13878.386926582867 13859.17777777776 14232.777777777797 
344.00418329222236 14.0 0.0 50.0 101.0 13876.466011702372 13859.17777777776 14232.777777777797 
345.00418329222236 15.0 0.0 49.0 101.0 13874.737188309904 13859.17777777776 14232.777777777797 
346.00418329222236 17.0 0.0 47.0 101.0 13873.49383984929 13862.303703703716 14232.777777777797 
347.00418329222236 17.0 0.0 48.0 100.0 13875.896307716223 13897.518518518522 14232.777777777797 
348.00418329222236 17.0 0.0 49.0 100.0 13877.745936203846 13894.392592592572 14232.777777777797 
349.00418329222236 17.0 0.0 49.0 100.0 13879.410601842734 13894.392592592572 14232.777777777797 
350.00418329222236 17.0 0.0 50.0 100.0 13879.148060176958 13876.785185185188 14232.777777777797 
351.00418329222236 17.0 0.0 50.0 100.0 13878.599180085192 13873.659259259277 14232.777777777797 
352.00418329222236 17.0 0.0 50.0 100.0 13878.10518800261 13873.659259259277 14232.777777777797 
353.00418329222236 17.0 0.0 50.0 100.0 13877.660595128253 13873.659259259277 14232.777777777797 
354.00418329222236 17.0 0.0 50.0 100.0 13877.260461541373 13873.659259259277 14232.777777777797 
355.00418329222236 17.0 0.0 50.0 100.0 13876.900341313172 13873.659259259277 14232.777777777797 
356.00418329222236 17.0 0.0 50.0 99.0 13876.576233107773 13873.659259259277 14232.777777777797 
357.00418329222236 17.0 0.0 50.0 99.0 13876.284535722927 13873.659259259277 14232.777777777797 
358.00418329222236 17.0 0.0 50.0 99.0 13876.02200807655 13873.659259259277 14232.777777777797 
359.00418329222236 19.0 0.0 48.0 99.0 13875.785733194833 13873.659259259277 14232.777777777797 
360.00418329222236 19.0 0.0 48.0 99.0 13879.09604876424 13908.88888888888 14232.777777777797 
361.00418329222236 19.0 0.0 48.0 99.0 13882.075332776707 13908.88888888888 14232.777777777797 
362.00418329222236 19.0 0.0 48.0 99.0 13884.756688387914 13908.88888888888 14232.777777777797 
363.00418329222236 19.0 0.0 49.0 99.0 13887.169908438005 13908.88888888888 14232.777777777797 
364.00418329222236 19.0 0.0 49.0 99.0 13889.029213890504 13905.76296296296 14232.777777777797 
365.00418329222236 19.0 0.0 49.0 99.0 13890.702588797745 13905.76296296296 14232.777777777797 
366.00418329222236 19.0 0.0 49.0 99.0 13892.208626214271 13905.76296296296 14232.777777777797 
367.00418329222236 19.0 0.0 49.0 99.0 13893.56405988913 13905.76296296296 14232.777777777797 
368.00418329222236 19.0 0.0 49.0 99.0 13894.783950196505 13905.76296296296 14232.777777777797 
369.00418329222236 19.0 0.0 49.0 98.0 13895.881851473181 13905.76296296296 14232.777777777797 
370.00418329222236 19.0 0.0 49.0 98.0 13896.869962622135 13905.76296296296 14232.777777777797 
371.00418329222236 19.0 0.0 50.0 98.0 13897.759262656218 13905.76296296296 14232.777777777797 
372.00418329222236 19.0 0.0 50.0 98.0 13896.798891946142 13888.155555555531 14232.777777777797 
373.00418329222236 19.0 0.0 50.0 98.0 13895.934558307115 13888.155555555531 14232.777777777797 
374.00418329222236 19.0 0.0 51.0 98.0 13895.156658031934 13888.155555555531 14232.777777777797 
375.00418329222236 19.0 0.0 51.0 98.0 13892.69580704357 13870.54814814815 14232.777777777797 
376.00418329222236 19.0 0.0 51.0 98.0 13890.48104115402 13870.54814814815 14232.777777777797 
377.00418329222236 19.0 0.0 51.0 98.0 13888.487751853445 13870.54814814815 14232.777777777797 
378.00418329222236 19.0 0.0 51.0 98.0 13886.693791482909 13870.54814814815 14232.777777777797 
379.00418329222236 19.0 0.0 52.0 98.0 13885.079227149417 13870.54814814815 14232.777777777797 
380.00418329222236 19.0 0.0 52.0 98.0 13883.313526656711 13867.422222222236 14232.777777777797 
381.00418329222236 19.0 0.0 52.0 98.0 13881.72439621326 13867.422222222236 14232.777777777797 
382.00418329222236 19.0 0.0 52.0 98.0 13880.294178814154 13867.422222222236 14232.777777777797 
383.00418329222236 19.0 0.0 53.0 98.0 13879.006983154984 13867.422222222236 14232.777777777797 
384.00418329222236 19.0 0.0 53.0 98.0 13876.0870255802 13849.807407407408 14232.777777777797 
385.00418329222236 19.0 0.0 53.0 97.0 13873.459063762926 13849.807407407408 14232.777777777797 
386.00418329222236 19.0 0.0 53.0 97.0 13871.093898127398 13849.807407407408 14232.777777777797 
387.00418329222236 19.0 0.0 53.0 97.0 13868.96524905538 13849.807407407408 14232.777777777797 
388.00418329222236 20.0 0.0 53.0 97.0 13868.810205631322 13867.414814814802 14232.777777777797 
389.00418329222236 20.0 0.0 53.0 97.0 13866.909185068178 13849.799999999974 14232.777777777797 
390.00418329222236 21.0 0.0 52.0 97.0 13865.198266561365 13849.799999999974 14232.777777777797 
391.00418329222236 22.0 0.0 51.0 97.0 13865.419180645977 13867.407407407401 14232.777777777797 
392.00418329222236 22.0 0.0 51.0 97.0 13867.379484803585 13885.022222222226 14232.777777777797 
393.00418329222236 22.0 0.0 51.0 97.0 13869.143758545459 13885.022222222226 14232.777777777797 
394.00418329222236 22.0 0.0 52.0 97.0 13870.731604913128 13885.022222222226 14232.777777777797 
395.00418329222236 22.0 0.0 52.0 97.0 13870.399185162565 13867.407407407401 14232.777777777797 
396.00418329222236 22.0 0.0 53.0 97.0 13870.100007387051 13867.407407407401 14232.777777777797 
397.00418329222236 22.0 0.0 53.0 97.0 13869.51815479651 13864.281481481481 14232.777777777797 
398.00418329222236 22.0 0.0 53.0 97.0 13868.994487464994 13864.281481481481 14232.777777777797 
399.00418329222236 22.0 0.0 53.0 97.0 13868.523186866632 13864.281481481481 14232.777777777797 
400.00418329222236 22.0 0.0 53.0 97.0 13868.09901632813 13864.281481481481 14232.777777777797 
401.00418329222236 22.0 0.0 53.0 97.0 13867.717262843462 13864.281481481481 14232.777777777797 
402.00418329222236 22.0 0.0 53.0 96.0 13867.373684707265 13864.281481481481 14232.777777777797 
403.00418329222236 22.0 0.0 53.0 96.0 13867.064464384683 13864.281481481481 14232.777777777797 
404.00418329222236 22.0 0.0 53.0 96.0 13866.786166094358 13864.281481481481 14232.777777777797 
405.00418329222236 22.0 0.0 53.0 96.0 13866.535697633082 13864.281481481481 14232.777777777797 
406.00418329222236 22.0 0.0 53.0 96.0 13866.310276017917 13864.281481481481 14232.777777777797 
407.00418329222236 22.0 0.0 53.0 96.0 13866.10739656427 13864.281481481481 14232.777777777797 
408.00418329222236 22.0 0.0 53.0 96.0 13865.924805055996 13864.281481481481 14232.777777777797 
409.00418329222236 23.0 0.0 52.0 96.0 13865.760472698548 13864.281481481481 14232.777777777797 
410.00418329222236 23.0 0.0 53.0 96.0 13865.925166169436 13867.407407407401 14232.777777777797 
411.00418329222236 23.0 0.0 53.0 96.0 13864.311908811738 13849.792592592625 14232.777777777797 
412.00418329222236 23.0 0.0 53.0 96.0 13862.859977189826 13849.792592592625 14232.777777777797 
413.00418329222236 23.0 0.0 53.0 96.0 13861.553238730108 13849.792592592625 14232.777777777797 
414.00418329222236 23.0 0.0 53.0 96.0 13860.377174116358 13849.792592592625 14232.777777777797 
415.00418329222236 23.0 0.0 53.0 96.0 13859.31871596398 13849.792592592625 14232.777777777797 
416.00418329222236 24.0 0.0 52.0 96.0 13858.366103626857 13849.792592592625 14232.777777777797 
417.00418329222236 24.0 0.0 52.0 97.0 13859.270234004898 13867.407407407401 14232.777777777797 
418.00418329222236 24.0 0.0 52.0 97.0 13860.083951345137 13867.407407407401 14232.777777777797 
419.00418329222236 24.0 0.0 52.0 97.0 13860.816296951372 13867.407407407401 14232.777777777797 
420.00418329222236 24.0 0.0 52.0 97.0 13861.475407996975 13867.407407407401 14232.777777777797 
421.00418329222236 24.0 0.0 52.0 97.0 13862.068607938027 13867.407407407401 14232.777777777797 
422.00418329222236 25.0 0.0 51.0 97.0 13862.602487884971 13867.407407407401 14232.777777777797 
423.00418329222236 25.0 0.0 51.0 97.0 13864.844461318691 13885.022222222226 14232.777777777797 
424.00418329222236 25.0 0.0 52.0 97.0 13866.862237409056 13885.022222222226 14232.777777777797 
425.00418329222236 25.0 0.0 53.0 97.0 13868.67823589037 13885.022222222226 14232.777777777797 
426.00418329222236 25.0 0.0 53.0 97.0 13868.239301190202 13864.288888888881 14232.777777777797 
427.00418329222236 25.0 0.0 53.0 97.0 13867.844259960066 13864.288888888881 14232.777777777797 
428.00418329222236 25.0 0.0 55.0 97.0 13867.488722852977 13864.288888888881 14232.777777777797 
429.00418329222236 25.0 0.0 55.0 97.0 13866.543554271375 13858.037037037015 14232.777777777797 
430.00418329222236 25.0 0.0 55.0 97.0 13865.692902547935 13858.037037037015 14232.777777777797 
431.00418329222236 25.0 0.0 55.0 96.0 13864.927315996843 13858.037037037015 14232.777777777797 
432.00418329222236 25.0 0.0 55.0 96.0 13864.23828810088 13858.037037037015 14232.777777777797 
433.00418329222236 25.0 0.0 55.0 96.0 13863.618162994468 13858.037037037015 14232.777777777797 
434.00418329222236 25.0 0.0 55.0 94.0 13863.060050398739 13858.037037037015 14232.777777777797 
435.00418329222236 25.0 0.0 55.0 94.0 13862.557749062571 13858.037037037015 14232.777777777797 
436.00418329222236 25.0 0.0 55.0 94.0 13862.105677860016 13858.037037037015 14232.777777777797 
437.00418329222236 25.0 0.0 55.0 94.0 13861.698813777712 13858.037037037015 14232.777777777797 
438.00418329222236 25.0 0.0 56.0 94.0 13861.332636103649 13858.037037037015 14232.777777777797 
439.00418329222236 25.0 0.0 56.0 94.0 13859.242335456263 13840.42962962963 14232.777777777797 
440.00418329222236 25.0 0.0 56.0 94.0 13857.361064873568 13840.42962962963 14232.777777777797 
441.00418329222236 25.0 0.0 60.0 94.0 13855.667921349195 13840.42962962963 14232.777777777797 
442.00418329222236 25.0 0.0 61.0 94.0 13848.861129214261 13787.599999999999 14232.777777777797 
443.00418329222236 25.0 0.0 61.0 94.0 13839.212794070627 13752.377777777787 14232.777777777797 
444.00418329222236 25.0 0.0 61.0 94.0 13830.529292441337 13752.377777777787 14232.777777777797 
445.00418329222236 25.0 0.0 61.0 94.0 13822.714140974973 13752.377777777787 14232.777777777797 
446.00418329222236 25.0 0.0 61.0 94.0 13815.68050465527 13752.377777777787 14232.777777777797 
447.00418329222236 25.0 0.0 61.0 94.0 13809.350231967514 13752.377777777787 14232.777777777797 
448.00418329222236 25.0 0.0 61.0 94.0 13803.65298654855 13752.377777777787 14232.777777777797 
449.00418329222236 25.0 0.0 62.0 94.0 13798.525465671471 13752.377777777787 14232.777777777797 
450.00418329222236 25.0 0.0 62.0 94.0 13792.149215400621 13734.76296296296 14232.777777777797 
451.00418329222236 26.0 0.0 61.0 94.0 13786.410590156855 13734.76296296296 14232.777777777797 
452.00418329222236 26.0 0.0 61.0 94.0 13783.007308918926 13752.377777777787 14232.777777777797 
453.00418329222236 26.0 0.0 62.0 94.0 13779.944355804817 13752.377777777787 14232.777777777797 
454.00418329222236 26.0 0.0 62.0 94.0 13776.875105409532 13749.251851851868 14232.777777777797 
455.00418329222236 26.0 0.0 62.0 94.0 13774.112780053756 13749.251851851868 14232.777777777797 
456.00418329222236 26.0 0.0 62.0 94.0 13771.626687233571 13749.251851851868 14232.777777777797 
457.00418329222236 26.0 0.0 62.0 94.0 13769.389203695413 13749.251851851868 14232.777777777797 
458.00418329222236 26.0 0.0 62.0 94.0 13767.375468511047 13749.251851851868 14232.777777777797 
459.00418329222236 27.0 0.0 62.0 93.0 13765.563106845117 13749.251851851868 14232.777777777797 
460.00418329222236 28.0 0.0 61.0 93.0 13765.692722086524 13766.859259259252 14232.777777777797 
461.00418329222236 28.0 0.0 62.0 93.0 13765.809375803803 13766.859259259252 14232.777777777797 
462.00418329222236 29.0 0.0 61.0 93.0 13767.36325303824 13781.34814814816 14232.777777777797 
463.00418329222236 29.0 0.0 61.0 93.0 13768.761742549224 13781.34814814816 14232.777777777797 
464.00418329222236 29.0 0.0 61.0 93.0 13770.020383109135 13781.34814814816 14232.777777777797 
465.00418329222236 29.0 0.0 61.0 93.0 13771.153159613028 13781.34814814816 14232.777777777797 
466.00418329222236 29.0 0.0 61.0 93.0 13772.172658466554 13781.34814814816 14232.777777777797 
467.00418329222236 29.0 0.0 61.0 92.0 13773.090207434685 13781.34814814816 14232.777777777797 
468.00418329222236 29.0 0.0 61.0 92.0 13773.916001506039 13781.34814814816 14232.777777777797 
469.00418329222236 29.0 0.0 61.0 92.0 13774.659216170274 13781.34814814816 14232.777777777797 
470.00418329222236 29.0 0.0 61.0 92.0 13775.32810936804 13781.34814814816 14232.777777777797 
471.00418329222236 29.0 0.0 61.0 92.0 13775.93011324605 13781.34814814816 14232.777777777797 
472.00418329222236 30.0 0.0 60.0 92.0 13776.471916736271 13781.34814814816 14232.777777777797 
473.00418329222236 31.0 0.0 59.0 92.0 13780.481021358924 13816.562962962935 14232.777777777797 
474.00418329222236 31.0 0.0 59.0 92.0 13784.089215519327 13816.562962962935 14232.777777777797 
475.00418329222236 31.0 0.0 60.0 92.0 13787.336590263703 13816.562962962935 14232.777777777797 
476.00418329222236 32.0 0.0 59.0 92.0 13791.70737568179 13831.04444444444 14232.777777777797 
477.00418329222236 32.0 0.0 59.0 92.0 13795.641082558026 13831.04444444444 14232.777777777797 
478.00418329222236 32.0 0.0 60.0 92.0 13799.18141874667 13831.04444444444 14232.777777777797 
479.00418329222236 32.0 0.0 60.0 92.0 13802.055128723876 13827.918518518494 14232.777777777797 
480.00418329222236 32.0 0.0 60.0 92.0 13804.641467703352 13827.918518518494 14232.777777777797 
481.00418329222236 32.0 0.0 60.0 91.0 13806.96917278486 13827.918518518494 14232.777777777797 
482.00418329222236 32.0 0.0 60.0 91.0 13809.064107358214 13827.918518518494 14232.777777777797 
483.00418329222236 32.0 0.0 60.0 91.0 13810.949548474233 13827.918518518494 14232.777777777797 
484.00418329222236 32.0 0.0 60.0 90.0 13812.646445478673 13827.918518518494 14232.777777777797 
485.00418329222236 32.0 0.0 61.0 90.0 13814.173652782654 13827.918518518494 14232.777777777797 
486.00418329222236 33.0 0.0 60.0 90.0 13817.309620837741 13845.533333333322 14232.777777777797 
487.00418329222236 33.0 0.0 60.0 90.0 13818.371251346545 13827.925925925929 14232.777777777797 
488.00418329222236 33.0 0.0 60.0 90.0 13819.326718804497 13827.925925925929 14232.777777777797 
489.00418329222236 33.0 0.0 60.0 90.0 13820.186639516633 13827.925925925929 14232.777777777797 
490.00418329222236 33.0 0.0 60.0 90.0 13820.96056815755 13827.925925925929 14232.777777777797 
491.00418329222236 33.0 0.0 60.0 90.0 13821.65710393439 13827.925925925929 14232.777777777797 
492.00418329222236 33.0 0.0 60.0 90.0 13822.28398613356 13827.925925925929 14232.777777777797 
493.00418329222236 33.0 0.0 60.0 90.0 13822.84818011278 13827.925925925929 14232.777777777797 
494.00418329222236 33.0 0.0 60.0 90.0 13823.355954694103 13827.925925925929 14232.777777777797 
495.00418329222236 33.0 0.0 60.0 90.0 13823.812951817286 13827.925925925929 14232.777777777797 
496.00418329222236 34.0 0.0 59.0 90.0 13825.985730709619 13845.540740740757 14232.777777777797 
497.00418329222236 34.0 0.0 59.0 90.0 13827.941231712752 13845.540740740757 14232.777777777797 
498.00418329222236 35.0 0.0 59.0 90.0 13829.701182615552 13845.540740740757 14232.777777777797 
499.00418329222236 35.0 0.0 59.0 90.0 13831.284397687326 13845.533333333322 14232.777777777797 
500.00418329222236 35.0 0.0 59.0 90.0 13832.709291251913 13845.533333333322 14232.777777777797 
501.00418329222236 35.0 0.0 60.0 90.0 13833.991695460058 13845.533333333322 14232.777777777797 
502.00418329222236 35.0 0.0 60.0 90.0 13834.833266654803 13842.407407407401 14232.777777777797 
503.00418329222236 35.0 0.0 60.0 90.0 13835.590680730053 13842.407407407401 14232.777777777797 
504.00418329222236 35.0 0.0 60.0 90.0 13836.272353397793 13842.407407407401 14232.777777777797 
505.00418329222236 35.0 0.0 60.0 90.0 13836.885858798742 13842.407407407401 14232.777777777797 
506.00418329222236 35.0 0.0 60.0 90.0 13837.438013659641 13842.407407407401 14232.777777777797 
507.00418329222236 35.0 0.0 60.0 89.0 13837.934953034399 13842.407407407401 14232.777777777797 
508.00418329222236 35.0 0.0 60.0 89.0 13838.382198471694 13842.407407407401 14232.777777777797 
509.00418329222236 36.0 0.0 59.0 89.0 13838.784719365269 13842.407407407401 14232.777777777797 
510.00418329222236 36.0 0.0 61.0 89.0 13840.908469650958 13860.022222222226 14232.777777777797 
511.00418329222236 36.0 0.0 61.0 89.0 13841.058363426604 13842.407407407401 14232.777777777797 
512.0041832922224 36.0 0.0 61.0 89.0 13839.431786343197 13824.792592592625 14232.777777777797 
513.0041832922224 37.0 0.0 60.0 89.0 13839.72860770888 13842.400000000001 14232.777777777797 
514.0041832922224 38.0 0.0 60.0 89.0 13839.99574693798 13842.400000000001 14232.777777777797 
515.0041832922224 38.0 0.0 60.0 89.0 13841.996912984936 13860.0074074074 14232.777777777797 
516.0041832922224 38.0 0.0 61.0 89.0 13842.037221686445 13842.400000000001 14232.777777777797 
517.0041832922224 38.0 0.0 61.0 89.0 13841.76090692521 13839.274074074052 14232.777777777797 
518.0041832922224 38.0 0.0 61.0 89.0 13841.5122236401 13839.274074074052 14232.777777777797 
519.0041832922224 38.0 0.0 61.0 89.0 13841.288408683498 13839.274074074052 14232.777777777797 
520.0041832922224 38.0 0.0 62.0 89.0 13841.08697522255 13839.274074074052 14232.777777777797 
521.0041832922224 38.0 0.0 62.0 89.0 13840.593092515097 13836.148148148148 14232.777777777797 
522.0041832922224 38.0 0.0 63.0 88.0 13840.14859807842 13836.148148148148 14232.777777777797 
523.0041832922224 38.0 0.0 64.0 88.0 13839.435960492783 13833.022222222226 14232.777777777797 
524.0041832922224 39.0 0.0 64.0 88.0 13838.794586665752 13833.022222222226 14232.777777777797 
525.0041832922224 39.0 0.0 65.0 88.0 13837.904757628798 13829.896296296318 14232.777777777797 
526.0041832922224 39.0 0.0 65.0 87.0 13837.103911495551 13829.896296296318 14232.777777777797 
527.0041832922224 39.0 0.0 66.0 87.0 13834.622409234871 13812.288888888881 14232.777777777797 
528.0041832922224 39.0 0.0 66.0 86.0 13832.389057200273 13812.288888888881 14232.777777777797 
529.0041832922224 40.0 0.0 65.0 86.0 13828.617558887649 13794.674074074104 14232.777777777797 
530.0041832922224 40.0 0.0 65.0 85.0 13825.535802998891 13797.799999999974 14232.777777777797 
531.0041832922224 40.0 0.0 65.0 85.0 13822.762222699006 13797.799999999974 14232.777777777797 
532.0041832922224 40.0 0.0 65.0 85.0 13820.266000429106 13797.799999999974 14232.777777777797 
533.0041832922224 40.0 0.0 65.0 85.0 13818.01940038621 13797.799999999974 14232.777777777797 
534.0041832922224 40.0 0.0 65.0 85.0 13815.997460347562 13797.799999999974 14232.777777777797 
535.0041832922224 40.0 0.0 65.0 85.0 13814.177714312815 13797.799999999974 14232.777777777797 
536.0041832922224 40.0 0.0 65.0 85.0 13812.539942881524 13797.799999999974 14232.777777777797 
537.0041832922224 40.0 0.0 65.0 86.0 13811.065948593367 13797.799999999974 14232.777777777797 
538.0041832922224 40.0 0.0 65.0 86.0 13809.73935373403 13797.799999999974 14232.777777777797 
539.0041832922224 40.0 0.0 65.0 86.0 13808.545418360636 13797.799999999974 14232.777777777797 
540.0041832922224 40.0 0.0 65.0 86.0 13807.470876524578 13797.799999999974 14232.777777777797 
541.0041832922224 40.0 0.0 66.0 86.0 13806.50378887211 13797.799999999974 14232.777777777797 
542.0041832922224 41.0 0.0 65.0 86.0 13805.633409984915 13797.799999999974 14232.777777777797 
543.0041832922224 42.0 0.0 64.0 86.0 13804.85080972717 13797.807407407408 14232.777777777797 
544.0041832922224 42.0 0.0 64.0 86.0 13805.907950976674 13815.422222222236 14232.777777777797 
545.0041832922224 42.0 0.0 64.0 86.0 13806.859378101215 13815.422222222236 14232.777777777797 
546.0041832922224 42.0 0.0 64.0 86.0 13807.71566251332 13815.422222222236 14232.777777777797 
547.0041832922224 43.0 0.0 64.0 86.0 13810.247799965686 13833.037037037015 14232.777777777797 
548.0041832922224 43.0 0.0 64.0 86.0 13810.765242191335 13815.422222222236 14232.777777777797 
549.0041832922224 43.0 0.0 64.0 86.0 13811.23094019443 13815.422222222236 14232.777777777797 
550.0041832922224 43.0 0.0 64.0 86.0 13811.650068397228 13815.422222222236 14232.777777777797 
551.0041832922224 44.0 0.0 63.0 86.0 13812.027283779706 13815.422222222236 14232.777777777797 
552.0041832922224 44.0 0.0 63.0 86.0 13814.128259105439 13833.037037037015 14232.777777777797 
553.0041832922224 45.0 0.0 62.0 86.0 13816.019136898607 13833.037037037015 14232.777777777797 
554.0041832922224 45.0 0.0 62.0 86.0 13819.482408393927 13850.651851851839 14232.777777777797 
555.0041832922224 45.0 0.0 62.0 86.0 13822.599352739706 13850.651851851839 14232.777777777797 
556.0041832922224 45.0 0.0 62.0 86.0 13825.404602650933 13850.651851851839 14232.777777777797 
557.0041832922224 45.0 0.0 62.0 86.0 13827.929327571015 13850.651851851839 14232.777777777797 
558.0041832922224 45.0 0.0 62.0 86.0 13830.201579999108 13850.651851851839 14232.777777777797 
559.0041832922224 45.0 0.0 62.0 86.0 13832.24660718437 13850.651851851839 14232.777777777797 
560.0041832922224 45.0 0.0 62.0 86.0 13834.087131651133 13850.651851851839 14232.777777777797 
561.0041832922224 45.0 0.0 62.0 86.0 13835.743603671199 13850.651851851839 14232.777777777797 
562.0041832922224 45.0 0.0 63.0 86.0 13837.234428489264 13850.651851851839 14232.777777777797 
563.0041832922224 45.0 0.0 63.0 86.0 13836.815430084778 13833.04444444444 14232.777777777797 
564.0041832922224 45.0 0.0 63.0 86.0 13836.438331520747 13833.04444444444 14232.777777777797 
565.0041832922224 45.0 0.0 64.0 86.0 13836.098942813112 13833.04444444444 14232.777777777797 
566.0041832922224 45.0 0.0 65.0 86.0 13835.793492976254 13833.04444444444 14232.777777777797 
567.0041832922224 45.0 0.0 65.0 86.0 13833.757106641604 13815.429629629629 14232.777777777797 
568.0041832922224 45.0 0.0 66.0 86.0 13830.162877458903 13797.814814814803 14232.777777777797 
569.0041832922224 45.0 0.0 66.0 86.0 13826.61547860191 13794.68888888889 14232.777777777797 
570.0041832922224 45.0 0.0 66.0 86.0 13823.422819630607 13794.68888888889 14232.777777777797 
571.0041832922224 45.0 0.0 67.0 86.0 13820.549426556434 13794.68888888889 14232.777777777797 
572.0041832922224 46.0 0.0 66.0 86.0 13817.963372789676 13794.68888888889 14232.777777777797 
573.0041832922224 46.0 0.0 67.0 86.0 13815.635183658844 13794.681481481453 14232.777777777797 
574.0041832922224 46.0 0.0 67.0 85.0 13813.539813441124 13794.681481481453 14232.777777777797 
575.0041832922224 47.0 0.0 66.0 85.0 13811.653980245175 13794.681481481453 14232.777777777797 
576.0041832922224 47.0 0.0 66.0 85.0 13809.956730368795 13794.681481481453 14232.777777777797 
577.0041832922224 47.0 0.0 66.0 85.0 13808.429205480072 13794.681481481453 14232.777777777797 
578.0041832922224 47.0 0.0 66.0 85.0 13807.054433080197 13794.681481481453 14232.777777777797 
579.0041832922224 47.0 0.0 66.0 85.0 13805.817137920341 13794.681481481453 14232.777777777797 
580.0041832922224 47.0 0.0 66.0 85.0 13804.703572276452 13794.681481481453 14232.777777777797 
581.0041832922224 47.0 0.0 66.0 85.0 13803.70136319694 13794.681481481453 14232.777777777797 
582.0041832922224 47.0 0.0 66.0 85.0 13802.799375025395 13794.681481481453 14232.777777777797 
583.0041832922224 47.0 0.0 66.0 85.0 13801.987585671011 13794.681481481453 14232.777777777797 
584.0041832922224 47.0 0.0 66.0 85.0 13801.25697525206 13794.681481481453 14232.777777777797 
585.0041832922224 47.0 0.0 66.0 85.0 13800.599425875003 13794.681481481453 14232.777777777797 
586.0041832922224 48.0 0.0 65.0 85.0 13800.007631435645 13794.681481481453 14232.777777777797 
587.0041832922224 49.0 0.0 65.0 85.0 13799.787609032828 13797.807407407408 14232.777777777797 
588.0041832922224 49.0 0.0 65.0 85.0 13799.58958887028 13797.807407407408 14232.777777777797 
589.0041832922224 49.0 0.0 67.0 85.0 13799.411370724003 13797.807407407408 14232.777777777797 
590.0041832922224 49.0 0.0 67.0 85.0 13797.490233651593 13780.200000000026 14232.777777777797 
591.0041832922224 49.0 0.0 67.0 85.0 13794.00046954569 13762.592592592599 14232.777777777797 
592.0041832922224 49.0 0.0 67.0 85.0 13790.859681850385 13762.592592592599 14232.777777777797 
593.0041832922224 49.0 0.0 68.0 85.0 13788.032972924595 13762.592592592599 14232.777777777797 
594.0041832922224 49.0 0.0 68.0 86.0 13783.728194150679 13744.985185185162 14232.777777777797 
595.0041832922224 49.0 0.0 68.0 85.0 13779.541300661518 13741.859259259252 14232.777777777797 
596.0041832922224 49.0 0.0 68.0 85.0 13775.773096521298 13741.859259259252 14232.777777777797 
597.0041832922224 49.0 0.0 68.0 85.0 13772.381712795082 13741.859259259252 14232.777777777797 
598.0041832922224 49.0 0.0 68.0 85.0 13769.329467441506 13741.859259259252 14232.777777777797 
599.0041832922224 49.0 0.0 68.0 85.0 13766.582446623288 13741.859259259252 14232.777777777797 
600.0041832922224 49.0 0.0 68.0 85.0 13764.110127886874 13741.859259259252 14232.777777777797 
#####################################################################
# End of data export. Simulation finished at: 2020-02-21T02:29+0000 #
#####################################################################
