#####################################################################
# Alchemist log file - simulation started at: 2020-02-12T15:39+0000 #
#####################################################################
# longseed = 23.0, meanTaskSize = 100, peakFrequency = 0.1
#
# The columns have the following meaning: 
# time done[Sum] drop[Sum] waiting[Sum] isLeader[Sum] capacity[Mean] freeCapacity[Mean] maxCapacity[Mean] 
0.0 NaN 0.0 NaN NaN NaN NaN NaN 
1.0061499825585338 0.0 0.0 0.0 135.0 14232.777777777797 14232.777777777797 14232.777777777797 
2.006149982558534 0.0 0.0 0.0 135.0 14232.777777777797 14232.777777777797 14232.777777777797 
3.006149982558534 0.0 0.0 0.0 135.0 14232.777777777797 14232.777777777797 14232.777777777797 
4.006149982558534 0.0 0.0 0.0 135.0 14232.777777777797 14232.777777777797 14232.777777777797 
5.006149982558534 0.0 0.0 0.0 135.0 14232.777777777797 14232.777777777797 14232.777777777797 
6.006149982558534 0.0 0.0 0.0 135.0 14232.777777777797 14232.777777777797 14232.777777777797 
7.006149982558534 0.0 0.0 0.0 135.0 14232.777777777797 14232.777777777797 14232.777777777797 
8.006149982558533 0.0 0.0 0.0 135.0 14232.777777777797 14232.777777777797 14232.777777777797 
9.006149982558533 0.0 0.0 0.0 135.0 14232.777777777797 14232.777777777797 14232.777777777797 
10.006149982558533 0.0 0.0 0.0 135.0 14232.777777777797 14232.777777777797 14232.777777777797 
11.006149982558533 0.0 0.0 0.0 135.0 14232.777777777797 14232.777777777797 14232.777777777797 
12.006149982558533 0.0 0.0 0.0 135.0 14232.777777777797 14232.777777777797 14232.777777777797 
13.006149982558533 0.0 0.0 0.0 135.0 14232.777777777797 14232.777777777797 14232.777777777797 
14.006149982558533 0.0 0.0 0.0 135.0 14232.777777777797 14232.777777777797 14232.777777777797 
15.006149982558533 0.0 0.0 0.0 135.0 14232.777777777797 14232.777777777797 14232.777777777797 
16.006149982558533 0.0 0.0 0.0 135.0 14232.777777777797 14232.777777777797 14232.777777777797 
17.006149982558533 0.0 0.0 0.0 135.0 14232.777777777797 14232.777777777797 14232.777777777797 
18.006149982558533 0.0 0.0 0.0 135.0 14232.777777777797 14232.777777777797 14232.777777777797 
19.006149982558533 0.0 0.0 0.0 135.0 14232.777777777797 14232.777777777797 14232.777777777797 
20.006149982558533 0.0 0.0 0.0 135.0 14232.777777777797 14232.777777777797 14232.777777777797 
21.006149982558533 0.0 0.0 0.0 135.0 14232.777777777797 14232.777777777797 14232.777777777797 
22.006149982558533 0.0 0.0 2.0 135.0 14232.777777777797 14232.777777777797 14232.777777777797 
23.006149982558533 0.0 0.0 2.0 135.0 14232.152592592567 14226.525925925918 14232.777777777797 
24.006149982558533 1.0 0.0 1.0 135.0 14231.589925925913 14226.525925925918 14232.777777777797 
25.006149982558533 1.0 0.0 1.0 135.0 14231.396118518514 14229.651851851839 14232.777777777797 
26.006149982558533 2.0 0.0 1.0 135.0 14231.221691851857 14229.651851851839 14232.777777777797 
27.006149982558533 2.0 0.0 1.0 135.0 14231.064707851834 14229.651851851839 14232.777777777797 
28.006149982558533 2.0 0.0 1.0 135.0 14230.923422251868 14229.651851851839 14232.777777777797 
29.006149982558533 2.0 0.0 1.0 135.0 14230.796265211835 14229.651851851839 14232.777777777797 
30.006149982558533 2.0 0.0 1.0 135.0 14230.681823875855 14229.651851851839 14232.777777777797 
31.006149982558533 2.0 0.0 1.0 135.0 14230.578826673438 14229.651851851839 14232.777777777797 
32.00614998255853 2.0 0.0 1.0 134.0 14230.486129191322 14229.651851851839 14232.777777777797 
33.00614998255853 2.0 0.0 1.0 134.0 14230.402701457351 14229.651851851839 14232.777777777797 
34.00614998255853 2.0 0.0 1.0 134.0 14230.327616496796 14229.651851851839 14232.777777777797 
35.00614998255853 2.0 0.0 1.0 134.0 14230.260040032304 14229.651851851839 14232.777777777797 
36.00614998255853 2.0 0.0 1.0 134.0 14230.199221214245 14229.651851851839 14232.777777777797 
37.00614998255853 2.0 0.0 2.0 134.0 14230.144484277995 14229.651851851839 14232.777777777797 
38.00614998255853 3.0 0.0 1.0 134.0 14228.333739553933 14212.037037037013 14232.777777777797 
39.00614998255853 3.0 0.0 1.0 134.0 14228.465550783714 14229.651851851839 14232.777777777797 
40.00614998255853 3.0 0.0 1.0 134.0 14228.584180890495 14229.651851851839 14232.777777777797 
41.00614998255853 3.0 0.0 1.0 134.0 14228.690947986648 14229.651851851839 14232.777777777797 
42.00614998255853 3.0 0.0 1.0 134.0 14228.787038373162 14229.651851851839 14232.777777777797 
43.00614998255853 3.0 0.0 1.0 134.0 14228.87351972104 14229.651851851839 14232.777777777797 
44.00614998255853 3.0 0.0 1.0 134.0 14228.951352934135 14229.651851851839 14232.777777777797 
45.00614998255853 4.0 0.0 0.0 134.0 14229.021402825892 14229.651851851839 14232.777777777797 
46.00614998255853 4.0 0.0 0.0 134.0 14229.397040321077 14232.777777777797 14232.777777777797 
47.00614998255853 4.0 0.0 0.0 134.0 14229.735114066745 14232.777777777797 14232.777777777797 
48.00614998255853 4.0 0.0 0.0 134.0 14230.039380437867 14232.777777777797 14232.777777777797 
49.00614998255853 4.0 0.0 0.0 134.0 14230.313220171838 14232.777777777797 14232.777777777797 
50.00614998255853 4.0 0.0 0.0 134.0 14230.559675932467 14232.777777777797 14232.777777777797 
51.00614998255853 4.0 0.0 0.0 134.0 14230.78148611698 14232.777777777797 14232.777777777797 
52.00614998255853 4.0 0.0 0.0 135.0 14230.981115283055 14232.777777777797 14232.777777777797 
53.00614998255853 4.0 0.0 0.0 135.0 14231.160781532531 14232.777777777797 14232.777777777797 
54.00614998255853 4.0 0.0 0.0 135.0 14231.322481157076 14232.777777777797 14232.777777777797 
55.00614998255853 4.0 0.0 1.0 135.0 14231.468010819124 14232.777777777797 14232.777777777797 
56.00614998255853 4.0 0.0 1.0 135.0 14231.286394922407 14229.651851851839 14232.777777777797 
57.00614998255853 4.0 0.0 1.0 135.0 14231.122940615376 14229.651851851839 14232.777777777797 
58.00614998255853 4.0 0.0 1.0 135.0 14230.975831738991 14229.651851851839 14232.777777777797 
59.00614998255853 4.0 0.0 2.0 135.0 14230.843433750253 14229.651851851839 14232.777777777797 
60.00614998255853 4.0 0.0 2.0 135.0 14230.411682967875 14226.525925925918 14232.777777777797 
61.00614998255853 4.0 0.0 2.0 134.0 14230.023107263656 14226.525925925918 14232.777777777797 
62.00614998255853 4.0 0.0 2.0 134.0 14229.673389129875 14226.525925925918 14232.777777777797 
63.00614998255853 4.0 0.0 3.0 134.0 14229.35864280949 14226.525925925918 14232.777777777797 
64.00614998255853 4.0 0.0 3.0 134.0 14228.762778528557 14223.400000000001 14232.777777777797 
65.00614998255853 4.0 0.0 3.0 133.0 14228.226500675679 14223.400000000001 14232.777777777797 
66.00614998255853 4.0 0.0 3.0 133.0 14227.743850608105 14223.400000000001 14232.777777777797 
67.00614998255853 5.0 0.0 3.0 133.0 14227.30946554729 14223.400000000001 14232.777777777797 
68.00614998255853 5.0 0.0 3.0 133.0 14226.918518992557 14223.400000000001 14232.777777777797 
69.00614998255853 5.0 0.0 4.0 132.0 14226.5666670933 14223.400000000001 14232.777777777797 
70.00614998255853 5.0 0.0 4.0 133.0 14225.937407791396 14220.274074074052 14232.777777777797 
71.00614998255853 6.0 0.0 3.0 133.0 14225.371074419638 14220.274074074052 14232.777777777797 
72.00614998255853 6.0 0.0 3.0 133.0 14225.173966977667 14223.400000000001 14232.777777777797 
73.00614998255853 8.0 0.0 1.0 132.0 14224.996570279929 14223.400000000001 14232.777777777797 
74.00614998255853 9.0 0.0 0.0 134.0 14225.46209843711 14229.651851851839 14232.777777777797 
75.00614998255853 9.0 0.0 0.0 134.0 14226.193666371177 14232.777777777797 14232.777777777797 
76.00614998255853 9.0 0.0 0.0 134.0 14226.852077511849 14232.777777777797 14232.777777777797 
77.00614998255853 9.0 0.0 0.0 134.0 14227.444647538416 14232.777777777797 14232.777777777797 
78.00614998255853 9.0 0.0 0.0 134.0 14227.977960562388 14232.777777777797 14232.777777777797 
79.00614998255853 9.0 0.0 0.0 134.0 14228.457942283894 14232.777777777797 14232.777777777797 
80.00614998255853 9.0 0.0 1.0 135.0 14228.889925833277 14232.777777777797 14232.777777777797 
81.00614998255853 9.0 0.0 1.0 135.0 14228.966118435159 14229.651851851839 14232.777777777797 
82.00614998255853 9.0 0.0 2.0 135.0 14229.034691776806 14229.651851851839 14232.777777777797 
83.00614998255853 9.0 0.0 2.0 135.0 14228.783815191735 14226.525925925918 14232.777777777797 
84.00614998255853 10.0 0.0 1.0 135.0 14228.558026265173 14226.525925925918 14232.777777777797 
85.00614998255853 10.0 0.0 2.0 135.0 14228.667408823821 14229.651851851839 14232.777777777797 
86.00614998255853 10.0 0.0 2.0 135.0 14228.453260534065 14226.525925925918 14232.777777777797 
87.00614998255853 10.0 0.0 3.0 135.0 14228.260527073251 14226.525925925918 14232.777777777797 
88.00614998255853 11.0 0.0 2.0 134.0 14226.325585476987 14208.911111111145 14232.777777777797 
89.00614998255853 11.0 0.0 2.0 134.0 14226.345619521904 14226.525925925918 14232.777777777797 
90.00614998255853 11.0 0.0 2.0 134.0 14226.363650162299 14226.525925925918 14232.777777777797 
91.00614998255853 12.0 0.0 1.0 133.0 14226.379877738675 14226.525925925918 14232.777777777797 
92.00614998255853 12.0 0.0 1.0 133.0 14226.707075149987 14229.651851851839 14232.777777777797 
93.00614998255853 12.0 0.0 1.0 133.0 14227.001552820151 14229.651851851839 14232.777777777797 
94.00614998255853 12.0 0.0 1.0 133.0 14227.266582723343 14229.651851851839 14232.777777777797 
95.00614998255853 12.0 0.0 1.0 134.0 14227.505109636188 14229.651851851839 14232.777777777797 
96.00614998255853 12.0 0.0 1.0 134.0 14227.719783857745 14229.651851851839 14232.777777777797 
97.00614998255853 12.0 0.0 1.0 134.0 14227.912990657182 14229.651851851839 14232.777777777797 
98.00614998255853 13.0 0.0 0.0 134.0 14228.086876776637 14229.651851851839 14232.777777777797 
99.00614998255853 13.0 0.0 0.0 134.0 14228.555966876742 14232.777777777797 14232.777777777797 
100.00614998255853 13.0 0.0 0.0 134.0 14228.978147966845 14232.777777777797 14232.777777777797 
101.00614998255853 13.0 0.0 0.0 134.0 14229.358110947915 14232.777777777797 14232.777777777797 
102.00614998255853 13.0 0.0 0.0 134.0 14229.700077630916 14232.777777777797 14232.777777777797 
103.00614998255853 13.0 0.0 0.0 135.0 14230.007847645602 14232.777777777797 14232.777777777797 
104.00614998255853 13.0 0.0 0.0 135.0 14230.284840658856 14232.777777777797 14232.777777777797 
105.00614998255853 13.0 0.0 0.0 135.0 14230.534134370715 14232.777777777797 14232.777777777797 
106.00614998255853 13.0 0.0 1.0 135.0 14230.75849871143 14232.777777777797 14232.777777777797 
107.00614998255853 13.0 0.0 1.0 135.0 14230.647834025469 14229.651851851839 14232.777777777797 
108.00614998255853 13.0 0.0 1.0 135.0 14230.548235808108 14229.651851851839 14232.777777777797 
109.00614998255853 13.0 0.0 1.0 135.0 14230.458597412486 14229.651851851839 14232.777777777797 
110.00614998255853 13.0 0.0 1.0 135.0 14230.37792285643 14229.651851851839 14232.777777777797 
111.00614998255853 13.0 0.0 1.0 135.0 14230.305315755943 14229.651851851839 14232.777777777797 
112.00614998255853 13.0 0.0 1.0 134.0 14230.239969365566 14229.651851851839 14232.777777777797 
113.00614998255853 13.0 0.0 2.0 134.0 14230.18115761418 14229.651851851839 14232.777777777797 
114.00614998255853 14.0 0.0 2.0 134.0 14228.366745556466 14212.037037037013 14232.777777777797 
115.00614998255853 14.0 0.0 2.0 134.0 14228.182663593401 14226.525925925918 14232.777777777797 
116.00614998255853 14.0 0.0 2.0 134.0 14228.016989826645 14226.525925925918 14232.777777777797 
117.00614998255853 14.0 0.0 2.0 134.0 14227.86788343658 14226.525925925918 14232.777777777797 
118.00614998255853 14.0 0.0 2.0 134.0 14227.733687685502 14226.525925925918 14232.777777777797 
119.00614998255853 15.0 0.0 1.0 134.0 14227.612911509554 14226.525925925918 14232.777777777797 
120.00614998255853 15.0 0.0 2.0 133.0 14227.816805543767 14229.651851851839 14232.777777777797 
121.00614998255853 15.0 0.0 2.0 133.0 14227.687717582005 14226.525925925918 14232.777777777797 
122.00614998255853 15.0 0.0 2.0 133.0 14227.571538416381 14226.525925925918 14232.777777777797 
123.00614998255853 15.0 0.0 2.0 133.0 14227.466977167323 14226.525925925918 14232.777777777797 
124.00614998255853 16.0 0.0 1.0 134.0 14227.372872043228 14226.525925925918 14232.777777777797 
125.00614998255853 16.0 0.0 2.0 134.0 14227.60077002405 14229.651851851839 14232.777777777797 
126.00614998255853 16.0 0.0 2.0 134.0 14227.493285614239 14226.525925925918 14232.777777777797 
127.00614998255853 16.0 0.0 5.0 133.0 14227.39654964542 14226.525925925918 14232.777777777797 
128.00614998255853 17.0 0.0 5.0 133.0 14223.473931717923 14188.17037037036 14232.777777777797 
129.00614998255853 17.0 0.0 5.0 132.0 14221.393205212791 14202.666666666668 14232.777777777797 
130.00614998255853 18.0 0.0 5.0 132.0 14221.282032839632 14220.281481481483 14232.777777777797 
131.00614998255853 19.0 0.0 5.0 132.0 14219.420496222376 14202.666666666668 14232.777777777797 
132.00614998255853 20.0 0.0 6.0 132.0 14218.05770585937 14205.792592592627 14232.777777777797 
133.00614998255853 20.0 0.0 6.0 132.0 14213.30897231047 14170.570370370371 14232.777777777797 
134.00614998255853 22.0 0.0 4.0 132.0 14212.557334338693 14205.792592592627 14232.777777777797 
135.00614998255853 23.0 0.0 3.0 133.0 14211.8808601641 14205.792592592627 14232.777777777797 
136.00614998255853 23.0 0.0 3.0 133.0 14211.58462599953 14208.918518518494 14232.777777777797 
137.00614998255853 24.0 0.0 2.0 133.0 14213.079496732906 14226.533333333318 14232.777777777797 
138.00614998255853 24.0 0.0 2.0 133.0 14214.424880392959 14226.533333333318 14232.777777777797 
139.00614998255853 25.0 0.0 2.0 133.0 14215.635725686974 14226.533333333318 14232.777777777797 
140.00614998255853 26.0 0.0 2.0 133.0 14215.275856821974 14212.037037037013 14232.777777777797 
141.00614998255853 26.0 0.0 3.0 133.0 14213.503085954628 14197.54814814815 14232.777777777797 
142.00614998255853 28.0 0.0 2.0 134.0 14213.356481062852 14212.037037037013 14232.777777777797 
143.00614998255853 29.0 0.0 1.0 134.0 14213.537129252842 14215.162962962962 14232.777777777797 
144.00614998255853 30.0 0.0 1.0 134.0 14215.461194105355 14232.777777777797 14232.777777777797 
145.00614998255853 31.0 0.0 1.0 134.0 14215.431370991111 14215.162962962962 14232.777777777797 
146.00614998255853 31.0 0.0 1.0 134.0 14216.853419077192 14229.651851851839 14232.777777777797 
147.00614998255853 31.0 0.0 2.0 133.0 14218.133262354662 14229.651851851839 14232.777777777797 
148.00614998255853 31.0 0.0 3.0 133.0 14218.97252871177 14226.525925925918 14232.777777777797 
149.00614998255853 31.0 0.0 5.0 133.0 14219.416016581356 14223.407407407401 14232.777777777797 
150.00614998255853 33.0 0.0 4.0 132.0 14216.292192700972 14188.17777777776 14232.777777777797 
151.00614998255853 34.0 0.0 3.0 132.0 14215.242232690174 14205.792592592627 14232.777777777797 
152.00614998255853 37.0 0.0 2.0 133.0 14216.3706020137 14226.525925925918 14232.777777777797 
153.00614998255853 37.0 0.0 2.0 132.0 14215.937245516037 14212.037037037013 14232.777777777797 
154.00614998255853 38.0 0.0 2.0 132.0 14217.308706149612 14229.651851851839 14232.777777777797 
155.00614998255853 39.0 0.0 2.0 132.0 14216.78153923838 14212.037037037013 14232.777777777797 
156.00614998255853 40.0 0.0 1.0 133.0 14216.30708901824 14212.037037037013 14232.777777777797 
157.00614998255853 40.0 0.0 1.0 133.0 14217.641565301601 14229.651851851839 14232.777777777797 
158.00614998255853 40.0 0.0 1.0 134.0 14218.842593956617 14229.651851851839 14232.777777777797 
159.00614998255853 41.0 0.0 1.0 134.0 14219.923519746138 14229.651851851839 14232.777777777797 
160.00614998255853 42.0 0.0 2.0 134.0 14219.447464067842 14215.162962962962 14232.777777777797 
161.00614998255853 44.0 0.0 1.0 134.0 14218.706421364737 14212.037037037013 14232.777777777797 
162.00614998255853 44.0 0.0 1.0 134.0 14219.800964413475 14229.651851851839 14232.777777777797 
163.00614998255853 44.0 0.0 1.0 134.0 14220.78605315729 14229.651851851839 14232.777777777797 
164.00614998255853 44.0 0.0 3.0 135.0 14221.672633026774 14229.651851851839 14232.777777777797 
165.00614998255853 44.0 0.0 4.0 134.0 14221.84536972407 14223.400000000001 14232.777777777797 
166.00614998255853 44.0 0.0 4.0 133.0 14221.688240159086 14220.274074074052 14232.777777777797 
167.00614998255853 45.0 0.0 5.0 133.0 14221.546823550581 14220.274074074052 14232.777777777797 
168.00614998255853 46.0 0.0 5.0 132.0 14218.209178232546 14188.17037037036 14232.777777777797 
169.00614998255853 46.0 0.0 6.0 132.0 14216.654186335225 14202.659259259277 14232.777777777797 
170.00614998255853 48.0 0.0 4.0 132.0 14213.493212146155 14185.044444444442 14232.777777777797 
171.00614998255853 49.0 0.0 3.0 132.0 14214.483890931515 14223.400000000001 14232.777777777797 
172.00614998255853 49.0 0.0 6.0 132.0 14215.375501838387 14223.400000000001 14232.777777777797 
173.00614998255853 51.0 0.0 4.0 132.0 14213.792025728619 14199.540740740757 14232.777777777797 
174.00614998255853 52.0 0.0 6.0 131.0 14214.753563896478 14223.407407407401 14232.777777777797 
175.00614998255853 52.0 0.0 8.0 131.0 14213.857466766092 14205.792592592627 14232.777777777797 
176.00614998255853 54.0 0.0 7.0 131.0 14209.216164533922 14167.444444444414 14232.777777777797 
177.00614998255853 54.0 0.0 8.0 131.0 14205.038992524987 14167.444444444414 14232.777777777797 
178.00614998255853 55.0 0.0 9.0 132.0 14199.518056235429 14149.82962962964 14232.777777777797 
179.00614998255853 58.0 0.0 6.0 132.0 14195.998102463747 14164.318518518547 14232.777777777797 
180.00614998255853 59.0 0.0 6.0 132.0 14196.352366291461 14199.540740740757 14232.777777777797 
181.00614998255853 59.0 0.0 6.0 131.0 14194.909722254903 14181.92592592593 14232.777777777797 
182.00614998255853 61.0 0.0 4.0 131.0 14195.372824103488 14199.540740740757 14232.777777777797 
183.00614998255853 62.0 0.0 6.0 131.0 14196.102208359805 14202.666666666668 14232.777777777797 
184.00614998255853 63.0 0.0 8.0 131.0 14194.685320857136 14181.933333333322 14232.777777777797 
185.00614998255853 66.0 0.0 8.0 132.0 14191.647899882557 14164.311111111108 14232.777777777797 
186.00614998255853 67.0 0.0 7.0 131.0 14188.91348026466 14164.303703703717 14232.777777777797 
187.00614998255853 68.0 0.0 7.0 131.0 14186.453243349319 14164.311111111108 14232.777777777797 
188.00614998255853 69.0 0.0 7.0 131.0 14183.926437532897 14161.185185185197 14232.777777777797 
189.00614998255853 71.0 0.0 7.0 130.0 14183.725645631463 14181.918518518494 14232.777777777797 
190.00614998255853 71.0 0.0 8.0 130.0 14183.858266253506 14185.05185185184 14232.777777777797 
191.00614998255853 74.0 0.0 6.0 130.0 14180.142809998537 14146.703703703723 14232.777777777797 
192.00614998255853 75.0 0.0 6.0 130.0 14180.632973443116 14185.044444444442 14232.777777777797 
193.00614998255853 76.0 0.0 5.0 130.0 14179.312639061767 14167.429629629629 14232.777777777797 
194.00614998255853 77.0 0.0 6.0 130.0 14180.198412192636 14188.17037037036 14232.777777777797 
195.00614998255853 78.0 0.0 5.0 130.0 14177.785237640015 14156.066666666678 14232.777777777797 
196.00614998255853 80.0 0.0 4.0 130.0 14179.136343505636 14191.296296296277 14232.777777777797 
197.00614998255853 81.0 0.0 4.0 130.0 14182.113820266195 14208.911111111145 14232.777777777797 
198.00614998255853 81.0 0.0 5.0 131.0 14184.793549350687 14208.911111111145 14232.777777777797 
199.00614998255853 81.0 0.0 7.0 130.0 14185.131231452659 14188.17037037036 14232.777777777797 
200.00614998255853 83.0 0.0 5.0 130.0 14181.91218238147 14152.940740740722 14232.777777777797 
201.00614998255853 83.0 0.0 6.0 131.0 14180.776519698877 14170.555555555586 14232.777777777797 
202.00614998255853 85.0 0.0 4.0 131.0 14179.44183069195 14167.429629629629 14232.777777777797 
203.00614998255853 86.0 0.0 3.0 131.0 14180.00209206722 14185.044444444442 14232.777777777797 
204.00614998255853 87.0 0.0 4.0 131.0 14182.26780878643 14202.659259259277 14232.777777777797 
205.00614998255853 89.0 0.0 3.0 131.0 14183.994361241092 14199.533333333318 14232.777777777797 
206.00614998255853 91.0 0.0 1.0 131.0 14185.860851042924 14202.659259259277 14232.777777777797 
207.00614998255853 91.0 0.0 3.0 131.0 14189.614765938637 14223.400000000001 14232.777777777797 
208.00614998255853 91.0 0.0 3.0 131.0 14191.231807863258 14205.785185185186 14232.777777777797 
209.00614998255853 93.0 0.0 2.0 130.0 14190.92566411399 14188.17037037036 14232.777777777797 
210.00614998255853 93.0 0.0 3.0 130.0 14194.173097702587 14223.400000000001 14232.777777777797 
211.00614998255853 93.0 0.0 4.0 130.0 14195.021713858268 14202.659259259277 14232.777777777797 
212.00614998255853 93.0 0.0 6.0 131.0 14194.023986916864 14185.044444444442 14232.777777777797 
213.00614998255853 96.0 0.0 3.0 131.0 14189.290477114095 14146.688888888892 14232.777777777797 
214.00614998255853 98.0 0.0 3.0 131.0 14192.076244217482 14217.14814814815 14232.777777777797 
215.00614998255853 98.0 0.0 5.0 131.0 14195.20861979573 14223.400000000001 14232.777777777797 
216.00614998255853 99.0 0.0 4.0 130.0 14192.431461519865 14167.437037037065 14232.777777777797 
217.00614998255853 99.0 0.0 5.0 130.0 14191.693500553081 14185.05185185184 14232.777777777797 
218.00614998255853 101.0 0.0 3.0 130.0 14189.267854201458 14167.437037037065 14232.777777777797 
219.00614998255853 101.0 0.0 5.0 131.0 14190.606994707245 14202.659259259277 14232.777777777797 
220.00614998255853 102.0 0.0 5.0 130.0 14191.18703597724 14196.407407407401 14232.777777777797 
221.00614998255853 102.0 0.0 7.0 130.0 14191.709073120279 14196.407407407401 14232.777777777797 
222.00614998255853 104.0 0.0 5.0 130.0 14190.104832474908 14175.666666666668 14232.777777777797 
223.00614998255853 106.0 0.0 7.0 130.0 14192.496571449641 14214.022222222226 14232.777777777797 
224.00614998255853 108.0 0.0 8.0 130.0 14191.439506897286 14181.92592592593 14232.777777777797 
225.00614998255853 109.0 0.0 7.0 129.0 14190.176296948308 14178.80740740741 14232.777777777797 
226.00614998255853 111.0 0.0 6.0 129.0 14190.800889475657 14196.422222222236 14232.777777777797 
227.00614998255853 112.0 0.0 7.0 129.0 14191.363022750333 14196.422222222236 14232.777777777797 
228.00614998255853 113.0 0.0 6.0 129.0 14190.10746121605 14178.80740740741 14232.777777777797 
229.00614998255853 114.0 0.0 7.0 130.0 14192.50041879814 14214.037037037013 14232.777777777797 
230.00614998255853 115.0 0.0 7.0 131.0 14191.131117659059 14178.80740740741 14232.777777777797 
231.00614998255853 116.0 0.0 11.0 130.0 14191.348376263524 14193.303703703717 14232.777777777797 
232.00614998255853 117.0 0.0 10.0 130.0 14187.708353451992 14154.94814814816 14232.777777777797 
233.00614998255853 118.0 0.0 10.0 129.0 14186.193073662334 14172.555555555586 14232.777777777797 
234.00614998255853 119.0 0.0 11.0 129.0 14184.82932185165 14172.555555555586 14232.777777777797 
235.00614998255853 119.0 0.0 11.0 129.0 14183.289352629461 14169.429629629629 14232.777777777797 
236.00614998255853 121.0 0.0 11.0 128.0 14181.903380329477 14169.429629629629 14232.777777777797 
237.00614998255853 121.0 0.0 12.0 127.0 14182.104894148368 14183.918518518494 14232.777777777797 
238.00614998255853 122.0 0.0 11.0 128.0 14180.524775103928 14166.303703703716 14232.777777777797 
239.00614998255853 123.0 0.0 12.0 127.0 14177.030075371315 14145.577777777764 14232.777777777797 
240.00614998255853 125.0 0.0 11.0 127.0 14173.884845611945 14145.577777777764 14232.777777777797 
241.00614998255853 129.0 0.0 7.0 126.0 14169.605249939641 14131.088888888855 14232.777777777797 
242.00614998255853 130.0 0.0 7.0 126.0 14168.451391612347 14158.066666666678 14232.777777777797 
243.00614998255853 133.0 0.0 6.0 126.0 14169.17440059928 14175.681481481453 14232.777777777797 
244.00614998255853 134.0 0.0 6.0 126.0 14170.137701280057 14178.80740740741 14232.777777777797 
245.00614998255853 134.0 0.0 7.0 126.0 14170.692079300215 14175.681481481453 14232.777777777797 
246.00614998255853 136.0 0.0 7.0 128.0 14169.42953803686 14158.066666666678 14232.777777777797 
247.00614998255853 137.0 0.0 6.0 129.0 14168.606584233177 14161.200000000026 14232.777777777797 
248.00614998255853 139.0 0.0 7.0 128.0 14171.38814803206 14196.422222222236 14232.777777777797 
249.00614998255853 140.0 0.0 7.0 128.0 14168.919703599222 14146.703703703723 14232.777777777797 
250.00614998255853 141.0 0.0 7.0 128.0 14168.146992498592 14161.19259259259 14232.777777777797 
251.00614998255853 145.0 0.0 4.0 129.0 14169.525626582039 14181.933333333322 14232.777777777797 
252.00614998255853 145.0 0.0 5.0 130.0 14172.527137997911 14199.540740740757 14232.777777777797 
253.00614998255853 147.0 0.0 5.0 130.0 14177.301831605537 14220.274074074052 14232.777777777797 
254.00614998255853 150.0 0.0 2.0 131.0 14176.627204000559 14170.555555555586 14232.777777777797 
255.00614998255853 150.0 0.0 5.0 131.0 14179.855594711586 14208.911111111145 14232.777777777797 
256.00614998255855 152.0 0.0 5.0 131.0 14181.823368573752 14199.533333333318 14232.777777777797 
257.00614998255855 152.0 0.0 7.0 132.0 14183.906957642314 14202.659259259277 14232.777777777797 
258.00614998255855 154.0 0.0 6.0 132.0 14181.947372989196 14164.311111111108 14232.777777777797 
259.00614998255855 155.0 0.0 8.0 132.0 14183.393376431035 14196.407407407401 14232.777777777797 
260.00614998255855 156.0 0.0 9.0 132.0 14182.620705454572 14175.666666666668 14232.777777777797 
261.00614998255855 157.0 0.0 8.0 130.0 14185.136412686901 14207.777777777797 14232.777777777797 
262.00614998255855 157.0 0.0 11.0 128.0 14185.63906771451 14190.162962962962 14232.777777777797 
263.00614998255855 158.0 0.0 11.0 127.0 14182.255901683786 14151.80740740741 14232.777777777797 
264.00614998255855 159.0 0.0 11.0 128.0 14179.21105225615 14151.80740740741 14232.777777777797 
265.00614998255855 162.0 0.0 10.0 126.0 14177.9203174009 14166.303703703717 14232.777777777797 
266.00614998255855 164.0 0.0 10.0 126.0 14175.620878253434 14154.92592592593 14232.777777777797 
267.00614998255855 165.0 0.0 10.0 126.0 14172.102494131777 14140.437037037065 14232.777777777797 
268.00614998255855 168.0 0.0 8.0 127.0 14171.010022496397 14161.17777777776 14232.777777777797 
269.00614998255855 170.0 0.0 8.0 127.0 14172.924575802283 14190.155555555531 14232.777777777797 
270.00614998255855 172.0 0.0 8.0 126.0 14173.198784888737 14175.666666666668 14232.777777777797 
271.00614998255855 174.0 0.0 8.0 126.0 14171.684091585064 14158.05185185184 14232.777777777797 
272.00614998255855 175.0 0.0 11.0 126.0 14173.531237982084 14190.155555555531 14232.777777777797 
273.00614998255855 177.0 0.0 15.0 126.0 14174.881077146842 14187.029629629666 14232.777777777797 
274.00614998255855 180.0 0.0 15.0 125.0 14168.425562024733 14110.325925925896 14232.777777777797 
275.00614998255855 182.0 0.0 15.0 125.0 14161.480783600062 14098.977777777774 14232.777777777797 
276.00614998255855 186.0 0.0 15.0 127.0 14153.469742277082 14081.370370370389 14232.777777777797 
277.00614998255855 189.0 0.0 14.0 126.0 14148.846471753095 14107.23703703704 14232.777777777797 
278.00614998255855 193.0 0.0 13.0 125.0 14147.895157911102 14139.333333333332 14232.777777777797 
279.00614998255855 193.0 0.0 18.0 124.0 14147.350827305183 14142.45185185185 14232.777777777797 
280.00614998255855 197.0 0.0 17.0 123.0 14142.712781611706 14100.970370370334 14232.777777777797 
281.00614998255855 202.0 0.0 17.0 123.0 14136.778540487572 14083.370370370389 14232.777777777797 
282.00614998255855 206.0 0.0 15.0 125.0 14134.64735310548 14115.466666666682 14232.777777777797 
283.00614998255855 207.0 0.0 17.0 124.0 14136.564099276398 14153.814814814803 14232.777777777797 
284.00614998255855 212.0 0.0 14.0 125.0 14136.527689348773 14136.200000000026 14232.777777777797 
285.00614998255855 215.0 0.0 15.0 125.0 14137.11936485833 14142.444444444414 14232.777777777797 
286.00614998255855 217.0 0.0 18.0 124.0 14134.128909853978 14107.214814814812 14232.777777777797 
287.00614998255855 222.0 0.0 14.0 124.0 14126.778241090813 14060.622222222213 14232.777777777797 
288.00614998255855 224.0 0.0 15.0 122.0 14126.895972537288 14127.955555555558 14232.777777777797 
289.00614998255855 228.0 0.0 13.0 123.0 14125.552301209495 14113.459259259243 14232.777777777797 
290.00614998255855 231.0 0.0 10.0 123.0 14125.791885903353 14127.94814814816 14232.777777777797 
291.00614998255855 233.0 0.0 11.0 123.0 14129.842326942653 14166.296296296277 14232.777777777797 
292.00614998255855 234.0 0.0 14.0 124.0 14135.24920535949 14183.911111111145 14232.777777777797 
293.00614998255855 240.0 0.0 10.0 123.0 14134.205766305024 14124.814814814803 14232.777777777797 
294.00614998255855 244.0 0.0 8.0 123.0 14133.068893378226 14122.83703703704 14232.777777777797 
295.00614998255855 245.0 0.0 9.0 124.0 14139.090152188563 14193.281481481483 14232.777777777797 
296.00614998255855 246.0 0.0 9.0 124.0 14142.435211043756 14172.540740740757 14232.777777777797 
297.00614998255855 249.0 0.0 9.0 123.0 14143.684282531993 14154.92592592593 14232.777777777797 
298.00614998255855 251.0 0.0 10.0 124.0 14141.598076501008 14122.82222222224 14232.777777777797 
299.00614998255855 252.0 0.0 10.0 124.0 14142.305676258313 14148.674074074104 14232.777777777797 
300.00614998255855 254.0 0.0 11.0 125.0 14146.465479002873 14183.903703703707 14232.777777777797 
301.00614998255855 256.0 0.0 12.0 124.0 14144.925597769248 14131.066666666678 14232.777777777797 
302.00614998255855 257.0 0.0 13.0 123.0 14143.538963918227 14131.059259259278 14232.777777777797 
303.00614998255855 259.0 0.0 16.0 122.0 14142.290993452347 14131.059259259278 14232.777777777797 
304.00614998255855 260.0 0.0 17.0 122.0 14134.121894107102 14060.599999999999 14232.777777777797 
305.00614998255855 265.0 0.0 13.0 122.0 14128.53266765935 14078.22962962964 14232.777777777797 
306.00614998255855 269.0 0.0 12.0 123.0 14129.097919411934 14134.185185185197 14232.777777777797 
307.00614998255855 273.0 0.0 11.0 123.0 14132.817757100385 14166.296296296277 14232.777777777797 
308.00614998255855 274.0 0.0 10.0 123.0 14131.507092501426 14119.711111111119 14232.777777777797 
309.00614998255855 276.0 0.0 10.0 123.0 14132.088235103158 14137.318518518547 14232.777777777797 
310.00614998255855 280.0 0.0 10.0 124.0 14131.163115296551 14122.83703703704 14232.777777777797 
311.00614998255855 282.0 0.0 14.0 127.0 14130.954951915037 14129.081481481506 14232.777777777797 
312.00614998255855 286.0 0.0 12.0 126.0 14126.93204931613 14090.725925925948 14232.777777777797 
313.00614998255855 290.0 0.0 9.0 126.0 14123.31143697711 14090.725925925948 14232.777777777797 
314.00614998255855 293.0 0.0 9.0 127.0 14122.126959946081 14111.46666666668 14232.777777777797 
315.00614998255855 295.0 0.0 12.0 127.0 14125.720189877398 14158.059259259278 14232.777777777797 
316.00614998255855 298.0 0.0 10.0 127.0 14121.908911630391 14087.607407407428 14232.777777777797 
317.00614998255855 301.0 0.0 7.0 127.0 14123.762464911797 14140.444444444414 14232.777777777797 
318.00614998255855 304.0 0.0 5.0 127.0 14127.191403605791 14158.05185185184 14232.777777777797 
319.00614998255855 306.0 0.0 6.0 126.0 14134.11300398596 14196.407407407401 14232.777777777797 
320.00614998255855 309.0 0.0 10.0 127.0 14139.717259142913 14190.155555555531 14232.777777777797 
321.00614998255855 311.0 0.0 12.0 127.0 14137.717385080476 14119.718518518519 14232.777777777797 
322.00614998255855 311.0 0.0 14.0 125.0 14138.189350276141 14142.437037037065 14232.777777777797 
323.00614998255855 313.0 0.0 14.0 125.0 14137.67634117446 14133.059259259278 14232.777777777797 
324.00614998255855 314.0 0.0 16.0 124.0 14135.454632982928 14115.459259259243 14232.777777777797 
325.00614998255855 318.0 0.0 13.0 124.0 14133.454354869817 14115.45185185185 14232.777777777797 
326.00614998255855 321.0 0.0 13.0 123.0 14133.728178642106 14136.19259259259 14232.777777777797 
327.00614998255855 327.0 0.0 17.0 122.0 14136.047212629737 14156.918518518494 14232.777777777797 
328.00614998255855 330.0 0.0 16.0 122.0 14124.04397284826 14016.014814814838 14232.777777777797 
329.00614998255855 333.0 0.0 16.0 123.0 14118.83809408193 14071.985185185162 14232.777777777797 
330.00614998255855 335.0 0.0 14.0 123.0 14115.60095134041 14086.46666666668 14232.777777777797 
331.00614998255855 339.0 0.0 13.0 122.0 14117.971226576754 14139.303703703717 14232.777777777797 
332.00614998255855 342.0 0.0 12.0 123.0 14118.969659474602 14127.955555555558 14232.777777777797 
333.00614998255855 343.0 0.0 13.0 121.0 14123.39047130494 14163.17777777776 14232.777777777797 
334.00614998255855 345.0 0.0 11.0 121.0 14125.607720470727 14145.562962962935 14232.777777777797 
335.00614998255855 347.0 0.0 11.0 122.0 14131.126207682924 14180.792592592627 14232.777777777797 
336.00614998255855 348.0 0.0 13.0 123.0 14135.780253581297 14177.666666666668 14232.777777777797 
337.00614998255855 350.0 0.0 16.0 124.0 14136.445931926884 14142.437037037065 14232.777777777797 
338.00614998255855 354.0 0.0 14.0 123.0 14133.210227623063 14104.088888888855 14232.777777777797 
339.00614998255855 354.0 0.0 19.0 124.0 14134.133649305215 14142.444444444414 14232.777777777797 
340.00614998255855 359.0 0.0 15.0 123.0 14135.16398807839 14144.437037037065 14232.777777777797 
341.00614998255855 360.0 0.0 16.0 123.0 14136.090552233507 14144.429629629629 14232.777777777797 
342.00614998255855 362.0 0.0 16.0 122.0 14136.924459973134 14144.429629629629 14232.777777777797 
343.00614998255855 363.0 0.0 19.0 121.0 14136.226088049887 14129.940740740722 14232.777777777797 
344.00614998255855 367.0 0.0 15.0 120.0 14133.523479244895 14109.200000000026 14232.777777777797 
345.00614998255855 370.0 0.0 15.0 122.0 14133.789649838918 14136.185185185197 14232.777777777797 
346.00614998255855 372.0 0.0 17.0 121.0 14134.341795966133 14139.311111111108 14232.777777777797 
347.00614998255855 376.0 0.0 14.0 121.0 14135.462431184353 14145.54814814815 14232.777777777797 
348.00614998255855 380.0 0.0 10.0 121.0 14131.812484362226 14098.962962962985 14232.777777777797 
349.00614998255855 386.0 0.0 6.0 122.0 14134.436421111155 14158.05185185184 14232.777777777797 
350.00614998255855 388.0 0.0 6.0 122.0 14140.6335197408 14196.407407407401 14232.777777777797 
351.00614998255855 389.0 0.0 7.0 123.0 14148.28498258153 14217.14814814815 14232.777777777797 
352.00614998255855 390.0 0.0 10.0 123.0 14148.437965804857 14149.814814814803 14232.777777777797 
353.00614998255855 392.0 0.0 9.0 126.0 14146.501576631774 14129.074074074071 14232.777777777797 
354.00614998255855 394.0 0.0 8.0 126.0 14147.969196746393 14161.17777777776 14232.777777777797 
355.00614998255855 395.0 0.0 10.0 126.0 14152.813017812483 14196.407407407401 14232.777777777797 
356.00614998255855 399.0 0.0 10.0 126.0 14151.888012327547 14143.562962962935 14232.777777777797 
357.00614998255855 400.0 0.0 11.0 127.0 14148.159951835529 14114.607407407428 14232.777777777797 
358.00614998255855 402.0 0.0 10.0 127.0 14148.014327022334 14146.703703703723 14232.777777777797 
359.00614998255855 404.0 0.0 9.0 128.0 14151.092153579353 14178.792592592627 14232.777777777797 
360.00614998255855 404.0 0.0 9.0 128.0 14153.862197480705 14178.792592592627 14232.777777777797 
361.00614998255855 406.0 0.0 9.0 128.0 14158.116718473351 14196.407407407401 14232.777777777797 
362.00614998255855 409.0 0.0 8.0 127.0 14159.871713292681 14175.666666666668 14232.777777777797 
363.00614998255855 410.0 0.0 11.0 129.0 14163.21269011157 14193.281481481483 14232.777777777797 
364.00614998255855 412.0 0.0 11.0 129.0 14162.384754433735 14154.933333333322 14232.777777777797 
365.00614998255855 415.0 0.0 9.0 127.0 14164.849982694086 14187.037037037013 14232.777777777797 
366.00614998255855 417.0 0.0 11.0 127.0 14168.830169609857 14204.651851851839 14232.777777777797 
367.00614998255855 419.0 0.0 13.0 126.0 14168.890856352571 14169.437037037065 14232.777777777797 
368.00614998255855 421.0 0.0 13.0 126.0 14168.320289235842 14163.185185185197 14232.777777777797 
369.00614998255855 424.0 0.0 12.0 125.0 14169.255667719646 14177.674074074106 14232.777777777797 
370.00614998255855 425.0 0.0 15.0 125.0 14172.170841688432 14198.407407407401 14232.777777777797 
371.00614998255855 429.0 0.0 14.0 127.0 14169.198201964022 14142.444444444414 14232.777777777797 
372.00614998255855 431.0 0.0 12.0 125.0 14168.28430769354 14160.059259259278 14232.777777777797 
373.00614998255855 431.0 0.0 13.0 127.0 14169.535876924212 14180.799999999974 14232.777777777797 
374.00614998255855 431.0 0.0 15.0 126.0 14170.037844787323 14174.555555555586 14232.777777777797 
375.00614998255855 432.0 0.0 16.0 126.0 14169.86443067896 14168.303703703717 14232.777777777797 
376.00614998255855 433.0 0.0 17.0 125.0 14171.15724687034 14182.792592592627 14232.777777777797 
377.00614998255855 435.0 0.0 17.0 125.0 14171.696336998106 14176.54814814815 14232.777777777797 
378.00614998255855 439.0 0.0 17.0 126.0 14172.494110705704 14179.674074074106 14232.777777777797 
379.00614998255855 441.0 0.0 18.0 124.0 14171.761736672188 14165.17037037036 14232.777777777797 
380.00614998255855 443.0 0.0 21.0 124.0 14167.891488930873 14133.059259259278 14232.777777777797 
381.00614998255855 446.0 0.0 21.0 122.0 14157.363821519264 14062.614814814824 14232.777777777797 
382.00614998255855 451.0 0.0 18.0 122.0 14149.650402330308 14080.22962962964 14232.777777777797 
383.00614998255855 455.0 0.0 18.0 121.0 14146.542399134318 14118.570370370371 14232.777777777797 
384.00614998255855 458.0 0.0 18.0 120.0 14143.120011072731 14112.318518518547 14232.777777777797 
385.00614998255855 459.0 0.0 21.0 119.0 14141.800602558053 14129.92592592593 14232.777777777797 
386.00614998255855 462.0 0.0 25.0 117.0 14136.778320080019 14091.577777777764 14232.777777777797 
387.00614998255855 468.0 0.0 22.0 118.0 14127.287895479421 14041.874074074081 14232.777777777797 
388.00614998255855 472.0 0.0 23.0 118.0 14123.717624450004 14091.585185185202 14232.777777777797 
389.00614998255855 482.0 0.0 16.0 118.0 14119.36808422724 14080.222222222203 14232.777777777797 
390.00614998255855 486.0 0.0 14.0 119.0 14116.703868397115 14092.725925925948 14232.777777777797 
391.00614998255855 487.0 0.0 18.0 119.0 14117.516444520366 14124.82962962964 14232.777777777797 
392.00614998255855 493.0 0.0 13.0 121.0 14116.485540809043 14107.207407407375 14232.777777777797 
393.00614998255855 495.0 0.0 16.0 119.0 14120.841431172606 14160.044444444442 14232.777777777797 
394.00614998255855 498.0 0.0 15.0 121.0 14123.000251018302 14142.429629629629 14232.777777777797 
395.00614998255855 499.0 0.0 18.0 121.0 14126.39281850906 14156.92592592593 14232.777777777797 
396.00614998255855 502.0 0.0 18.0 120.0 14127.05946258408 14133.059259259278 14232.777777777797 
397.00614998255855 505.0 0.0 18.0 122.0 14129.732034844194 14153.785185185186 14232.777777777797 
398.00614998255855 509.0 0.0 17.0 122.0 14130.064757285712 14133.059259259278 14232.777777777797 
399.00614998255855 512.0 0.0 17.0 121.0 14128.9160593349 14118.577777777764 14232.777777777797 
400.00614998255855 514.0 0.0 19.0 120.0 14129.642971919935 14136.185185185197 14232.777777777797 
401.00614998255855 521.0 0.0 16.0 121.0 14127.400896950166 14107.222222222203 14232.777777777797 
402.00614998255855 524.0 0.0 14.0 124.0 14127.768214662554 14131.07407407407 14232.777777777797 
403.00614998255855 528.0 0.0 14.0 121.0 14127.785467270374 14127.940740740722 14232.777777777797 
404.00614998255855 530.0 0.0 19.0 120.0 14129.563216839617 14145.562962962935 14232.777777777797 
405.00614998255855 533.0 0.0 21.0 119.0 14126.702450711207 14100.95555555556 14232.777777777797 
406.00614998255855 535.0 0.0 20.0 122.0 14120.292946380854 14062.607407407428 14232.777777777797 
407.00614998255855 538.0 0.0 18.0 120.0 14119.495503594595 14112.318518518547 14232.777777777797 
408.00614998255855 543.0 0.0 14.0 120.0 14122.300027309226 14147.540740740757 14232.777777777797 
409.00614998255855 543.0 0.0 18.0 120.0 14128.034469022743 14179.644444444439 14232.777777777797 
410.00614998255855 546.0 0.0 16.0 121.0 14126.149540638979 14109.185185185197 14232.777777777797 
411.00614998255855 550.0 0.0 12.0 118.0 14128.287919908413 14147.533333333318 14232.777777777797 
412.00614998255855 552.0 0.0 11.0 118.0 14134.673201991638 14192.140740740746 14232.777777777797 
413.00614998255855 552.0 0.0 12.0 118.0 14140.107363273977 14189.014814814838 14232.777777777797 
414.00614998255855 556.0 0.0 9.0 119.0 14145.310701020637 14192.140740740746 14232.777777777797 
415.00614998255855 557.0 0.0 9.0 120.0 14149.482593881557 14187.029629629666 14232.777777777797 
416.00614998255855 559.0 0.0 10.0 121.0 14153.237297456359 14187.029629629666 14232.777777777797 
417.00614998255855 563.0 0.0 6.0 121.0 14156.303938081086 14183.903703703707 14232.777777777797 
418.00614998255855 564.0 0.0 5.0 122.0 14161.763173902595 14210.896296296318 14232.777777777797 
419.00614998255855 564.0 0.0 6.0 123.0 14167.301671327159 14217.14814814815 14232.777777777797 
420.00614998255855 565.0 0.0 6.0 125.0 14171.97372641666 14214.022222222226 14232.777777777797 
421.00614998255855 567.0 0.0 5.0 126.0 14176.178575997214 14214.022222222226 14232.777777777797 
422.00614998255855 567.0 0.0 7.0 127.0 14180.2755332123 14217.14814814815 14232.777777777797 
423.00614998255855 567.0 0.0 7.0 128.0 14183.65020211331 14214.022222222226 14232.777777777797 
424.00614998255855 567.0 0.0 7.0 127.0 14184.925922642726 14196.407407407401 14232.777777777797 
425.00614998255855 567.0 0.0 7.0 128.0 14186.074071119192 14196.407407407401 14232.777777777797 
426.00614998255855 568.0 0.0 7.0 129.0 14187.10740474802 14196.407407407401 14232.777777777797 
427.00614998255855 570.0 0.0 5.0 130.0 14188.037405013947 14196.407407407401 14232.777777777797 
428.00614998255855 571.0 0.0 4.0 130.0 14190.948479327368 14217.14814814815 14232.777777777797 
429.00614998255855 572.0 0.0 3.0 130.0 14193.881038802048 14220.274074074052 14232.777777777797 
430.00614998255855 573.0 0.0 2.0 130.0 14196.83293492183 14223.400000000001 14232.777777777797 
431.00614998255855 574.0 0.0 1.0 131.0 14199.802234022249 14226.525925925918 14232.777777777797 
432.00614998255855 574.0 0.0 1.0 132.0 14202.787195805186 14229.651851851839 14232.777777777797 
433.00614998255855 574.0 0.0 1.0 132.0 14205.473661409853 14229.651851851839 14232.777777777797 
434.00614998255855 574.0 0.0 1.0 132.0 14207.89148045408 14229.651851851839 14232.777777777797 
435.00614998255855 574.0 0.0 1.0 133.0 14210.067517593852 14229.651851851839 14232.777777777797 
436.00614998255855 574.0 0.0 1.0 133.0 14212.02595101964 14229.651851851839 14232.777777777797 
437.00614998255855 575.0 0.0 0.0 133.0 14213.788541102866 14229.651851851839 14232.777777777797 
438.00614998255855 575.0 0.0 0.0 133.0 14215.687464770344 14232.777777777797 14232.777777777797 
439.00614998255855 575.0 0.0 0.0 134.0 14217.396496071104 14232.777777777797 14232.777777777797 
440.00614998255855 575.0 0.0 2.0 134.0 14218.934624241769 14232.777777777797 14232.777777777797 
441.00614998255855 575.0 0.0 2.0 134.0 14219.693754410197 14226.525925925918 14232.777777777797 
442.00614998255855 576.0 0.0 2.0 134.0 14220.37697156175 14226.525925925918 14232.777777777797 
443.00614998255855 576.0 0.0 2.0 134.0 14220.991866998182 14226.525925925918 14232.777777777797 
444.00614998255855 576.0 0.0 3.0 135.0 14221.545272890951 14226.525925925918 14232.777777777797 
445.00614998255855 577.0 0.0 2.0 135.0 14220.281856712967 14208.911111111145 14232.777777777797 
446.00614998255855 577.0 0.0 3.0 134.0 14220.90626363426 14226.525925925918 14232.777777777797 
447.00614998255855 577.0 0.0 3.0 134.0 14221.15563727083 14223.400000000001 14232.777777777797 
448.00614998255855 577.0 0.0 4.0 133.0 14221.380073543738 14223.400000000001 14232.777777777797 
449.00614998255855 579.0 0.0 3.0 133.0 14219.820584707892 14205.785185185186 14232.777777777797 
450.00614998255855 580.0 0.0 2.0 133.0 14220.178526237092 14223.400000000001 14232.777777777797 
451.00614998255855 581.0 0.0 1.0 133.0 14220.813266205985 14226.525925925918 14232.777777777797 
452.00614998255855 581.0 0.0 2.0 133.0 14221.697124770562 14229.651851851839 14232.777777777797 
453.00614998255855 581.0 0.0 2.0 135.0 14222.180004886104 14226.525925925918 14232.777777777797 
454.00614998255855 581.0 0.0 2.0 135.0 14222.614596990086 14226.525925925918 14232.777777777797 
455.00614998255855 581.0 0.0 3.0 134.0 14223.005729883671 14226.525925925918 14232.777777777797 
456.00614998255855 581.0 0.0 4.0 134.0 14223.045156895298 14223.400000000001 14232.777777777797 
457.00614998255855 582.0 0.0 3.0 134.0 14222.76804861318 14220.274074074052 14232.777777777797 
458.00614998255855 582.0 0.0 3.0 133.0 14222.831243751863 14223.400000000001 14232.777777777797 
459.00614998255855 584.0 0.0 1.0 133.0 14222.888119376657 14223.400000000001 14232.777777777797 
460.00614998255855 584.0 0.0 1.0 134.0 14223.564492624178 14229.651851851839 14232.777777777797 
461.00614998255855 584.0 0.0 1.0 134.0 14224.17322854695 14229.651851851839 14232.777777777797 
462.00614998255855 584.0 0.0 1.0 134.0 14224.721090877456 14229.651851851839 14232.777777777797 
463.00614998255855 584.0 0.0 1.0 134.0 14225.214166974894 14229.651851851839 14232.777777777797 
464.00614998255855 584.0 0.0 2.0 134.0 14225.657935462585 14229.651851851839 14232.777777777797 
465.00614998255855 584.0 0.0 2.0 134.0 14225.744734508922 14226.525925925918 14232.777777777797 
466.00614998255855 584.0 0.0 2.0 134.0 14225.822853650605 14226.525925925918 14232.777777777797 
467.00614998255855 584.0 0.0 2.0 134.0 14225.893160878151 14226.525925925918 14232.777777777797 
468.00614998255855 584.0 0.0 2.0 134.0 14225.95643738293 14226.525925925918 14232.777777777797 
469.00614998255855 584.0 0.0 2.0 134.0 14226.013386237242 14226.525925925918 14232.777777777797 
470.00614998255855 584.0 0.0 2.0 133.0 14226.06464020611 14226.525925925918 14232.777777777797 
471.00614998255855 584.0 0.0 2.0 133.0 14226.110768778075 14226.525925925918 14232.777777777797 
472.00614998255855 584.0 0.0 2.0 133.0 14226.152284492859 14226.525925925918 14232.777777777797 
473.00614998255855 584.0 0.0 3.0 133.0 14226.189648636178 14226.525925925918 14232.777777777797 
474.00614998255855 584.0 0.0 3.0 133.0 14225.910683772567 14223.400000000001 14232.777777777797 
475.00614998255855 585.0 0.0 2.0 133.0 14225.6596153953 14223.400000000001 14232.777777777797 
476.00614998255855 586.0 0.0 1.0 133.0 14225.746246448365 14226.525925925918 14232.777777777797 
477.00614998255855 586.0 0.0 2.0 133.0 14226.136806988705 14229.651851851839 14232.777777777797 
478.00614998255855 587.0 0.0 1.0 133.0 14224.726829993548 14212.037037037013 14232.777777777797 
479.00614998255855 588.0 0.0 0.0 133.0 14225.219332179377 14229.651851851839 14232.777777777797 
480.00614998255855 588.0 0.0 0.0 134.0 14225.975176739215 14232.777777777797 14232.777777777797 
481.00614998255855 588.0 0.0 0.0 134.0 14226.655436843064 14232.777777777797 14232.777777777797 
482.00614998255855 588.0 0.0 0.0 134.0 14227.267670936531 14232.777777777797 14232.777777777797 
483.00614998255855 588.0 0.0 0.0 134.0 14227.818681620662 14232.777777777797 14232.777777777797 
484.00614998255855 588.0 0.0 0.0 134.0 14228.314591236365 14232.777777777797 14232.777777777797 
485.00614998255855 588.0 0.0 0.0 134.0 14228.76090989051 14232.777777777797 14232.777777777797 
486.00614998255855 588.0 0.0 0.0 135.0 14229.16259667922 14232.777777777797 14232.777777777797 
487.00614998255855 588.0 0.0 0.0 135.0 14229.524114789101 14232.777777777797 14232.777777777797 
488.00614998255855 588.0 0.0 0.0 135.0 14229.849481087967 14232.777777777797 14232.777777777797 
489.00614998255855 588.0 0.0 0.0 135.0 14230.142310756937 14232.777777777797 14232.777777777797 
490.00614998255855 588.0 0.0 0.0 135.0 14230.405857459027 14232.777777777797 14232.777777777797 
491.00614998255855 588.0 0.0 0.0 135.0 14230.643049490915 14232.777777777797 14232.777777777797 
492.00614998255855 588.0 0.0 0.0 135.0 14230.856522319576 14232.777777777797 14232.777777777797 
493.00614998255855 588.0 0.0 0.0 135.0 14231.0486478654 14232.777777777797 14232.777777777797 
494.00614998255855 588.0 0.0 0.0 135.0 14231.221560856642 14232.777777777797 14232.777777777797 
495.00614998255855 588.0 0.0 0.0 135.0 14231.377182548747 14232.777777777797 14232.777777777797 
496.00614998255855 588.0 0.0 0.0 135.0 14231.51724207165 14232.777777777797 14232.777777777797 
497.00614998255855 588.0 0.0 0.0 135.0 14231.643295642287 14232.777777777797 14232.777777777797 
498.00614998255855 588.0 0.0 0.0 135.0 14231.756743855833 14232.777777777797 14232.777777777797 
499.00614998255855 588.0 0.0 0.0 135.0 14231.858847248015 14232.777777777797 14232.777777777797 
500.00614998255855 588.0 0.0 0.0 135.0 14231.95074030098 14232.777777777797 14232.777777777797 
501.00614998255855 588.0 0.0 0.0 135.0 14232.033444048671 14232.777777777797 14232.777777777797 
502.00614998255855 588.0 0.0 0.0 135.0 14232.10787742158 14232.777777777797 14232.777777777797 
503.00614998255855 588.0 0.0 0.0 135.0 14232.17486745719 14232.777777777797 14232.777777777797 
504.00614998255855 588.0 0.0 0.0 135.0 14232.235158489259 14232.777777777797 14232.777777777797 
505.00614998255855 588.0 0.0 0.0 135.0 14232.289420418105 14232.777777777797 14232.777777777797 
506.00614998255855 588.0 0.0 1.0 135.0 14232.338256154077 14232.777777777797 14232.777777777797 
507.00614998255855 588.0 0.0 1.0 135.0 14232.069615723865 14229.651851851839 14232.777777777797 
508.00614998255855 588.0 0.0 1.0 135.0 14231.827839336667 14229.651851851839 14232.777777777797 
509.00614998255855 588.0 0.0 1.0 135.0 14231.610240588163 14229.651851851839 14232.777777777797 
510.00614998255855 588.0 0.0 2.0 135.0 14231.414401714543 14229.651851851839 14232.777777777797 
511.00614998255855 588.0 0.0 2.0 135.0 14230.925554135685 14226.525925925918 14232.777777777797 
512.0061499825586 588.0 0.0 2.0 134.0 14230.485591314688 14226.525925925918 14232.777777777797 
513.0061499825586 589.0 0.0 1.0 134.0 14230.089624775837 14226.525925925918 14232.777777777797 
514.0061499825586 589.0 0.0 1.0 134.0 14230.04584748342 14229.651851851839 14232.777777777797 
515.0061499825586 589.0 0.0 1.0 135.0 14230.006447920272 14229.651851851839 14232.777777777797 
516.0061499825586 590.0 0.0 0.0 134.0 14229.970988313424 14229.651851851839 14232.777777777797 
517.0061499825586 590.0 0.0 0.0 135.0 14230.251667259861 14232.777777777797 14232.777777777797 
518.0061499825586 590.0 0.0 0.0 135.0 14230.50427831165 14232.777777777797 14232.777777777797 
519.0061499825586 590.0 0.0 0.0 135.0 14230.731628258276 14232.777777777797 14232.777777777797 
520.0061499825586 590.0 0.0 0.0 135.0 14230.936243210215 14232.777777777797 14232.777777777797 
521.0061499825586 590.0 0.0 0.0 135.0 14231.120396666982 14232.777777777797 14232.777777777797 
522.0061499825586 590.0 0.0 0.0 135.0 14231.286134778058 14232.777777777797 14232.777777777797 
523.0061499825586 590.0 0.0 0.0 135.0 14231.435299078035 14232.777777777797 14232.777777777797 
524.0061499825586 590.0 0.0 0.0 135.0 14231.56954694802 14232.777777777797 14232.777777777797 
525.0061499825586 590.0 0.0 0.0 135.0 14231.690370030989 14232.777777777797 14232.777777777797 
526.0061499825586 590.0 0.0 0.0 135.0 14231.799110805667 14232.777777777797 14232.777777777797 
527.0061499825586 590.0 0.0 0.0 135.0 14231.896977502875 14232.777777777797 14232.777777777797 
528.0061499825586 590.0 0.0 0.0 135.0 14231.985057530357 14232.777777777797 14232.777777777797 
529.0061499825586 590.0 0.0 0.0 135.0 14232.064329555105 14232.777777777797 14232.777777777797 
530.0061499825586 590.0 0.0 0.0 135.0 14232.13567437737 14232.777777777797 14232.777777777797 
531.0061499825586 590.0 0.0 0.0 135.0 14232.199884717427 14232.777777777797 14232.777777777797 
532.0061499825586 590.0 0.0 0.0 135.0 14232.25767402343 14232.777777777797 14232.777777777797 
533.0061499825586 590.0 0.0 1.0 135.0 14232.309684398877 14232.777777777797 14232.777777777797 
534.0061499825586 590.0 0.0 1.0 135.0 14232.043901144165 14229.651851851839 14232.777777777797 
535.0061499825586 590.0 0.0 1.0 135.0 14231.804696214944 14229.651851851839 14232.777777777797 
536.0061499825586 590.0 0.0 1.0 135.0 14231.589411778648 14229.651851851839 14232.777777777797 
537.0061499825586 591.0 0.0 0.0 135.0 14231.395655785964 14229.651851851839 14232.777777777797 
538.0061499825586 591.0 0.0 0.0 135.0 14231.53386798513 14232.777777777797 14232.777777777797 
539.0061499825586 591.0 0.0 0.0 135.0 14231.658258964395 14232.777777777797 14232.777777777797 
540.0061499825586 591.0 0.0 0.0 135.0 14231.770210845747 14232.777777777797 14232.777777777797 
541.0061499825586 591.0 0.0 0.0 135.0 14231.870967538942 14232.777777777797 14232.777777777797 
542.0061499825586 591.0 0.0 0.0 135.0 14231.96164856282 14232.777777777797 14232.777777777797 
543.0061499825586 591.0 0.0 0.0 135.0 14232.043261484328 14232.777777777797 14232.777777777797 
544.0061499825586 591.0 0.0 0.0 135.0 14232.116713113679 14232.777777777797 14232.777777777797 
545.0061499825586 591.0 0.0 2.0 135.0 14232.182819580066 14232.777777777797 14232.777777777797 
546.0061499825586 592.0 0.0 1.0 135.0 14231.617130214661 14226.525925925918 14232.777777777797 
547.0061499825586 592.0 0.0 1.0 135.0 14231.420602378364 14229.651851851839 14232.777777777797 
548.0061499825586 592.0 0.0 1.0 135.0 14231.243727325736 14229.651851851839 14232.777777777797 
549.0061499825586 592.0 0.0 2.0 135.0 14231.084539778356 14229.651851851839 14232.777777777797 
550.0061499825586 592.0 0.0 2.0 135.0 14230.62867839311 14226.525925925918 14232.777777777797 
551.0061499825586 593.0 0.0 1.0 134.0 14230.218403146384 14226.525925925918 14232.777777777797 
552.0061499825586 593.0 0.0 1.0 135.0 14230.161748016915 14229.651851851839 14232.777777777797 
553.0061499825586 593.0 0.0 1.0 135.0 14230.110758400411 14229.651851851839 14232.777777777797 
554.0061499825586 593.0 0.0 1.0 135.0 14230.06486774555 14229.651851851839 14232.777777777797 
555.0061499825586 593.0 0.0 1.0 134.0 14230.023566156204 14229.651851851839 14232.777777777797 
556.0061499825586 593.0 0.0 1.0 134.0 14229.986394725762 14229.651851851839 14232.777777777797 
557.0061499825586 593.0 0.0 1.0 134.0 14229.952940438352 14229.651851851839 14232.777777777797 
558.0061499825586 593.0 0.0 1.0 134.0 14229.92283157971 14229.651851851839 14232.777777777797 
559.0061499825586 593.0 0.0 1.0 134.0 14229.895733606925 14229.651851851839 14232.777777777797 
560.0061499825586 593.0 0.0 1.0 134.0 14229.871345431426 14229.651851851839 14232.777777777797 
561.0061499825586 593.0 0.0 1.0 134.0 14229.849396073458 14229.651851851839 14232.777777777797 
562.0061499825586 593.0 0.0 1.0 134.0 14229.829641651288 14229.651851851839 14232.777777777797 
563.0061499825586 593.0 0.0 1.0 134.0 14229.811862671357 14229.651851851839 14232.777777777797 
564.0061499825586 593.0 0.0 1.0 134.0 14229.795861589399 14229.651851851839 14232.777777777797 
565.0061499825586 593.0 0.0 1.0 134.0 14229.78146061565 14229.651851851839 14232.777777777797 
566.0061499825586 593.0 0.0 1.0 134.0 14229.768499739284 14229.651851851839 14232.777777777797 
567.0061499825586 593.0 0.0 1.0 134.0 14229.756834950527 14229.651851851839 14232.777777777797 
568.0061499825586 593.0 0.0 1.0 134.0 14229.746336640665 14229.651851851839 14232.777777777797 
569.0061499825586 593.0 0.0 1.0 134.0 14229.736888161771 14229.651851851839 14232.777777777797 
570.0061499825586 593.0 0.0 1.0 134.0 14229.728384530781 14229.651851851839 14232.777777777797 
571.0061499825586 594.0 0.0 0.0 134.0 14229.720731262889 14229.651851851839 14232.777777777797 
572.0061499825586 594.0 0.0 0.0 134.0 14230.026435914386 14232.777777777797 14232.777777777797 
573.0061499825586 594.0 0.0 0.0 134.0 14230.301570100724 14232.777777777797 14232.777777777797 
574.0061499825586 594.0 0.0 0.0 134.0 14230.549190868433 14232.777777777797 14232.777777777797 
575.0061499825586 594.0 0.0 0.0 134.0 14230.772049559364 14232.777777777797 14232.777777777797 
576.0061499825586 594.0 0.0 0.0 134.0 14230.972622381201 14232.777777777797 14232.777777777797 
577.0061499825586 594.0 0.0 0.0 134.0 14231.15313792085 14232.777777777797 14232.777777777797 
578.0061499825586 594.0 0.0 0.0 135.0 14231.315601906565 14232.777777777797 14232.777777777797 
579.0061499825586 594.0 0.0 0.0 135.0 14231.461819493674 14232.777777777797 14232.777777777797 
580.0061499825586 594.0 0.0 0.0 135.0 14231.593415322079 14232.777777777797 14232.777777777797 
581.0061499825586 594.0 0.0 0.0 135.0 14231.711851567648 14232.777777777797 14232.777777777797 
582.0061499825586 594.0 0.0 0.0 135.0 14231.818444188655 14232.777777777797 14232.777777777797 
583.0061499825586 594.0 0.0 0.0 135.0 14231.914377547586 14232.777777777797 14232.777777777797 
584.0061499825586 594.0 0.0 0.0 135.0 14232.000717570603 14232.777777777797 14232.777777777797 
585.0061499825586 594.0 0.0 0.0 135.0 14232.078423591309 14232.777777777797 14232.777777777797 
586.0061499825586 594.0 0.0 0.0 135.0 14232.148359009954 14232.777777777797 14232.777777777797 
587.0061499825586 594.0 0.0 0.0 135.0 14232.211300886753 14232.777777777797 14232.777777777797 
588.0061499825586 594.0 0.0 1.0 135.0 14232.267948575862 14232.777777777797 14232.777777777797 
589.0061499825586 594.0 0.0 1.0 135.0 14232.006338903446 14229.651851851839 14232.777777777797 
590.0061499825586 594.0 0.0 1.0 135.0 14231.770890198288 14229.651851851839 14232.777777777797 
591.0061499825586 594.0 0.0 2.0 135.0 14231.558986363632 14229.651851851839 14232.777777777797 
592.0061499825586 595.0 0.0 1.0 135.0 14229.606791430975 14212.037037037013 14232.777777777797 
593.0061499825586 596.0 0.0 0.0 135.0 14229.611297473066 14229.651851851839 14232.777777777797 
594.0061499825586 596.0 0.0 0.0 135.0 14229.92794550355 14232.777777777797 14232.777777777797 
595.0061499825586 596.0 0.0 0.0 135.0 14230.212928730953 14232.777777777797 14232.777777777797 
596.0061499825586 596.0 0.0 0.0 135.0 14230.469413635641 14232.777777777797 14232.777777777797 
597.0061499825586 596.0 0.0 0.0 135.0 14230.700250049867 14232.777777777797 14232.777777777797 
598.0061499825586 596.0 0.0 0.0 135.0 14230.908002822644 14232.777777777797 14232.777777777797 
599.0061499825586 596.0 0.0 0.0 135.0 14231.094980318163 14232.777777777797 14232.777777777797 
600.0061499825586 596.0 0.0 0.0 135.0 14231.26326006411 14232.777777777797 14232.777777777797 
#####################################################################
# End of data export. Simulation finished at: 2020-02-12T17:35+0000 #
#####################################################################
