#####################################################################
# Alchemist log file - simulation started at: 2020-01-31T04:47+0000 #
#####################################################################
# seed = 5.0, meanTaskSize = 100, smoothing = 0.01, grain = 1300.0, peakFrequency = 1
#
# The columns have the following meaning: 
# time done[Sum] drop[Sum] waiting[Sum] isLeader[Sum] capacity[Mean] freeCapacity[Mean] maxCapacity[Mean] 
0.0 NaN 0.0 NaN NaN NaN NaN NaN 
1.0031365367908396 0.0 0.0 0.0 135.0 14232.777777777797 14232.777777777797 14232.777777777797 
2.00313653679084 0.0 0.0 0.0 135.0 14232.777777777797 14232.777777777797 14232.777777777797 
3.00313653679084 0.0 0.0 0.0 135.0 14232.777777777797 14232.777777777797 14232.777777777797 
4.00313653679084 0.0 0.0 0.0 135.0 14232.777777777797 14232.777777777797 14232.777777777797 
5.00313653679084 0.0 0.0 0.0 135.0 14232.777777777797 14232.777777777797 14232.777777777797 
6.00313653679084 0.0 0.0 0.0 135.0 14232.777777777797 14232.777777777797 14232.777777777797 
7.00313653679084 0.0 0.0 0.0 135.0 14232.777777777797 14232.777777777797 14232.777777777797 
8.00313653679084 0.0 0.0 0.0 135.0 14232.777777777797 14232.777777777797 14232.777777777797 
9.00313653679084 0.0 0.0 0.0 135.0 14232.777777777797 14232.777777777797 14232.777777777797 
10.00313653679084 0.0 0.0 0.0 135.0 14232.777777777797 14232.777777777797 14232.777777777797 
11.00313653679084 0.0 0.0 0.0 135.0 14232.777777777797 14232.777777777797 14232.777777777797 
12.00313653679084 0.0 0.0 0.0 135.0 14232.777777777797 14232.777777777797 14232.777777777797 
13.00313653679084 0.0 0.0 0.0 135.0 14232.777777777797 14232.777777777797 14232.777777777797 
14.00313653679084 0.0 0.0 1.0 135.0 14232.777777777797 14232.777777777797 14232.777777777797 
15.00313653679084 0.0 0.0 1.0 135.0 14232.601629629624 14215.162962962962 14232.777777777797 
16.00313653679084 1.0 0.0 0.0 135.0 14232.427242962967 14215.162962962962 14232.777777777797 
17.00313653679084 1.0 0.0 0.0 135.0 14232.430748311119 14232.777777777797 14232.777777777797 
18.00313653679084 1.0 0.0 1.0 135.0 14232.434218605793 14232.777777777797 14232.777777777797 
19.00313653679084 1.0 0.0 1.0 135.0 14232.406394938236 14229.651851851839 14232.777777777797 
20.00313653679084 1.0 0.0 1.0 135.0 14232.378849507368 14229.651851851839 14232.777777777797 
21.00313653679084 1.0 0.0 1.0 135.0 14232.351579530798 14229.651851851839 14232.777777777797 
22.00313653679084 1.0 0.0 1.0 135.0 14232.324582254016 14229.651851851839 14232.777777777797 
23.00313653679084 1.0 0.0 1.0 135.0 14232.29785495004 14229.651851851839 14232.777777777797 
24.00313653679084 1.0 0.0 1.0 135.0 14232.27139491901 14229.651851851839 14232.777777777797 
25.00313653679084 1.0 0.0 1.0 135.0 14232.245199488372 14229.651851851839 14232.777777777797 
26.00313653679084 1.0 0.0 1.0 135.0 14232.219266011993 14229.651851851839 14232.777777777797 
27.00313653679084 1.0 0.0 2.0 135.0 14232.193591870402 14229.651851851839 14232.777777777797 
28.00313653679084 1.0 0.0 3.0 135.0 14232.136915210942 14226.525925925918 14232.777777777797 
29.00313653679084 1.0 0.0 3.0 135.0 14232.049546058834 14223.400000000001 14232.777777777797 
30.00313653679084 1.0 0.0 3.0 135.0 14231.96305059823 14223.400000000001 14232.777777777797 
31.00313653679084 1.0 0.0 3.0 135.0 14231.877420092285 14223.400000000001 14232.777777777797 
32.00313653679084 1.0 0.0 3.0 135.0 14231.792645891344 14223.400000000001 14232.777777777797 
33.00313653679084 3.0 0.0 1.0 135.0 14231.708719432423 14223.400000000001 14232.777777777797 
34.00313653679084 3.0 0.0 1.0 135.0 14231.688150756625 14229.651851851839 14232.777777777797 
35.00313653679084 3.0 0.0 1.0 135.0 14231.667787767576 14229.651851851839 14232.777777777797 
36.00313653679084 4.0 0.0 0.0 135.0 14231.647628408438 14229.651851851839 14232.777777777797 
37.00313653679084 4.0 0.0 1.0 135.0 14231.658929902098 14232.777777777797 14232.777777777797 
38.00313653679084 5.0 0.0 0.0 135.0 14231.493970232725 14215.162962962962 14232.777777777797 
39.00313653679084 5.0 0.0 0.0 135.0 14231.506808308159 14232.777777777797 14232.777777777797 
40.00313653679084 5.0 0.0 0.0 135.0 14231.519518002862 14232.777777777797 14232.777777777797 
41.00313653679084 5.0 0.0 0.0 135.0 14231.532100600594 14232.777777777797 14232.777777777797 
42.00313653679084 5.0 0.0 0.0 135.0 14231.544557372414 14232.777777777797 14232.777777777797 
43.00313653679084 5.0 0.0 0.0 135.0 14231.556889576434 14232.777777777797 14232.777777777797 
44.00313653679084 5.0 0.0 0.0 135.0 14231.569098458443 14232.777777777797 14232.777777777797 
45.00313653679084 5.0 0.0 0.0 135.0 14231.581185251614 14232.777777777797 14232.777777777797 
46.00313653679084 5.0 0.0 0.0 135.0 14231.593151176914 14232.777777777797 14232.777777777797 
47.00313653679084 5.0 0.0 0.0 135.0 14231.6049974429 14232.777777777797 14232.777777777797 
48.00313653679084 5.0 0.0 0.0 135.0 14231.616725246266 14232.777777777797 14232.777777777797 
49.00313653679084 5.0 0.0 0.0 135.0 14231.628335771562 14232.777777777797 14232.777777777797 
50.00313653679084 5.0 0.0 1.0 135.0 14231.63983019166 14232.777777777797 14232.777777777797 
51.00313653679084 5.0 0.0 1.0 135.0 14231.619950408236 14229.651851851839 14232.777777777797 
52.00313653679084 5.0 0.0 1.0 135.0 14231.600269422706 14229.651851851839 14232.777777777797 
53.00313653679084 5.0 0.0 1.0 135.0 14231.580785246972 14229.651851851839 14232.777777777797 
54.00313653679084 5.0 0.0 1.0 135.0 14231.56149591301 14229.651851851839 14232.777777777797 
55.00313653679084 5.0 0.0 2.0 135.0 14231.542399472413 14229.651851851839 14232.777777777797 
56.00313653679084 6.0 0.0 1.0 135.0 14231.347345848031 14212.037037037013 14232.777777777797 
57.00313653679084 6.0 0.0 1.0 135.0 14231.330390908113 14229.651851851839 14232.777777777797 
58.00313653679084 6.0 0.0 1.0 135.0 14231.31360551753 14229.651851851839 14232.777777777797 
59.00313653679084 6.0 0.0 1.0 135.0 14231.296987980895 14229.651851851839 14232.777777777797 
60.00313653679084 6.0 0.0 1.0 135.0 14231.280536619595 14229.651851851839 14232.777777777797 
61.00313653679084 6.0 0.0 1.0 135.0 14231.264249771904 14229.651851851839 14232.777777777797 
62.00313653679084 6.0 0.0 1.0 135.0 14231.248125792701 14229.651851851839 14232.777777777797 
63.00313653679084 6.0 0.0 2.0 135.0 14231.2321630533 14229.651851851839 14232.777777777797 
64.00313653679083 8.0 0.0 0.0 135.0 14231.040211793146 14212.037037037013 14232.777777777797 
65.00313653679083 8.0 0.0 0.0 135.0 14231.057587453011 14232.777777777797 14232.777777777797 
66.00313653679083 8.0 0.0 0.0 135.0 14231.074789356244 14232.777777777797 14232.777777777797 
67.00313653679083 8.0 0.0 0.0 135.0 14231.091819240432 14232.777777777797 14232.777777777797 
68.00313653679083 8.0 0.0 0.0 135.0 14231.108678825822 14232.777777777797 14232.777777777797 
69.00313653679083 8.0 0.0 0.0 135.0 14231.125369815312 14232.777777777797 14232.777777777797 
70.00313653679083 8.0 0.0 0.0 135.0 14231.141893894963 14232.777777777797 14232.777777777797 
71.00313653679083 8.0 0.0 0.0 135.0 14231.158252733809 14232.777777777797 14232.777777777797 
72.00313653679083 8.0 0.0 0.0 135.0 14231.174447984247 14232.777777777797 14232.777777777797 
73.00313653679083 8.0 0.0 0.0 135.0 14231.190481282172 14232.777777777797 14232.777777777797 
74.00313653679083 8.0 0.0 0.0 135.0 14231.206354247097 14232.777777777797 14232.777777777797 
75.00313653679083 8.0 0.0 0.0 135.0 14231.222068482411 14232.777777777797 14232.777777777797 
76.00313653679083 8.0 0.0 0.0 135.0 14231.237625575375 14232.777777777797 14232.777777777797 
77.00313653679083 8.0 0.0 0.0 135.0 14231.253027097413 14232.777777777797 14232.777777777797 
78.00313653679083 8.0 0.0 1.0 135.0 14231.268274604223 14232.777777777797 14232.777777777797 
79.00313653679083 8.0 0.0 2.0 135.0 14231.25211037667 14229.651851851839 14232.777777777797 
80.00313653679083 9.0 0.0 1.0 135.0 14231.059959643297 14212.037037037013 14232.777777777797 
81.00313653679083 9.0 0.0 1.0 135.0 14231.045878565355 14229.651851851839 14232.777777777797 
82.00313653679083 9.0 0.0 2.0 135.0 14231.031938298249 14229.651851851839 14232.777777777797 
83.00313653679083 10.0 0.0 1.0 135.0 14230.841989285633 14212.037037037013 14232.777777777797 
84.00313653679083 10.0 0.0 1.0 135.0 14230.830087911268 14229.651851851839 14232.777777777797 
85.00313653679083 10.0 0.0 1.0 135.0 14230.818305550694 14229.651851851839 14232.777777777797 
86.00313653679083 11.0 0.0 0.0 135.0 14230.806641013716 14229.651851851839 14232.777777777797 
87.00313653679083 11.0 0.0 0.0 135.0 14230.826352381328 14232.777777777797 14232.777777777797 
88.00313653679083 11.0 0.0 0.0 135.0 14230.845866635327 14232.777777777797 14232.777777777797 
89.00313653679083 11.0 0.0 0.0 135.0 14230.865185746763 14232.777777777797 14232.777777777797 
90.00313653679083 11.0 0.0 0.0 135.0 14230.88431166706 14232.777777777797 14232.777777777797 
91.00313653679083 11.0 0.0 0.0 135.0 14230.903246328156 14232.777777777797 14232.777777777797 
92.00313653679083 11.0 0.0 1.0 135.0 14230.921991642657 14232.777777777797 14232.777777777797 
93.00313653679083 11.0 0.0 1.0 135.0 14230.909290244716 14229.651851851839 14232.777777777797 
94.00313653679083 11.0 0.0 1.0 135.0 14230.896715860817 14229.651851851839 14232.777777777797 
95.00313653679083 11.0 0.0 1.0 135.0 14230.884267220716 14229.651851851839 14232.777777777797 
96.00313653679083 11.0 0.0 1.0 135.0 14230.871943067024 14229.651851851839 14232.777777777797 
97.00313653679083 11.0 0.0 2.0 135.0 14230.859742154913 14229.651851851839 14232.777777777797 
98.00313653679083 12.0 0.0 1.0 135.0 14230.67151510373 14212.037037037013 14232.777777777797 
99.00313653679083 12.0 0.0 1.0 135.0 14230.66131847119 14229.651851851839 14232.777777777797 
100.00313653679083 12.0 0.0 1.0 135.0 14230.651223804976 14229.651851851839 14232.777777777797 
101.00313653679083 12.0 0.0 1.0 135.0 14230.641230085459 14229.651851851839 14232.777777777797 
102.00313653679083 12.0 0.0 1.0 135.0 14230.631336303137 14229.651851851839 14232.777777777797 
103.00313653679083 12.0 0.0 1.0 135.0 14230.6215414586 14229.651851851839 14232.777777777797 
104.00313653679083 12.0 0.0 1.0 135.0 14230.611844562545 14229.651851851839 14232.777777777797 
105.00313653679083 12.0 0.0 1.0 135.0 14230.60224463545 14229.651851851839 14232.777777777797 
106.00313653679083 13.0 0.0 0.0 135.0 14230.592740707627 14229.651851851839 14232.777777777797 
107.00313653679083 13.0 0.0 1.0 135.0 14230.614591078276 14232.777777777797 14232.777777777797 
108.00313653679083 13.0 0.0 2.0 135.0 14230.60496368602 14229.651851851839 14232.777777777797 
109.00313653679083 13.0 0.0 2.0 135.0 14230.56424738249 14226.533333333318 14232.777777777797 
110.00313653679083 13.0 0.0 2.0 135.0 14230.52393824203 14226.533333333318 14232.777777777797 
111.00313653679083 14.0 0.0 3.0 135.0 14230.48403219292 14226.533333333318 14232.777777777797 
112.00313653679083 14.0 0.0 4.0 135.0 14230.413265945086 14223.407407407401 14232.777777777797 
113.00313653679083 15.0 0.0 3.0 135.0 14230.312022174543 14220.288888888881 14232.777777777797 
114.00313653679083 15.0 0.0 3.0 135.0 14230.242976026855 14223.407407407401 14232.777777777797 
115.00313653679083 16.0 0.0 2.0 135.0 14230.174620340653 14223.407407407401 14232.777777777797 
116.00313653679083 16.0 0.0 2.0 135.0 14230.138207470609 14226.533333333318 14232.777777777797 
117.00313653679083 16.0 0.0 2.0 135.0 14230.102158729203 14226.533333333318 14232.777777777797 
118.00313653679083 16.0 0.0 3.0 135.0 14230.066470475253 14226.533333333318 14232.777777777797 
119.00313653679083 17.0 0.0 2.0 135.0 14229.999879844569 14223.407407407401 14232.777777777797 
120.00313653679083 18.0 0.0 2.0 135.0 14229.965140305392 14226.525925925918 14232.777777777797 
121.00313653679083 18.0 0.0 6.0 135.0 14229.930748161578 14226.525925925918 14232.777777777797 
122.00313653679083 19.0 0.0 10.0 135.0 14229.771885124423 14214.044444444442 14232.777777777797 
123.00313653679083 19.0 0.0 11.0 135.0 14229.552166273204 14207.799999999974 14232.777777777797 
124.00313653679083 20.0 0.0 12.0 135.0 14229.334644610444 14207.799999999974 14232.777777777797 
125.00313653679083 20.0 0.0 14.0 135.0 14229.119298164338 14207.799999999974 14232.777777777797 
126.00313653679083 21.0 0.0 15.0 135.0 14228.906105182703 14207.799999999974 14232.777777777797 
127.00313653679083 23.0 0.0 21.0 135.0 14228.69504413087 14207.799999999974 14232.777777777797 
128.00313653679083 25.0 0.0 21.0 135.0 14228.486093689571 14207.799999999974 14232.777777777797 
129.00313653679083 25.0 0.0 24.0 135.0 14228.279232752671 14207.799999999974 14232.777777777797 
130.00313653679083 25.0 0.0 27.0 135.0 14228.043181165873 14204.674074074106 14232.777777777797 
131.00313653679083 27.0 0.0 27.0 135.0 14227.77830490976 14201.555555555586 14232.777777777797 
132.00313653679083 28.0 0.0 29.0 135.0 14227.30867000885 14180.814814814803 14232.777777777797 
133.00313653679083 30.0 0.0 31.0 135.0 14226.812546271714 14177.696296296283 14232.777777777797 
134.00313653679083 33.0 0.0 31.0 135.0 14226.145309697891 14160.088888888855 14232.777777777797 
135.00313653679083 36.0 0.0 32.0 135.0 14225.836967711984 14195.311111111108 14232.777777777797 
136.00313653679083 39.0 0.0 31.0 135.0 14225.17948692378 14160.088888888855 14232.777777777797 
137.00313653679083 42.0 0.0 32.0 135.0 14224.559766128592 14163.207407407375 14232.777777777797 
138.00313653679083 47.0 0.0 29.0 135.0 14224.091131430301 14177.696296296283 14232.777777777797 
139.00313653679083 49.0 0.0 32.0 135.0 14223.627183078954 14177.696296296283 14232.777777777797 
140.00313653679083 53.0 0.0 32.0 134.0 14222.815726062969 14142.481481481478 14232.777777777797 
141.00313653679083 57.0 0.0 32.0 134.0 14222.540679913443 14195.311111111108 14232.777777777797 
142.00313653679083 59.0 0.0 35.0 134.0 14222.123421262459 14180.814814814803 14232.777777777797 
143.00313653679083 60.0 0.0 38.0 134.0 14221.503001864652 14160.081481481506 14232.777777777797 
144.00313653679083 63.0 0.0 38.0 134.0 14220.71278666082 14142.481481481478 14232.777777777797 
145.00313653679083 65.0 0.0 42.0 134.0 14220.106547683114 14160.088888888855 14232.777777777797 
146.00313653679083 68.0 0.0 43.0 134.0 14219.12288961366 14121.740740740734 14232.777777777797 
147.0022820998859 73.0 0.0 43.0 133.0 14218.325142199026 14139.348148148161 14232.777777777797 
148.00313653679083 78.0 0.0 48.0 133.0 14217.856409295562 14171.45185185185 14232.777777777797 
149.00313653679083 87.0 3.0 45.0 133.0 14216.097252610018 14041.940740740722 14232.777777777797 
150.00313653679083 90.0 3.0 49.0 133.0 14215.060057861669 14112.377777777787 14232.777777777797 
151.00313653679083 97.0 3.0 49.0 133.0 14213.681012838635 14077.155555555531 14232.777777777797 
152.00313653679083 106.0 3.0 47.0 133.0 14212.315758265804 14077.155555555531 14232.777777777797 
153.00313653679083 113.0 3.0 49.0 133.0 14210.61200809052 14041.940740740722 14232.777777777797 
154.00313653679083 118.0 3.0 48.0 133.0 14209.101369491143 14059.54814814815 14232.777777777797 
155.00313653679083 127.0 3.0 44.0 133.0 14207.60583727769 14059.54814814815 14232.777777777797 
156.00313653679083 133.0 3.0 44.0 133.0 14206.829630756782 14129.985185185162 14232.777777777797 
157.00313653679083 139.0 3.0 40.0 132.0 14205.709038152901 14094.77037037036 14232.777777777797 
158.00313653679083 143.0 3.0 39.0 132.0 14204.599577401013 14094.76296296296 14232.777777777797 
159.00313653679083 145.0 3.0 39.0 132.0 14204.205655701066 14165.207407407373 14232.777777777797 
160.00313653679083 152.0 3.0 35.0 132.0 14203.287302847784 14112.370370370389 14232.777777777797 
161.00281067926088 158.0 3.0 32.0 132.0 14202.585392782257 14133.096296296291 14232.777777777797 
162.00313653679083 161.0 3.0 35.0 132.0 14202.24279811366 14168.325925925894 14232.777777777797 
163.00313653679083 165.0 3.0 35.0 132.0 14201.085555317733 14086.518518518522 14232.777777777797 
164.00313653679083 171.0 3.0 31.0 132.0 14199.826255320115 14075.155555555531 14232.777777777797 
165.00313653679083 179.0 3.0 24.0 132.0 14199.107844618758 14127.985185185162 14232.777777777797 
166.00313653679083 182.0 3.0 29.0 132.0 14198.956099505906 14183.933333333322 14232.777777777797 
167.00313653679083 184.0 3.0 31.0 132.0 14198.660982955309 14169.444444444414 14232.777777777797 
168.00313653679083 188.0 3.0 30.0 132.0 14197.48837312573 14081.400000000001 14232.777777777797 
169.00313653679083 196.0 3.0 24.0 132.0 14196.503563468545 14099.0074074074 14232.777777777797 
170.00313653679083 198.0 5.0 30.0 132.0 14196.088157463497 14154.962962962987 14232.777777777797 
171.00313653679083 202.0 6.0 34.0 132.0 14195.38712774069 14125.985185185162 14232.777777777797 
172.00313653679083 209.0 6.0 32.0 132.0 14194.51710831518 14108.385185185176 14232.777777777797 
173.00313653679083 214.0 8.0 35.0 131.0 14193.479640935724 14090.77037037036 14232.777777777797 
174.00313653679083 219.0 8.0 36.0 131.0 14191.427066748582 13988.222222222203 14232.777777777797 
175.00313653679083 229.0 9.0 32.0 131.0 14189.715907192214 14020.311111111108 14232.777777777797 
176.00313653679083 234.0 9.0 36.0 131.0 14188.487785157338 14066.903703703709 14232.777777777797 
177.00313653679083 239.0 9.0 38.0 131.0 14187.448166564991 14084.525925925918 14232.777777777797 
178.00313653679083 248.0 9.0 41.0 131.0 14185.890499714178 14031.681481481453 14232.777777777797 
179.00313653679083 256.0 11.0 40.0 131.0 14184.172335457784 14014.074074074071 14232.777777777797 
180.00313653679083 265.0 12.0 37.0 131.0 14181.76705654763 13943.644444444439 14232.777777777797 
181.00313653679083 270.0 13.0 39.0 131.0 14180.970719315494 14102.13333333335 14232.777777777797 
182.00313653679083 274.0 14.0 41.0 131.0 14179.301752863077 14014.074074074071 14232.777777777797 
183.00313653679083 281.0 16.0 38.0 131.0 14177.825550149255 14031.681481481453 14232.777777777797 
184.00313653679083 290.0 16.0 39.0 131.0 14177.068553907038 14102.125925925919 14232.777777777797 
185.00313653679083 296.0 16.0 41.0 131.0 14175.96690540497 14066.903703703709 14232.777777777797 
186.00313653679083 301.0 18.0 44.0 131.0 14173.995828943527 13978.859259259252 14232.777777777797 
187.00313653679083 310.0 19.0 42.0 131.0 14172.044463246702 13978.859259259252 14232.777777777797 
188.00313653679083 317.0 19.0 44.0 131.0 14170.464759354985 14014.074074074071 14232.777777777797 
189.00313653679083 328.0 19.0 43.0 132.0 14169.077000650295 14031.688888888892 14232.777777777797 
190.00313653679083 337.0 19.0 39.0 131.0 14167.578304717887 14019.207407407375 14232.777777777797 
191.00313653679083 345.0 19.0 35.0 131.0 14166.270595744803 14036.807407407408 14232.777777777797 
192.00313653679083 347.0 19.0 36.0 131.0 14166.032556454018 14142.466666666682 14232.777777777797 
193.00313653679083 353.0 19.0 34.0 131.0 14165.299786445028 14092.755555555561 14232.777777777797 
194.00313653679083 359.0 19.0 32.0 131.0 14164.957825617581 14131.103703703682 14232.777777777797 
195.00313653679083 364.0 19.0 32.0 131.0 14164.47432143552 14116.607407407428 14232.777777777797 
196.00313653679083 368.0 19.0 32.0 131.0 14164.524022665597 14169.444444444414 14232.777777777797 
197.00313653679083 372.0 19.0 32.0 131.0 14164.604486142624 14172.570370370371 14232.777777777797 
198.00313653679083 374.0 19.0 33.0 131.0 14163.979774614525 14102.13333333335 14232.777777777797 
199.00313653679083 379.0 19.0 35.0 131.0 14164.065680572116 14172.570370370371 14232.777777777797 
200.00313653679083 384.0 19.0 39.0 131.0 14163.559912655259 14113.488888888909 14232.777777777797 
201.00313653679083 386.0 19.0 45.0 130.0 14162.8517950102 14092.748148148132 14232.777777777797 
202.00313653679083 395.0 19.0 45.0 130.0 14160.8869807638 13966.370370370389 14232.777777777797 
203.00313653679083 403.0 19.0 44.0 130.0 14158.941814659865 13966.370370370389 14232.777777777797 
204.00313653679083 409.0 21.0 45.0 130.0 14157.078544661423 13972.614814814824 14232.777777777797 
205.00313653679083 418.0 21.0 46.0 130.0 14155.554870325905 14004.711111111119 14232.777777777797 
206.00313653679083 428.0 21.0 44.0 130.0 14153.662951252281 13966.362962962958 14232.777777777797 
207.00313653679083 435.0 21.0 40.0 130.0 14151.61380322124 13948.748148148132 14232.777777777797 
208.00313653679083 439.0 21.0 44.0 131.0 14150.641961485302 14054.429629629629 14232.777777777797 
209.00313653679083 449.0 21.0 40.0 131.0 14149.679764092707 14054.422222222236 14232.777777777797 
210.00313653679083 456.0 21.0 43.0 131.0 14148.374966451767 14019.200000000026 14232.777777777797 
211.00313653679083 463.0 21.0 44.0 131.0 14146.844624194662 13995.340740740723 14232.777777777797 
212.00313653679083 466.0 21.0 47.0 130.0 14145.298326100867 13992.214814814812 14232.777777777797 
213.00313653679083 476.0 21.0 49.0 130.0 14143.974898395423 14012.95555555556 14232.777777777797 
214.00313653679083 484.0 21.0 46.0 130.0 14142.136334596615 13960.11851851852 14232.777777777797 
215.00313653679083 492.0 21.0 47.0 130.0 14140.66845273214 13995.348148148161 14232.777777777797 
216.00313653679083 498.0 21.0 47.0 131.0 14139.03910153816 13977.733333333343 14232.777777777797 
217.00313653679083 509.0 21.0 44.0 130.0 14137.539747559813 13989.103703703682 14232.777777777797 
218.00313653679083 517.0 21.0 47.0 130.0 14136.055313047187 13989.096296296291 14232.777777777797 
219.00313653679083 527.0 21.0 44.0 130.0 14134.40964880558 13971.488888888909 14232.777777777797 
220.00313653679083 535.0 21.0 42.0 130.0 14134.013181947172 14094.76296296296 14232.777777777797 
221.00313653679083 542.0 21.0 42.0 130.0 14132.387939016606 13971.488888888909 14232.777777777797 
222.0011446057647 549.0 21.0 36.0 130.0 14130.872504070878 13980.844444444469 14232.777777777797 
223.00313653679083 554.0 21.0 39.0 130.0 14130.46007532644 14089.629629629611 14232.777777777797 
224.00313653679083 562.0 21.0 34.0 130.0 14130.051844943573 14089.637037037042 14232.777777777797 
225.00313653679083 568.0 21.0 37.0 130.0 14129.678956123751 14092.76296296296 14232.777777777797 
226.00313653679083 575.0 21.0 35.0 130.0 14128.812685081039 14043.05185185184 14232.777777777797 
227.00313653679083 581.0 21.0 41.0 129.0 14128.131150822806 14060.659259259277 14232.777777777797 
228.00313653679083 588.0 21.0 40.0 130.0 14126.607098573866 13975.725925925948 14232.777777777797 
229.00313653679083 601.0 21.0 35.0 129.0 14125.149620180693 13980.859259259254 14232.777777777797 
230.00313653679083 611.0 21.0 34.0 129.0 14123.882790645554 13998.46666666668 14232.777777777797 
231.00313653679083 620.0 21.0 34.0 130.0 14122.804703479842 14016.074074074071 14232.777777777797 
232.00313653679083 628.0 21.0 38.0 130.0 14121.208952741357 13963.229629629639 14232.777777777797 
233.00313653679083 634.0 21.0 39.0 130.0 14120.384863213927 14038.799999999974 14232.777777777797 
234.00313653679083 641.0 21.0 39.0 129.0 14119.299162729936 14011.814814814803 14232.777777777797 
235.00313653679083 646.0 21.0 44.0 129.0 14118.048171102655 13994.200000000026 14232.777777777797 
236.00313653679083 657.0 21.0 40.0 129.0 14116.520059761997 13965.23703703704 14232.777777777797 
237.00313653679083 664.0 21.0 43.0 129.0 14115.421896201404 14006.70370370372 14232.777777777797 
238.00313653679083 671.0 21.0 43.0 129.0 14114.013751313467 13974.607407407428 14232.777777777797 
239.00313653679083 676.0 21.0 53.0 129.0 14113.210502689208 14033.688888888892 14232.777777777797 
240.00230116981152 686.0 21.0 55.0 129.0 14111.182471736394 13910.407407407401 14232.777777777797 
241.00313653679083 697.0 21.0 53.0 129.0 14108.32531368571 13825.466666666676 14232.777777777797 
242.00313653679083 708.0 21.0 58.0 129.0 14106.056282771082 13881.422222222236 14232.777777777797 
243.00313653679083 722.0 21.0 54.0 129.0 14103.250534758157 13825.48148148148 14232.777777777797 
244.00313653679083 733.0 21.0 54.0 129.0 14100.441510892064 13822.34814814816 14232.777777777797 
245.00313653679083 743.0 21.0 56.0 129.0 14098.189021709086 13875.192592592592 14232.777777777797 
246.00313653679083 758.0 21.0 54.0 129.0 14096.870835195694 13966.370370370389 14232.777777777797 
247.00313653679083 768.0 21.0 60.0 129.0 14095.213608325206 13931.148148148148 14232.777777777797 
248.00313653679083 782.0 21.0 54.0 129.0 14092.132879649373 13787.140740740748 14232.777777777797 
249.00060335663304 795.0 21.0 56.0 129.0 14090.139624926946 13892.807407407408 14232.777777777797 
250.00313653679083 811.0 21.0 57.0 129.0 14088.135043492479 13889.681481481453 14232.777777777797 
251.00313653679083 820.0 21.0 57.0 130.0 14085.911915279796 13865.82222222224 14232.777777777797 
252.00313653679083 829.0 21.0 62.0 129.0 14083.617388719584 13856.459259259243 14232.777777777797 
253.00313653679083 841.0 21.0 60.0 129.0 14081.69795557314 13891.674074074104 14232.777777777797 
254.00313653679083 851.0 21.0 72.0 129.0 14079.445568610006 13856.459259259243 14232.777777777797 
255.00313653679083 869.0 21.0 69.0 129.0 14076.801038849802 13814.992592592598 14232.777777777797 
256.00313653679086 888.0 21.0 70.0 129.0 14073.830806239122 13779.777777777797 14232.777777777797 
257.00313653679086 905.0 21.0 69.0 130.0 14070.537979658176 13744.548148148151 14232.777777777797 
258.00313653679086 917.0 24.0 70.0 128.0 14067.360525787519 13752.792592592625 14232.777777777797 
259.00313653679086 930.0 26.0 73.0 128.0 14065.271439048154 13858.451851851849 14232.777777777797 
260.00313653679086 945.0 28.0 74.0 128.0 14062.674798731767 13805.607407407428 14232.777777777797 
261.00313653679086 956.0 29.0 86.0 128.0 14060.073013707402 13802.496296296305 14232.777777777797 
262.000553638013 980.0 31.0 78.0 128.0 14055.466431718496 13599.414814814803 14232.777777777797 
263.00313653679086 994.0 33.0 76.0 129.0 14054.107026660555 13919.525925925918 14232.777777777797 
264.00313653679086 1006.0 33.0 84.0 128.0 14052.025586023583 13845.962962962985 14232.777777777797 
265.00313653679086 1023.0 34.0 81.0 128.0 14048.908441274478 13740.31111111111 14232.777777777797 
266.00313653679086 1034.0 34.0 80.0 128.0 14047.02387538023 13860.451851851849 14232.777777777797 
267.0027586253592 1047.0 34.0 88.0 128.0 14046.101044033821 13954.740740740734 14232.777777777797 
268.00313653679086 1059.0 34.0 88.0 128.0 14044.13084840833 13849.081481481506 14232.777777777797 
269.00313653679086 1069.0 34.0 96.0 127.0 14041.7145028872 13802.496296296305 14232.777777777797 
270.00313653679086 1086.0 34.0 95.0 127.0 14039.467283784248 13816.992592592598 14232.777777777797 
271.00313653679086 1096.0 34.0 101.0 127.0 14036.217129464914 13714.451851851849 14232.777777777797 
272.00313653679086 1117.0 34.0 95.0 127.0 14033.351624836963 13749.66666666667 14232.777777777797 
273.00313653679086 1135.0 34.0 90.0 127.0 14031.954775255239 13893.666666666668 14232.777777777797 
274.00313653679086 1147.0 34.0 96.0 127.0 14030.012412687882 13837.718518518519 14232.777777777797 
275.00313653679086 1156.0 34.0 103.0 126.0 14027.592288560994 13788.0 14232.777777777797 
276.00313653679086 1171.0 38.0 107.0 126.0 14025.693624934647 13837.725925925948 14232.777777777797 
277.00313653679086 1186.0 41.0 123.0 126.0 14023.191947944562 13775.525925925918 14232.777777777797 
278.0001081856097 1201.0 42.0 119.0 126.0 14018.602176613262 13564.21481481481 14232.777777777797 
279.00313653679086 1223.0 45.0 114.0 126.0 14014.762599291562 13634.644444444439 14232.777777777797 
280.00313653679086 1246.0 46.0 109.0 125.0 14012.04926959496 13743.42962962963 14232.777777777797 
281.00313653679086 1262.0 47.0 109.0 125.0 14010.036258380485 13810.748148148132 14232.777777777797 
282.00313653679086 1281.0 47.0 110.0 126.0 14007.017821722615 13708.192592592592 14232.777777777797 
283.00313653679086 1303.0 47.0 97.0 125.0 14005.168754616478 13822.111111111119 14232.777777777797 
284.00313653679086 1311.0 47.0 102.0 125.0 14003.369289292568 13825.222222222203 14232.777777777797 
285.00260855262934 1322.0 49.0 109.0 125.0 14001.732707510751 13839.711111111119 14232.777777777797 
286.00313653679086 1335.0 50.0 110.0 126.0 13999.200861917114 13748.548148148151 14232.777777777797 
287.00313653679086 1349.0 50.0 109.0 125.0 13996.952779223846 13774.392592592572 14232.777777777797 
288.00313653679086 1365.0 50.0 104.0 124.0 13995.337918098277 13835.466666666678 14232.777777777797 
289.00313653679086 1377.0 50.0 110.0 124.0 13994.443575954363 13905.903703703709 14232.777777777797 
290.00313653679086 1388.0 50.0 121.0 124.0 13992.740103157757 13824.096296296291 14232.777777777797 
291.00313653679086 1404.0 50.0 121.0 124.0 13988.971739163222 13615.903703703709 14232.777777777797 
292.00313653679086 1426.0 50.0 118.0 124.0 13984.888762512332 13580.674074074104 14232.777777777797 
293.00313653679086 1447.0 52.0 124.0 124.0 13980.878097109435 13583.822222222238 14232.777777777797 
294.00313653679086 1469.0 52.0 122.0 124.0 13976.327760582777 13525.844444444467 14232.777777777797 
295.00313653679086 1487.0 52.0 126.0 124.0 13971.357223717681 13479.274074074054 14232.777777777797 
296.00313653679086 1509.0 54.0 120.0 125.0 13966.46757740645 13482.392592592572 14232.777777777797 
297.00313653679086 1529.0 57.0 117.0 125.0 13963.18053126203 13637.76296296296 14232.777777777797 
298.00313653679086 1552.0 57.0 109.0 124.0 13960.32983706049 13678.111111111119 14232.777777777797 
299.00313653679086 1570.0 58.0 114.0 124.0 13957.331427578765 13660.488888888909 14232.777777777797 
300.00313653679086 1585.0 58.0 115.0 123.0 13953.803594784478 13604.548148148151 14232.777777777797 
301.00313653679086 1607.0 58.0 111.0 123.0 13950.631855132933 13636.629629629611 14232.777777777797 
302.00313653679086 1620.0 59.0 119.0 123.0 13948.48605510013 13736.05185185184 14232.777777777797 
303.00313653679086 1645.0 61.0 109.0 124.0 13944.808009363933 13580.681481481453 14232.777777777797 
304.00313653679086 1663.0 62.0 108.0 123.0 13942.658003344372 13729.807407407408 14232.777777777797 
305.00313653679086 1674.0 64.0 111.0 122.0 13939.617719607233 13638.629629629611 14232.777777777797 
306.00313653679086 1691.0 64.0 122.0 122.0 13937.13613500373 13691.459259259243 14232.777777777797 
307.00313653679086 1710.0 64.0 123.0 122.0 13933.125736616676 13536.09629629629 14232.777777777797 
308.00313653679086 1734.0 64.0 118.0 122.0 13928.482405176439 13468.792592592625 14232.777777777797 
309.00313653679086 1758.0 64.0 114.0 122.0 13925.035581124639 13583.799999999974 14232.777777777797 
310.00313653679086 1779.0 64.0 109.0 122.0 13922.151521609705 13636.629629629611 14232.777777777797 
311.00313653679086 1798.0 64.0 111.0 122.0 13921.233339726954 13830.333333333332 14232.777777777797 
312.00313653679086 1813.0 64.0 131.0 122.0 13918.94685818153 13692.585185185197 14232.777777777797 
313.00313653679086 1843.0 64.0 130.0 121.0 13914.331611821945 13457.422222222236 14232.777777777797 
314.00313653679086 1864.0 64.0 135.0 121.0 13910.228295703711 13504.0 14232.777777777797 
315.0031031870193 1885.0 64.0 138.0 121.0 13906.486975709633 13536.09629629629 14232.777777777797 
316.00313653679086 1908.0 64.0 142.0 121.0 13901.34321706364 13392.111111111115 14232.777777777797 
317.00313653679086 1928.0 64.0 146.0 122.0 13896.28208118931 13395.229629629637 14232.777777777797 
318.00313653679086 1951.0 64.0 152.0 122.0 13891.913556673724 13459.429629629632 14232.777777777797 
319.00313653679086 1981.0 67.0 147.0 123.0 13887.557309995875 13456.288888888881 14232.777777777797 
320.00313653679086 2001.0 69.0 151.0 122.0 13883.471810969979 13479.007407407402 14232.777777777797 
321.00313653679086 2026.0 69.0 148.0 121.0 13880.742278045458 13610.51851851852 14232.777777777797 
322.00313653679086 2047.0 70.0 149.0 123.0 13876.807373783526 13487.251851851868 14232.777777777797 
323.00313653679086 2060.0 70.0 154.0 122.0 13873.025522267928 13498.622222222211 14232.777777777797 
324.00313653679086 2087.0 71.0 147.0 122.0 13869.426304082279 13513.103703703682 14232.777777777797 
325.00313653679086 2105.0 71.0 156.0 121.0 13868.089892893302 13735.785185185188 14232.777777777797 
326.00313653679086 2126.0 71.0 160.0 120.0 13862.634179149572 13322.518518518516 14232.777777777797 
327.00313653679086 2145.0 71.0 165.0 121.0 13857.968726246958 13396.088888888855 14232.777777777797 
328.00313653679086 2173.0 71.0 161.0 119.0 13853.142446391896 13375.340740740723 14232.777777777797 
329.00313653679086 2201.0 75.0 150.0 119.0 13848.665688594638 13405.466666666674 14232.777777777797 
330.003106646633 2224.0 76.0 153.0 121.0 13845.84962430127 13567.059259259277 14232.777777777797 
331.00313653679086 2239.0 77.0 163.0 119.0 13841.900165095312 13450.90370370371 14232.777777777797 
332.00313653679086 2261.0 77.0 164.0 119.0 13837.782941222118 13430.177777777762 14232.777777777797 
333.00313653679086 2285.0 78.0 164.0 119.0 13833.241037735832 13383.592592592599 14232.777777777797 
334.00313653679086 2305.0 78.0 172.0 119.0 13829.127960691809 13421.933333333322 14232.777777777797 
335.00313653679086 2332.0 83.0 182.0 119.0 13824.44527367749 13360.859259259249 14232.777777777797 
336.00313653679086 2354.0 85.0 181.0 119.0 13819.664598718478 13346.37777777779 14232.777777777797 
337.00313653679086 2378.0 89.0 177.0 119.0 13813.616545323905 13214.859259259249 14232.777777777797 
338.00313653679086 2407.0 94.0 171.0 119.0 13809.597342833615 13411.696296296284 14232.777777777797 
339.00313653679086 2429.0 96.0 176.0 117.0 13804.115887923785 13261.451851851847 14232.777777777797 
340.00313653679086 2456.0 98.0 173.0 117.0 13799.455988303818 13338.125925925924 14232.777777777797 
341.00313653679086 2485.0 98.0 173.0 117.0 13794.729132124503 13326.770370370365 14232.777777777797 
342.00313653679086 2513.0 100.0 163.0 116.0 13789.998285247688 13321.644444444439 14232.777777777797 
343.00313653679086 2536.0 100.0 170.0 117.0 13786.195339432263 13409.703703703715 14232.777777777797 
344.00313653679086 2566.0 100.0 163.0 116.0 13781.01034900089 13267.696296296284 14232.777777777797 
345.00313653679086 2584.0 100.0 165.0 116.0 13776.757578844223 13355.733333333348 14232.777777777797 
346.00313653679086 2618.0 101.0 154.0 116.0 13772.465040092808 13347.503703703693 14232.777777777797 
347.00313653679086 2647.0 102.0 154.0 116.0 13768.598760062247 13385.837037037045 14232.777777777797 
348.00313653679086 2669.0 102.0 158.0 116.0 13764.802328017193 13388.955555555565 14232.777777777797 
349.00313653679086 2699.0 103.0 158.0 116.0 13761.07519362591 13392.088888888855 14232.777777777797 
350.00313653679086 2728.0 103.0 157.0 117.0 13756.68096020816 13321.651851851844 14232.777777777797 
351.00313653679086 2752.0 103.0 171.0 117.0 13751.739854309782 13262.570370370366 14232.777777777797 
352.00313653679086 2782.0 103.0 166.0 117.0 13744.578900211138 13035.644444444439 14232.777777777797 
353.00313653679086 2818.0 103.0 162.0 116.0 13738.131481579385 13099.837037037045 14232.777777777797 
354.00313653679086 2853.0 103.0 154.0 116.0 13734.38994454138 13363.977777777769 14232.777777777797 
355.00313653679086 2872.0 105.0 157.0 116.0 13729.629304355209 13258.325925925896 14232.777777777797 
356.00313653679086 2905.0 105.0 156.0 116.0 13724.947455756102 13261.444444444416 14232.777777777797 
357.0020905688444 2942.0 105.0 158.0 115.0 13720.053981198555 13235.600000000004 14232.777777777797 
358.00313653679086 2976.0 105.0 149.0 115.0 13715.06455249768 13221.111111111115 14232.777777777797 
359.00313653679086 2999.0 105.0 160.0 115.0 13709.483018083813 13156.911111111145 14232.777777777797 
360.00313653679086 3034.0 105.0 160.0 116.0 13702.05137308816 12966.318518518545 14232.777777777797 
361.00313653679086 3073.0 105.0 158.0 115.0 13696.040637135062 13100.977777777769 14232.777777777797 
362.00313653679086 3106.0 105.0 155.0 115.0 13689.976156689638 13089.592592592599 14232.777777777797 
363.00313653679086 3139.0 105.0 155.0 118.0 13684.003654382 13092.725925925946 14232.777777777797 
364.00313653679086 3171.0 105.0 157.0 116.0 13679.104877097425 13194.125925925924 14232.777777777797 
365.00313653679086 3195.0 106.0 159.0 116.0 13671.883235733867 12956.94074074073 14232.777777777797 
366.00313653679086 3233.0 106.0 158.0 115.0 13665.023588561722 12985.918518518494 14232.777777777797 
367.00313653679086 3262.0 108.0 160.0 115.0 13659.206686009427 13083.333333333327 14232.777777777797 
368.00313653679086 3297.0 110.0 149.0 115.0 13652.743656186363 13012.903703703716 14232.777777777797 
369.00313653679086 3325.0 111.0 137.0 115.0 13648.086219624498 13187.0 14232.777777777797 
370.00313653679086 3352.0 112.0 131.0 115.0 13645.267801872715 13366.244444444443 14232.777777777797 
371.00313653679086 3380.0 113.0 131.0 114.0 13643.389123853969 13457.4 14232.777777777797 
372.00313653679086 3403.0 113.0 134.0 114.0 13639.271232615432 13231.600000000004 14232.777777777797 
373.00313653679086 3428.0 116.0 125.0 115.0 13635.577927696697 13269.940740740729 14232.777777777797 
374.00313653679086 3455.0 117.0 134.0 116.0 13631.983703975267 13276.155555555533 14232.777777777797 
375.00313653679086 3481.0 117.0 140.0 114.0 13628.508163231829 13284.429629629634 14232.777777777797 
376.00313653679086 3509.0 118.0 143.0 114.0 13623.13011863654 13090.703703703712 14232.777777777797 
377.0014363059601 3530.0 118.0 148.0 114.0 13617.51629893166 13061.748148148132 14232.777777777797 
378.00313653679086 3567.0 121.0 139.0 114.0 13610.984543349752 12964.340740740723 14232.777777777797 
379.00313653679086 3602.0 122.0 130.0 113.0 13604.486697916253 12961.200000000024 14232.777777777797 
380.00313653679086 3637.0 123.0 122.0 113.0 13600.612793900045 13217.096296296286 14232.777777777797 
381.00313653679086 3662.0 124.0 123.0 114.0 13596.550517812893 13194.385185185169 14232.777777777797 
382.00313653679086 3693.0 124.0 110.0 113.0 13592.4349385607 13184.992592592593 14232.777777777797 
383.00313653679086 3715.0 124.0 112.0 114.0 13591.03325584174 13452.266666666652 14232.777777777797 
384.00001525069194 3732.0 124.0 123.0 114.0 13587.978256616683 13285.533333333326 14232.777777777797 
385.00313653679086 3759.0 126.0 122.0 114.0 13585.06758516161 13296.911111111145 14232.777777777797 
386.00313653679086 3788.0 126.0 127.0 113.0 13581.771353754451 13255.444444444416 14232.777777777797 
387.00313653679086 3820.0 126.0 127.0 114.0 13578.570677253936 13261.703703703715 14232.777777777797 
388.00313653679086 3843.0 126.0 132.0 113.0 13573.962007518458 13117.703703703713 14232.777777777797 
389.00313653679086 3879.0 126.0 126.0 113.0 13568.902165221027 13067.977777777767 14232.777777777797 
390.00313653679086 3916.0 126.0 126.0 114.0 13563.716773198454 13050.362962962967 14232.777777777797 
391.00313653679086 3946.0 126.0 125.0 114.0 13558.759457318305 13067.985185185164 14232.777777777797 
392.00313653679086 3974.0 126.0 125.0 114.0 13554.669714596992 13149.785185185192 14232.777777777797 
393.00313653679086 4002.0 126.0 135.0 114.0 13550.319980413979 13119.696296296284 14232.777777777797 
394.002752146763 4030.0 126.0 138.0 114.0 13545.868854683911 13105.207407407375 14232.777777777797 
395.00313653679086 4064.0 126.0 135.0 115.0 13540.664166137065 13025.399999999994 14232.777777777797 
396.00313653679086 4096.0 126.0 134.0 116.0 13536.516931883132 13125.94074074073 14232.777777777797 
397.00313653679086 4132.0 126.0 135.0 115.0 13533.405392193905 13225.362962962965 14232.777777777797 
398.00313653679086 4159.0 126.0 136.0 114.0 13528.93607901272 13086.474074074082 14232.777777777797 
399.00313653679086 4186.0 126.0 136.0 113.0 13525.567977481847 13192.125925925924 14232.777777777797 
400.00313653679086 4207.0 126.0 143.0 113.0 13521.798964373698 13148.666666666673 14232.777777777797 
401.00313653679086 4229.0 126.0 146.0 113.0 13517.24971547069 13066.874074074076 14232.777777777797 
402.00313653679086 4260.0 126.0 129.0 113.0 13512.393736834514 13031.651851851848 14232.777777777797 
403.00313653679086 4299.0 126.0 94.0 113.0 13509.93802168838 13266.822222222232 14232.777777777797 
404.00313653679086 4315.0 126.0 78.0 113.0 13511.060048878915 13622.140740740748 14232.777777777797 
405.00313653679086 4328.0 126.0 66.0 113.0 13513.93174468641 13798.229629629639 14232.777777777797 
406.00313653679086 4339.0 126.0 55.0 113.0 13518.743242054377 13995.081481481506 14232.777777777797 
407.00313653679086 4345.0 126.0 49.0 115.0 13524.387217041229 14083.140740740746 14232.777777777797 
408.00313653679086 4350.0 126.0 44.0 112.0 13530.503196722664 14135.985185185162 14232.777777777797 
409.00313653679086 4353.0 126.0 41.0 105.0 13536.651646236936 14145.348148148161 14232.777777777797 
410.00313653679086 4357.0 126.0 37.0 115.0 13542.769870515296 14148.474074074082 14232.777777777797 
411.00313653679086 4358.0 126.0 36.0 107.0 13548.889282921258 14154.711111111119 14232.777777777797 
412.00313653679086 4360.0 126.0 34.0 117.0 13555.009945647611 14160.955555555558 14232.777777777797 
413.00313653679086 4362.0 126.0 32.0 110.0 13561.100661005947 14164.081481481506 14232.777777777797 
414.00313653679086 4363.0 126.0 31.0 116.0 13567.224098840315 14173.444444444414 14232.777777777797 
415.00313653679086 4364.0 126.0 30.0 110.0 13573.286302296365 14173.444444444414 14232.777777777797 
416.00313653679086 4365.0 126.0 29.0 115.0 13579.287883717858 14173.444444444414 14232.777777777797 
417.00313653679086 4368.0 126.0 26.0 108.0 13585.260634510289 14176.562962962935 14232.777777777797 
418.00313653679086 4368.0 126.0 27.0 115.0 13591.204917054081 14179.688888888892 14232.777777777797 
419.00313653679086 4369.0 126.0 26.0 109.0 13597.058497513164 14176.562962962935 14232.777777777797 
420.00313653679086 4372.0 126.0 23.0 116.0 13602.884801426939 14179.688888888892 14232.777777777797 
421.00313653679086 4373.0 126.0 22.0 109.0 13608.74647193116 14189.05185185184 14232.777777777797 
422.00313653679086 4376.0 126.0 19.0 116.0 13614.549525730385 14189.05185185184 14232.777777777797 
423.00313653679086 4376.0 126.0 19.0 109.0 13620.356993436042 14195.296296296277 14232.777777777797 
424.00313653679086 4377.0 126.0 19.0 116.0 13626.106386464644 14195.296296296277 14232.777777777797 
425.00313653679086 4379.0 126.0 17.0 109.0 13631.767026303705 14192.17037037036 14232.777777777797 
426.00313653679086 4382.0 126.0 14.0 120.0 13637.43350418882 14198.414814814798 14232.777777777797 
427.00313653679086 4384.0 126.0 13.0 120.0 13643.074576554325 14201.540740740757 14232.777777777797 
428.00313653679086 4385.0 126.0 12.0 120.0 13648.545608566561 14190.17777777776 14232.777777777797 
429.00313653679086 4387.0 126.0 10.0 120.0 13654.138078406828 14207.792592592627 14232.777777777797 
430.00313653679086 4387.0 126.0 10.0 120.0 13659.705882807937 14210.918518518494 14232.777777777797 
431.00313653679086 4388.0 126.0 9.0 121.0 13665.218009165068 14210.918518518494 14232.777777777797 
432.00313653679086 4389.0 126.0 8.0 121.0 13670.706273517862 14214.044444444442 14232.777777777797 
433.00313653679086 4391.0 126.0 6.0 122.0 13676.139655227127 14214.044444444442 14232.777777777797 
434.00313653679086 4391.0 126.0 6.0 123.0 13681.54988830448 14217.162962962962 14232.777777777797 
435.00313653679086 4391.0 126.0 6.0 123.0 13686.906019051044 14217.162962962962 14232.777777777797 
436.00313653679086 4391.0 126.0 6.0 123.0 13692.208588490177 14217.162962962962 14232.777777777797 
437.00313653679086 4392.0 126.0 5.0 123.0 13697.458132234913 14217.162962962962 14232.777777777797 
438.00313653679086 4392.0 126.0 5.0 123.0 13702.655180542186 14217.162962962962 14232.777777777797 
439.00313653679086 4393.0 126.0 4.0 123.0 13707.800258366395 14217.162962962962 14232.777777777797 
440.00313653679086 4393.0 126.0 4.0 123.0 13712.925070597541 14220.281481481483 14232.777777777797 
441.00313653679086 4394.0 126.0 4.0 124.0 13717.998634706375 14220.281481481483 14232.777777777797 
442.00313653679086 4394.0 126.0 4.0 124.0 13723.021463174126 14220.281481481483 14232.777777777797 
443.00313653679086 4395.0 126.0 3.0 124.0 13727.994063357199 14220.281481481483 14232.777777777797 
444.00313653679086 4395.0 126.0 3.0 124.0 13732.948196797708 14223.407407407401 14232.777777777797 
445.00313653679086 4395.0 126.0 3.0 124.0 13737.852788903821 14223.407407407401 14232.777777777797 
446.00313653679086 4395.0 126.0 3.0 124.0 13742.708335088855 14223.407407407401 14232.777777777797 
447.00313653679086 4395.0 126.0 3.0 124.0 13747.515325812028 14223.407407407401 14232.777777777797 
448.00313653679086 4396.0 126.0 2.0 124.0 13752.274246628 14223.407407407401 14232.777777777797 
449.00313653679086 4396.0 126.0 2.0 124.0 13757.016763420947 14226.525925925918 14232.777777777797 
450.00313653679086 4396.0 126.0 2.0 125.0 13761.711855046025 14226.525925925918 14232.777777777797 
451.00313653679086 4396.0 126.0 2.0 125.0 13766.359995754814 14226.525925925918 14232.777777777797 
452.00313653679086 4397.0 126.0 1.0 126.0 13770.961655056504 14226.525925925918 14232.777777777797 
453.00313653679086 4398.0 126.0 0.0 126.0 13775.548557024484 14229.651851851839 14232.777777777797 
454.00313653679086 4398.0 126.0 0.0 126.0 13780.120849232024 14232.777777777797 14232.777777777797 
455.00313653679086 4398.0 126.0 0.0 126.0 13784.647418517472 14232.777777777797 14232.777777777797 
456.00313653679086 4398.0 126.0 0.0 126.0 13789.128722110077 14232.777777777797 14232.777777777797 
457.00313653679086 4398.0 126.0 0.0 126.0 13793.565212666741 14232.777777777797 14232.777777777797 
458.00313653679086 4398.0 126.0 0.0 126.0 13797.95733831786 14232.777777777797 14232.777777777797 
459.00313653679086 4398.0 126.0 0.0 126.0 13802.305542712455 14232.777777777797 14232.777777777797 
460.00313653679086 4398.0 126.0 0.0 126.0 13806.610265063107 14232.777777777797 14232.777777777797 
461.00313653679086 4398.0 126.0 0.0 128.0 13810.871940190273 14232.777777777797 14232.777777777797 
462.00313653679086 4398.0 126.0 0.0 128.0 13815.090998566127 14232.777777777797 14232.777777777797 
463.00313653679086 4398.0 126.0 0.0 128.0 13819.267866358245 14232.777777777797 14232.777777777797 
464.00313653679086 4398.0 126.0 0.0 128.0 13823.402965472444 14232.777777777797 14232.777777777797 
465.00313653679086 4398.0 126.0 0.0 128.0 13827.49671359551 14232.777777777797 14232.777777777797 
466.00313653679086 4398.0 126.0 0.0 128.0 13831.54952423732 14232.777777777797 14232.777777777797 
467.00313653679086 4398.0 126.0 1.0 128.0 13835.56180677272 14232.777777777797 14232.777777777797 
468.00313653679086 4399.0 126.0 0.0 128.0 13839.502707223523 14229.651851851839 14232.777777777797 
469.00313653679086 4399.0 126.0 0.0 128.0 13843.435457929072 14232.777777777797 14232.777777777797 
470.00313653679086 4399.0 126.0 0.0 128.0 13847.328881127556 14232.777777777797 14232.777777777797 
471.00313653679086 4399.0 126.0 0.0 128.0 13851.183370094055 14232.777777777797 14232.777777777797 
472.00313653679086 4399.0 126.0 0.0 129.0 13854.999314170886 14232.777777777797 14232.777777777797 
473.00313653679086 4399.0 126.0 0.0 130.0 13858.777098806959 14232.777777777797 14232.777777777797 
474.00313653679086 4399.0 126.0 0.0 130.0 13862.51710559668 14232.777777777797 14232.777777777797 
475.00313653679086 4399.0 126.0 0.0 130.0 13866.219712318478 14232.777777777797 14232.777777777797 
476.00313653679086 4399.0 126.0 0.0 130.0 13869.885292973077 14232.777777777797 14232.777777777797 
477.00313653679086 4399.0 126.0 0.0 131.0 13873.514217821124 14232.777777777797 14232.777777777797 
478.00313653679086 4399.0 126.0 0.0 131.0 13877.106853420675 14232.777777777797 14232.777777777797 
479.00313653679086 4399.0 126.0 0.0 131.0 13880.663562664244 14232.777777777797 14232.777777777797 
480.00313653679086 4399.0 126.0 0.0 131.0 13884.184704815389 14232.777777777797 14232.777777777797 
481.00313653679086 4399.0 126.0 0.0 131.0 13887.670635545011 14232.777777777797 14232.777777777797 
482.00313653679086 4399.0 126.0 1.0 131.0 13891.121706967346 14232.777777777797 14232.777777777797 
483.00313653679086 4399.0 126.0 1.0 131.0 13894.507008416183 14229.651851851839 14232.777777777797 
484.00313653679086 4399.0 126.0 1.0 131.0 13897.858456850556 14229.651851851839 14232.777777777797 
485.00313653679086 4399.0 126.0 1.0 132.0 13901.176390800567 14229.651851851839 14232.777777777797 
486.00313653679086 4399.0 126.0 1.0 132.0 13904.46114541109 14229.651851851839 14232.777777777797 
487.00313653679086 4399.0 126.0 2.0 132.0 13907.713052475487 14229.651851851839 14232.777777777797 
488.00313653679086 4399.0 126.0 2.0 132.0 13910.901181209985 14226.525925925918 14232.777777777797 
489.00313653679086 4399.0 126.0 2.0 132.0 13914.057428657141 14226.525925925918 14232.777777777797 
490.00313653679086 4399.0 126.0 2.0 132.0 13917.182113629824 14226.525925925918 14232.777777777797 
491.00313653679086 4399.0 126.0 2.0 132.0 13920.275551752797 14226.525925925918 14232.777777777797 
492.00313653679086 4399.0 126.0 2.0 132.0 13923.338055494542 14226.525925925918 14232.777777777797 
493.00313653679086 4399.0 126.0 2.0 132.0 13926.369934198843 14226.525925925918 14232.777777777797 
494.00313653679086 4399.0 126.0 2.0 132.0 13929.371494116107 14226.525925925918 14232.777777777797 
495.00313653679086 4399.0 126.0 4.0 132.0 13932.343038434221 14226.525925925918 14232.777777777797 
496.00313653679086 4400.0 126.0 4.0 132.0 13935.077459901722 14205.785185185186 14232.777777777797 
497.00313653679086 4400.0 126.0 6.0 132.0 13937.784537154546 14205.785185185186 14232.777777777797 
498.00313653679086 4402.0 126.0 4.0 132.0 13940.257136227448 14185.044444444442 14232.777777777797 
499.00313653679086 4403.0 126.0 4.0 132.0 13942.912416717023 14205.785185185186 14232.777777777797 
500.00313653679086 4404.0 126.0 3.0 133.0 13945.541144401699 14205.785185185186 14232.777777777797 
501.00313653679086 4404.0 126.0 3.0 133.0 13948.174844068808 14208.911111111145 14232.777777777797 
502.00313653679086 4405.0 126.0 2.0 133.0 13950.958354887392 14226.525925925918 14232.777777777797 
503.00313653679086 4405.0 126.0 2.0 133.0 13953.714030597772 14226.525925925918 14232.777777777797 
504.00313653679086 4405.0 126.0 2.0 133.0 13956.442149551047 14226.525925925918 14232.777777777797 
505.00313653679086 4405.0 126.0 2.0 133.0 13959.142987314775 14226.525925925918 14232.777777777797 
506.00313653679086 4405.0 126.0 2.0 133.0 13961.816816700924 14226.525925925918 14232.777777777797 
507.00313653679086 4405.0 126.0 2.0 133.0 13964.463907793155 14226.525925925918 14232.777777777797 
508.00313653679086 4406.0 126.0 1.0 133.0 13967.084527974483 14226.525925925918 14232.777777777797 
509.00313653679086 4406.0 126.0 1.0 133.0 13969.710201213258 14229.651851851839 14232.777777777797 
510.00313653679086 4406.0 126.0 1.0 133.0 13972.309617719653 14229.651851851839 14232.777777777797 
511.00313653679086 4406.0 126.0 2.0 134.0 13974.883040060951 14229.651851851839 14232.777777777797 
512.0031365367909 4406.0 126.0 2.0 134.0 13977.399468919613 14226.525925925918 14232.777777777797 
513.0031365367909 4407.0 126.0 1.0 134.0 13979.890733489683 14226.525925925918 14232.777777777797 
514.0031365367909 4407.0 126.0 1.0 134.0 13982.388344673294 14229.651851851839 14232.777777777797 
515.0031365367909 4407.0 126.0 1.0 134.0 13984.860979745095 14229.651851851839 14232.777777777797 
516.0031365367909 4407.0 126.0 1.0 134.0 13987.308888466156 14229.651851851839 14232.777777777797 
517.0031365367909 4407.0 126.0 1.0 134.0 13989.732318100001 14229.651851851839 14232.777777777797 
518.0031365367909 4407.0 126.0 1.0 134.0 13992.131513437544 14229.651851851839 14232.777777777797 
519.0031365367909 4407.0 126.0 1.0 134.0 13994.506716821676 14229.651851851839 14232.777777777797 
520.0031365367909 4407.0 126.0 1.0 134.0 13996.858168171984 14229.651851851839 14232.777777777797 
521.0031365367909 4407.0 126.0 1.0 134.0 13999.186105008775 14229.651851851839 14232.777777777797 
522.0031365367909 4407.0 126.0 1.0 134.0 14001.490762477213 14229.651851851839 14232.777777777797 
523.0031365367909 4407.0 126.0 1.0 134.0 14003.77237337095 14229.651851851839 14232.777777777797 
524.0031365367909 4407.0 126.0 1.0 135.0 14006.031168155769 14229.651851851839 14232.777777777797 
525.0031365367909 4407.0 126.0 1.0 135.0 14008.267374992722 14229.651851851839 14232.777777777797 
526.0031365367909 4407.0 126.0 2.0 135.0 14010.481219761317 14229.651851851839 14232.777777777797 
527.0031365367909 4408.0 126.0 1.0 135.0 14012.641666822961 14226.525925925918 14232.777777777797 
528.0031365367909 4408.0 126.0 1.0 135.0 14014.811768673244 14229.651851851839 14232.777777777797 
529.0031365367909 4408.0 126.0 1.0 135.0 14016.96016950502 14229.651851851839 14232.777777777797 
530.0031365367909 4408.0 126.0 1.0 135.0 14019.087086328498 14229.651851851839 14232.777777777797 
531.0031365367909 4408.0 126.0 1.0 135.0 14021.192733983737 14229.651851851839 14232.777777777797 
532.0031365367909 4408.0 126.0 1.0 135.0 14023.277325162411 14229.651851851839 14232.777777777797 
533.0031365367909 4409.0 126.0 0.0 135.0 14025.341070429313 14229.651851851839 14232.777777777797 
534.0031365367909 4409.0 126.0 1.0 135.0 14027.415437502807 14232.777777777797 14232.777777777797 
535.0031365367909 4409.0 126.0 1.0 135.0 14029.437801646285 14229.651851851839 14232.777777777797 
536.0031365367909 4409.0 126.0 1.0 135.0 14031.439942148338 14229.651851851839 14232.777777777797 
537.0031365367909 4409.0 126.0 1.0 135.0 14033.422061245372 14229.651851851839 14232.777777777797 
538.0031365367909 4409.0 126.0 1.0 135.0 14035.384359151445 14229.651851851839 14232.777777777797 
539.0031365367909 4409.0 126.0 2.0 135.0 14037.32703407845 14229.651851851839 14232.777777777797 
540.0031365367909 4409.0 126.0 2.0 135.0 14039.219022996916 14226.525925925918 14232.777777777797 
541.0031365367909 4410.0 126.0 1.0 135.0 14041.092092026209 14226.525925925918 14232.777777777797 
542.0031365367909 4410.0 126.0 1.0 135.0 14042.977689624462 14229.651851851839 14232.777777777797 
543.0031365367909 4410.0 126.0 1.0 135.0 14044.84443124674 14229.651851851839 14232.777777777797 
544.0031365367909 4410.0 126.0 1.0 135.0 14046.69250545281 14229.651851851839 14232.777777777797 
545.0031365367909 4410.0 126.0 1.0 135.0 14048.522098916776 14229.651851851839 14232.777777777797 
546.0031365367909 4410.0 126.0 1.0 135.0 14050.333396446127 14229.651851851839 14232.777777777797 
547.0031365367909 4410.0 126.0 1.0 135.0 14052.12658100021 14229.651851851839 14232.777777777797 
548.0031365367909 4410.0 126.0 1.0 135.0 14053.901833708716 14229.651851851839 14232.777777777797 
549.0031365367909 4410.0 126.0 1.0 135.0 14055.65933389014 14229.651851851839 14232.777777777797 
550.0031365367909 4410.0 126.0 1.0 135.0 14057.399259069756 14229.651851851839 14232.777777777797 
551.0031365367909 4410.0 126.0 1.0 135.0 14059.12178499757 14229.651851851839 14232.777777777797 
552.0031365367909 4410.0 126.0 1.0 135.0 14060.827085666133 14229.651851851839 14232.777777777797 
553.0031365367909 4410.0 126.0 1.0 135.0 14062.515333327998 14229.651851851839 14232.777777777797 
554.0031365367909 4410.0 126.0 2.0 135.0 14064.186698513222 14229.651851851839 14232.777777777797 
555.0031365367909 4410.0 126.0 2.0 135.0 14065.810090787358 14226.525925925918 14232.777777777797 
556.0031365367909 4410.0 126.0 2.0 135.0 14067.417249138749 14226.525925925918 14232.777777777797 
557.0031365367909 4410.0 126.0 2.0 135.0 14069.008335906627 14226.525925925918 14232.777777777797 
558.0031365367909 4411.0 126.0 1.0 135.0 14070.583511806808 14226.525925925918 14232.777777777797 
559.0031365367909 4411.0 126.0 1.0 135.0 14072.174195207246 14229.651851851839 14232.777777777797 
560.0031365367909 4411.0 126.0 1.0 135.0 14073.748971773704 14229.651851851839 14232.777777777797 
561.0031365367909 4411.0 126.0 2.0 135.0 14075.308000574478 14229.651851851839 14232.777777777797 
562.0031365367909 4411.0 126.0 2.0 135.0 14076.820179828004 14226.525925925918 14232.777777777797 
563.0031365367909 4412.0 126.0 1.0 135.0 14078.317237288984 14226.525925925918 14232.777777777797 
564.0031365367909 4413.0 126.0 0.0 135.0 14079.830583434621 14229.651851851839 14232.777777777797 
565.0031365367909 4413.0 126.0 0.0 135.0 14081.360055378034 14232.777777777797 14232.777777777797 
566.0031365367909 4413.0 126.0 0.0 135.0 14082.874232602024 14232.777777777797 14232.777777777797 
567.0031365367909 4413.0 126.0 0.0 135.0 14084.373268053798 14232.777777777797 14232.777777777797 
568.0031365367909 4413.0 126.0 1.0 135.0 14085.857313151046 14232.777777777797 14232.777777777797 
569.0031365367909 4413.0 126.0 1.0 135.0 14087.29525853805 14229.651851851839 14232.777777777797 
570.0031365367909 4413.0 126.0 1.0 135.0 14088.718824471172 14229.651851851839 14232.777777777797 
571.0031365367909 4413.0 126.0 1.0 135.0 14090.128154744987 14229.651851851839 14232.777777777797 
572.0031365367909 4413.0 126.0 1.0 135.0 14091.523391716059 14229.651851851839 14232.777777777797 
573.0031365367909 4413.0 126.0 1.0 135.0 14092.904676317416 14229.651851851839 14232.777777777797 
574.0031365367909 4413.0 126.0 1.0 135.0 14094.272148072765 14229.651851851839 14232.777777777797 
575.0031365367909 4413.0 126.0 1.0 135.0 14095.625945110536 14229.651851851839 14232.777777777797 
576.0031365367909 4413.0 126.0 1.0 135.0 14096.966204177965 14229.651851851839 14232.777777777797 
577.0031365367909 4414.0 126.0 0.0 135.0 14098.29306065471 14229.651851851839 14232.777777777797 
578.0031365367909 4414.0 126.0 0.0 135.0 14099.63790782595 14232.777777777797 14232.777777777797 
579.0031365367909 4414.0 126.0 0.0 135.0 14100.96930652545 14232.777777777797 14232.777777777797 
580.0031365367909 4414.0 126.0 0.0 135.0 14102.287391237967 14232.777777777797 14232.777777777797 
581.0031365367909 4414.0 126.0 0.0 135.0 14103.592295103375 14232.777777777797 14232.777777777797 
582.0031365367909 4414.0 126.0 0.0 135.0 14104.884149930122 14232.777777777797 14232.777777777797 
583.0031365367909 4414.0 126.0 1.0 135.0 14106.16308620859 14232.777777777797 14232.777777777797 
584.0031365367909 4414.0 126.0 1.0 135.0 14107.397973865025 14229.651851851839 14232.777777777797 
585.0031365367909 4414.0 126.0 2.0 135.0 14108.620512644897 14229.651851851839 14232.777777777797 
586.0031365367909 4415.0 126.0 1.0 135.0 14109.654677888811 14212.037037037013 14232.777777777797 
587.0031365367909 4415.0 126.0 1.0 135.0 14110.854649628456 14229.651851851839 14232.777777777797 
588.0031365367909 4415.0 126.0 1.0 135.0 14112.04262165067 14229.651851851839 14232.777777777797 
589.0031365367909 4415.0 126.0 1.0 135.0 14113.2187139527 14229.651851851839 14232.777777777797 
590.0031365367909 4415.0 126.0 1.0 135.0 14114.383045331691 14229.651851851839 14232.777777777797 
591.0031365367909 4415.0 126.0 1.0 135.0 14115.535733396891 14229.651851851839 14232.777777777797 
592.0031365367909 4415.0 126.0 1.0 135.0 14116.676894581453 14229.651851851839 14232.777777777797 
593.0031365367909 4415.0 126.0 1.0 135.0 14117.806644154145 14229.651851851839 14232.777777777797 
594.0031365367909 4415.0 126.0 1.0 135.0 14118.925096231113 14229.651851851839 14232.777777777797 
595.0031365367909 4415.0 126.0 1.0 135.0 14120.032363787337 14229.651851851839 14232.777777777797 
596.0031365367909 4415.0 126.0 2.0 135.0 14121.128558667973 14229.651851851839 14232.777777777797 
597.0031365367909 4416.0 126.0 1.0 135.0 14122.182532340566 14226.525925925918 14232.777777777797 
598.0031365367909 4416.0 126.0 1.0 135.0 14123.25722553567 14229.651851851839 14232.777777777797 
599.0031365367909 4416.0 126.0 2.0 135.0 14124.321171798823 14229.651851851839 14232.777777777797 
600.0031365367909 4417.0 126.0 1.0 135.0 14125.343219340111 14226.525925925918 14232.777777777797 
#####################################################################
# End of data export. Simulation finished at: 2020-01-31T07:07+0000 #
#####################################################################
