#####################################################################
# Alchemist log file - simulation started at: 2020-01-29T12:05+0000 #
#####################################################################
# seed = 4.0, meanTaskSize = 10, smoothing = 0.3, grain = 1400.0, peakFrequency = 0.1
#
# The columns have the following meaning: 
# time done[Sum] drop[Sum] waiting[Sum] isLeader[Sum] capacity[Mean] freeCapacity[Mean] maxCapacity[Mean] 
0.0 NaN 0.0 NaN NaN NaN NaN NaN 
1.0066708369337494 0.0 0.0 0.0 135.0 14232.777777777797 14232.777777777797 14232.777777777797 
2.0066708369337496 0.0 0.0 0.0 135.0 14232.777777777797 14232.777777777797 14232.777777777797 
3.0066708369337496 0.0 0.0 0.0 135.0 14232.777777777797 14232.777777777797 14232.777777777797 
4.00667083693375 0.0 0.0 0.0 135.0 14232.777777777797 14232.777777777797 14232.777777777797 
5.00667083693375 0.0 0.0 0.0 135.0 14232.777777777797 14232.777777777797 14232.777777777797 
6.00667083693375 0.0 0.0 0.0 135.0 14232.777777777797 14232.777777777797 14232.777777777797 
7.00667083693375 0.0 0.0 0.0 135.0 14232.777777777797 14232.777777777797 14232.777777777797 
8.00667083693375 0.0 0.0 0.0 135.0 14232.777777777797 14232.777777777797 14232.777777777797 
9.00667083693375 0.0 0.0 0.0 135.0 14232.777777777797 14232.777777777797 14232.777777777797 
10.00667083693375 0.0 0.0 0.0 135.0 14232.777777777797 14232.777777777797 14232.777777777797 
11.00667083693375 0.0 0.0 0.0 135.0 14232.777777777797 14232.777777777797 14232.777777777797 
12.00667083693375 0.0 0.0 0.0 135.0 14232.777777777797 14232.777777777797 14232.777777777797 
13.00667083693375 0.0 0.0 0.0 135.0 14232.777777777797 14232.777777777797 14232.777777777797 
14.00667083693375 0.0 0.0 0.0 135.0 14232.777777777797 14232.777777777797 14232.777777777797 
15.00667083693375 0.0 0.0 0.0 135.0 14232.777777777797 14232.777777777797 14232.777777777797 
16.00667083693375 0.0 0.0 0.0 135.0 14232.777777777797 14232.777777777797 14232.777777777797 
17.00667083693375 0.0 0.0 2.0 135.0 14232.777777777797 14232.777777777797 14232.777777777797 
18.00667083693375 1.0 0.0 1.0 135.0 14230.902222222243 14226.525925925918 14232.777777777797 
19.00667083693375 2.0 0.0 0.0 135.0 14230.527111111105 14229.651851851839 14232.777777777797 
20.00667083693375 2.0 0.0 0.0 135.0 14231.20231111109 14232.777777777797 14232.777777777797 
21.00667083693375 2.0 0.0 0.0 135.0 14231.674951111114 14232.777777777797 14232.777777777797 
22.00667083693375 2.0 0.0 0.0 135.0 14232.005799111103 14232.777777777797 14232.777777777797 
23.00667083693375 2.0 0.0 0.0 135.0 14232.237392711097 14232.777777777797 14232.777777777797 
24.00667083693375 2.0 0.0 0.0 135.0 14232.399508231128 14232.777777777797 14232.777777777797 
25.00667083693375 2.0 0.0 0.0 135.0 14232.51298909512 14232.777777777797 14232.777777777797 
26.00667083693375 2.0 0.0 1.0 135.0 14232.592425699919 14232.777777777797 14232.777777777797 
27.00667083693375 3.0 0.0 0.0 135.0 14227.363586878804 14215.162962962962 14232.777777777797 
28.00667083693375 3.0 0.0 1.0 135.0 14228.987844148516 14232.777777777797 14232.777777777797 
29.00667083693375 4.0 0.0 0.0 135.0 14229.187046459525 14229.651851851839 14232.777777777797 
30.00667083693375 4.0 0.0 0.0 135.0 14230.26426585499 14232.777777777797 14232.777777777797 
31.00667083693375 4.0 0.0 0.0 135.0 14231.018319431823 14232.777777777797 14232.777777777797 
32.00667083693375 4.0 0.0 0.0 135.0 14231.546156935603 14232.777777777797 14232.777777777797 
33.00667083693375 4.0 0.0 0.0 135.0 14231.915643188264 14232.777777777797 14232.777777777797 
34.00667083693375 4.0 0.0 0.0 135.0 14232.174283565122 14232.777777777797 14232.777777777797 
35.00667083693375 4.0 0.0 0.0 135.0 14232.35533182892 14232.777777777797 14232.777777777797 
36.00667083693375 4.0 0.0 0.0 135.0 14232.482065613553 14232.777777777797 14232.777777777797 
37.00667083693375 4.0 0.0 0.0 135.0 14232.570779262855 14232.777777777797 14232.777777777797 
38.00667083693375 4.0 0.0 0.0 135.0 14232.632878817327 14232.777777777797 14232.777777777797 
39.00667083693375 4.0 0.0 1.0 135.0 14232.67634850545 14232.777777777797 14232.777777777797 
40.00667083693375 5.0 0.0 0.0 135.0 14227.422332842722 14215.162962962962 14232.777777777797 
41.00667083693375 5.0 0.0 0.0 135.0 14229.028966323222 14232.777777777797 14232.777777777797 
42.00667083693375 5.0 0.0 0.0 135.0 14230.153609759565 14232.777777777797 14232.777777777797 
43.00667083693375 5.0 0.0 0.0 135.0 14230.940860165047 14232.777777777797 14232.777777777797 
44.00667083693375 5.0 0.0 0.0 135.0 14231.49193544887 14232.777777777797 14232.777777777797 
45.00667083693375 5.0 0.0 0.0 135.0 14231.877688147511 14232.777777777797 14232.777777777797 
46.00667083693375 5.0 0.0 0.0 135.0 14232.147715036612 14232.777777777797 14232.777777777797 
47.00667083693375 5.0 0.0 0.0 135.0 14232.336733858967 14232.777777777797 14232.777777777797 
48.00667083693375 5.0 0.0 0.0 135.0 14232.469047034594 14232.777777777797 14232.777777777797 
49.00667083693375 5.0 0.0 0.0 135.0 14232.561666257572 14232.777777777797 14232.777777777797 
50.00667083693375 5.0 0.0 0.0 135.0 14232.626499713617 14232.777777777797 14232.777777777797 
51.00667083693375 5.0 0.0 0.0 135.0 14232.671883132874 14232.777777777797 14232.777777777797 
52.00667083693375 5.0 0.0 0.0 135.0 14232.70365152635 14232.777777777797 14232.777777777797 
53.00667083693375 5.0 0.0 0.0 135.0 14232.725889401796 14232.777777777797 14232.777777777797 
54.00667083693375 5.0 0.0 0.0 135.0 14232.741455914556 14232.777777777797 14232.777777777797 
55.00667083693375 5.0 0.0 0.0 135.0 14232.752352473517 14232.777777777797 14232.777777777797 
56.00667083693375 5.0 0.0 0.0 135.0 14232.759980064802 14232.777777777797 14232.777777777797 
57.00667083693375 5.0 0.0 0.0 135.0 14232.765319378695 14232.777777777797 14232.777777777797 
58.00667083693375 5.0 0.0 0.0 135.0 14232.769056898429 14232.777777777797 14232.777777777797 
59.00667083693375 5.0 0.0 0.0 135.0 14232.771673162226 14232.777777777797 14232.777777777797 
60.00667083693375 5.0 0.0 0.0 135.0 14232.773504546922 14232.777777777797 14232.777777777797 
61.00667083693375 5.0 0.0 0.0 135.0 14232.774786516153 14232.777777777797 14232.777777777797 
62.00667083693375 5.0 0.0 0.0 135.0 14232.77568389463 14232.777777777797 14232.777777777797 
63.00667083693375 5.0 0.0 0.0 135.0 14232.776312059588 14232.777777777797 14232.777777777797 
64.00667083693375 5.0 0.0 1.0 135.0 14232.776751775029 14232.777777777797 14232.777777777797 
65.00667083693375 5.0 0.0 1.0 135.0 14231.83928179807 14229.651851851839 14232.777777777797 
66.00667083693375 5.0 0.0 1.0 135.0 14231.183052814235 14229.651851851839 14232.777777777797 
67.00667083693375 6.0 0.0 0.0 135.0 14230.723692525511 14229.651851851839 14232.777777777797 
68.00667083693375 6.0 0.0 0.0 135.0 14231.339918101174 14232.777777777797 14232.777777777797 
69.00667083693375 6.0 0.0 0.0 135.0 14231.771276004178 14232.777777777797 14232.777777777797 
70.00667083693375 6.0 0.0 0.0 135.0 14232.073226536251 14232.777777777797 14232.777777777797 
71.00667083693375 6.0 0.0 0.0 135.0 14232.284591908705 14232.777777777797 14232.777777777797 
72.00667083693375 6.0 0.0 1.0 135.0 14232.432547669448 14232.777777777797 14232.777777777797 
73.00667083693375 7.0 0.0 0.0 135.0 14231.598338924177 14229.651851851839 14232.777777777797 
74.00667083693375 7.0 0.0 0.0 135.0 14231.952170580245 14232.777777777797 14232.777777777797 
75.00667083693375 7.0 0.0 0.0 135.0 14232.199852739526 14232.777777777797 14232.777777777797 
76.00667083693375 7.0 0.0 0.0 135.0 14232.373230250969 14232.777777777797 14232.777777777797 
77.00667083693375 7.0 0.0 0.0 135.0 14232.49459450903 14232.777777777797 14232.777777777797 
78.00667083693375 7.0 0.0 0.0 135.0 14232.579549489663 14232.777777777797 14232.777777777797 
79.00667083693375 7.0 0.0 0.0 135.0 14232.639017976071 14232.777777777797 14232.777777777797 
80.00667083693375 7.0 0.0 0.0 135.0 14232.680645916585 14232.777777777797 14232.777777777797 
81.00667083693375 7.0 0.0 1.0 135.0 14232.709785474963 14232.777777777797 14232.777777777797 
82.00667083693375 8.0 0.0 0.0 135.0 14231.792405388029 14229.651851851839 14232.777777777797 
83.00667083693375 8.0 0.0 0.0 135.0 14232.08801710498 14232.777777777797 14232.777777777797 
84.00667083693375 8.0 0.0 0.0 135.0 14232.29494530677 14232.777777777797 14232.777777777797 
85.00667083693375 8.0 0.0 0.0 135.0 14232.439795048109 14232.777777777797 14232.777777777797 
86.00667083693375 8.0 0.0 0.0 135.0 14232.541189866999 14232.777777777797 14232.777777777797 
87.00667083693375 8.0 0.0 0.0 135.0 14232.612166240215 14232.777777777797 14232.777777777797 
88.00667083693375 8.0 0.0 1.0 135.0 14232.661849701466 14232.777777777797 14232.777777777797 
89.00667083693375 9.0 0.0 0.0 135.0 14231.75885034663 14229.651851851839 14232.777777777797 
90.00667083693375 9.0 0.0 0.0 135.0 14232.06452857596 14232.777777777797 14232.777777777797 
91.00667083693375 9.0 0.0 0.0 135.0 14232.278503336518 14232.777777777797 14232.777777777797 
92.00667083693375 9.0 0.0 0.0 135.0 14232.42828566891 14232.777777777797 14232.777777777797 
93.00667083693375 9.0 0.0 0.0 135.0 14232.533133301546 14232.777777777797 14232.777777777797 
94.00667083693375 9.0 0.0 0.0 135.0 14232.60652664441 14232.777777777797 14232.777777777797 
95.00667083693375 9.0 0.0 0.0 135.0 14232.657901984441 14232.777777777797 14232.777777777797 
96.00667083693375 9.0 0.0 0.0 135.0 14232.693864722436 14232.777777777797 14232.777777777797 
97.00667083693375 9.0 0.0 0.0 135.0 14232.719038639063 14232.777777777797 14232.777777777797 
98.00667083693375 9.0 0.0 0.0 135.0 14232.736660380682 14232.777777777797 14232.777777777797 
99.00667083693375 9.0 0.0 0.0 135.0 14232.748995599788 14232.777777777797 14232.777777777797 
100.00667083693375 9.0 0.0 0.0 135.0 14232.757630253176 14232.777777777797 14232.777777777797 
101.00667083693375 9.0 0.0 0.0 135.0 14232.763674510565 14232.777777777797 14232.777777777797 
102.00667083693375 9.0 0.0 0.0 135.0 14232.767905490746 14232.777777777797 14232.777777777797 
103.00667083693375 9.0 0.0 0.0 135.0 14232.770867176863 14232.777777777797 14232.777777777797 
104.00667083693375 9.0 0.0 0.0 135.0 14232.77294035712 14232.777777777797 14232.777777777797 
105.00667083693375 9.0 0.0 0.0 135.0 14232.774391583318 14232.777777777797 14232.777777777797 
106.00667083693375 9.0 0.0 0.0 135.0 14232.775407441653 14232.777777777797 14232.777777777797 
107.00667083693375 9.0 0.0 0.0 135.0 14232.776118542473 14232.777777777797 14232.777777777797 
108.00667083693375 9.0 0.0 0.0 135.0 14232.776616313105 14232.777777777797 14232.777777777797 
109.00667083693375 9.0 0.0 0.0 135.0 14232.7769647525 14232.777777777797 14232.777777777797 
110.00667083693375 9.0 0.0 0.0 135.0 14232.777208660103 14232.777777777797 14232.777777777797 
111.00667083693375 9.0 0.0 0.0 135.0 14232.777379395355 14232.777777777797 14232.777777777797 
112.00667083693375 9.0 0.0 0.0 135.0 14232.777498910096 14232.777777777797 14232.777777777797 
113.00667083693375 9.0 0.0 0.0 135.0 14232.777582570385 14232.777777777797 14232.777777777797 
114.00667083693375 9.0 0.0 0.0 135.0 14232.777641132616 14232.777777777797 14232.777777777797 
115.00667083693375 9.0 0.0 0.0 135.0 14232.777682126156 14232.777777777797 14232.777777777797 
116.00667083693375 9.0 0.0 0.0 135.0 14232.777710821658 14232.777777777797 14232.777777777797 
117.00667083693375 9.0 0.0 0.0 135.0 14232.777730908496 14232.777777777797 14232.777777777797 
118.00667083693375 9.0 0.0 0.0 135.0 14232.777744969273 14232.777777777797 14232.777777777797 
119.00667083693375 9.0 0.0 0.0 135.0 14232.777754811841 14232.777777777797 14232.777777777797 
120.00667083693375 9.0 0.0 0.0 135.0 14232.77776170163 14232.777777777797 14232.777777777797 
121.00667083693375 9.0 0.0 0.0 135.0 14232.77776652448 14232.777777777797 14232.777777777797 
122.00667083693375 9.0 0.0 0.0 135.0 14232.777769900447 14232.777777777797 14232.777777777797 
123.00667083693375 9.0 0.0 0.0 135.0 14232.777772263677 14232.777777777797 14232.777777777797 
124.00667083693375 9.0 0.0 0.0 135.0 14232.777773917895 14232.777777777797 14232.777777777797 
125.00667083693375 9.0 0.0 1.0 135.0 14232.777775075867 14232.777777777797 14232.777777777797 
126.00667083693375 9.0 0.0 1.0 135.0 14231.839998108653 14229.651851851839 14232.777777777797 
127.00667083693375 9.0 0.0 2.0 135.0 14231.183554231593 14229.651851851839 14232.777777777797 
128.00667083693375 10.0 0.0 1.0 134.0 14229.788487962127 14226.533333333318 14232.777777777797 
129.00667083693375 11.0 0.0 0.0 134.0 14229.747497129065 14229.651851851839 14232.777777777797 
130.00667083693375 11.0 0.0 0.0 134.0 14230.656581323663 14232.777777777797 14232.777777777797 
131.00667083693375 11.0 0.0 0.0 135.0 14231.292940259891 14232.777777777797 14232.777777777797 
132.00667083693375 11.0 0.0 0.0 135.0 14231.738391515268 14232.777777777797 14232.777777777797 
133.00667083693375 11.0 0.0 0.0 135.0 14232.050207394015 14232.777777777797 14232.777777777797 
134.00667083693375 11.0 0.0 1.0 135.0 14232.268478509159 14232.777777777797 14232.777777777797 
135.00667083693375 11.0 0.0 1.0 135.0 14231.483490511928 14229.651851851839 14232.777777777797 
136.00667083693375 12.0 0.0 0.0 135.0 14230.933998913903 14229.651851851839 14232.777777777797 
137.00667083693375 12.0 0.0 0.0 135.0 14231.487132573106 14232.777777777797 14232.777777777797 
138.00667083693375 12.0 0.0 0.0 135.0 14231.874326134493 14232.777777777797 14232.777777777797 
139.00667083693375 12.0 0.0 0.0 135.0 14232.145361627496 14232.777777777797 14232.777777777797 
140.00667083693375 12.0 0.0 0.0 135.0 14232.335086472567 14232.777777777797 14232.777777777797 
141.00667083693375 12.0 0.0 0.0 135.0 14232.46789386414 14232.777777777797 14232.777777777797 
142.00667083693375 12.0 0.0 1.0 135.0 14232.560859038205 14232.777777777797 14232.777777777797 
143.00667083693375 12.0 0.0 1.0 135.0 14231.688156882321 14229.651851851839 14232.777777777797 
144.00667083693375 12.0 0.0 2.0 135.0 14231.077265373158 14229.651851851839 14232.777777777797 
145.00667083693375 14.0 0.0 1.0 135.0 14225.365196872326 14212.037037037013 14232.777777777797 
146.00667083693375 15.0 0.0 1.0 135.0 14222.304526699549 14215.162962962962 14232.777777777797 
147.00667083693375 16.0 0.0 0.0 135.0 14224.508724245208 14229.651851851839 14232.777777777797 
148.00667083693375 16.0 0.0 0.0 135.0 14226.989440304988 14232.777777777797 14232.777777777797 
149.00667083693375 16.0 0.0 1.0 135.0 14228.725941546832 14232.777777777797 14232.777777777797 
150.00667083693375 16.0 0.0 1.0 135.0 14229.003714638353 14229.651851851839 14232.777777777797 
151.00667083693375 16.0 0.0 3.0 135.0 14229.19815580236 14229.651851851839 14232.777777777797 
152.00667083693375 18.0 0.0 1.0 135.0 14223.112042395001 14208.911111111145 14232.777777777797 
153.00667083693375 19.0 0.0 0.0 135.0 14225.073985232073 14229.651851851839 14232.777777777797 
154.00667083693375 19.0 0.0 0.0 135.0 14227.385122995747 14232.777777777797 14232.777777777797 
155.00667083693375 19.0 0.0 0.0 135.0 14229.002919430372 14232.777777777797 14232.777777777797 
156.00667083693375 19.0 0.0 0.0 135.0 14230.1353769346 14232.777777777797 14232.777777777797 
157.00667083693375 19.0 0.0 0.0 135.0 14230.92809718756 14232.777777777797 14232.777777777797 
158.00667083693375 19.0 0.0 0.0 135.0 14231.483001364613 14232.777777777797 14232.777777777797 
159.00667083693375 19.0 0.0 2.0 135.0 14231.871434288567 14232.777777777797 14232.777777777797 
160.00667083693375 20.0 0.0 1.0 135.0 14230.267781779772 14226.525925925918 14232.777777777797 
161.00667083693375 21.0 0.0 3.0 135.0 14230.083002801413 14229.651851851839 14232.777777777797 
162.00667083693375 24.0 0.0 0.0 134.0 14228.080324183187 14223.407407407401 14232.777777777797 
163.00667083693375 24.0 0.0 0.0 135.0 14229.489560261552 14232.777777777797 14232.777777777797 
164.00667083693375 24.0 0.0 1.0 135.0 14230.476025516453 14232.777777777797 14232.777777777797 
165.00667083693375 25.0 0.0 0.0 135.0 14230.228773417077 14229.651851851839 14232.777777777797 
166.00667083693375 25.0 0.0 0.0 135.0 14230.993474725286 14232.777777777797 14232.777777777797 
167.00667083693375 25.0 0.0 0.0 135.0 14231.52876564104 14232.777777777797 14232.777777777797 
168.00667083693375 25.0 0.0 0.0 135.0 14231.903469282055 14232.777777777797 14232.777777777797 
169.00667083693375 25.0 0.0 2.0 135.0 14232.165761830782 14232.777777777797 14232.777777777797 
170.00667083693375 25.0 0.0 3.0 135.0 14230.473811059348 14226.525925925918 14232.777777777797 
171.00667083693375 27.0 0.0 2.0 135.0 14228.351667741501 14223.400000000001 14232.777777777797 
172.00667083693375 29.0 0.0 1.0 135.0 14223.457278530168 14212.037037037013 14232.777777777797 
173.00667083693375 30.0 0.0 0.0 135.0 14225.315650526687 14229.651851851839 14232.777777777797 
174.00667083693375 30.0 0.0 0.0 135.0 14227.554288702007 14232.777777777797 14232.777777777797 
175.00667083693375 30.0 0.0 1.0 135.0 14229.121335424754 14232.777777777797 14232.777777777797 
176.00667083693375 31.0 0.0 0.0 135.0 14229.280490352883 14229.651851851839 14232.777777777797 
177.00667083693375 31.0 0.0 0.0 135.0 14230.329676580324 14232.777777777797 14232.777777777797 
178.00667083693375 31.0 0.0 1.0 135.0 14231.064106939562 14232.777777777797 14232.777777777797 
179.00667083693375 32.0 0.0 3.0 135.0 14230.640430413256 14229.651851851839 14232.777777777797 
180.00667083693375 35.0 0.0 2.0 135.0 14219.77719017817 14194.429629629629 14232.777777777797 
181.00667083693375 36.0 0.0 2.0 135.0 14221.801810902469 14226.525925925918 14232.777777777797 
182.00667083693375 37.0 0.0 3.0 135.0 14223.219045409556 14226.525925925918 14232.777777777797 
183.00667083693375 40.0 0.0 1.0 134.0 14218.928887342205 14208.918518518494 14232.777777777797 
184.00667083693375 41.0 0.0 1.0 135.0 14217.799110028456 14215.162962962962 14232.777777777797 
185.00667083693375 41.0 0.0 2.0 135.0 14221.354932575452 14229.651851851839 14232.777777777797 
186.00667083693375 42.0 0.0 1.0 135.0 14222.906230580604 14226.525925925918 14232.777777777797 
187.00667083693375 43.0 0.0 0.0 134.0 14224.929916961983 14229.651851851839 14232.777777777797 
188.00667083693375 43.0 0.0 0.0 135.0 14227.284275206708 14232.777777777797 14232.777777777797 
189.00667083693375 43.0 0.0 0.0 135.0 14228.932325978016 14232.777777777797 14232.777777777797 
190.00667083693375 43.0 0.0 1.0 135.0 14230.08596151796 14232.777777777797 14232.777777777797 
191.00667083693375 44.0 0.0 0.0 135.0 14225.609061951429 14215.162962962962 14232.777777777797 
192.00667083693375 44.0 0.0 4.0 135.0 14227.759676699356 14232.777777777797 14232.777777777797 
193.00667083693375 46.0 0.0 2.0 134.0 14225.516218134007 14220.281481481483 14232.777777777797 
194.00667083693375 46.0 0.0 3.0 134.0 14225.821352693794 14226.533333333318 14232.777777777797 
195.00667083693375 49.0 0.0 1.0 134.0 14220.750502441202 14208.918518518494 14232.777777777797 
196.00667083693375 49.0 0.0 3.0 134.0 14223.420907264395 14229.651851851839 14232.777777777797 
197.00667083693375 51.0 0.0 3.0 134.0 14214.723523973986 14194.429629629629 14232.777777777797 
198.00667083693375 52.0 0.0 2.0 135.0 14217.326466781775 14223.400000000001 14232.777777777797 
199.00667083693375 53.0 0.0 1.0 135.0 14220.08630452504 14226.525925925918 14232.777777777797 
200.00667083693375 54.0 0.0 0.0 135.0 14222.95596872307 14229.651851851839 14232.777777777797 
201.00667083693375 54.0 0.0 1.0 135.0 14225.902511439464 14232.777777777797 14232.777777777797 
202.00667083693375 55.0 0.0 1.0 135.0 14222.680646896533 14215.162962962962 14232.777777777797 
203.00667083693375 56.0 0.0 3.0 135.0 14224.772008383092 14229.651851851839 14232.777777777797 
204.00667083693375 58.0 0.0 2.0 134.0 14224.3626280904 14223.407407407401 14232.777777777797 
205.00667083693375 58.0 0.0 3.0 134.0 14225.011617441074 14226.525925925918 14232.777777777797 
206.00667083693375 61.0 0.0 4.0 134.0 14220.18146554207 14208.911111111145 14232.777777777797 
207.00667083693375 63.0 0.0 3.0 135.0 14220.211470323926 14220.281481481483 14232.777777777797 
208.00667083693375 65.0 0.0 2.0 135.0 14221.168029226725 14223.400000000001 14232.777777777797 
209.00667083693375 67.0 0.0 0.0 135.0 14222.775398236503 14226.525925925918 14232.777777777797 
210.00667083693375 67.0 0.0 0.0 135.0 14225.776112098883 14232.777777777797 14232.777777777797 
211.00667083693375 67.0 0.0 2.0 135.0 14227.87661180257 14232.777777777797 14232.777777777797 
212.00667083693375 68.0 0.0 7.0 135.0 14227.471406039565 14226.525925925918 14232.777777777797 
213.00667083693375 73.0 0.0 4.0 135.0 14218.152206449915 14196.407407407401 14232.777777777797 
214.00667083693375 77.0 0.0 1.0 134.0 14218.788766737154 14220.274074074052 14232.777777777797 
215.00667083693375 78.0 0.0 1.0 135.0 14222.04769227157 14229.651851851839 14232.777777777797 
216.00667083693375 78.0 0.0 3.0 135.0 14224.328940145642 14229.651851851839 14232.777777777797 
217.00667083693375 81.0 0.0 1.0 134.0 14224.052480324184 14223.407407407401 14232.777777777797 
218.00667083693375 82.0 0.0 0.0 134.0 14225.732291782459 14229.651851851839 14232.777777777797 
219.00667083693375 82.0 0.0 1.0 135.0 14227.845937581087 14232.777777777797 14232.777777777797 
220.00667083693375 83.0 0.0 5.0 135.0 14228.38771186229 14229.651851851839 14232.777777777797 
221.00667083693375 86.0 0.0 5.0 135.0 14220.671398303615 14202.666666666668 14232.777777777797 
222.00667083693375 90.0 0.0 5.0 134.0 14219.614423256973 14217.14814814815 14232.777777777797 
223.00667083693375 92.0 0.0 4.0 135.0 14214.527874057669 14202.659259259277 14232.777777777797 
224.00667083693375 94.0 0.0 4.0 134.0 14216.251734062595 14220.274074074052 14232.777777777797 
225.00667083693375 97.0 0.0 3.0 133.0 14217.460658288255 14220.281481481483 14232.777777777797 
226.00667083693375 99.0 0.0 2.0 134.0 14219.242460801803 14223.400000000001 14232.777777777797 
227.00667083693375 100.0 0.0 2.0 135.0 14221.427500339038 14226.525925925918 14232.777777777797 
228.00667083693375 101.0 0.0 2.0 135.0 14222.957028015111 14226.525925925918 14232.777777777797 
229.00667083693375 103.0 0.0 2.0 135.0 14219.681030721698 14212.037037037013 14232.777777777797 
230.00667083693375 105.0 0.0 0.0 135.0 14221.734499282979 14226.525925925918 14232.777777777797 
231.00667083693375 105.0 0.0 2.0 135.0 14225.047482831396 14232.777777777797 14232.777777777797 
232.00667083693375 107.0 0.0 1.0 135.0 14225.491015759757 14226.525925925918 14232.777777777797 
233.00667083693375 107.0 0.0 6.0 135.0 14226.739266587365 14229.651851851839 14232.777777777797 
234.00667083693375 111.0 0.0 6.0 135.0 14218.577486611153 14199.533333333318 14232.777777777797 
235.00667083693375 114.0 0.0 6.0 134.0 14217.213129516718 14214.029629629666 14232.777777777797 
236.00667083693375 118.0 0.0 6.0 134.0 14211.909190661669 14199.533333333318 14232.777777777797 
237.00667083693375 124.0 0.0 1.0 133.0 14212.545322352067 14214.029629629666 14232.777777777797 
238.00667083693375 125.0 0.0 4.0 135.0 14217.67728120199 14229.651851851839 14232.777777777797 
239.00667083693375 127.0 0.0 7.0 135.0 14218.456319063605 14220.274074074052 14232.777777777797 
240.00667083693375 132.0 0.0 5.0 134.0 14211.843867788966 14196.414814814798 14232.777777777797 
241.00667083693375 135.0 0.0 4.0 133.0 14214.375151896738 14220.281481481483 14232.777777777797 
242.00667083693375 137.0 0.0 3.0 134.0 14212.73593966105 14208.911111111145 14232.777777777797 
243.00667083693375 139.0 0.0 2.0 133.0 14210.650713318304 14205.785185185186 14232.777777777797 
244.00667083693375 140.0 0.0 1.0 135.0 14215.413277100599 14226.525925925918 14232.777777777797 
245.00667083693375 141.0 0.0 6.0 135.0 14219.684849525964 14229.651851851839 14232.777777777797 
246.00667083693375 144.0 0.0 5.0 135.0 14213.63939466818 14199.533333333318 14232.777777777797 
247.00667083693375 147.0 0.0 9.0 134.0 14214.694242934387 14217.155555555531 14232.777777777797 
248.00667083693375 152.0 0.0 7.0 134.0 14198.64152560961 14161.185185185197 14232.777777777797 
249.00667083693375 158.0 0.0 4.0 133.0 14202.320179037855 14210.903703703707 14232.777777777797 
250.00667083693375 162.0 0.0 2.0 135.0 14203.359680882053 14205.785185185186 14232.777777777797 
251.00667083693375 164.0 0.0 1.0 135.0 14205.962887728527 14212.037037037013 14232.777777777797 
252.00667083693375 164.0 0.0 4.0 135.0 14213.069576965529 14229.651851851839 14232.777777777797 
253.00667083693375 165.0 0.0 4.0 135.0 14215.230926098116 14220.274074074052 14232.777777777797 
254.00667083693375 168.0 0.0 2.0 134.0 14216.743870490876 14220.274074074052 14232.777777777797 
255.00667083693375 170.0 0.0 2.0 134.0 14219.678487121422 14226.525925925918 14232.777777777797 
256.0066708369337 171.0 0.0 2.0 135.0 14221.732718762785 14226.525925925918 14232.777777777797 
257.0066708369337 173.0 0.0 2.0 135.0 14218.824014245023 14212.037037037013 14232.777777777797 
258.0066708369337 174.0 0.0 1.0 135.0 14216.787921082614 14212.037037037013 14232.777777777797 
259.0066708369337 175.0 0.0 2.0 135.0 14220.647100313397 14229.651851851839 14232.777777777797 
260.0066708369337 176.0 0.0 1.0 135.0 14222.41074799717 14226.525925925918 14232.777777777797 
261.0066708369337 177.0 0.0 5.0 135.0 14224.583079153557 14229.651851851839 14232.777777777797 
262.0066708369337 180.0 0.0 3.0 135.0 14222.357044296408 14217.162962962962 14232.777777777797 
263.0066708369337 183.0 0.0 3.0 134.0 14218.325486563013 14208.918518518494 14232.777777777797 
264.0066708369337 184.0 0.0 5.0 134.0 14219.850062816346 14223.407407407401 14232.777777777797 
265.0066708369337 188.0 0.0 4.0 134.0 14210.346155082536 14188.17037037036 14232.777777777797 
266.0066708369337 191.0 0.0 4.0 135.0 14213.32453078001 14220.274074074052 14232.777777777797 
267.0066708369337 193.0 0.0 4.0 135.0 14215.409393768236 14220.274074074052 14232.777777777797 
268.0066708369337 197.0 0.0 2.0 135.0 14208.175464526637 14191.296296296277 14232.777777777797 
269.0066708369337 197.0 0.0 4.0 135.0 14213.680602946442 14226.525925925918 14232.777777777797 
270.0066708369337 200.0 0.0 5.0 134.0 14215.660866506945 14220.281481481483 14232.777777777797 
271.0066708369337 202.0 0.0 5.0 134.0 14207.41371766599 14188.17037037036 14232.777777777797 
272.0066708369337 207.0 0.0 2.0 134.0 14205.987380143966 14202.659259259277 14232.777777777797 
273.0066708369337 209.0 0.0 2.0 135.0 14207.802277211884 14212.037037037013 14232.777777777797 
274.0066708369337 209.0 0.0 5.0 135.0 14213.419371826087 14226.525925925918 14232.777777777797 
275.0066708369337 213.0 0.0 2.0 133.0 14214.542449167158 14217.162962962962 14232.777777777797 
276.0066708369337 214.0 0.0 2.0 135.0 14213.790825528133 14212.037037037013 14232.777777777797 
277.0066708369337 216.0 0.0 4.0 134.0 14217.61135564747 14226.525925925918 14232.777777777797 
278.0066708369337 217.0 0.0 4.0 135.0 14214.06350450878 14205.785185185186 14232.777777777797 
279.0066708369337 221.0 0.0 1.0 135.0 14211.580008711711 14205.785185185186 14232.777777777797 
280.0066708369337 221.0 0.0 3.0 134.0 14216.06378387596 14226.525925925918 14232.777777777797 
281.0066708369337 222.0 0.0 4.0 134.0 14212.98020426873 14205.785185185186 14232.777777777797 
282.0066708369337 225.0 0.0 1.0 135.0 14215.168365210353 14220.274074074052 14232.777777777797 
283.0066708369337 226.0 0.0 1.0 135.0 14219.51341120279 14229.651851851839 14232.777777777797 
284.0066708369337 227.0 0.0 1.0 135.0 14222.554943397512 14229.651851851839 14232.777777777797 
285.0066708369337 228.0 0.0 1.0 135.0 14220.337349267154 14215.162962962962 14232.777777777797 
286.0066708369337 228.0 0.0 2.0 135.0 14223.131700042557 14229.651851851839 14232.777777777797 
287.0066708369337 230.0 0.0 2.0 135.0 14219.803301140902 14212.037037037013 14232.777777777797 
288.0066708369337 231.0 0.0 3.0 135.0 14217.47342190973 14212.037037037013 14232.777777777797 
289.0066708369337 232.0 0.0 3.0 135.0 14219.251395336816 14223.400000000001 14232.777777777797 
290.0066708369337 234.0 0.0 2.0 135.0 14216.14931006908 14208.911111111145 14232.777777777797 
291.0066708369337 236.0 0.0 1.0 134.0 14219.26229482615 14226.525925925918 14232.777777777797 
292.0066708369337 236.0 0.0 1.0 135.0 14222.379161933843 14229.651851851839 14232.777777777797 
293.0066708369337 237.0 0.0 0.0 135.0 14224.560968909258 14229.651851851839 14232.777777777797 
294.0066708369337 237.0 0.0 4.0 135.0 14227.026011569817 14232.777777777797 14232.777777777797 
295.0066708369337 240.0 0.0 3.0 135.0 14225.000430321094 14220.274074074052 14232.777777777797 
296.0066708369337 242.0 0.0 4.0 135.0 14220.173634558105 14208.911111111145 14232.777777777797 
297.0066708369337 243.0 0.0 4.0 135.0 14220.203766412895 14220.274074074052 14232.777777777797 
298.0066708369337 247.0 0.0 4.0 134.0 14215.87819204459 14205.785185185186 14232.777777777797 
299.0066708369337 249.0 0.0 6.0 135.0 14212.850289986784 14205.785185185186 14232.777777777797 
300.0066708369337 252.0 0.0 6.0 135.0 14213.204091879621 14214.029629629666 14232.777777777797 
301.0066708369337 257.0 0.0 4.0 133.0 14209.10286431574 14199.533333333318 14232.777777777797 
302.0066708369337 260.0 0.0 1.0 133.0 14208.107560576578 14205.785185185186 14232.777777777797 
303.0066708369337 261.0 0.0 1.0 134.0 14214.57084795915 14229.651851851839 14232.777777777797 
304.0066708369337 262.0 0.0 1.0 135.0 14214.748482460294 14215.162962962962 14232.777777777797 
305.0066708369337 263.0 0.0 0.0 135.0 14214.872826611107 14215.162962962962 14232.777777777797 
306.0066708369337 263.0 0.0 5.0 135.0 14220.24431196109 14232.777777777797 14232.777777777797 
307.0066708369337 265.0 0.0 7.0 135.0 14214.968796150562 14202.659259259277 14232.777777777797 
308.0066708369337 271.0 0.0 5.0 135.0 14200.709268416485 14167.437037037065 14232.777777777797 
309.0066708369337 273.0 0.0 4.0 135.0 14201.294265669341 14202.659259259277 14232.777777777797 
310.0066708369337 276.0 0.0 4.0 134.0 14202.641541524077 14205.785185185186 14232.777777777797 
311.0066708369337 279.0 0.0 3.0 134.0 14203.586856844653 14205.792592592627 14232.777777777797 
312.0066708369337 281.0 0.0 2.0 134.0 14200.837466457935 14194.422222222236 14232.777777777797 
313.0066708369337 283.0 0.0 2.0 134.0 14208.544004298332 14226.525925925918 14232.777777777797 
314.0066708369337 284.0 0.0 4.0 133.0 14213.938580786611 14226.525925925918 14232.777777777797 
315.0066708369337 287.0 0.0 3.0 135.0 14212.430339883962 14208.911111111145 14232.777777777797 
316.0066708369337 289.0 0.0 3.0 134.0 14210.439015696556 14205.792592592627 14232.777777777797 
317.0066708369337 291.0 0.0 4.0 134.0 14214.327310987574 14223.400000000001 14232.777777777797 
318.0066708369337 294.0 0.0 2.0 134.0 14216.113562135763 14220.281481481483 14232.777777777797 
319.0066708369337 296.0 0.0 2.0 135.0 14219.2372712728 14226.525925925918 14232.777777777797 
320.0066708369337 298.0 0.0 4.0 135.0 14212.730534335426 14197.54814814815 14232.777777777797 
321.0066708369337 300.0 0.0 3.0 135.0 14214.993596256998 14220.274074074052 14232.777777777797 
322.0066708369337 303.0 0.0 3.0 134.0 14217.515517379927 14223.400000000001 14232.777777777797 
323.0066708369337 304.0 0.0 5.0 135.0 14214.93419549927 14208.911111111145 14232.777777777797 
324.0066708369337 308.0 0.0 3.0 135.0 14211.251714627266 14202.659259259277 14232.777777777797 
325.0066708369337 310.0 0.0 3.0 135.0 14214.896200239076 14223.400000000001 14232.777777777797 
326.0066708369337 312.0 0.0 5.0 134.0 14217.449562389556 14223.407407407401 14232.777777777797 
327.0066708369337 316.0 0.0 2.0 134.0 14213.012471450478 14202.659259259277 14232.777777777797 
328.0066708369337 318.0 0.0 6.0 134.0 14213.657618904208 14215.162962962962 14232.777777777797 
329.0066708369337 323.0 0.0 5.0 135.0 14200.729222121832 14170.562962962935 14232.777777777797 
330.0066708369337 327.0 0.0 6.0 135.0 14205.657122151975 14217.155555555531 14232.777777777797 
331.0066708369337 331.0 0.0 4.0 133.0 14202.882207728591 14196.407407407401 14232.777777777797 
332.0066708369337 334.0 0.0 3.0 133.0 14207.164212076677 14217.155555555531 14232.777777777797 
333.0066708369337 337.0 0.0 3.0 134.0 14203.341615120347 14194.422222222236 14232.777777777797 
334.0066708369337 339.0 0.0 1.0 135.0 14205.012463917576 14208.911111111145 14232.777777777797 
335.0066708369337 340.0 0.0 3.0 135.0 14212.404280297867 14229.651851851839 14232.777777777797 
336.0066708369337 342.0 0.0 4.0 135.0 14211.35632954181 14208.911111111145 14232.777777777797 
337.0066708369337 344.0 0.0 4.0 135.0 14214.031652901482 14220.274074074052 14232.777777777797 
338.0066708369337 347.0 0.0 1.0 134.0 14215.90437925327 14220.274074074052 14232.777777777797 
339.0066708369337 348.0 0.0 0.0 135.0 14220.028621032858 14229.651851851839 14232.777777777797 
340.0066708369337 348.0 0.0 0.0 135.0 14223.853368056329 14232.777777777797 14232.777777777797 
341.0066708369337 348.0 0.0 6.0 135.0 14226.530690972759 14232.777777777797 14232.777777777797 
342.0066708369337 351.0 0.0 6.0 134.0 14222.780372569832 14214.029629629666 14232.777777777797 
343.0066708369337 355.0 0.0 4.0 134.0 14220.152927465557 14214.022222222226 14232.777777777797 
344.0066708369337 359.0 0.0 7.0 135.0 14220.189271448104 14220.274074074052 14232.777777777797 
345.0066708369337 364.0 0.0 6.0 135.0 14213.054712235875 14196.407407407401 14232.777777777797 
346.0066708369337 369.0 0.0 5.0 135.0 14208.998298565113 14199.533333333318 14232.777777777797 
347.0066708369337 372.0 0.0 3.0 135.0 14207.096586773352 14202.659259259277 14232.777777777797 
348.0066708369337 375.0 0.0 3.0 135.0 14207.64094407469 14208.911111111145 14232.777777777797 
349.0066708369337 377.0 0.0 4.0 135.0 14208.021994185607 14208.911111111145 14232.777777777797 
350.0066708369337 381.0 0.0 3.0 134.0 14207.350951485483 14205.785185185186 14232.777777777797 
351.0066708369337 382.0 0.0 5.0 135.0 14207.818999373198 14208.911111111145 14232.777777777797 
352.0066708369337 387.0 0.0 1.0 134.0 14206.27329956123 14202.666666666668 14232.777777777797 
353.0066708369337 388.0 0.0 2.0 135.0 14208.940198581742 14215.162962962962 14232.777777777797 
354.0066708369337 390.0 0.0 4.0 135.0 14209.869250118329 14212.037037037013 14232.777777777797 
355.0066708369337 391.0 0.0 6.0 135.0 14212.99069730506 14220.274074074052 14232.777777777797 
356.0066708369337 396.0 0.0 1.0 133.0 14213.304599224643 14214.037037037013 14232.777777777797 
357.0066708369337 397.0 0.0 1.0 134.0 14218.208775012834 14229.651851851839 14232.777777777797 
358.0066708369337 398.0 0.0 4.0 135.0 14221.641698064524 14229.651851851839 14232.777777777797 
359.0066708369337 399.0 0.0 6.0 135.0 14216.884744200723 14205.785185185186 14232.777777777797 
360.0066708369337 402.0 0.0 6.0 135.0 14216.02598760716 14214.022222222226 14232.777777777797 
361.0066708369337 407.0 0.0 5.0 133.0 14215.427080213898 14214.029629629666 14232.777777777797 
362.0066708369337 409.0 0.0 6.0 134.0 14211.596733927525 14202.659259259277 14232.777777777797 
363.0066708369337 412.0 0.0 5.0 133.0 14212.326602638146 14214.029629629666 14232.777777777797 
364.0066708369337 414.0 0.0 7.0 134.0 14213.775288513356 14217.155555555531 14232.777777777797 
365.0066708369337 419.0 0.0 6.0 133.0 14204.222701959383 14181.933333333322 14232.777777777797 
366.0066708369337 425.0 0.0 2.0 132.0 14198.47366914932 14185.059259259278 14232.777777777797 
367.0066708369337 426.0 0.0 3.0 134.0 14206.889346182294 14226.525925925918 14232.777777777797 
368.0066708369337 429.0 0.0 3.0 135.0 14211.842542327615 14223.400000000001 14232.777777777797 
369.0066708369337 431.0 0.0 3.0 135.0 14215.309779629322 14223.400000000001 14232.777777777797 
370.0066708369337 431.0 0.0 7.0 134.0 14217.736845740508 14223.400000000001 14232.777777777797 
371.0066708369337 436.0 0.0 4.0 134.0 14215.684680907249 14210.896296296318 14232.777777777797 
372.0066708369337 437.0 0.0 3.0 135.0 14217.061498857294 14220.274074074052 14232.777777777797 
373.0066708369337 440.0 0.0 7.0 135.0 14218.963049200102 14223.400000000001 14232.777777777797 
374.0066708369337 443.0 0.0 6.0 135.0 14216.545245551191 14210.903703703707 14232.777777777797 
375.0066708369337 448.0 0.0 5.0 134.0 14211.443894108052 14199.540740740757 14232.777777777797 
376.0066708369337 452.0 0.0 6.0 133.0 14204.464059208962 14188.17777777776 14232.777777777797 
377.0066708369337 454.0 0.0 5.0 134.0 14209.209285890738 14220.281481481483 14232.777777777797 
378.0066708369337 457.0 0.0 4.0 133.0 14201.02872234572 14181.940740740722 14232.777777777797 
379.0066708369337 460.0 0.0 1.0 133.0 14205.864550086468 14217.14814814815 14232.777777777797 
380.0066708369337 461.0 0.0 4.0 133.0 14213.000740616055 14229.651851851839 14232.777777777797 
381.0066708369337 462.0 0.0 5.0 135.0 14210.836073986808 14205.785185185186 14232.777777777797 
382.0066708369337 466.0 0.0 2.0 135.0 14212.72969623523 14217.14814814815 14232.777777777797 
383.0066708369337 467.0 0.0 5.0 135.0 14216.868565142438 14226.525925925918 14232.777777777797 
384.0066708369337 470.0 0.0 7.0 135.0 14216.95244004414 14217.14814814815 14232.777777777797 
385.0066708369337 476.0 0.0 3.0 134.0 14206.444485808654 14181.92592592593 14232.777777777797 
386.0066708369337 479.0 0.0 4.0 133.0 14211.531140066074 14223.400000000001 14232.777777777797 
387.0066708369337 480.0 0.0 5.0 134.0 14214.15402026847 14220.274074074052 14232.777777777797 
388.0066708369337 484.0 0.0 4.0 134.0 14210.707814187916 14202.666666666668 14232.777777777797 
389.0066708369337 486.0 0.0 6.0 134.0 14209.231025487112 14205.785185185186 14232.777777777797 
390.0066708369337 490.0 0.0 7.0 134.0 14206.321717840965 14199.533333333318 14232.777777777797 
391.0066708369337 493.0 0.0 6.0 133.0 14207.69631359978 14210.903703703707 14232.777777777797 
392.0066708369337 497.0 0.0 6.0 134.0 14209.59630840873 14214.029629629666 14232.777777777797 
393.0066708369337 500.0 0.0 5.0 133.0 14206.57963810833 14199.540740740757 14232.777777777797 
394.0066708369337 505.0 0.0 1.0 134.0 14201.056857786962 14188.17037037036 14232.777777777797 
395.0066708369337 505.0 0.0 2.0 135.0 14205.28868933975 14215.162962962962 14232.777777777797 
396.0066708369337 507.0 0.0 3.0 134.0 14211.659860315616 14226.525925925918 14232.777777777797 
397.0066708369337 509.0 0.0 3.0 134.0 14205.550791109808 14191.296296296277 14232.777777777797 
398.0066708369337 512.0 0.0 1.0 135.0 14211.843331554634 14226.525925925918 14232.777777777797 
399.0066708369337 513.0 0.0 6.0 135.0 14217.185887643793 14229.651851851839 14232.777777777797 
400.0066708369337 518.0 0.0 7.0 135.0 14216.239010239546 14214.029629629666 14232.777777777797 
401.0066708369337 523.0 0.0 7.0 134.0 14214.640640501018 14210.911111111145 14232.777777777797 
402.0066708369337 528.0 0.0 3.0 134.0 14213.517337239617 14210.896296296318 14232.777777777797 
403.0066708369337 530.0 0.0 4.0 134.0 14216.482136067736 14223.400000000001 14232.777777777797 
404.0066708369337 534.0 0.0 1.0 135.0 14217.61971746961 14220.274074074052 14232.777777777797 
405.0066708369337 535.0 0.0 2.0 135.0 14216.882691117633 14215.162962962962 14232.777777777797 
406.00130069028125 537.0 0.0 2.0 135.0 14219.744263277073 14226.525925925918 14232.777777777797 
407.0066708369337 538.0 0.0 4.0 135.0 14221.800740869861 14226.525925925918 14232.777777777797 
408.0066708369337 540.0 0.0 4.0 135.0 14221.342740831125 14220.274074074052 14232.777777777797 
409.0066708369337 542.0 0.0 4.0 134.0 14221.022140804025 14220.274074074052 14232.777777777797 
410.0066708369337 544.0 0.0 2.0 135.0 14220.797720785034 14220.274074074052 14232.777777777797 
411.0066708369337 546.0 0.0 1.0 135.0 14222.516182327305 14226.525925925918 14232.777777777797 
412.0066708369337 547.0 0.0 1.0 135.0 14220.310216518008 14215.162962962962 14232.777777777797 
413.0066708369337 548.0 0.0 1.0 135.0 14223.11270711814 14229.651851851839 14232.777777777797 
414.0066708369337 549.0 0.0 2.0 135.0 14225.074450538266 14229.651851851839 14232.777777777797 
415.0066708369337 550.0 0.0 2.0 135.0 14221.163226487895 14212.037037037013 14232.777777777797 
416.0066708369337 552.0 0.0 0.0 135.0 14222.77203631928 14226.525925925918 14232.777777777797 
417.0066708369337 552.0 0.0 2.0 135.0 14225.773758756848 14232.777777777797 14232.777777777797 
418.0066708369337 553.0 0.0 1.0 135.0 14225.999408907568 14226.525925925918 14232.777777777797 
419.0066708369337 554.0 0.0 1.0 135.0 14227.095141790873 14229.651851851839 14232.777777777797 
420.0066708369337 554.0 0.0 3.0 135.0 14227.862154809154 14229.651851851839 14232.777777777797 
421.0066708369337 557.0 0.0 1.0 135.0 14222.176841699733 14208.911111111145 14232.777777777797 
422.0066708369337 558.0 0.0 0.0 135.0 14224.419344745389 14229.651851851839 14232.777777777797 
423.0066708369337 558.0 0.0 1.0 135.0 14226.926874655108 14232.777777777797 14232.777777777797 
424.0066708369337 559.0 0.0 0.0 135.0 14227.744367814112 14229.651851851839 14232.777777777797 
425.0066708369337 559.0 0.0 0.0 135.0 14229.254390803215 14232.777777777797 14232.777777777797 
426.0066708369337 559.0 0.0 0.0 135.0 14230.311406895582 14232.777777777797 14232.777777777797 
427.0066708369337 559.0 0.0 0.0 135.0 14231.051318160235 14232.777777777797 14232.777777777797 
428.0066708369337 559.0 0.0 1.0 135.0 14231.569256045517 14232.777777777797 14232.777777777797 
429.0066708369337 560.0 0.0 0.0 135.0 14230.994034787407 14229.651851851839 14232.777777777797 
430.0066708369337 560.0 0.0 0.0 135.0 14231.529157684523 14232.777777777797 14232.777777777797 
431.0066708369337 560.0 0.0 1.0 135.0 14231.903743712508 14232.777777777797 14232.777777777797 
432.0066708369337 561.0 0.0 0.0 135.0 14231.22817615431 14229.651851851839 14232.777777777797 
433.0066708369337 561.0 0.0 0.0 135.0 14231.693056641325 14232.777777777797 14232.777777777797 
434.0066708369337 561.0 0.0 0.0 135.0 14232.018472982285 14232.777777777797 14232.777777777797 
435.0066708369337 561.0 0.0 0.0 135.0 14232.246264420934 14232.777777777797 14232.777777777797 
436.0066708369337 561.0 0.0 0.0 135.0 14232.405718427977 14232.777777777797 14232.777777777797 
437.0066708369337 561.0 0.0 0.0 135.0 14232.517336232924 14232.777777777797 14232.777777777797 
438.0066708369337 561.0 0.0 1.0 135.0 14232.595468696381 14232.777777777797 14232.777777777797 
439.0066708369337 562.0 0.0 0.0 135.0 14227.365716976356 14215.162962962962 14232.777777777797 
440.0066708369337 562.0 0.0 0.0 135.0 14228.989335216766 14232.777777777797 14232.777777777797 
441.0066708369337 562.0 0.0 0.0 135.0 14230.12586798507 14232.777777777797 14232.777777777797 
442.0066708369337 562.0 0.0 0.0 135.0 14230.921440922897 14232.777777777797 14232.777777777797 
443.0066708369337 562.0 0.0 0.0 135.0 14231.478341979357 14232.777777777797 14232.777777777797 
444.0066708369337 562.0 0.0 0.0 135.0 14231.868172718869 14232.777777777797 14232.777777777797 
445.0066708369337 562.0 0.0 0.0 135.0 14232.141054236545 14232.777777777797 14232.777777777797 
446.0066708369337 562.0 0.0 0.0 135.0 14232.332071298903 14232.777777777797 14232.777777777797 
447.0066708369337 562.0 0.0 1.0 135.0 14232.46578324256 14232.777777777797 14232.777777777797 
448.0066708369337 562.0 0.0 1.0 135.0 14231.621603825359 14229.651851851839 14232.777777777797 
449.0066708369337 562.0 0.0 1.0 135.0 14231.030678233285 14229.651851851839 14232.777777777797 
450.0066708369337 563.0 0.0 1.0 135.0 14230.617030318888 14229.651851851839 14232.777777777797 
451.0066708369337 564.0 0.0 0.0 135.0 14230.327476778768 14229.651851851839 14232.777777777797 
452.0066708369337 564.0 0.0 0.0 135.0 14231.062567078454 14232.777777777797 14232.777777777797 
453.0066708369337 564.0 0.0 0.0 135.0 14231.577130288262 14232.777777777797 14232.777777777797 
454.0066708369337 564.0 0.0 1.0 135.0 14231.937324535123 14232.777777777797 14232.777777777797 
455.0066708369337 565.0 0.0 0.0 135.0 14226.905016063462 14215.162962962962 14232.777777777797 
456.0066708369337 565.0 0.0 0.0 135.0 14228.666844577769 14232.777777777797 14232.777777777797 
457.0066708369337 565.0 0.0 0.0 135.0 14229.900124537766 14232.777777777797 14232.777777777797 
458.0066708369337 565.0 0.0 0.0 135.0 14230.763420509767 14232.777777777797 14232.777777777797 
459.0066708369337 565.0 0.0 0.0 135.0 14231.367727690184 14232.777777777797 14232.777777777797 
460.0066708369337 565.0 0.0 0.0 135.0 14231.790742716463 14232.777777777797 14232.777777777797 
461.0066708369337 565.0 0.0 0.0 135.0 14232.086853234872 14232.777777777797 14232.777777777797 
462.0066708369337 565.0 0.0 0.0 135.0 14232.29413059773 14232.777777777797 14232.777777777797 
463.0066708369337 565.0 0.0 0.0 135.0 14232.439224751737 14232.777777777797 14232.777777777797 
464.0066708369337 565.0 0.0 0.0 135.0 14232.540790659528 14232.777777777797 14232.777777777797 
465.0066708369337 565.0 0.0 0.0 135.0 14232.611886795028 14232.777777777797 14232.777777777797 
466.0066708369337 565.0 0.0 0.0 135.0 14232.661654089863 14232.777777777797 14232.777777777797 
467.0066708369337 565.0 0.0 0.0 135.0 14232.696491196239 14232.777777777797 14232.777777777797 
468.0066708369337 565.0 0.0 0.0 135.0 14232.720877170686 14232.777777777797 14232.777777777797 
469.0066708369337 565.0 0.0 0.0 135.0 14232.737947352809 14232.777777777797 14232.777777777797 
470.0066708369337 565.0 0.0 0.0 135.0 14232.749896480296 14232.777777777797 14232.777777777797 
471.0066708369337 565.0 0.0 0.0 135.0 14232.758260869543 14232.777777777797 14232.777777777797 
472.0066708369337 565.0 0.0 1.0 135.0 14232.764115942013 14232.777777777797 14232.777777777797 
473.0066708369337 566.0 0.0 0.0 135.0 14227.483770048322 14215.162962962962 14232.777777777797 
474.0066708369337 566.0 0.0 0.0 135.0 14229.071972367155 14232.777777777797 14232.777777777797 
475.0066708369337 566.0 0.0 0.0 135.0 14230.18371399033 14232.777777777797 14232.777777777797 
476.0066708369337 566.0 0.0 0.0 135.0 14230.961933126559 14232.777777777797 14232.777777777797 
477.0066708369337 566.0 0.0 0.0 135.0 14231.506686521932 14232.777777777797 14232.777777777797 
478.0066708369337 566.0 0.0 0.0 135.0 14231.888013898702 14232.777777777797 14232.777777777797 
479.0066708369337 566.0 0.0 0.0 135.0 14232.154943062395 14232.777777777797 14232.777777777797 
480.0066708369337 566.0 0.0 0.0 135.0 14232.341793477004 14232.777777777797 14232.777777777797 
481.0066708369337 566.0 0.0 0.0 135.0 14232.47258876723 14232.777777777797 14232.777777777797 
482.0066708369337 566.0 0.0 1.0 135.0 14232.564145470405 14232.777777777797 14232.777777777797 
483.0066708369337 567.0 0.0 1.0 135.0 14231.690457384853 14229.651851851839 14232.777777777797 
484.0066708369337 567.0 0.0 1.0 135.0 14231.078875724952 14229.651851851839 14232.777777777797 
485.0066708369337 567.0 0.0 1.0 135.0 14230.65076856302 14229.651851851839 14232.777777777797 
486.0066708369337 568.0 0.0 0.0 135.0 14230.351093549669 14229.651851851839 14232.777777777797 
487.0066708369337 568.0 0.0 0.0 135.0 14231.079098818085 14232.777777777797 14232.777777777797 
488.0066708369337 568.0 0.0 1.0 135.0 14231.588702506 14232.777777777797 14232.777777777797 
489.0066708369337 568.0 0.0 1.0 135.0 14231.00764730975 14229.651851851839 14232.777777777797 
490.0066708369337 568.0 0.0 1.0 135.0 14230.600908672366 14229.651851851839 14232.777777777797 
491.0066708369337 569.0 0.0 0.0 135.0 14230.316191626216 14229.651851851839 14232.777777777797 
492.0066708369337 569.0 0.0 0.0 135.0 14231.054667471704 14232.777777777797 14232.777777777797 
493.0066708369337 569.0 0.0 0.0 135.0 14231.571600563524 14232.777777777797 14232.777777777797 
494.0066708369337 569.0 0.0 0.0 135.0 14231.933453727817 14232.777777777797 14232.777777777797 
495.0066708369337 569.0 0.0 0.0 135.0 14232.186750942765 14232.777777777797 14232.777777777797 
496.0066708369337 569.0 0.0 0.0 135.0 14232.364058993286 14232.777777777797 14232.777777777797 
497.0066708369337 569.0 0.0 0.0 135.0 14232.488174628636 14232.777777777797 14232.777777777797 
498.0066708369337 569.0 0.0 0.0 135.0 14232.575055573387 14232.777777777797 14232.777777777797 
499.0066708369337 569.0 0.0 0.0 135.0 14232.635872234701 14232.777777777797 14232.777777777797 
500.0066708369337 569.0 0.0 0.0 135.0 14232.678443897626 14232.777777777797 14232.777777777797 
501.0066708369337 569.0 0.0 0.0 135.0 14232.708244061676 14232.777777777797 14232.777777777797 
502.0066708369337 569.0 0.0 0.0 135.0 14232.72910417651 14232.777777777797 14232.777777777797 
503.0066708369337 569.0 0.0 0.0 135.0 14232.743706256902 14232.777777777797 14232.777777777797 
504.0066708369337 569.0 0.0 1.0 135.0 14232.753927713142 14232.777777777797 14232.777777777797 
505.0066708369337 569.0 0.0 1.0 135.0 14231.823304954763 14229.651851851839 14232.777777777797 
506.0066708369337 569.0 0.0 1.0 135.0 14231.171869023865 14229.651851851839 14232.777777777797 
507.0066708369337 570.0 0.0 0.0 135.0 14230.71586387226 14229.651851851839 14232.777777777797 
508.0066708369337 570.0 0.0 0.0 135.0 14231.334438043948 14232.777777777797 14232.777777777797 
509.0066708369337 570.0 0.0 0.0 135.0 14231.767439964085 14232.777777777797 14232.777777777797 
510.0066708369337 570.0 0.0 0.0 135.0 14232.070541308194 14232.777777777797 14232.777777777797 
511.0066708369337 570.0 0.0 0.0 135.0 14232.282712249056 14232.777777777797 14232.777777777797 
512.0066708369337 570.0 0.0 0.0 135.0 14232.431231907689 14232.777777777797 14232.777777777797 
513.0066708369337 570.0 0.0 0.0 135.0 14232.535195668721 14232.777777777797 14232.777777777797 
514.0066708369337 570.0 0.0 0.0 135.0 14232.607970301424 14232.777777777797 14232.777777777797 
515.0066708369337 570.0 0.0 0.0 135.0 14232.658912544315 14232.777777777797 14232.777777777797 
516.0066708369337 570.0 0.0 0.0 135.0 14232.694572114355 14232.777777777797 14232.777777777797 
517.0066708369337 570.0 0.0 0.0 135.0 14232.719533813375 14232.777777777797 14232.777777777797 
518.0066708369337 570.0 0.0 0.0 135.0 14232.737007002695 14232.777777777797 14232.777777777797 
519.0066708369337 570.0 0.0 1.0 135.0 14232.749238235254 14232.777777777797 14232.777777777797 
520.0066708369337 570.0 0.0 2.0 135.0 14231.820022320211 14229.651851851839 14232.777777777797 
521.0066708369337 572.0 0.0 0.0 135.0 14230.231793401932 14226.525925925918 14232.777777777797 
522.0066708369337 572.0 0.0 0.0 135.0 14230.995588714664 14232.777777777797 14232.777777777797 
523.0066708369337 572.0 0.0 0.0 135.0 14231.530245433636 14232.777777777797 14232.777777777797 
524.0066708369337 572.0 0.0 0.0 135.0 14231.90450513684 14232.777777777797 14232.777777777797 
525.0066708369337 572.0 0.0 0.0 135.0 14232.166486929116 14232.777777777797 14232.777777777797 
526.0066708369337 572.0 0.0 0.0 135.0 14232.34987418371 14232.777777777797 14232.777777777797 
527.0066708369337 572.0 0.0 0.0 135.0 14232.47824526193 14232.777777777797 14232.777777777797 
528.0066708369337 572.0 0.0 0.0 135.0 14232.568105016695 14232.777777777797 14232.777777777797 
529.0066708369337 572.0 0.0 0.0 135.0 14232.631006845006 14232.777777777797 14232.777777777797 
530.0066708369337 572.0 0.0 0.0 135.0 14232.67503812482 14232.777777777797 14232.777777777797 
531.0066708369337 572.0 0.0 0.0 135.0 14232.705860020722 14232.777777777797 14232.777777777797 
532.0066708369337 572.0 0.0 0.0 135.0 14232.727435347831 14232.777777777797 14232.777777777797 
533.0066708369337 572.0 0.0 0.0 135.0 14232.742538076822 14232.777777777797 14232.777777777797 
534.0066708369337 572.0 0.0 0.0 135.0 14232.753109987098 14232.777777777797 14232.777777777797 
535.0066708369337 572.0 0.0 0.0 135.0 14232.760510324333 14232.777777777797 14232.777777777797 
536.0066708369337 572.0 0.0 0.0 135.0 14232.765690560344 14232.777777777797 14232.777777777797 
537.0066708369337 572.0 0.0 0.0 135.0 14232.769316725582 14232.777777777797 14232.777777777797 
538.0066708369337 572.0 0.0 0.0 135.0 14232.77185504124 14232.777777777797 14232.777777777797 
539.0066708369337 572.0 0.0 0.0 135.0 14232.773631862192 14232.777777777797 14232.777777777797 
540.0066708369337 572.0 0.0 0.0 135.0 14232.774875636855 14232.777777777797 14232.777777777797 
541.0066708369337 572.0 0.0 0.0 135.0 14232.775746279132 14232.777777777797 14232.777777777797 
542.0066708369337 572.0 0.0 0.0 135.0 14232.77635572873 14232.777777777797 14232.777777777797 
543.0066708369337 572.0 0.0 0.0 135.0 14232.77678234347 14232.777777777797 14232.777777777797 
544.0066708369337 572.0 0.0 1.0 135.0 14232.777080973741 14232.777777777797 14232.777777777797 
545.0066708369337 573.0 0.0 0.0 135.0 14231.839512237168 14229.651851851839 14232.777777777797 
546.0066708369337 573.0 0.0 1.0 135.0 14232.120991899337 14232.777777777797 14232.777777777797 
547.0066708369337 573.0 0.0 1.0 135.0 14231.380249885086 14229.651851851839 14232.777777777797 
548.0066708369337 574.0 0.0 0.0 135.0 14230.861730475128 14229.651851851839 14232.777777777797 
549.0066708369337 574.0 0.0 0.0 135.0 14231.436544665921 14232.777777777797 14232.777777777797 
550.0066708369337 574.0 0.0 0.0 135.0 14231.838914599464 14232.777777777797 14232.777777777797 
551.0066708369337 574.0 0.0 0.0 135.0 14232.120573552938 14232.777777777797 14232.777777777797 
552.0066708369337 574.0 0.0 0.0 135.0 14232.31773482042 14232.777777777797 14232.777777777797 
553.0066708369337 574.0 0.0 1.0 135.0 14232.455747707629 14232.777777777797 14232.777777777797 
554.0066708369337 575.0 0.0 0.0 135.0 14231.61457895087 14229.651851851839 14232.777777777797 
555.0066708369337 575.0 0.0 1.0 135.0 14231.963538598948 14232.777777777797 14232.777777777797 
556.0066708369337 576.0 0.0 0.0 135.0 14226.923365908135 14215.162962962962 14232.777777777797 
557.0066708369337 576.0 0.0 1.0 135.0 14228.679689469041 14232.777777777797 14232.777777777797 
558.0066708369337 577.0 0.0 0.0 135.0 14228.971338183903 14229.651851851839 14232.777777777797 
559.0066708369337 577.0 0.0 0.0 135.0 14230.113270062071 14232.777777777797 14232.777777777797 
560.0066708369337 577.0 0.0 0.0 135.0 14230.91262237675 14232.777777777797 14232.777777777797 
561.0066708369337 577.0 0.0 0.0 135.0 14231.472168997076 14232.777777777797 14232.777777777797 
562.0066708369337 577.0 0.0 0.0 135.0 14231.86385163128 14232.777777777797 14232.777777777797 
563.0066708369337 577.0 0.0 2.0 135.0 14232.138029475238 14232.777777777797 14232.777777777797 
564.0066708369337 578.0 0.0 2.0 135.0 14230.45439841046 14226.525925925918 14232.777777777797 
565.0066708369337 579.0 0.0 2.0 135.0 14229.275856665074 14226.525925925918 14232.777777777797 
566.0066708369337 580.0 0.0 1.0 135.0 14228.450877443336 14226.525925925918 14232.777777777797 
567.0066708369337 581.0 0.0 0.0 135.0 14228.811169765895 14229.651851851839 14232.777777777797 
568.0066708369337 581.0 0.0 0.0 135.0 14230.001152169476 14232.777777777797 14232.777777777797 
569.0066708369337 581.0 0.0 0.0 135.0 14230.834139851959 14232.777777777797 14232.777777777797 
570.0066708369337 581.0 0.0 1.0 135.0 14231.417231229707 14232.777777777797 14232.777777777797 
571.0066708369337 582.0 0.0 0.0 135.0 14230.88761741634 14229.651851851839 14232.777777777797 
572.0066708369337 582.0 0.0 0.0 135.0 14231.454665524763 14232.777777777797 14232.777777777797 
573.0066708369337 582.0 0.0 0.0 135.0 14231.851599200694 14232.777777777797 14232.777777777797 
574.0066708369337 582.0 0.0 0.0 135.0 14232.129452773786 14232.777777777797 14232.777777777797 
575.0066708369337 582.0 0.0 0.0 135.0 14232.323950274998 14232.777777777797 14232.777777777797 
576.0066708369337 582.0 0.0 0.0 135.0 14232.46009852583 14232.777777777797 14232.777777777797 
577.0066708369337 582.0 0.0 0.0 135.0 14232.555402301417 14232.777777777797 14232.777777777797 
578.0066708369337 582.0 0.0 0.0 135.0 14232.622114944345 14232.777777777797 14232.777777777797 
579.0066708369337 582.0 0.0 1.0 135.0 14232.66881379434 14232.777777777797 14232.777777777797 
580.0066708369337 583.0 0.0 1.0 135.0 14227.417058544946 14215.162962962962 14232.777777777797 
581.0066708369337 584.0 0.0 0.0 135.0 14223.740829870356 14215.162962962962 14232.777777777797 
582.0066708369337 584.0 0.0 0.0 135.0 14226.451914242583 14232.777777777797 14232.777777777797 
583.0066708369337 584.0 0.0 0.0 135.0 14228.349673303157 14232.777777777797 14232.777777777797 
584.0066708369337 584.0 0.0 0.0 135.0 14229.678104645505 14232.777777777797 14232.777777777797 
585.0066708369337 584.0 0.0 0.0 135.0 14230.60800658522 14232.777777777797 14232.777777777797 
586.0066708369337 584.0 0.0 0.0 135.0 14231.258937942952 14232.777777777797 14232.777777777797 
587.0066708369337 584.0 0.0 0.0 135.0 14231.714589893407 14232.777777777797 14232.777777777797 
588.0066708369337 584.0 0.0 0.0 135.0 14232.033546258745 14232.777777777797 14232.777777777797 
589.0066708369337 584.0 0.0 1.0 135.0 14232.256815714443 14232.777777777797 14232.777777777797 
590.0066708369337 585.0 0.0 0.0 135.0 14231.475326555666 14229.651851851839 14232.777777777797 
591.0066708369337 585.0 0.0 0.0 135.0 14231.866061922292 14232.777777777797 14232.777777777797 
592.0066708369337 585.0 0.0 0.0 135.0 14232.139576678943 14232.777777777797 14232.777777777797 
593.0066708369337 585.0 0.0 0.0 135.0 14232.331037008595 14232.777777777797 14232.777777777797 
594.0066708369337 585.0 0.0 0.0 135.0 14232.46505923935 14232.777777777797 14232.777777777797 
595.0066708369337 585.0 0.0 0.0 135.0 14232.558874800876 14232.777777777797 14232.777777777797 
596.0066708369337 585.0 0.0 0.0 135.0 14232.62454569395 14232.777777777797 14232.777777777797 
597.0066708369337 585.0 0.0 0.0 135.0 14232.670515319092 14232.777777777797 14232.777777777797 
598.0066708369337 585.0 0.0 0.0 135.0 14232.702694056705 14232.777777777797 14232.777777777797 
599.0066708369337 585.0 0.0 0.0 135.0 14232.72521917302 14232.777777777797 14232.777777777797 
600.0066708369337 585.0 0.0 1.0 135.0 14232.740986754465 14232.777777777797 14232.777777777797 
#####################################################################
# End of data export. Simulation finished at: 2020-01-29T12:28+0000 #
#####################################################################
