#####################################################################
# Alchemist log file - simulation started at: 2020-02-07T06:16+0000 #
#####################################################################
# seed = 9.0, meanTaskSize = 100, smoothing = 0.1, grain = 1300.0, peakFrequency = 0.003
#
# The columns have the following meaning: 
# time done[Sum] drop[Sum] waiting[Sum] isLeader[Sum] capacity[Mean] freeCapacity[Mean] maxCapacity[Mean] 
0.0 NaN 0.0 NaN NaN NaN NaN NaN 
1.0015323036356916 0.0 0.0 0.0 135.0 14232.777777777797 14232.777777777797 14232.777777777797 
2.001532303635692 0.0 0.0 0.0 135.0 14232.777777777797 14232.777777777797 14232.777777777797 
3.001532303635692 0.0 0.0 0.0 135.0 14232.777777777797 14232.777777777797 14232.777777777797 
4.001532303635692 0.0 0.0 0.0 135.0 14232.777777777797 14232.777777777797 14232.777777777797 
5.001532303635692 0.0 0.0 0.0 135.0 14232.777777777797 14232.777777777797 14232.777777777797 
6.001532303635692 0.0 0.0 0.0 135.0 14232.777777777797 14232.777777777797 14232.777777777797 
7.001532303635692 0.0 0.0 0.0 135.0 14232.777777777797 14232.777777777797 14232.777777777797 
8.001532303635692 0.0 0.0 0.0 135.0 14232.777777777797 14232.777777777797 14232.777777777797 
9.001532303635692 0.0 0.0 0.0 135.0 14232.777777777797 14232.777777777797 14232.777777777797 
10.001532303635692 0.0 0.0 0.0 135.0 14232.777777777797 14232.777777777797 14232.777777777797 
11.001532303635692 0.0 0.0 0.0 135.0 14232.777777777797 14232.777777777797 14232.777777777797 
12.001532303635692 0.0 0.0 0.0 135.0 14232.777777777797 14232.777777777797 14232.777777777797 
13.001532303635692 0.0 0.0 0.0 135.0 14232.777777777797 14232.777777777797 14232.777777777797 
14.001532303635692 0.0 0.0 0.0 135.0 14232.777777777797 14232.777777777797 14232.777777777797 
15.001532303635692 0.0 0.0 0.0 135.0 14232.777777777797 14232.777777777797 14232.777777777797 
16.001532303635692 0.0 0.0 0.0 135.0 14232.777777777797 14232.777777777797 14232.777777777797 
17.001532303635692 0.0 0.0 0.0 135.0 14232.777777777797 14232.777777777797 14232.777777777797 
18.001532303635692 0.0 0.0 0.0 135.0 14232.777777777797 14232.777777777797 14232.777777777797 
19.001532303635692 0.0 0.0 0.0 135.0 14232.777777777797 14232.777777777797 14232.777777777797 
20.001532303635692 0.0 0.0 2.0 135.0 14232.777777777797 14232.777777777797 14232.777777777797 
21.001532303635692 2.0 0.0 0.0 135.0 14232.152592592565 14226.525925925918 14232.777777777797 
22.001532303635692 2.0 0.0 0.0 135.0 14232.215111111142 14232.777777777797 14232.777777777797 
23.001532303635692 2.0 0.0 0.0 135.0 14232.271377777783 14232.777777777797 14232.777777777797 
24.001532303635692 2.0 0.0 0.0 135.0 14232.322017777771 14232.777777777797 14232.777777777797 
25.001532303635692 2.0 0.0 0.0 135.0 14232.367593777744 14232.777777777797 14232.777777777797 
26.001532303635692 2.0 0.0 0.0 135.0 14232.408612177771 14232.777777777797 14232.777777777797 
27.001532303635692 2.0 0.0 0.0 135.0 14232.4455287378 14232.777777777797 14232.777777777797 
28.001532303635692 2.0 0.0 0.0 135.0 14232.478753641772 14232.777777777797 14232.777777777797 
29.001532303635692 2.0 0.0 0.0 135.0 14232.508656055343 14232.777777777797 14232.777777777797 
30.001532303635692 2.0 0.0 0.0 135.0 14232.53556822762 14232.777777777797 14232.777777777797 
31.001532303635692 2.0 0.0 0.0 135.0 14232.559789182646 14232.777777777797 14232.777777777797 
32.00153230363569 2.0 0.0 0.0 135.0 14232.581588042118 14232.777777777797 14232.777777777797 
33.00153230363569 2.0 0.0 2.0 135.0 14232.60120701571 14232.777777777797 14232.777777777797 
34.00153230363569 3.0 0.0 1.0 135.0 14230.54479001782 14212.037037037013 14232.777777777797 
35.00153230363569 3.0 0.0 1.0 135.0 14230.455496201219 14229.651851851839 14232.777777777797 
36.00153230363569 3.0 0.0 1.0 135.0 14230.3751317663 14229.651851851839 14232.777777777797 
37.00153230363569 3.0 0.0 1.0 135.0 14230.302803774883 14229.651851851839 14232.777777777797 
38.00153230363569 4.0 0.0 0.0 135.0 14230.23770858257 14229.651851851839 14232.777777777797 
39.00153230363569 4.0 0.0 0.0 135.0 14230.491715502085 14232.777777777797 14232.777777777797 
40.00153230363569 4.0 0.0 0.0 135.0 14230.720321729661 14232.777777777797 14232.777777777797 
41.00153230363569 4.0 0.0 0.0 135.0 14230.926067334465 14232.777777777797 14232.777777777797 
42.00153230363569 4.0 0.0 0.0 135.0 14231.111238378791 14232.777777777797 14232.777777777797 
43.00153230363569 4.0 0.0 0.0 135.0 14231.27789231869 14232.777777777797 14232.777777777797 
44.00153230363569 4.0 0.0 0.0 135.0 14231.42788086461 14232.777777777797 14232.777777777797 
45.00153230363569 4.0 0.0 0.0 135.0 14231.56287055591 14232.777777777797 14232.777777777797 
46.00153230363569 4.0 0.0 2.0 135.0 14231.684361278123 14232.777777777797 14232.777777777797 
47.00153230363569 5.0 0.0 1.0 135.0 14229.719628854022 14212.037037037013 14232.777777777797 
48.00153230363569 5.0 0.0 1.0 135.0 14229.71285115379 14229.651851851839 14232.777777777797 
49.00153230363569 5.0 0.0 1.0 135.0 14229.706751223599 14229.651851851839 14232.777777777797 
50.00153230363569 6.0 0.0 0.0 135.0 14229.701261286433 14229.651851851839 14232.777777777797 
51.00153230363569 6.0 0.0 0.0 135.0 14230.008912935562 14232.777777777797 14232.777777777797 
52.00153230363569 6.0 0.0 0.0 135.0 14230.285799419791 14232.777777777797 14232.777777777797 
53.00153230363569 6.0 0.0 0.0 135.0 14230.534997255594 14232.777777777797 14232.777777777797 
54.00153230363569 6.0 0.0 0.0 135.0 14230.759275307793 14232.777777777797 14232.777777777797 
55.00153230363569 6.0 0.0 0.0 135.0 14230.961125554817 14232.777777777797 14232.777777777797 
56.00153230363569 6.0 0.0 0.0 135.0 14231.142790777065 14232.777777777797 14232.777777777797 
57.00153230363569 6.0 0.0 0.0 135.0 14231.306289477146 14232.777777777797 14232.777777777797 
58.00153230363569 6.0 0.0 1.0 135.0 14231.453438307211 14232.777777777797 14232.777777777797 
59.00153230363569 7.0 0.0 0.0 135.0 14231.273279661684 14229.651851851839 14232.777777777797 
60.00153230363569 7.0 0.0 0.0 135.0 14231.423729473314 14232.777777777797 14232.777777777797 
61.00153230363569 7.0 0.0 0.0 135.0 14231.559134303741 14232.777777777797 14232.777777777797 
62.00153230363569 7.0 0.0 0.0 135.0 14231.68099865114 14232.777777777797 14232.777777777797 
63.00153230363569 7.0 0.0 0.0 135.0 14231.790676563798 14232.777777777797 14232.777777777797 
64.00153230363568 7.0 0.0 0.0 135.0 14231.889386685216 14232.777777777797 14232.777777777797 
65.00153230363568 7.0 0.0 0.0 135.0 14231.978225794459 14232.777777777797 14232.777777777797 
66.00153230363568 7.0 0.0 0.0 135.0 14232.058180992792 14232.777777777797 14232.777777777797 
67.00153230363568 7.0 0.0 0.0 135.0 14232.130140671305 14232.777777777797 14232.777777777797 
68.00153230363568 7.0 0.0 0.0 135.0 14232.194904381933 14232.777777777797 14232.777777777797 
69.00153230363568 7.0 0.0 0.0 135.0 14232.25319172152 14232.777777777797 14232.777777777797 
70.00153230363568 7.0 0.0 0.0 135.0 14232.305650327175 14232.777777777797 14232.777777777797 
71.00153230363568 7.0 0.0 0.0 135.0 14232.352863072234 14232.777777777797 14232.777777777797 
72.00153230363568 7.0 0.0 0.0 135.0 14232.395354542754 14232.777777777797 14232.777777777797 
73.00153230363568 7.0 0.0 0.0 135.0 14232.43359686626 14232.777777777797 14232.777777777797 
74.00153230363568 7.0 0.0 1.0 135.0 14232.468014957441 14232.777777777797 14232.777777777797 
75.00153230363568 8.0 0.0 0.0 135.0 14230.737509757972 14215.162962962962 14232.777777777797 
76.00153230363568 8.0 0.0 0.0 135.0 14230.941536559954 14232.777777777797 14232.777777777797 
77.00153230363568 8.0 0.0 0.0 135.0 14231.125160681715 14232.777777777797 14232.777777777797 
78.00153230363568 8.0 0.0 0.0 135.0 14231.290422391323 14232.777777777797 14232.777777777797 
79.00153230363568 8.0 0.0 0.0 135.0 14231.439157929997 14232.777777777797 14232.777777777797 
80.00153230363568 8.0 0.0 0.0 135.0 14231.573019914742 14232.777777777797 14232.777777777797 
81.00153230363568 8.0 0.0 0.0 135.0 14231.693495701065 14232.777777777797 14232.777777777797 
82.00153230363568 8.0 0.0 0.0 135.0 14231.801923908723 14232.777777777797 14232.777777777797 
83.00153230363568 8.0 0.0 0.0 135.0 14231.899509295668 14232.777777777797 14232.777777777797 
84.00153230363568 8.0 0.0 0.0 135.0 14231.987336143859 14232.777777777797 14232.777777777797 
85.00153230363568 8.0 0.0 0.0 135.0 14232.066380307257 14232.777777777797 14232.777777777797 
86.00153230363568 8.0 0.0 0.0 135.0 14232.13752005427 14232.777777777797 14232.777777777797 
87.00153230363568 8.0 0.0 0.0 135.0 14232.201545826663 14232.777777777797 14232.777777777797 
88.00153230363568 8.0 0.0 0.0 135.0 14232.259169021758 14232.777777777797 14232.777777777797 
89.00153230363568 8.0 0.0 0.0 135.0 14232.311029897392 14232.777777777797 14232.777777777797 
90.00153230363568 8.0 0.0 0.0 135.0 14232.357704685412 14232.777777777797 14232.777777777797 
91.00153230363568 8.0 0.0 0.0 135.0 14232.399711994618 14232.777777777797 14232.777777777797 
92.00153230363568 8.0 0.0 0.0 135.0 14232.437518572982 14232.777777777797 14232.777777777797 
93.00153230363568 8.0 0.0 1.0 135.0 14232.471544493426 14232.777777777797 14232.777777777797 
94.00153230363568 8.0 0.0 1.0 135.0 14232.189575229258 14229.651851851839 14232.777777777797 
95.00153230363568 9.0 0.0 0.0 135.0 14231.935802891536 14229.651851851839 14232.777777777797 
96.00153230363568 9.0 0.0 0.0 135.0 14232.020000380164 14232.777777777797 14232.777777777797 
97.00153230363568 9.0 0.0 0.0 135.0 14232.095778119934 14232.777777777797 14232.777777777797 
98.00153230363568 9.0 0.0 0.0 135.0 14232.163978085702 14232.777777777797 14232.777777777797 
99.00153230363568 9.0 0.0 0.0 135.0 14232.225358054913 14232.777777777797 14232.777777777797 
100.00153230363568 9.0 0.0 0.0 135.0 14232.280600027216 14232.777777777797 14232.777777777797 
101.00153230363568 9.0 0.0 0.0 135.0 14232.330317802256 14232.777777777797 14232.777777777797 
102.00153230363568 9.0 0.0 0.0 135.0 14232.375063799826 14232.777777777797 14232.777777777797 
103.00153230363568 9.0 0.0 0.0 135.0 14232.41533519761 14232.777777777797 14232.777777777797 
104.00153230363568 9.0 0.0 0.0 135.0 14232.451579455636 14232.777777777797 14232.777777777797 
105.00153230363568 9.0 0.0 0.0 135.0 14232.484199287846 14232.777777777797 14232.777777777797 
106.00153230363568 9.0 0.0 1.0 135.0 14232.513557136832 14232.777777777797 14232.777777777797 
107.00153230363568 9.0 0.0 1.0 135.0 14232.227386608334 14229.651851851839 14232.777777777797 
108.00153230363568 9.0 0.0 1.0 135.0 14231.969833132698 14229.651851851839 14232.777777777797 
109.00153230363568 9.0 0.0 1.0 135.0 14231.738035004613 14229.651851851839 14232.777777777797 
110.00153230363568 9.0 0.0 1.0 135.0 14231.52941668933 14229.651851851839 14232.777777777797 
111.00153230363568 9.0 0.0 1.0 135.0 14231.341660205575 14229.651851851839 14232.777777777797 
112.00153230363568 9.0 0.0 1.0 135.0 14231.172679370215 14229.651851851839 14232.777777777797 
113.00153230363568 9.0 0.0 1.0 135.0 14231.02059661837 14229.651851851839 14232.777777777797 
114.00153230363568 9.0 0.0 1.0 135.0 14230.883722141725 14229.651851851839 14232.777777777797 
115.00153230363568 9.0 0.0 2.0 135.0 14230.760535112731 14229.651851851839 14232.777777777797 
116.00153230363568 9.0 0.0 2.0 135.0 14230.337074194025 14226.525925925918 14232.777777777797 
117.00153230363568 10.0 0.0 1.0 135.0 14229.95595936724 14226.525925925918 14232.777777777797 
118.00153230363568 10.0 0.0 1.0 135.0 14229.925548615693 14229.651851851839 14232.777777777797 
119.00153230363568 10.0 0.0 1.0 135.0 14229.89817893931 14229.651851851839 14232.777777777797 
120.00153230363568 10.0 0.0 1.0 135.0 14229.87354623055 14229.651851851839 14232.777777777797 
121.00153230363568 10.0 0.0 1.0 135.0 14229.851376792723 14229.651851851839 14232.777777777797 
122.00153230363568 10.0 0.0 1.0 135.0 14229.831424298613 14229.651851851839 14232.777777777797 
123.00153230363568 11.0 0.0 0.0 135.0 14229.813467053944 14229.651851851839 14232.777777777797 
124.00153230363568 11.0 0.0 0.0 135.0 14230.109898126328 14232.777777777797 14232.777777777797 
125.00153230363568 11.0 0.0 0.0 135.0 14230.376686091477 14232.777777777797 14232.777777777797 
126.00153230363568 11.0 0.0 0.0 135.0 14230.616795260106 14232.777777777797 14232.777777777797 
127.00153230363568 11.0 0.0 1.0 135.0 14230.83289351188 14232.777777777797 14232.777777777797 
128.00153230363568 11.0 0.0 1.0 135.0 14230.714789345868 14229.651851851839 14232.777777777797 
129.00153230363568 11.0 0.0 1.0 135.0 14230.608495596456 14229.651851851839 14232.777777777797 
130.00153230363568 11.0 0.0 1.0 135.0 14230.51283122198 14229.651851851839 14232.777777777797 
131.00153230363568 11.0 0.0 1.0 135.0 14230.426733285007 14229.651851851839 14232.777777777797 
132.00153230363568 11.0 0.0 1.0 135.0 14230.349245141648 14229.651851851839 14232.777777777797 
133.00153230363568 11.0 0.0 2.0 135.0 14230.279505812685 14229.651851851839 14232.777777777797 
134.00153230363568 12.0 0.0 1.0 135.0 14228.455258935119 14212.037037037013 14232.777777777797 
135.00153230363568 12.0 0.0 2.0 135.0 14228.574918226792 14229.651851851839 14232.777777777797 
136.00153230363568 13.0 0.0 1.0 135.0 14228.370018996684 14226.525925925918 14232.777777777797 
137.00153230363568 13.0 0.0 1.0 135.0 14228.498202282217 14229.651851851839 14232.777777777797 
138.00153230363568 13.0 0.0 1.0 135.0 14228.613567239212 14229.651851851839 14232.777777777797 
139.00153230363568 13.0 0.0 1.0 135.0 14228.717395700452 14229.651851851839 14232.777777777797 
140.00153230363568 13.0 0.0 1.0 135.0 14228.810841315602 14229.651851851839 14232.777777777797 
141.00153230363568 13.0 0.0 1.0 135.0 14228.89494236922 14229.651851851839 14232.777777777797 
142.00153230363568 13.0 0.0 1.0 135.0 14228.970633317482 14229.651851851839 14232.777777777797 
143.00153230363568 13.0 0.0 1.0 135.0 14229.03875517092 14229.651851851839 14232.777777777797 
144.00153230363568 13.0 0.0 1.0 135.0 14229.10006483902 14229.651851851839 14232.777777777797 
145.00153230363568 13.0 0.0 1.0 135.0 14229.155243540314 14229.651851851839 14232.777777777797 
146.00153230363568 13.0 0.0 1.0 135.0 14229.204904371472 14229.651851851839 14232.777777777797 
147.00153230363568 13.0 0.0 2.0 135.0 14229.249599119492 14229.651851851839 14232.777777777797 
148.00153230363568 13.0 0.0 2.0 135.0 14228.977231800158 14226.525925925918 14232.777777777797 
149.00153230363568 13.0 0.0 3.0 135.0 14228.732101212707 14226.525925925918 14232.777777777797 
150.00153230363568 14.0 0.0 2.0 135.0 14228.198891091468 14223.400000000001 14232.777777777797 
151.00153230363568 14.0 0.0 2.0 135.0 14228.031594574873 14226.525925925918 14232.777777777797 
152.00153230363568 14.0 0.0 2.0 135.0 14227.88102770999 14226.525925925918 14232.777777777797 
153.00153230363568 14.0 0.0 3.0 135.0 14227.745517531559 14226.525925925918 14232.777777777797 
154.00153230363568 14.0 0.0 3.0 135.0 14227.310965778424 14223.400000000001 14232.777777777797 
155.00153230363568 14.0 0.0 3.0 135.0 14226.919869200601 14223.400000000001 14232.777777777797 
156.00153230363568 14.0 0.0 3.0 135.0 14226.567882280508 14223.400000000001 14232.777777777797 
157.00153230363568 15.0 0.0 2.0 135.0 14226.25109405247 14223.400000000001 14232.777777777797 
158.00153230363568 16.0 0.0 1.0 135.0 14226.27857723983 14226.525925925918 14232.777777777797 
159.00153230363568 16.0 0.0 1.0 135.0 14226.615904701022 14229.651851851839 14232.777777777797 
160.00153230363568 16.0 0.0 1.0 135.0 14226.919499416083 14229.651851851839 14232.777777777797 
161.00153230363568 16.0 0.0 3.0 135.0 14227.192734659697 14229.651851851839 14232.777777777797 
162.00153230363568 18.0 0.0 1.0 135.0 14225.36457230485 14208.911111111145 14232.777777777797 
163.00153230363568 18.0 0.0 1.0 135.0 14225.793300259518 14229.651851851839 14232.777777777797 
164.00153230363568 18.0 0.0 1.0 135.0 14226.179155418771 14229.651851851839 14232.777777777797 
165.00153230363568 18.0 0.0 1.0 135.0 14226.526425062068 14229.651851851839 14232.777777777797 
166.00153230363568 18.0 0.0 1.0 135.0 14226.838967741067 14229.651851851839 14232.777777777797 
167.00153230363568 18.0 0.0 1.0 135.0 14227.120256152113 14229.651851851839 14232.777777777797 
168.00153230363568 18.0 0.0 1.0 135.0 14227.373415722126 14229.651851851839 14232.777777777797 
169.00153230363568 18.0 0.0 2.0 135.0 14227.60125933507 14229.651851851839 14232.777777777797 
170.00153230363568 18.0 0.0 2.0 135.0 14227.493725994178 14226.525925925918 14232.777777777797 
171.00153230363568 18.0 0.0 2.0 135.0 14227.396945987317 14226.525925925918 14232.777777777797 
172.00153230363568 18.0 0.0 2.0 135.0 14227.309843981207 14226.525925925918 14232.777777777797 
173.00153230363568 18.0 0.0 2.0 135.0 14227.23145217568 14226.525925925918 14232.777777777797 
174.00153230363568 19.0 0.0 1.0 135.0 14227.160899550712 14226.525925925918 14232.777777777797 
175.00153230363568 19.0 0.0 1.0 135.0 14227.409994780824 14229.651851851839 14232.777777777797 
176.00153230363568 19.0 0.0 1.0 135.0 14227.634180487916 14229.651851851839 14232.777777777797 
177.00153230363568 19.0 0.0 1.0 135.0 14227.835947624304 14229.651851851839 14232.777777777797 
178.00153230363568 20.0 0.0 0.0 135.0 14228.017538047054 14229.651851851839 14232.777777777797 
179.00153230363568 20.0 0.0 0.0 135.0 14228.493562020138 14232.777777777797 14232.777777777797 
180.00153230363568 20.0 0.0 0.0 135.0 14228.921983595877 14232.777777777797 14232.777777777797 
181.00153230363568 20.0 0.0 0.0 135.0 14229.30756301408 14232.777777777797 14232.777777777797 
182.00153230363568 20.0 0.0 0.0 135.0 14229.654584490447 14232.777777777797 14232.777777777797 
183.00153230363568 20.0 0.0 0.0 135.0 14229.966903819162 14232.777777777797 14232.777777777797 
184.00153230363568 20.0 0.0 1.0 135.0 14230.247991215043 14232.777777777797 14232.777777777797 
185.00153230363568 20.0 0.0 1.0 135.0 14230.188377278735 14229.651851851839 14232.777777777797 
186.00153230363568 20.0 0.0 2.0 135.0 14230.134724736068 14229.651851851839 14232.777777777797 
187.00153230363568 20.0 0.0 2.0 135.0 14229.773844855014 14226.525925925918 14232.777777777797 
188.00153230363568 20.0 0.0 2.0 135.0 14229.44905296213 14226.525925925918 14232.777777777797 
189.00153230363568 20.0 0.0 2.0 135.0 14229.15674025852 14226.525925925918 14232.777777777797 
190.00153230363568 20.0 0.0 2.0 135.0 14228.893658825264 14226.525925925918 14232.777777777797 
191.00153230363568 20.0 0.0 2.0 135.0 14228.656885535305 14226.525925925918 14232.777777777797 
192.00153230363568 20.0 0.0 2.0 135.0 14228.443789574396 14226.525925925918 14232.777777777797 
193.00153230363568 20.0 0.0 3.0 135.0 14228.25200320953 14226.525925925918 14232.777777777797 
194.00153230363568 21.0 0.0 2.0 135.0 14226.317913999677 14208.911111111145 14232.777777777797 
195.00153230363568 21.0 0.0 3.0 135.0 14226.338715192309 14226.525925925918 14232.777777777797 
196.00153230363568 22.0 0.0 2.0 135.0 14226.044843673071 14223.400000000001 14232.777777777797 
197.00153230363568 22.0 0.0 3.0 135.0 14226.09295189836 14226.525925925918 14232.777777777797 
198.00153230363568 22.0 0.0 3.0 135.0 14225.823656708555 14223.400000000001 14232.777777777797 
199.00153230363568 22.0 0.0 4.0 135.0 14225.581291037664 14223.400000000001 14232.777777777797 
200.00153230363568 22.0 0.0 4.0 135.0 14225.050569341325 14220.274074074052 14232.777777777797 
201.00153230363568 22.0 0.0 4.0 135.0 14224.572919814582 14220.274074074052 14232.777777777797 
202.00153230363568 22.0 0.0 4.0 135.0 14224.143035240531 14220.274074074052 14232.777777777797 
203.00153230363568 22.0 0.0 4.0 135.0 14223.75613912389 14220.274074074052 14232.777777777797 
204.00153230363568 22.0 0.0 4.0 135.0 14223.40793261893 14220.274074074052 14232.777777777797 
205.00153230363568 23.0 0.0 3.0 135.0 14223.094546764445 14220.274074074052 14232.777777777797 
206.00153230363568 23.0 0.0 3.0 135.0 14223.125092087967 14223.400000000001 14232.777777777797 
207.00153230363568 23.0 0.0 3.0 135.0 14223.152582879191 14223.400000000001 14232.777777777797 
208.00153230363568 24.0 0.0 2.0 135.0 14223.177324591265 14223.400000000001 14232.777777777797 
209.00153230363568 24.0 0.0 2.0 134.0 14223.51218472476 14226.525925925918 14232.777777777797 
210.00153230363568 24.0 0.0 2.0 134.0 14223.81355884486 14226.525925925918 14232.777777777797 
211.00153230363568 24.0 0.0 2.0 134.0 14224.08479555294 14226.525925925918 14232.777777777797 
212.00153230363568 24.0 0.0 2.0 134.0 14224.32890859025 14226.525925925918 14232.777777777797 
213.00153230363568 24.0 0.0 3.0 134.0 14224.548610323835 14226.525925925918 14232.777777777797 
214.00153230363568 24.0 0.0 3.0 134.0 14224.746341884025 14226.525925925918 14232.777777777797 
215.00153230363568 26.0 0.0 1.0 134.0 14223.16281880676 14208.911111111145 14232.777777777797 
216.00153230363568 27.0 0.0 0.0 135.0 14222.36283322236 14215.162962962962 14232.777777777797 
217.00153230363568 27.0 0.0 1.0 135.0 14223.404327677914 14232.777777777797 14232.777777777797 
218.00153230363568 27.0 0.0 1.0 135.0 14224.029080095295 14229.651851851839 14232.777777777797 
219.00153230363568 28.0 0.0 0.0 135.0 14224.59135727096 14229.651851851839 14232.777777777797 
220.00153230363568 28.0 0.0 1.0 135.0 14225.409999321615 14232.777777777797 14232.777777777797 
221.00153230363568 28.0 0.0 1.0 135.0 14225.834184574656 14229.651851851839 14232.777777777797 
222.00153230363568 28.0 0.0 1.0 135.0 14226.215951302403 14229.651851851839 14232.777777777797 
223.00153230363568 28.0 0.0 1.0 135.0 14226.559541357337 14229.651851851839 14232.777777777797 
224.00153230363568 28.0 0.0 1.0 135.0 14226.868772406755 14229.651851851839 14232.777777777797 
225.00153230363568 28.0 0.0 1.0 135.0 14227.147080351286 14229.651851851839 14232.777777777797 
226.00153230363568 28.0 0.0 2.0 135.0 14227.397557501328 14229.651851851839 14232.777777777797 
227.00153230363568 28.0 0.0 2.0 135.0 14227.310394343816 14226.525925925918 14232.777777777797 
228.00153230363568 29.0 0.0 1.0 135.0 14227.231947502 14226.525925925918 14232.777777777797 
229.00153230363568 29.0 0.0 1.0 135.0 14227.473937936993 14229.651851851839 14232.777777777797 
230.00153230363568 29.0 0.0 1.0 135.0 14227.691729328466 14229.651851851839 14232.777777777797 
231.00153230363568 29.0 0.0 2.0 135.0 14227.887741580807 14229.651851851839 14232.777777777797 
232.00153230363568 29.0 0.0 2.0 135.0 14227.75156001531 14226.525925925918 14232.777777777797 
233.00153230363568 30.0 0.0 1.0 135.0 14227.628996606389 14226.525925925918 14232.777777777797 
234.00153230363568 30.0 0.0 1.0 135.0 14227.831282130948 14229.651851851839 14232.777777777797 
235.00153230363568 31.0 0.0 0.0 135.0 14228.013339103056 14229.651851851839 14232.777777777797 
236.00153230363568 31.0 0.0 0.0 135.0 14228.48978297051 14232.777777777797 14232.777777777797 
237.00153230363568 31.0 0.0 0.0 135.0 14228.918582451235 14232.777777777797 14232.777777777797 
238.00153230363568 31.0 0.0 1.0 135.0 14229.304501983888 14232.777777777797 14232.777777777797 
239.00153230363568 32.0 0.0 0.0 135.0 14227.890348081792 14215.162962962962 14232.777777777797 
240.00153230363568 32.0 0.0 0.0 135.0 14228.379091051382 14232.777777777797 14232.777777777797 
241.00153230363568 32.0 0.0 0.0 135.0 14228.818959724038 14232.777777777797 14232.777777777797 
242.00153230363568 32.0 0.0 0.0 135.0 14229.214841529407 14232.777777777797 14232.777777777797 
243.00153230363568 32.0 0.0 0.0 135.0 14229.571135154254 14232.777777777797 14232.777777777797 
244.00153230363568 32.0 0.0 2.0 135.0 14229.891799416579 14232.777777777797 14232.777777777797 
245.00153230363568 32.0 0.0 2.0 135.0 14229.555212067527 14226.525925925918 14232.777777777797 
246.00153230363568 32.0 0.0 4.0 135.0 14229.25228345336 14226.525925925918 14232.777777777797 
247.00153230363568 32.0 0.0 4.0 135.0 14228.35446251545 14220.274074074052 14232.777777777797 
248.00153230363568 32.0 0.0 5.0 135.0 14227.546423671301 14220.274074074052 14232.777777777797 
249.00153230363568 32.0 0.0 5.0 135.0 14226.506596118985 14217.14814814815 14232.777777777797 
250.00153230363568 32.0 0.0 5.0 135.0 14225.570751321911 14217.14814814815 14232.777777777797 
251.00153230363568 32.0 0.0 5.0 135.0 14224.72849100451 14217.14814814815 14232.777777777797 
252.00153230363568 32.0 0.0 5.0 135.0 14223.970456718867 14217.14814814815 14232.777777777797 
253.00153230363568 32.0 0.0 6.0 135.0 14223.288225861816 14217.14814814815 14232.777777777797 
254.00153230363568 33.0 0.0 5.0 135.0 14222.361625497864 14214.022222222226 14232.777777777797 
255.00153230363568 34.0 0.0 4.0 135.0 14221.8402777629 14217.14814814815 14232.777777777797 
256.0015323036357 35.0 0.0 3.0 135.0 14221.683657393995 14220.274074074052 14232.777777777797 
257.0015323036357 35.0 0.0 3.0 135.0 14221.855291654614 14223.400000000001 14232.777777777797 
258.0015323036357 35.0 0.0 3.0 135.0 14222.00976248914 14223.400000000001 14232.777777777797 
259.0015323036357 35.0 0.0 3.0 135.0 14222.148786240215 14223.400000000001 14232.777777777797 
260.0015323036357 35.0 0.0 3.0 135.0 14222.273907616205 14223.400000000001 14232.777777777797 
261.0015323036357 35.0 0.0 3.0 135.0 14222.386516854562 14223.400000000001 14232.777777777797 
262.0015323036357 35.0 0.0 3.0 135.0 14222.48786516915 14223.400000000001 14232.777777777797 
263.0015323036357 35.0 0.0 4.0 135.0 14222.579078652223 14223.400000000001 14232.777777777797 
264.0015323036357 36.0 0.0 4.0 135.0 14222.34857819441 14220.274074074052 14232.777777777797 
265.0015323036357 36.0 0.0 4.0 135.0 14222.141127782352 14220.274074074052 14232.777777777797 
266.0015323036357 36.0 0.0 4.0 135.0 14221.95442241155 14220.274074074052 14232.777777777797 
267.0015323036357 37.0 0.0 4.0 135.0 14221.786387577791 14220.274074074052 14232.777777777797 
268.0015323036357 37.0 0.0 4.0 135.0 14221.635156227421 14220.274074074052 14232.777777777797 
269.0015323036357 38.0 0.0 3.0 135.0 14221.499048012092 14220.274074074052 14232.777777777797 
270.0015323036357 38.0 0.0 3.0 135.0 14221.68914321087 14223.400000000001 14232.777777777797 
271.0015323036357 38.0 0.0 3.0 135.0 14221.860228889793 14223.400000000001 14232.777777777797 
272.0015323036357 38.0 0.0 3.0 135.0 14222.014206000791 14223.400000000001 14232.777777777797 
273.0015323036357 39.0 0.0 2.0 135.0 14222.15278540073 14223.400000000001 14232.777777777797 
274.0015323036357 39.0 0.0 3.0 135.0 14222.59009945326 14226.525925925918 14232.777777777797 
275.0015323036357 39.0 0.0 3.0 135.0 14222.671830248673 14223.407407407401 14232.777777777797 
276.0015323036357 39.0 0.0 3.0 134.0 14222.745387964527 14223.407407407401 14232.777777777797 
277.0015323036357 39.0 0.0 3.0 134.0 14222.811589908844 14223.407407407401 14232.777777777797 
278.0015323036357 39.0 0.0 3.0 134.0 14222.87117165871 14223.407407407401 14232.777777777797 
279.0015323036357 39.0 0.0 3.0 134.0 14222.924795233555 14223.407407407401 14232.777777777797 
280.0015323036357 40.0 0.0 2.0 134.0 14222.973056450932 14223.407407407401 14232.777777777797 
281.0015323036357 40.0 0.0 2.0 134.0 14223.328343398456 14226.525925925918 14232.777777777797 
282.0015323036357 40.0 0.0 2.0 134.0 14223.64810165119 14226.525925925918 14232.777777777797 
283.0015323036357 40.0 0.0 2.0 134.0 14223.935884078666 14226.525925925918 14232.777777777797 
284.0015323036357 40.0 0.0 2.0 134.0 14224.194888263386 14226.525925925918 14232.777777777797 
285.0015323036357 40.0 0.0 2.0 134.0 14224.427992029669 14226.525925925918 14232.777777777797 
286.0015323036357 40.0 0.0 2.0 134.0 14224.637785419267 14226.525925925918 14232.777777777797 
287.0015323036357 40.0 0.0 2.0 134.0 14224.826599469925 14226.525925925918 14232.777777777797 
288.0015323036357 40.0 0.0 2.0 134.0 14224.996532115538 14226.525925925918 14232.777777777797 
289.0015323036357 40.0 0.0 2.0 134.0 14225.149471496583 14226.525925925918 14232.777777777797 
290.0015323036357 40.0 0.0 2.0 134.0 14225.287116939504 14226.525925925918 14232.777777777797 
291.0015323036357 40.0 0.0 2.0 133.0 14225.410997838148 14226.525925925918 14232.777777777797 
292.0015323036357 41.0 0.0 1.0 133.0 14225.522490646932 14226.525925925918 14232.777777777797 
293.0015323036357 42.0 0.0 0.0 133.0 14225.935426767403 14229.651851851839 14232.777777777797 
294.0015323036357 42.0 0.0 0.0 135.0 14226.619661868455 14232.777777777797 14232.777777777797 
295.0015323036357 42.0 0.0 0.0 135.0 14227.235473459403 14232.777777777797 14232.777777777797 
296.0015323036357 42.0 0.0 0.0 135.0 14227.789703891227 14232.777777777797 14232.777777777797 
297.0015323036357 42.0 0.0 1.0 135.0 14228.288511279881 14232.777777777797 14232.777777777797 
298.0015323036357 42.0 0.0 2.0 135.0 14228.424845337086 14229.651851851839 14232.777777777797 
299.0015323036357 43.0 0.0 2.0 135.0 14228.234953395971 14226.525925925918 14232.777777777797 
300.0015323036357 44.0 0.0 1.0 135.0 14226.615161760063 14212.037037037013 14232.777777777797 
301.0015323036357 44.0 0.0 1.0 135.0 14226.918830769262 14229.651851851839 14232.777777777797 
302.0015323036357 44.0 0.0 2.0 135.0 14227.192132877504 14229.651851851839 14232.777777777797 
303.0015323036357 44.0 0.0 2.0 135.0 14227.125512182352 14226.525925925918 14232.777777777797 
304.0015323036357 44.0 0.0 2.0 135.0 14227.065553556728 14226.525925925918 14232.777777777797 
305.0015323036357 45.0 0.0 1.0 135.0 14227.011590793625 14226.525925925918 14232.777777777797 
306.0015323036357 45.0 0.0 1.0 135.0 14227.275616899455 14229.651851851839 14232.777777777797 
307.0015323036357 46.0 0.0 0.0 135.0 14227.513240394714 14229.651851851839 14232.777777777797 
308.0015323036357 46.0 0.0 0.0 135.0 14228.039694133015 14232.777777777797 14232.777777777797 
309.0015323036357 46.0 0.0 0.0 135.0 14228.513502497486 14232.777777777797 14232.777777777797 
310.0015323036357 46.0 0.0 0.0 135.0 14228.93993002552 14232.777777777797 14232.777777777797 
311.0015323036357 46.0 0.0 1.0 135.0 14229.323714800732 14232.777777777797 14232.777777777797 
312.0015323036357 46.0 0.0 1.0 135.0 14229.356528505852 14229.651851851839 14232.777777777797 
313.0015323036357 46.0 0.0 1.0 135.0 14229.386060840443 14229.651851851839 14232.777777777797 
314.0015323036357 46.0 0.0 1.0 135.0 14229.412639941605 14229.651851851839 14232.777777777797 
315.0015323036357 46.0 0.0 1.0 135.0 14229.436561132607 14229.651851851839 14232.777777777797 
316.0015323036357 46.0 0.0 1.0 135.0 14229.458090204547 14229.651851851839 14232.777777777797 
317.0015323036357 46.0 0.0 1.0 135.0 14229.47746636926 14229.651851851839 14232.777777777797 
318.0015323036357 46.0 0.0 1.0 135.0 14229.494904917528 14229.651851851839 14232.777777777797 
319.0015323036357 46.0 0.0 1.0 135.0 14229.510599610965 14229.651851851839 14232.777777777797 
320.0015323036357 46.0 0.0 1.0 135.0 14229.524724835042 14229.651851851839 14232.777777777797 
321.0015323036357 46.0 0.0 1.0 135.0 14229.537437536712 14229.651851851839 14232.777777777797 
322.0015323036357 46.0 0.0 2.0 135.0 14229.548878968251 14229.651851851839 14232.777777777797 
323.0015323036357 46.0 0.0 2.0 135.0 14229.24658366401 14226.525925925918 14232.777777777797 
324.0015323036357 46.0 0.0 2.0 135.0 14228.97451789018 14226.525925925918 14232.777777777797 
325.0015323036357 47.0 0.0 1.0 135.0 14228.729658693774 14226.525925925918 14232.777777777797 
326.0015323036357 47.0 0.0 1.0 135.0 14228.821878009592 14229.651851851839 14232.777777777797 
327.0015323036357 47.0 0.0 1.0 135.0 14228.904875393806 14229.651851851839 14232.777777777797 
328.0015323036357 47.0 0.0 1.0 135.0 14228.97957303963 14229.651851851839 14232.777777777797 
329.0015323036357 47.0 0.0 1.0 135.0 14229.046800920842 14229.651851851839 14232.777777777797 
330.0015323036357 47.0 0.0 1.0 135.0 14229.10730601393 14229.651851851839 14232.777777777797 
331.0015323036357 48.0 0.0 0.0 135.0 14229.161760597732 14229.651851851839 14232.777777777797 
332.0015323036357 48.0 0.0 0.0 135.0 14229.523362315736 14232.777777777797 14232.777777777797 
333.0015323036357 48.0 0.0 0.0 135.0 14229.848803861938 14232.777777777797 14232.777777777797 
334.0015323036357 48.0 0.0 0.0 135.0 14230.14170125353 14232.777777777797 14232.777777777797 
335.0015323036357 48.0 0.0 0.0 135.0 14230.40530890593 14232.777777777797 14232.777777777797 
336.0015323036357 48.0 0.0 0.0 135.0 14230.642555793132 14232.777777777797 14232.777777777797 
337.0015323036357 48.0 0.0 0.0 135.0 14230.856077991604 14232.777777777797 14232.777777777797 
338.0015323036357 48.0 0.0 0.0 135.0 14231.048247970231 14232.777777777797 14232.777777777797 
339.0015323036357 48.0 0.0 0.0 135.0 14231.221200950962 14232.777777777797 14232.777777777797 
340.0015323036357 48.0 0.0 0.0 135.0 14231.376858633626 14232.777777777797 14232.777777777797 
341.0015323036357 48.0 0.0 2.0 135.0 14231.516950548063 14232.777777777797 14232.777777777797 
342.0015323036357 49.0 0.0 1.0 135.0 14229.568959196966 14212.037037037013 14232.777777777797 
343.0015323036357 49.0 0.0 1.0 135.0 14229.577248462432 14229.651851851839 14232.777777777797 
344.0015323036357 49.0 0.0 1.0 135.0 14229.58470880139 14229.651851851839 14232.777777777797 
345.0015323036357 49.0 0.0 1.0 135.0 14229.591423106462 14229.651851851839 14232.777777777797 
346.0015323036357 49.0 0.0 1.0 135.0 14229.597465980953 14229.651851851839 14232.777777777797 
347.0015323036357 50.0 0.0 0.0 135.0 14229.602904568073 14229.651851851839 14232.777777777797 
348.0015323036357 50.0 0.0 0.0 135.0 14229.920391889029 14232.777777777797 14232.777777777797 
349.0015323036357 50.0 0.0 0.0 135.0 14230.206130477909 14232.777777777797 14232.777777777797 
350.0015323036357 50.0 0.0 0.0 135.0 14230.463295207895 14232.777777777797 14232.777777777797 
351.0015323036357 50.0 0.0 0.0 135.0 14230.694743464863 14232.777777777797 14232.777777777797 
352.0015323036357 50.0 0.0 0.0 135.0 14230.903046896154 14232.777777777797 14232.777777777797 
353.0015323036357 50.0 0.0 1.0 135.0 14231.09051998433 14232.777777777797 14232.777777777797 
354.0015323036357 50.0 0.0 2.0 135.0 14230.9466531711 14229.651851851839 14232.777777777797 
355.0015323036357 52.0 0.0 0.0 135.0 14230.504580446594 14226.525925925918 14232.777777777797 
356.0015323036357 52.0 0.0 0.0 135.0 14230.731900179699 14232.777777777797 14232.777777777797 
357.0015323036357 52.0 0.0 0.0 135.0 14230.936487939525 14232.777777777797 14232.777777777797 
358.0015323036357 52.0 0.0 0.0 135.0 14231.120616923332 14232.777777777797 14232.777777777797 
359.0015323036357 52.0 0.0 0.0 135.0 14231.286333008775 14232.777777777797 14232.777777777797 
360.0015323036357 52.0 0.0 0.0 135.0 14231.43547748569 14232.777777777797 14232.777777777797 
361.0015323036357 52.0 0.0 1.0 135.0 14231.56970751489 14232.777777777797 14232.777777777797 
362.0015323036357 52.0 0.0 1.0 135.0 14231.377921948577 14229.651851851839 14232.777777777797 
363.0015323036357 52.0 0.0 1.0 135.0 14231.2053149389 14229.651851851839 14232.777777777797 
364.0015323036357 52.0 0.0 1.0 135.0 14231.049968630194 14229.651851851839 14232.777777777797 
365.0015323036357 52.0 0.0 3.0 135.0 14230.910156952366 14229.651851851839 14232.777777777797 
366.0015323036357 53.0 0.0 2.0 135.0 14230.159141257112 14223.400000000001 14232.777777777797 
367.0015323036357 53.0 0.0 2.0 135.0 14229.795819724024 14226.525925925918 14232.777777777797 
368.0015323036357 53.0 0.0 3.0 135.0 14229.46883034421 14226.525925925918 14232.777777777797 
369.0015323036357 54.0 0.0 2.0 135.0 14227.4130584209 14208.911111111145 14232.777777777797 
370.0015323036357 54.0 0.0 2.0 135.0 14227.324345171373 14226.525925925918 14232.777777777797 
371.0015323036357 54.0 0.0 3.0 135.0 14227.244503246844 14226.525925925918 14232.777777777797 
372.0015323036357 55.0 0.0 2.0 135.0 14226.860052922151 14223.400000000001 14232.777777777797 
373.0015323036357 56.0 0.0 1.0 135.0 14226.826640222538 14226.525925925918 14232.777777777797 
374.0015323036357 56.0 0.0 1.0 135.0 14227.109161385464 14229.651851851839 14232.777777777797 
375.0015323036357 57.0 0.0 0.0 135.0 14227.363430432104 14229.651851851839 14232.777777777797 
376.0015323036357 57.0 0.0 0.0 135.0 14227.904865166687 14232.777777777797 14232.777777777797 
377.0015323036357 57.0 0.0 0.0 135.0 14228.392156427779 14232.777777777797 14232.777777777797 
378.0015323036357 57.0 0.0 1.0 135.0 14228.830718562784 14232.777777777797 14232.777777777797 
379.0015323036357 57.0 0.0 1.0 135.0 14228.912831891683 14229.651851851839 14232.777777777797 
380.0015323036357 58.0 0.0 0.0 135.0 14228.986733887701 14229.651851851839 14232.777777777797 
381.0015323036357 58.0 0.0 0.0 135.0 14229.36583827673 14232.777777777797 14232.777777777797 
382.0015323036357 58.0 0.0 0.0 135.0 14229.707032226825 14232.777777777797 14232.777777777797 
383.0015323036357 58.0 0.0 0.0 135.0 14230.014106781917 14232.777777777797 14232.777777777797 
384.0015323036357 58.0 0.0 0.0 135.0 14230.290473881503 14232.777777777797 14232.777777777797 
385.0015323036357 58.0 0.0 0.0 135.0 14230.539204271134 14232.777777777797 14232.777777777797 
386.0015323036357 58.0 0.0 0.0 135.0 14230.763061621801 14232.777777777797 14232.777777777797 
387.0015323036357 58.0 0.0 0.0 135.0 14230.9645332374 14232.777777777797 14232.777777777797 
388.0015323036357 58.0 0.0 2.0 135.0 14231.145857691423 14232.777777777797 14232.777777777797 
389.0015323036357 59.0 0.0 1.0 135.0 14230.683864514876 14226.525925925918 14232.777777777797 
390.0015323036357 59.0 0.0 1.0 135.0 14230.580663248573 14229.651851851839 14232.777777777797 
391.0015323036357 59.0 0.0 1.0 135.0 14230.4877821089 14229.651851851839 14232.777777777797 
392.0015323036357 59.0 0.0 1.0 135.0 14230.404189083209 14229.651851851839 14232.777777777797 
393.0015323036357 60.0 0.0 0.0 135.0 14230.32895536006 14229.651851851839 14232.777777777797 
394.0015323036357 60.0 0.0 0.0 135.0 14230.573837601845 14232.777777777797 14232.777777777797 
395.0015323036357 60.0 0.0 0.0 135.0 14230.794231619418 14232.777777777797 14232.777777777797 
396.0015323036357 60.0 0.0 1.0 135.0 14230.992586235256 14232.777777777797 14232.777777777797 
397.0015323036357 61.0 0.0 0.0 135.0 14229.409623908037 14215.162962962962 14232.777777777797 
398.0015323036357 61.0 0.0 0.0 135.0 14229.746439295002 14232.777777777797 14232.777777777797 
399.0015323036357 61.0 0.0 0.0 135.0 14230.049573143304 14232.777777777797 14232.777777777797 
400.0015323036357 61.0 0.0 0.0 135.0 14230.322393606737 14232.777777777797 14232.777777777797 
401.0015323036357 61.0 0.0 0.0 135.0 14230.567932023847 14232.777777777797 14232.777777777797 
402.0015323036357 61.0 0.0 0.0 135.0 14230.788916599231 14232.777777777797 14232.777777777797 
403.0015323036357 61.0 0.0 0.0 135.0 14230.987802717063 14232.777777777797 14232.777777777797 
404.0015323036357 61.0 0.0 0.0 135.0 14231.166800223158 14232.777777777797 14232.777777777797 
405.0015323036357 61.0 0.0 0.0 135.0 14231.327897978612 14232.777777777797 14232.777777777797 
406.0015323036357 61.0 0.0 0.0 135.0 14231.472885958534 14232.777777777797 14232.777777777797 
407.0015323036357 61.0 0.0 1.0 135.0 14231.603375140465 14232.777777777797 14232.777777777797 
408.0015323036357 62.0 0.0 0.0 135.0 14229.959333922705 14215.162962962962 14232.777777777797 
409.0015323036357 62.0 0.0 0.0 135.0 14230.241178308215 14232.777777777797 14232.777777777797 
410.0015323036357 62.0 0.0 0.0 135.0 14230.494838255148 14232.777777777797 14232.777777777797 
411.0015323036357 62.0 0.0 0.0 135.0 14230.723132207428 14232.777777777797 14232.777777777797 
412.0015323036357 62.0 0.0 0.0 135.0 14230.92859676446 14232.777777777797 14232.777777777797 
413.0015323036357 62.0 0.0 0.0 135.0 14231.11351486582 14232.777777777797 14232.777777777797 
414.0015323036357 62.0 0.0 0.0 135.0 14231.279941157014 14232.777777777797 14232.777777777797 
415.0015323036357 62.0 0.0 0.0 135.0 14231.429724819096 14232.777777777797 14232.777777777797 
416.0015323036357 62.0 0.0 0.0 135.0 14231.564530114942 14232.777777777797 14232.777777777797 
417.0015323036357 62.0 0.0 0.0 135.0 14231.685854881227 14232.777777777797 14232.777777777797 
418.0015323036357 62.0 0.0 0.0 135.0 14231.79504717089 14232.777777777797 14232.777777777797 
419.0015323036357 62.0 0.0 0.0 135.0 14231.89332023158 14232.777777777797 14232.777777777797 
420.0015323036357 62.0 0.0 0.0 135.0 14231.981765986196 14232.777777777797 14232.777777777797 
421.0015323036357 62.0 0.0 0.0 135.0 14232.06136716537 14232.777777777797 14232.777777777797 
422.0015323036357 62.0 0.0 0.0 135.0 14232.13300822659 14232.777777777797 14232.777777777797 
423.0015323036357 62.0 0.0 0.0 135.0 14232.197485181698 14232.777777777797 14232.777777777797 
424.0015323036357 62.0 0.0 0.0 135.0 14232.255514441333 14232.777777777797 14232.777777777797 
425.0015323036357 62.0 0.0 0.0 135.0 14232.307740774977 14232.777777777797 14232.777777777797 
426.0015323036357 62.0 0.0 0.0 135.0 14232.354744475244 14232.777777777797 14232.777777777797 
427.0015323036357 62.0 0.0 0.0 135.0 14232.397047805489 14232.777777777797 14232.777777777797 
428.0015323036357 62.0 0.0 1.0 135.0 14232.43512080271 14232.777777777797 14232.777777777797 
429.0015323036357 63.0 0.0 1.0 135.0 14230.707905018773 14215.162962962962 14232.777777777797 
430.0015323036357 64.0 0.0 0.0 135.0 14229.15341081318 14215.162962962962 14232.777777777797 
431.0015323036357 64.0 0.0 0.0 135.0 14229.515847509629 14232.777777777797 14232.777777777797 
432.0015323036357 64.0 0.0 0.0 135.0 14229.842040536438 14232.777777777797 14232.777777777797 
433.0015323036357 64.0 0.0 0.0 135.0 14230.135614260591 14232.777777777797 14232.777777777797 
434.0015323036357 64.0 0.0 1.0 135.0 14230.399830612274 14232.777777777797 14232.777777777797 
435.0015323036357 65.0 0.0 0.0 135.0 14228.87614384737 14215.162962962962 14232.777777777797 
436.0015323036357 65.0 0.0 0.0 135.0 14229.26630724043 14232.777777777797 14232.777777777797 
437.0015323036357 65.0 0.0 0.0 135.0 14229.617454294157 14232.777777777797 14232.777777777797 
438.0015323036357 65.0 0.0 1.0 135.0 14229.933486642487 14232.777777777797 14232.777777777797 
439.0015323036357 65.0 0.0 1.0 135.0 14229.905323163437 14229.651851851839 14232.777777777797 
440.0015323036357 65.0 0.0 1.0 135.0 14229.879976032274 14229.651851851839 14232.777777777797 
441.0015323036357 65.0 0.0 3.0 135.0 14229.857163614253 14229.651851851839 14232.777777777797 
442.0015323036357 66.0 0.0 2.0 135.0 14229.211447252814 14223.400000000001 14232.777777777797 
443.0015323036357 66.0 0.0 2.0 135.0 14228.942895120117 14226.525925925918 14232.777777777797 
444.0015323036357 66.0 0.0 2.0 135.0 14228.701198200712 14226.525925925918 14232.777777777797 
445.0015323036357 66.0 0.0 2.0 135.0 14228.483670973234 14226.525925925918 14232.777777777797 
446.0015323036357 67.0 0.0 1.0 135.0 14228.287896468482 14226.525925925918 14232.777777777797 
447.0015323036357 67.0 0.0 2.0 135.0 14228.424292006825 14229.651851851839 14232.777777777797 
448.0015323036357 67.0 0.0 2.0 135.0 14228.234455398739 14226.525925925918 14232.777777777797 
449.0015323036357 67.0 0.0 2.0 135.0 14228.063602451462 14226.525925925918 14232.777777777797 
450.0015323036357 67.0 0.0 2.0 135.0 14227.909834798915 14226.525925925918 14232.777777777797 
451.0015323036357 67.0 0.0 2.0 135.0 14227.771443911615 14226.525925925918 14232.777777777797 
452.0015323036357 67.0 0.0 2.0 135.0 14227.646892113029 14226.525925925918 14232.777777777797 
453.0015323036357 67.0 0.0 2.0 135.0 14227.534795494348 14226.525925925918 14232.777777777797 
454.0015323036357 67.0 0.0 2.0 135.0 14227.433908537487 14226.525925925918 14232.777777777797 
455.0015323036357 67.0 0.0 3.0 135.0 14227.34311027631 14226.525925925918 14232.777777777797 
456.0015323036357 67.0 0.0 3.0 135.0 14226.948799248694 14223.400000000001 14232.777777777797 
457.0015323036357 67.0 0.0 3.0 135.0 14226.593919323825 14223.400000000001 14232.777777777797 
458.0015323036357 68.0 0.0 2.0 135.0 14226.27452739146 14223.400000000001 14232.777777777797 
459.0015323036357 69.0 0.0 1.0 135.0 14226.299667244895 14226.525925925918 14232.777777777797 
460.0015323036357 69.0 0.0 1.0 135.0 14226.63488570561 14229.651851851839 14232.777777777797 
461.0015323036357 69.0 0.0 1.0 135.0 14226.936582320213 14229.651851851839 14232.777777777797 
462.0015323036357 69.0 0.0 1.0 135.0 14227.208109273393 14229.651851851839 14232.777777777797 
463.0015323036357 69.0 0.0 2.0 135.0 14227.452483531222 14229.651851851839 14232.777777777797 
464.0015323036357 69.0 0.0 2.0 135.0 14227.359827770691 14226.525925925918 14232.777777777797 
465.0015323036357 69.0 0.0 2.0 135.0 14227.276437586237 14226.525925925918 14232.777777777797 
466.0015323036357 70.0 0.0 1.0 135.0 14227.201386420187 14226.525925925918 14232.777777777797 
467.0015323036357 70.0 0.0 1.0 135.0 14227.446432963363 14229.651851851839 14232.777777777797 
468.0015323036357 70.0 0.0 1.0 135.0 14227.666974852216 14229.651851851839 14232.777777777797 
469.0015323036357 71.0 0.0 0.0 135.0 14227.865462552183 14229.651851851839 14232.777777777797 
470.0015323036357 71.0 0.0 0.0 135.0 14228.35669407473 14232.777777777797 14232.777777777797 
471.0015323036357 71.0 0.0 0.0 135.0 14228.798802445039 14232.777777777797 14232.777777777797 
472.0015323036357 71.0 0.0 0.0 135.0 14229.196699978302 14232.777777777797 14232.777777777797 
473.0015323036357 71.0 0.0 0.0 135.0 14229.554807758248 14232.777777777797 14232.777777777797 
474.0015323036357 71.0 0.0 0.0 135.0 14229.877104760204 14232.777777777797 14232.777777777797 
475.0015323036357 71.0 0.0 0.0 135.0 14230.167172061958 14232.777777777797 14232.777777777797 
476.0015323036357 71.0 0.0 0.0 135.0 14230.428232633558 14232.777777777797 14232.777777777797 
477.0015323036357 71.0 0.0 0.0 135.0 14230.663187147968 14232.777777777797 14232.777777777797 
478.0015323036357 71.0 0.0 0.0 135.0 14230.874646210945 14232.777777777797 14232.777777777797 
479.0015323036357 71.0 0.0 0.0 135.0 14231.064959367624 14232.777777777797 14232.777777777797 
480.0015323036357 71.0 0.0 0.0 135.0 14231.23624120866 14232.777777777797 14232.777777777797 
481.0015323036357 71.0 0.0 0.0 135.0 14231.390394865575 14232.777777777797 14232.777777777797 
482.0015323036357 71.0 0.0 0.0 135.0 14231.52913315678 14232.777777777797 14232.777777777797 
483.0015323036357 71.0 0.0 0.0 135.0 14231.653997618856 14232.777777777797 14232.777777777797 
484.0015323036357 71.0 0.0 0.0 135.0 14231.766375634747 14232.777777777797 14232.777777777797 
485.0015323036357 71.0 0.0 0.0 135.0 14231.867515849075 14232.777777777797 14232.777777777797 
486.0015323036357 71.0 0.0 0.0 135.0 14231.958542041935 14232.777777777797 14232.777777777797 
487.0015323036357 71.0 0.0 0.0 135.0 14232.04046561552 14232.777777777797 14232.777777777797 
488.0015323036357 71.0 0.0 0.0 135.0 14232.114196831748 14232.777777777797 14232.777777777797 
489.0015323036357 71.0 0.0 0.0 135.0 14232.180554926332 14232.777777777797 14232.777777777797 
490.0015323036357 71.0 0.0 0.0 135.0 14232.240277211493 14232.777777777797 14232.777777777797 
491.0015323036357 71.0 0.0 0.0 135.0 14232.294027268126 14232.777777777797 14232.777777777797 
492.0015323036357 71.0 0.0 0.0 135.0 14232.34240231908 14232.777777777797 14232.777777777797 
493.0015323036357 71.0 0.0 0.0 135.0 14232.385939864982 14232.777777777797 14232.777777777797 
494.0015323036357 71.0 0.0 0.0 135.0 14232.42512365624 14232.777777777797 14232.777777777797 
495.0015323036357 71.0 0.0 0.0 135.0 14232.460389068416 14232.777777777797 14232.777777777797 
496.0015323036357 71.0 0.0 0.0 135.0 14232.492127939318 14232.777777777797 14232.777777777797 
497.0015323036357 71.0 0.0 0.0 135.0 14232.520692923172 14232.777777777797 14232.777777777797 
498.0015323036357 71.0 0.0 1.0 135.0 14232.54640140863 14232.777777777797 14232.777777777797 
499.0015323036357 71.0 0.0 1.0 135.0 14230.808057564065 14215.162962962962 14232.777777777797 
500.0015323036357 72.0 0.0 1.0 135.0 14229.243548103947 14215.162962962962 14232.777777777797 
501.0015323036357 72.0 0.0 1.0 135.0 14229.284378478735 14229.651851851839 14232.777777777797 
502.0015323036357 72.0 0.0 1.0 135.0 14229.32112581604 14229.651851851839 14232.777777777797 
503.0015323036357 72.0 0.0 3.0 135.0 14229.354198419636 14229.651851851839 14232.777777777797 
504.0015323036357 72.0 0.0 4.0 135.0 14228.758778577678 14223.400000000001 14232.777777777797 
505.0015323036357 73.0 0.0 3.0 135.0 14227.910308127326 14220.274074074052 14232.777777777797 
506.0015323036357 73.0 0.0 3.0 135.0 14227.459277314574 14223.400000000001 14232.777777777797 
507.0015323036357 73.0 0.0 3.0 135.0 14227.053349583099 14223.400000000001 14232.777777777797 
508.0015323036357 73.0 0.0 3.0 135.0 14226.688014624811 14223.400000000001 14232.777777777797 
509.0015323036357 73.0 0.0 3.0 135.0 14226.359213162325 14223.400000000001 14232.777777777797 
510.0015323036357 73.0 0.0 3.0 135.0 14226.063291846107 14223.400000000001 14232.777777777797 
511.0015323036357 73.0 0.0 3.0 135.0 14225.79696266151 14223.400000000001 14232.777777777797 
512.0015323036357 73.0 0.0 4.0 135.0 14225.557266395352 14223.400000000001 14232.777777777797 
513.0015323036357 73.0 0.0 5.0 135.0 14225.028947163208 14220.274074074052 14232.777777777797 
514.0015323036357 73.0 0.0 5.0 135.0 14224.240867261711 14217.14814814815 14232.777777777797 
515.0015323036357 73.0 0.0 5.0 135.0 14223.531595350363 14217.14814814815 14232.777777777797 
516.0015323036357 73.0 0.0 5.0 135.0 14222.893250630119 14217.14814814815 14232.777777777797 
517.0015323036357 73.0 0.0 5.0 135.0 14222.318740381921 14217.14814814815 14232.777777777797 
518.0015323036357 74.0 0.0 4.0 135.0 14221.801681158531 14217.14814814815 14232.777777777797 
519.0015323036357 75.0 0.0 3.0 135.0 14221.648920450094 14220.274074074052 14232.777777777797 
520.0015323036357 75.0 0.0 3.0 135.0 14221.824028405077 14223.400000000001 14232.777777777797 
521.0015323036357 75.0 0.0 4.0 135.0 14221.981625564566 14223.400000000001 14232.777777777797 
522.0015323036357 75.0 0.0 4.0 135.0 14221.810870415535 14220.274074074052 14232.777777777797 
523.0015323036357 75.0 0.0 5.0 135.0 14221.657190781383 14220.274074074052 14232.777777777797 
524.0015323036357 77.0 0.0 3.0 134.0 14219.757397629173 14202.659259259277 14232.777777777797 
525.0015323036357 78.0 0.0 2.0 134.0 14220.121657866239 14223.400000000001 14232.777777777797 
526.0015323036357 79.0 0.0 1.0 134.0 14220.762084672217 14226.525925925918 14232.777777777797 
527.0015323036357 79.0 0.0 1.0 134.0 14221.651061390177 14229.651851851839 14232.777777777797 
528.0015323036357 79.0 0.0 1.0 134.0 14222.451140436358 14229.651851851839 14232.777777777797 
529.0015323036357 79.0 0.0 1.0 134.0 14223.171211577883 14229.651851851839 14232.777777777797 
530.0015323036357 80.0 0.0 0.0 134.0 14223.819275605312 14229.651851851839 14232.777777777797 
531.0015323036357 80.0 0.0 0.0 135.0 14224.715125822544 14232.777777777797 14232.777777777797 
532.0015323036357 80.0 0.0 0.0 135.0 14225.521391018076 14232.777777777797 14232.777777777797 
533.0015323036357 80.0 0.0 0.0 135.0 14226.247029694041 14232.777777777797 14232.777777777797 
534.0015323036357 80.0 0.0 0.0 135.0 14226.9001045024 14232.777777777797 14232.777777777797 
535.0015323036357 80.0 0.0 0.0 135.0 14227.487871829948 14232.777777777797 14232.777777777797 
536.0015323036357 80.0 0.0 0.0 135.0 14228.016862424707 14232.777777777797 14232.777777777797 
537.0015323036357 80.0 0.0 1.0 135.0 14228.49295396002 14232.777777777797 14232.777777777797 
538.0015323036357 80.0 0.0 1.0 135.0 14228.608843749213 14229.651851851839 14232.777777777797 
539.0015323036357 80.0 0.0 3.0 135.0 14228.713144559475 14229.651851851839 14232.777777777797 
540.0015323036357 81.0 0.0 2.0 135.0 14228.181830103542 14223.400000000001 14232.777777777797 
541.0015323036357 81.0 0.0 2.0 135.0 14228.016239685767 14226.525925925918 14232.777777777797 
542.0015323036357 81.0 0.0 2.0 135.0 14227.86720830979 14226.525925925918 14232.777777777797 
543.0015323036357 81.0 0.0 3.0 135.0 14227.733080071404 14226.525925925918 14232.777777777797 
544.0015323036357 81.0 0.0 3.0 135.0 14227.299772064285 14223.400000000001 14232.777777777797 
545.0015323036357 81.0 0.0 3.0 135.0 14226.909794857847 14223.400000000001 14232.777777777797 
546.0015323036357 81.0 0.0 3.0 135.0 14226.558815372064 14223.400000000001 14232.777777777797 
547.0015323036357 81.0 0.0 3.0 135.0 14226.242933834825 14223.400000000001 14232.777777777797 
548.0015323036357 81.0 0.0 5.0 135.0 14225.958640451385 14223.400000000001 14232.777777777797 
549.0015323036357 82.0 0.0 4.0 135.0 14225.077591221021 14217.14814814815 14232.777777777797 
550.0015323036357 82.0 0.0 5.0 135.0 14224.59723950634 14220.274074074052 14232.777777777797 
551.0015323036357 83.0 0.0 4.0 135.0 14222.403441481649 14202.659259259277 14232.777777777797 
552.0015323036357 83.0 0.0 4.0 135.0 14222.190504740858 14220.274074074052 14232.777777777797 
553.0015323036357 83.0 0.0 4.0 135.0 14221.998861674188 14220.274074074052 14232.777777777797 
554.0015323036357 83.0 0.0 4.0 135.0 14221.826382914187 14220.274074074052 14232.777777777797 
555.0015323036357 83.0 0.0 4.0 135.0 14221.671152030194 14220.274074074052 14232.777777777797 
556.0015323036357 84.0 0.0 3.0 135.0 14221.531444234573 14220.274074074052 14232.777777777797 
557.0015323036357 85.0 0.0 2.0 135.0 14221.718299811117 14223.400000000001 14232.777777777797 
558.0015323036357 86.0 0.0 1.0 135.0 14222.199062422576 14226.525925925918 14232.777777777797 
559.0015323036357 86.0 0.0 1.0 135.0 14222.944341365534 14229.651851851839 14232.777777777797 
560.0015323036357 86.0 0.0 2.0 135.0 14223.615092414124 14229.651851851839 14232.777777777797 
561.0015323036357 86.0 0.0 2.0 135.0 14223.906175765329 14226.525925925918 14232.777777777797 
562.0015323036357 86.0 0.0 2.0 135.0 14224.168150781374 14226.525925925918 14232.777777777797 
563.0015323036357 86.0 0.0 2.0 135.0 14224.40392829583 14226.525925925918 14232.777777777797 
564.0015323036357 86.0 0.0 2.0 135.0 14224.616128058839 14226.525925925918 14232.777777777797 
565.0015323036357 86.0 0.0 2.0 135.0 14224.807107845556 14226.525925925918 14232.777777777797 
566.0015323036357 86.0 0.0 3.0 135.0 14224.97898965359 14226.525925925918 14232.777777777797 
567.0015323036357 87.0 0.0 2.0 135.0 14224.821090688234 14223.400000000001 14232.777777777797 
568.0015323036357 88.0 0.0 1.0 135.0 14224.991574212017 14226.525925925918 14232.777777777797 
569.0015323036357 88.0 0.0 1.0 135.0 14225.457601975993 14229.651851851839 14232.777777777797 
570.0015323036357 88.0 0.0 1.0 135.0 14225.87702696357 14229.651851851839 14232.777777777797 
571.0015323036357 88.0 0.0 1.0 135.0 14226.254509452398 14229.651851851839 14232.777777777797 
572.0015323036357 88.0 0.0 1.0 135.0 14226.594243692358 14229.651851851839 14232.777777777797 
573.0015323036357 88.0 0.0 1.0 135.0 14226.9000045083 14229.651851851839 14232.777777777797 
574.0015323036357 89.0 0.0 0.0 135.0 14227.175189242635 14229.651851851839 14232.777777777797 
575.0015323036357 89.0 0.0 0.0 135.0 14227.735448096159 14232.777777777797 14232.777777777797 
576.0015323036357 89.0 0.0 0.0 135.0 14228.2396810643 14232.777777777797 14232.777777777797 
577.0015323036357 89.0 0.0 0.0 135.0 14228.693490735648 14232.777777777797 14232.777777777797 
578.0015323036357 89.0 0.0 0.0 135.0 14229.101919439898 14232.777777777797 14232.777777777797 
579.0015323036357 89.0 0.0 0.0 135.0 14229.469505273672 14232.777777777797 14232.777777777797 
580.0015323036357 89.0 0.0 0.0 135.0 14229.800332524066 14232.777777777797 14232.777777777797 
581.0015323036357 89.0 0.0 0.0 135.0 14230.098077049435 14232.777777777797 14232.777777777797 
582.0015323036357 89.0 0.0 0.0 135.0 14230.366047122281 14232.777777777797 14232.777777777797 
583.0015323036357 89.0 0.0 0.0 135.0 14230.60722018785 14232.777777777797 14232.777777777797 
584.0015323036357 89.0 0.0 0.0 135.0 14230.82427594683 14232.777777777797 14232.777777777797 
585.0015323036357 89.0 0.0 0.0 135.0 14231.019626129935 14232.777777777797 14232.777777777797 
586.0015323036357 89.0 0.0 0.0 135.0 14231.195441294713 14232.777777777797 14232.777777777797 
587.0015323036357 89.0 0.0 0.0 135.0 14231.353674943019 14232.777777777797 14232.777777777797 
588.0015323036357 89.0 0.0 0.0 135.0 14231.49608522647 14232.777777777797 14232.777777777797 
589.0015323036357 89.0 0.0 0.0 135.0 14231.624254481612 14232.777777777797 14232.777777777797 
590.0015323036357 89.0 0.0 0.0 135.0 14231.739606811248 14232.777777777797 14232.777777777797 
591.0015323036357 89.0 0.0 1.0 135.0 14231.8434239079 14232.777777777797 14232.777777777797 
592.0015323036357 89.0 0.0 1.0 135.0 14231.624266702282 14229.651851851839 14232.777777777797 
593.0015323036357 89.0 0.0 1.0 135.0 14231.42702521724 14229.651851851839 14232.777777777797 
594.0015323036357 89.0 0.0 1.0 135.0 14231.249507880706 14229.651851851839 14232.777777777797 
595.0015323036357 89.0 0.0 1.0 135.0 14231.089742277814 14229.651851851839 14232.777777777797 
596.0015323036357 89.0 0.0 1.0 135.0 14230.945953235205 14229.651851851839 14232.777777777797 
597.0015323036357 89.0 0.0 1.0 135.0 14230.816543096866 14229.651851851839 14232.777777777797 
598.0015323036357 89.0 0.0 1.0 135.0 14230.700073972399 14229.651851851839 14232.777777777797 
599.0015323036357 89.0 0.0 1.0 135.0 14230.595251760336 14229.651851851839 14232.777777777797 
600.0015323036357 89.0 0.0 2.0 135.0 14230.500911769486 14229.651851851839 14232.777777777797 
#####################################################################
# End of data export. Simulation finished at: 2020-02-07T06:24+0000 #
#####################################################################
