#####################################################################
# Alchemist log file - simulation started at: 2020-02-15T06:10+0000 #
#####################################################################
# longseed = 45.0, meanTaskSize = 10000, peakFrequency = 0.001
#
# The columns have the following meaning: 
# time done[Sum] drop[Sum] waiting[Sum] isLeader[Sum] capacity[Mean] freeCapacity[Mean] maxCapacity[Mean] 
0.0 NaN 0.0 NaN NaN NaN NaN NaN 
1.007233618304967 0.0 0.0 0.0 135.0 14232.777777777797 14232.777777777797 14232.777777777797 
2.007233618304967 0.0 0.0 0.0 135.0 14232.777777777797 14232.777777777797 14232.777777777797 
3.007233618304967 0.0 0.0 0.0 135.0 14232.777777777797 14232.777777777797 14232.777777777797 
4.0072336183049675 0.0 0.0 0.0 135.0 14232.777777777797 14232.777777777797 14232.777777777797 
5.0072336183049675 0.0 0.0 0.0 135.0 14232.777777777797 14232.777777777797 14232.777777777797 
6.0072336183049675 0.0 0.0 0.0 135.0 14232.777777777797 14232.777777777797 14232.777777777797 
7.0072336183049675 0.0 0.0 0.0 135.0 14232.777777777797 14232.777777777797 14232.777777777797 
8.007233618304967 0.0 0.0 0.0 135.0 14232.777777777797 14232.777777777797 14232.777777777797 
9.007233618304967 0.0 0.0 0.0 135.0 14232.777777777797 14232.777777777797 14232.777777777797 
10.007233618304967 0.0 0.0 0.0 135.0 14232.777777777797 14232.777777777797 14232.777777777797 
11.007233618304967 0.0 0.0 0.0 135.0 14232.777777777797 14232.777777777797 14232.777777777797 
12.007233618304967 0.0 0.0 0.0 135.0 14232.777777777797 14232.777777777797 14232.777777777797 
13.007233618304967 0.0 0.0 0.0 135.0 14232.777777777797 14232.777777777797 14232.777777777797 
14.007233618304967 0.0 0.0 0.0 135.0 14232.777777777797 14232.777777777797 14232.777777777797 
15.007233618304967 0.0 0.0 0.0 135.0 14232.777777777797 14232.777777777797 14232.777777777797 
16.007233618304966 0.0 0.0 0.0 135.0 14232.777777777797 14232.777777777797 14232.777777777797 
17.007233618304966 0.0 0.0 0.0 135.0 14232.777777777797 14232.777777777797 14232.777777777797 
18.007233618304966 0.0 0.0 0.0 135.0 14232.777777777797 14232.777777777797 14232.777777777797 
19.007233618304966 0.0 0.0 0.0 135.0 14232.777777777797 14232.777777777797 14232.777777777797 
20.007233618304966 0.0 0.0 0.0 135.0 14232.777777777797 14232.777777777797 14232.777777777797 
21.007233618304966 0.0 0.0 0.0 135.0 14232.777777777797 14232.777777777797 14232.777777777797 
22.007233618304966 0.0 0.0 0.0 135.0 14232.777777777797 14232.777777777797 14232.777777777797 
23.007233618304966 0.0 0.0 0.0 135.0 14232.777777777797 14232.777777777797 14232.777777777797 
24.007233618304966 0.0 0.0 0.0 135.0 14232.777777777797 14232.777777777797 14232.777777777797 
25.007233618304966 0.0 0.0 0.0 135.0 14232.777777777797 14232.777777777797 14232.777777777797 
26.007233618304966 0.0 0.0 0.0 135.0 14232.777777777797 14232.777777777797 14232.777777777797 
27.007233618304966 0.0 0.0 0.0 135.0 14232.777777777797 14232.777777777797 14232.777777777797 
28.007233618304966 0.0 0.0 0.0 135.0 14232.777777777797 14232.777777777797 14232.777777777797 
29.007233618304966 0.0 0.0 0.0 135.0 14232.777777777797 14232.777777777797 14232.777777777797 
30.007233618304966 0.0 0.0 0.0 135.0 14232.777777777797 14232.777777777797 14232.777777777797 
31.007233618304966 0.0 0.0 0.0 135.0 14232.777777777797 14232.777777777797 14232.777777777797 
32.007233618304966 0.0 0.0 0.0 135.0 14232.777777777797 14232.777777777797 14232.777777777797 
33.007233618304966 0.0 0.0 0.0 135.0 14232.777777777797 14232.777777777797 14232.777777777797 
34.007233618304966 0.0 0.0 0.0 135.0 14232.777777777797 14232.777777777797 14232.777777777797 
35.007233618304966 0.0 0.0 0.0 135.0 14232.777777777797 14232.777777777797 14232.777777777797 
36.007233618304966 0.0 0.0 0.0 135.0 14232.777777777797 14232.777777777797 14232.777777777797 
37.007233618304966 0.0 0.0 1.0 135.0 14232.777777777797 14232.777777777797 14232.777777777797 
38.007233618304966 0.0 0.0 1.0 135.0 14232.465185185178 14229.651851851839 14232.777777777797 
39.007233618304966 0.0 0.0 1.0 135.0 14232.183851851854 14229.651851851839 14232.777777777797 
40.007233618304966 0.0 0.0 1.0 135.0 14231.930651851852 14229.651851851839 14232.777777777797 
41.007233618304966 0.0 0.0 1.0 135.0 14231.702771851888 14229.651851851839 14232.777777777797 
42.007233618304966 0.0 0.0 1.0 135.0 14231.497679851847 14229.651851851839 14232.777777777797 
43.007233618304966 0.0 0.0 2.0 134.0 14231.313097051876 14229.651851851839 14232.777777777797 
44.007233618304966 0.0 0.0 2.0 134.0 14230.83437993925 14226.525925925918 14232.777777777797 
45.007233618304966 0.0 0.0 2.0 134.0 14230.403534537953 14226.525925925918 14232.777777777797 
46.007233618304966 0.0 0.0 2.0 134.0 14230.015773676727 14226.525925925918 14232.777777777797 
47.007233618304966 0.0 0.0 2.0 134.0 14229.66678890163 14226.525925925918 14232.777777777797 
48.007233618304966 0.0 0.0 2.0 134.0 14229.352702604081 14226.525925925918 14232.777777777797 
49.007233618304966 0.0 0.0 2.0 133.0 14229.070024936276 14226.525925925918 14232.777777777797 
50.007233618304966 0.0 0.0 2.0 133.0 14228.815615035232 14226.525925925918 14232.777777777797 
51.007233618304966 0.0 0.0 2.0 133.0 14228.586646124319 14226.525925925918 14232.777777777797 
52.007233618304966 0.0 0.0 2.0 133.0 14228.380574104462 14226.525925925918 14232.777777777797 
53.007233618304966 0.0 0.0 2.0 133.0 14228.195109286626 14226.525925925918 14232.777777777797 
54.007233618304966 0.0 0.0 3.0 133.0 14228.028190950537 14226.525925925918 14232.777777777797 
55.007233618304966 0.0 0.0 3.0 133.0 14227.565371855484 14223.400000000001 14232.777777777797 
56.007233618304966 0.0 0.0 3.0 133.0 14227.148834669915 14223.400000000001 14232.777777777797 
57.007233618304966 0.0 0.0 3.0 133.0 14226.773951202942 14223.400000000001 14232.777777777797 
58.007233618304966 0.0 0.0 3.0 133.0 14226.436556082628 14223.400000000001 14232.777777777797 
59.007233618304966 0.0 0.0 3.0 133.0 14226.1329004744 14223.400000000001 14232.777777777797 
60.007233618304966 0.0 0.0 3.0 132.0 14225.85961042695 14223.400000000001 14232.777777777797 
61.007233618304966 0.0 0.0 3.0 132.0 14225.61364938424 14223.400000000001 14232.777777777797 
62.007233618304966 0.0 0.0 3.0 132.0 14225.392284445814 14223.400000000001 14232.777777777797 
63.007233618304966 0.0 0.0 3.0 132.0 14225.193056001239 14223.400000000001 14232.777777777797 
64.00723361830497 0.0 0.0 3.0 132.0 14225.013750401138 14223.400000000001 14232.777777777797 
65.00723361830497 0.0 0.0 3.0 132.0 14224.852375361017 14223.400000000001 14232.777777777797 
66.00723361830497 0.0 0.0 3.0 132.0 14224.707137824904 14223.400000000001 14232.777777777797 
67.00723361830497 0.0 0.0 3.0 132.0 14224.576424042389 14223.400000000001 14232.777777777797 
68.00723361830497 0.0 0.0 3.0 132.0 14224.458781638168 14223.400000000001 14232.777777777797 
69.00723361830497 0.0 0.0 3.0 132.0 14224.352903474357 14223.400000000001 14232.777777777797 
70.00723361830497 0.0 0.0 3.0 132.0 14224.25761312694 14223.400000000001 14232.777777777797 
71.00723361830497 0.0 0.0 4.0 132.0 14224.171851814206 14223.400000000001 14232.777777777797 
72.00723361830497 0.0 0.0 4.0 132.0 14223.782074040184 14220.274074074052 14232.777777777797 
73.00723361830497 0.0 0.0 4.0 132.0 14223.431274043578 14220.274074074052 14232.777777777797 
74.00723361830497 0.0 0.0 4.0 132.0 14223.115554046637 14220.274074074052 14232.777777777797 
75.00723361830497 0.0 0.0 4.0 132.0 14222.831406049369 14220.274074074052 14232.777777777797 
76.00723361830497 0.0 0.0 4.0 132.0 14222.575672851846 14220.274074074052 14232.777777777797 
77.00723361830497 0.0 0.0 4.0 131.0 14222.345512974083 14220.274074074052 14232.777777777797 
78.00723361830497 0.0 0.0 4.0 131.0 14222.138369084063 14220.274074074052 14232.777777777797 
79.00723361830497 0.0 0.0 4.0 131.0 14221.951939583094 14220.274074074052 14232.777777777797 
80.00723361830497 0.0 0.0 4.0 131.0 14221.784153032182 14220.274074074052 14232.777777777797 
81.00723361830497 0.0 0.0 4.0 131.0 14221.633145136366 14220.274074074052 14232.777777777797 
82.00723361830497 0.0 0.0 4.0 131.0 14221.49723803011 14220.274074074052 14232.777777777797 
83.00723361830497 0.0 0.0 4.0 131.0 14221.374921634511 14220.274074074052 14232.777777777797 
84.00723361830497 0.0 0.0 4.0 131.0 14221.26483687847 14220.274074074052 14232.777777777797 
85.00723361830497 0.0 0.0 5.0 131.0 14221.165760598036 14220.274074074052 14232.777777777797 
86.00723361830497 0.0 0.0 5.0 131.0 14221.076591945653 14220.274074074052 14232.777777777797 
87.00723361830497 0.0 0.0 5.0 131.0 14219.234858676999 14202.659259259277 14232.777777777797 
88.00723361830497 0.0 0.0 5.0 131.0 14217.577298735216 14202.659259259277 14232.777777777797 
89.00723361830497 0.0 0.0 5.0 131.0 14216.085494787614 14202.659259259277 14232.777777777797 
90.00723361830497 0.0 0.0 5.0 131.0 14214.742871234797 14202.659259259277 14232.777777777797 
91.00723361830497 0.0 0.0 6.0 131.0 14213.534510037247 14202.659259259277 14232.777777777797 
92.00723361830497 0.0 0.0 6.0 131.0 14212.13439236687 14199.533333333318 14232.777777777797 
93.00723361830497 0.0 0.0 7.0 131.0 14210.874286463517 14199.533333333318 14232.777777777797 
94.00723361830497 0.0 0.0 7.0 131.0 14209.427598557886 14196.407407407401 14232.777777777797 
95.00723361830497 0.0 0.0 7.0 131.0 14208.125579442854 14196.407407407401 14232.777777777797 
96.00723361830497 0.0 0.0 7.0 131.0 14206.953762239293 14196.407407407401 14232.777777777797 
97.00723361830497 0.0 0.0 7.0 130.0 14205.899126756123 14196.407407407401 14232.777777777797 
98.00723361830497 1.0 0.0 7.0 130.0 14204.949954821224 14196.407407407401 14232.777777777797 
99.00723361830497 1.0 0.0 7.0 129.0 14205.544588968733 14210.896296296318 14232.777777777797 
100.00723361830497 1.0 0.0 7.0 129.0 14206.079759701519 14210.896296296318 14232.777777777797 
101.00723361830497 1.0 0.0 7.0 129.0 14206.56141336097 14210.896296296318 14232.777777777797 
102.00723361830497 1.0 0.0 7.0 129.0 14206.994901654496 14210.896296296318 14232.777777777797 
103.00723361830497 1.0 0.0 7.0 129.0 14207.385041118696 14210.896296296318 14232.777777777797 
104.00723361830497 1.0 0.0 7.0 128.0 14207.736166636445 14210.896296296318 14232.777777777797 
105.00723361830497 1.0 0.0 7.0 128.0 14208.052179602433 14210.896296296318 14232.777777777797 
106.00723361830497 1.0 0.0 7.0 128.0 14208.336591271816 14210.896296296318 14232.777777777797 
107.00723361830497 1.0 0.0 7.0 128.0 14208.592561774272 14210.896296296318 14232.777777777797 
108.00723361830497 1.0 0.0 7.0 128.0 14208.822935226479 14210.896296296318 14232.777777777797 
109.00723361830497 1.0 0.0 7.0 128.0 14209.03027133348 14210.896296296318 14232.777777777797 
110.00723361830497 1.0 0.0 7.0 128.0 14209.216873829753 14210.896296296318 14232.777777777797 
111.00723361830497 1.0 0.0 7.0 128.0 14209.384816076406 14210.896296296318 14232.777777777797 
112.00723361830497 1.0 0.0 7.0 128.0 14209.535964098386 14210.896296296318 14232.777777777797 
113.00723361830497 1.0 0.0 7.0 128.0 14209.671997318166 14210.896296296318 14232.777777777797 
114.00723361830497 1.0 0.0 7.0 128.0 14209.794427215995 14210.896296296318 14232.777777777797 
115.00723361830497 1.0 0.0 7.0 128.0 14209.904614124038 14210.896296296318 14232.777777777797 
116.00723361830497 1.0 0.0 7.0 128.0 14210.003782341235 14210.896296296318 14232.777777777797 
117.00723361830497 1.0 0.0 7.0 128.0 14210.09303373672 14210.896296296318 14232.777777777797 
118.00723361830497 1.0 0.0 8.0 128.0 14210.173359992725 14210.896296296318 14232.777777777797 
119.00723361830497 1.0 0.0 8.0 128.0 14209.93306103048 14207.77037037036 14232.777777777797 
120.00723361830497 1.0 0.0 9.0 128.0 14209.716791964469 14207.77037037036 14232.777777777797 
121.00723361830497 1.0 0.0 9.0 128.0 14209.209557212482 14204.644444444439 14232.777777777797 
122.00723361830497 1.0 0.0 9.0 128.0 14208.753045935664 14204.644444444439 14232.777777777797 
123.00723361830497 1.0 0.0 9.0 128.0 14208.342185786538 14204.644444444439 14232.777777777797 
124.00723361830497 1.0 0.0 9.0 127.0 14207.972411652325 14204.644444444439 14232.777777777797 
125.00723361830497 1.0 0.0 9.0 127.0 14207.639614931539 14204.644444444439 14232.777777777797 
126.00723361830497 1.0 0.0 9.0 126.0 14207.340097882854 14204.644444444439 14232.777777777797 
127.00723361830497 1.0 0.0 9.0 126.0 14207.070532538983 14204.644444444439 14232.777777777797 
128.00723361830495 1.0 0.0 9.0 126.0 14206.827923729526 14204.644444444439 14232.777777777797 
129.00723361830495 1.0 0.0 10.0 126.0 14206.609575801007 14204.644444444439 14232.777777777797 
130.00723361830495 1.0 0.0 10.0 126.0 14206.100470072754 14201.518518518522 14232.777777777797 
131.00723361830495 1.0 0.0 10.0 126.0 14205.64227491736 14201.518518518522 14232.777777777797 
132.00723361830495 1.0 0.0 10.0 126.0 14205.229899277485 14201.518518518522 14232.777777777797 
133.00723361830495 1.0 0.0 10.0 126.0 14204.858761201553 14201.518518518522 14232.777777777797 
134.00723361830495 1.0 0.0 10.0 126.0 14204.524736933268 14201.518518518522 14232.777777777797 
135.00723361830495 1.0 0.0 10.0 125.0 14204.224115091767 14201.518518518522 14232.777777777797 
136.00723361830495 1.0 0.0 10.0 125.0 14203.953555434458 14201.518518518522 14232.777777777797 
137.00723361830495 1.0 0.0 10.0 125.0 14203.710051742884 14201.518518518522 14232.777777777797 
138.00723361830495 1.0 0.0 11.0 125.0 14203.490898420443 14201.518518518522 14232.777777777797 
139.00723361830495 1.0 0.0 11.0 125.0 14203.293660430247 14201.518518518522 14232.777777777797 
140.00723361830495 1.0 0.0 12.0 125.0 14201.354664757575 14183.903703703707 14232.777777777797 
141.00723361830495 1.0 0.0 12.0 125.0 14199.296976059617 14180.777777777797 14232.777777777797 
142.00723361830495 1.0 0.0 12.0 125.0 14197.445056231407 14180.777777777797 14232.777777777797 
143.00723361830495 1.0 0.0 13.0 125.0 14195.778328386063 14180.777777777797 14232.777777777797 
144.00723361830495 1.0 0.0 14.0 125.0 14192.51679184372 14163.162962962962 14232.777777777797 
145.00723361830495 1.0 0.0 14.0 125.0 14189.26881636309 14160.037037037013 14232.777777777797 
146.00723361830495 2.0 0.0 13.0 124.0 14186.345638430488 14160.037037037013 14232.777777777797 
147.00723361830495 2.0 0.0 13.0 124.0 14184.02737088374 14163.162962962962 14232.777777777797 
148.00723361830495 2.0 0.0 13.0 124.0 14181.940930091656 14163.162962962962 14232.777777777797 
149.00723361830495 3.0 0.0 13.0 124.0 14180.063133378797 14163.162962962962 14232.777777777797 
150.00723361830495 3.0 0.0 13.0 123.0 14179.822005226108 14177.651851851839 14232.777777777797 
151.00723361830495 3.0 0.0 13.0 123.0 14179.60498988869 14177.651851851839 14232.777777777797 
152.00723361830495 3.0 0.0 13.0 123.0 14179.409676084975 14177.651851851839 14232.777777777797 
153.00723361830495 3.0 0.0 13.0 123.0 14179.233893661667 14177.651851851839 14232.777777777797 
154.00723361830495 3.0 0.0 14.0 124.0 14179.075689480715 14177.651851851839 14232.777777777797 
155.00723361830495 3.0 0.0 14.0 123.0 14178.620713125205 14174.525925925918 14232.777777777797 
156.00723361830495 3.0 0.0 14.0 123.0 14178.211234405298 14174.525925925918 14232.777777777797 
157.00723361830495 3.0 0.0 14.0 123.0 14177.842703557355 14174.525925925918 14232.777777777797 
158.00723361830495 3.0 0.0 14.0 123.0 14177.511025794192 14174.525925925918 14232.777777777797 
159.00723361830495 3.0 0.0 14.0 123.0 14177.21251580737 14174.525925925918 14232.777777777797 
160.00723361830495 3.0 0.0 15.0 122.0 14176.943856819238 14174.525925925918 14232.777777777797 
161.00723361830495 3.0 0.0 15.0 122.0 14176.389471137323 14171.400000000001 14232.777777777797 
162.00723361830495 3.0 0.0 15.0 122.0 14175.89052402357 14171.400000000001 14232.777777777797 
163.00723361830495 3.0 0.0 15.0 122.0 14175.44147162121 14171.400000000001 14232.777777777797 
164.00723361830495 3.0 0.0 15.0 122.0 14175.037324459117 14171.400000000001 14232.777777777797 
165.00723361830495 3.0 0.0 15.0 122.0 14174.673592013172 14171.400000000001 14232.777777777797 
166.00723361830495 3.0 0.0 15.0 121.0 14174.346232811844 14171.400000000001 14232.777777777797 
167.00723361830495 3.0 0.0 16.0 121.0 14174.05160953069 14171.400000000001 14232.777777777797 
168.00723361830495 3.0 0.0 16.0 121.0 14172.024967096135 14153.785185185186 14232.777777777797 
169.00723361830495 3.0 0.0 16.0 121.0 14170.200988905039 14153.785185185186 14232.777777777797 
170.00723361830495 3.0 0.0 16.0 121.0 14168.559408533045 14153.785185185186 14232.777777777797 
171.00723361830495 3.0 0.0 17.0 121.0 14167.081986198256 14153.785185185186 14232.777777777797 
172.00723361830495 3.0 0.0 18.0 121.0 14165.439713504347 14150.659259259277 14232.777777777797 
173.00723361830495 3.0 0.0 18.0 121.0 14163.649075487272 14147.533333333318 14232.777777777797 
174.00723361830495 3.0 0.0 18.0 121.0 14162.03750127187 14147.533333333318 14232.777777777797 
175.00723361830495 3.0 0.0 18.0 121.0 14160.587084478026 14147.533333333318 14232.777777777797 
176.00723361830495 3.0 0.0 18.0 121.0 14159.281709363553 14147.533333333318 14232.777777777797 
177.00723361830495 3.0 0.0 18.0 120.0 14158.106871760523 14147.533333333318 14232.777777777797 
178.00723361830495 3.0 0.0 19.0 119.0 14157.049517917792 14147.533333333318 14232.777777777797 
179.00723361830495 3.0 0.0 19.0 119.0 14155.785306866781 14144.407407407401 14232.777777777797 
180.00723361830495 3.0 0.0 19.0 119.0 14154.647516920822 14144.407407407401 14232.777777777797 
181.00723361830495 3.0 0.0 19.0 119.0 14153.623505969468 14144.407407407401 14232.777777777797 
182.00723361830495 3.0 0.0 19.0 119.0 14152.701896113276 14144.407407407401 14232.777777777797 
183.00723361830495 3.0 0.0 19.0 119.0 14151.872447242677 14144.407407407401 14232.777777777797 
184.00723361830495 3.0 0.0 19.0 118.0 14151.125943259158 14144.407407407401 14232.777777777797 
185.00723361830495 3.0 0.0 19.0 118.0 14150.454089674016 14144.407407407401 14232.777777777797 
186.00723361830495 3.0 0.0 19.0 118.0 14149.84942144731 14144.407407407401 14232.777777777797 
187.00723361830495 3.0 0.0 19.0 118.0 14149.305220043369 14144.407407407401 14232.777777777797 
188.00723361830495 3.0 0.0 19.0 118.0 14148.815438779733 14144.407407407401 14232.777777777797 
189.00723361830495 3.0 0.0 19.0 118.0 14148.374635642505 14144.407407407401 14232.777777777797 
190.00723361830495 3.0 0.0 19.0 118.0 14147.97791281899 14144.407407407401 14232.777777777797 
191.00723361830495 3.0 0.0 19.0 118.0 14147.620862277841 14144.407407407401 14232.777777777797 
192.00723361830495 4.0 0.0 18.0 118.0 14147.299516790812 14144.407407407401 14232.777777777797 
193.00723361830495 4.0 0.0 18.0 118.0 14148.771787333917 14162.022222222226 14232.777777777797 
194.00723361830495 4.0 0.0 18.0 118.0 14150.096830822775 14162.022222222226 14232.777777777797 
195.00723361830495 4.0 0.0 18.0 118.0 14151.289369962711 14162.022222222226 14232.777777777797 
196.00723361830495 4.0 0.0 18.0 118.0 14152.362655188674 14162.022222222226 14232.777777777797 
197.00723361830495 4.0 0.0 19.0 118.0 14153.328611892017 14162.022222222226 14232.777777777797 
198.00723361830495 4.0 0.0 19.0 118.0 14152.43649144357 14144.407407407401 14232.777777777797 
199.00723361830495 4.0 0.0 19.0 118.0 14151.633583039933 14144.407407407401 14232.777777777797 
200.00723361830495 4.0 0.0 19.0 118.0 14150.91096547671 14144.407407407401 14232.777777777797 
201.00723361830495 4.0 0.0 19.0 118.0 14150.260609669758 14144.407407407401 14232.777777777797 
202.00723361830495 4.0 0.0 20.0 118.0 14149.67528944352 14144.407407407401 14232.777777777797 
203.00723361830495 4.0 0.0 20.0 118.0 14148.835908647325 14141.281481481483 14232.777777777797 
204.00723361830495 4.0 0.0 20.0 118.0 14148.080465930734 14141.281481481483 14232.777777777797 
205.00723361830495 4.0 0.0 20.0 118.0 14147.400567485814 14141.281481481483 14232.777777777797 
206.00723361830495 4.0 0.0 20.0 118.0 14146.788658885383 14141.281481481483 14232.777777777797 
207.00723361830495 4.0 0.0 20.0 118.0 14146.237941145006 14141.281481481483 14232.777777777797 
208.00723361830495 4.0 0.0 20.0 117.0 14145.742295178665 14141.281481481483 14232.777777777797 
209.00723361830495 4.0 0.0 20.0 117.0 14145.296213808915 14141.281481481483 14232.777777777797 
210.00723361830495 4.0 0.0 20.0 117.0 14144.89474057619 14141.281481481483 14232.777777777797 
211.00723361830495 4.0 0.0 20.0 117.0 14144.533414666717 14141.281481481483 14232.777777777797 
212.00723361830495 4.0 0.0 20.0 117.0 14144.208221348159 14141.281481481483 14232.777777777797 
213.00723361830495 4.0 0.0 20.0 117.0 14143.915547361516 14141.281481481483 14232.777777777797 
214.00723361830495 4.0 0.0 21.0 117.0 14143.65214077351 14141.281481481483 14232.777777777797 
215.00723361830495 4.0 0.0 21.0 117.0 14143.102482251703 14138.155555555531 14232.777777777797 
216.00723361830495 4.0 0.0 21.0 117.0 14142.607789582093 14138.155555555531 14232.777777777797 
217.00723361830495 4.0 0.0 21.0 117.0 14142.162566179464 14138.155555555531 14232.777777777797 
218.00723361830495 4.0 0.0 21.0 117.0 14141.761865117063 14138.155555555531 14232.777777777797 
219.00723361830495 4.0 0.0 21.0 117.0 14141.401234160923 14138.155555555531 14232.777777777797 
220.00723361830495 4.0 0.0 22.0 116.0 14141.076666300349 14138.155555555531 14232.777777777797 
221.00723361830495 4.0 0.0 22.0 116.0 14139.023073744407 14120.540740740757 14232.777777777797 
222.00723361830495 4.0 0.0 22.0 116.0 14137.174840444059 14120.540740740757 14232.777777777797 
223.00723361830495 4.0 0.0 22.0 116.0 14135.511430473687 14120.540740740757 14232.777777777797 
224.00723361830495 4.0 0.0 22.0 116.0 14134.014361500416 14120.540740740757 14232.777777777797 
225.00723361830495 4.0 0.0 23.0 116.0 14132.666999424458 14120.540740740757 14232.777777777797 
226.00723361830495 4.0 0.0 23.0 116.0 14129.693632815332 14102.933333333322 14232.777777777797 
227.00723361830495 4.0 0.0 23.0 116.0 14127.017602867138 14102.933333333322 14232.777777777797 
228.00723361830495 4.0 0.0 23.0 116.0 14124.60917591377 14102.933333333322 14232.777777777797 
229.00723361830495 4.0 0.0 23.0 116.0 14122.441591655728 14102.933333333322 14232.777777777797 
230.00723361830495 4.0 0.0 23.0 116.0 14120.490765823457 14102.933333333322 14232.777777777797 
231.00723361830495 4.0 0.0 23.0 116.0 14118.735022574478 14102.933333333322 14232.777777777797 
232.00723361830495 4.0 0.0 23.0 116.0 14117.154853650338 14102.933333333322 14232.777777777797 
233.00723361830495 4.0 0.0 23.0 116.0 14115.732701618625 14102.933333333322 14232.777777777797 
234.00723361830495 4.0 0.0 23.0 116.0 14114.452764790114 14102.933333333322 14232.777777777797 
235.00723361830495 4.0 0.0 23.0 116.0 14113.300821644412 14102.933333333322 14232.777777777797 
236.00723361830495 4.0 0.0 23.0 116.0 14112.264072813326 14102.933333333322 14232.777777777797 
237.00723361830495 4.0 0.0 23.0 116.0 14111.330998865325 14102.933333333322 14232.777777777797 
238.00723361830495 4.0 0.0 23.0 116.0 14110.491232312126 14102.933333333322 14232.777777777797 
239.00723361830495 4.0 0.0 23.0 116.0 14109.735442414241 14102.933333333322 14232.777777777797 
240.00723361830495 4.0 0.0 23.0 116.0 14109.055231506154 14102.933333333322 14232.777777777797 
241.00723361830495 4.0 0.0 23.0 116.0 14108.44304168889 14102.933333333322 14232.777777777797 
242.00723361830495 4.0 0.0 23.0 116.0 14107.892070853295 14102.933333333322 14232.777777777797 
243.00723361830495 4.0 0.0 23.0 116.0 14107.396197101316 14102.933333333322 14232.777777777797 
244.00723361830495 4.0 0.0 23.0 116.0 14106.949910724512 14102.933333333322 14232.777777777797 
245.00723361830495 4.0 0.0 23.0 116.0 14106.54825298543 14102.933333333322 14232.777777777797 
246.00723361830495 4.0 0.0 23.0 116.0 14106.186761020186 14102.933333333322 14232.777777777797 
247.00723361830495 4.0 0.0 23.0 116.0 14105.861418251516 14102.933333333322 14232.777777777797 
248.00723361830495 4.0 0.0 23.0 116.0 14105.5686097597 14102.933333333322 14232.777777777797 
249.00723361830495 4.0 0.0 23.0 116.0 14105.30508211706 14102.933333333322 14232.777777777797 
250.00723361830495 4.0 0.0 23.0 116.0 14105.06790723868 14102.933333333322 14232.777777777797 
251.00723361830495 4.0 0.0 23.0 116.0 14104.854449848133 14102.933333333322 14232.777777777797 
252.00723361830495 4.0 0.0 23.0 116.0 14104.66233819666 14102.933333333322 14232.777777777797 
253.00723361830495 4.0 0.0 23.0 116.0 14104.48943771033 14102.933333333322 14232.777777777797 
254.00723361830495 4.0 0.0 23.0 116.0 14104.333827272647 14102.933333333322 14232.777777777797 
255.00723361830495 5.0 0.0 22.0 116.0 14104.193777878709 14102.933333333322 14232.777777777797 
256.00723361830495 5.0 0.0 23.0 116.0 14105.828474164893 14120.540740740757 14232.777777777797 
257.00723361830495 5.0 0.0 24.0 116.0 14106.987108229905 14117.414814814798 14232.777777777797 
258.00496452176856 5.0 0.0 24.0 116.0 14107.717286295796 14114.288888888881 14232.777777777797 
259.00723361830495 5.0 0.0 25.0 116.0 14108.3744465551 14114.288888888881 14232.777777777797 
260.00723361830495 5.0 0.0 26.0 116.0 14108.653298195879 14111.162962962962 14232.777777777797 
261.00723361830495 5.0 0.0 26.0 116.0 14108.59167208 14108.037037037013 14232.777777777797 
262.00723361830495 5.0 0.0 26.0 115.0 14108.536208575695 14108.037037037013 14232.777777777797 
263.00723361830495 5.0 0.0 26.0 114.0 14108.486291421857 14108.037037037013 14232.777777777797 
264.00723361830495 5.0 0.0 26.0 114.0 14108.441365983374 14108.037037037013 14232.777777777797 
265.00723361830495 5.0 0.0 26.0 113.0 14108.400933088724 14108.037037037013 14232.777777777797 
266.00723361830495 5.0 0.0 26.0 112.0 14108.364543483547 14108.037037037013 14232.777777777797 
267.00723361830495 5.0 0.0 27.0 112.0 14108.331792838924 14108.037037037013 14232.777777777797 
268.00723361830495 5.0 0.0 27.0 112.0 14107.989724666135 14104.911111111145 14232.777777777797 
269.00723361830495 5.0 0.0 27.0 112.0 14107.681863310609 14104.911111111145 14232.777777777797 
270.00723361830495 5.0 0.0 27.0 112.0 14107.404788090667 14104.911111111145 14232.777777777797 
271.00723361830495 5.0 0.0 27.0 112.0 14107.1554203927 14104.911111111145 14232.777777777797 
272.00723361830495 5.0 0.0 27.0 112.0 14106.93098946458 14104.911111111145 14232.777777777797 
273.00723361830495 5.0 0.0 27.0 111.0 14106.729001629235 14104.911111111145 14232.777777777797 
274.00723361830495 5.0 0.0 27.0 111.0 14106.547212577394 14104.911111111145 14232.777777777797 
275.00723361830495 5.0 0.0 27.0 111.0 14106.383602430757 14104.911111111145 14232.777777777797 
276.00723361830495 5.0 0.0 27.0 111.0 14106.236353298811 14104.911111111145 14232.777777777797 
277.00723361830495 6.0 0.0 26.0 111.0 14106.103829080052 14104.911111111145 14232.777777777797 
278.00723361830495 6.0 0.0 26.0 111.0 14107.746038764626 14122.525925925918 14232.777777777797 
279.00723361830495 6.0 0.0 26.0 111.0 14109.22402748075 14122.525925925918 14232.777777777797 
280.00723361830495 6.0 0.0 26.0 111.0 14110.554217325267 14122.525925925918 14232.777777777797 
281.00723361830495 6.0 0.0 27.0 111.0 14111.751388185334 14122.525925925918 14232.777777777797 
282.00723361830495 6.0 0.0 27.0 111.0 14111.06736047792 14104.911111111145 14232.777777777797 
283.00723361830495 6.0 0.0 27.0 111.0 14110.451735541246 14104.911111111145 14232.777777777797 
284.00723361830495 6.0 0.0 28.0 111.0 14109.897673098221 14104.911111111145 14232.777777777797 
285.00723361830495 6.0 0.0 28.0 111.0 14109.086424306899 14101.785185185188 14232.777777777797 
286.00723361830495 6.0 0.0 28.0 111.0 14108.356300394746 14101.785185185188 14232.777777777797 
287.00723361830495 6.0 0.0 28.0 111.0 14107.69918887379 14101.785185185188 14232.777777777797 
288.00723361830495 6.0 0.0 28.0 111.0 14107.107788504922 14101.785185185188 14232.777777777797 
289.0016645192002 6.0 0.0 29.0 111.0 14106.57552817293 14101.785185185188 14232.777777777797 
290.00723361830495 6.0 0.0 30.0 110.0 14104.3350123927 14084.17037037036 14232.777777777797 
291.00723361830495 6.0 0.0 30.0 110.0 14102.005955597882 14081.044444444442 14232.777777777797 
292.00723361830495 6.0 0.0 30.0 110.0 14099.90980448255 14081.044444444442 14232.777777777797 
293.00723361830495 7.0 0.0 29.0 110.0 14098.023268478739 14081.044444444442 14232.777777777797 
294.00723361830495 7.0 0.0 29.0 110.0 14098.08686755678 14098.659259259277 14232.777777777797 
295.00723361830495 7.0 0.0 29.0 110.0 14098.144106727028 14098.659259259277 14232.777777777797 
296.00723361830495 7.0 0.0 29.0 109.0 14098.195621980238 14098.659259259277 14232.777777777797 
297.00723361830495 7.0 0.0 29.0 109.0 14098.241985708144 14098.659259259277 14232.777777777797 
298.00723361830495 7.0 0.0 29.0 109.0 14098.283713063274 14098.659259259277 14232.777777777797 
299.00723361830495 7.0 0.0 29.0 109.0 14098.321267682873 14098.659259259277 14232.777777777797 
300.00723361830495 8.0 0.0 28.0 109.0 14098.355066840484 14098.659259259277 14232.777777777797 
301.00723361830495 8.0 0.0 29.0 109.0 14100.146967563856 14116.274074074052 14232.777777777797 
302.00723361830495 8.0 0.0 30.0 109.0 14101.447085622307 14113.14814814815 14232.777777777797 
303.00723361830495 8.0 0.0 30.0 109.0 14100.855710393402 14095.533333333318 14232.777777777797 
304.00723361830495 8.0 0.0 30.0 109.0 14100.323472687389 14095.533333333318 14232.777777777797 
305.00723361830495 9.0 0.0 29.0 109.0 14099.844458751975 14095.533333333318 14232.777777777797 
306.00723361830495 9.0 0.0 30.0 109.0 14101.174827691582 14113.14814814815 14232.777777777797 
307.00723361830495 9.0 0.0 30.0 108.0 14102.059567144679 14110.022222222226 14232.777777777797 
308.00723361830495 9.0 0.0 30.0 108.0 14102.855832652409 14110.022222222226 14232.777777777797 
309.00723361830495 9.0 0.0 31.0 108.0 14103.572471609392 14110.022222222226 14232.777777777797 
310.00723361830495 9.0 0.0 31.0 108.0 14103.90485407809 14106.896296296318 14232.777777777797 
311.00723361830495 9.0 0.0 31.0 108.0 14104.2039982999 14106.896296296318 14232.777777777797 
312.00723361830495 9.0 0.0 31.0 107.0 14104.473228099556 14106.896296296318 14232.777777777797 
313.00723361830495 9.0 0.0 31.0 107.0 14104.715534919236 14106.896296296318 14232.777777777797 
314.00723361830495 9.0 0.0 31.0 107.0 14104.933611056933 14106.896296296318 14232.777777777797 
315.00723361830495 9.0 0.0 31.0 106.0 14105.129879580887 14106.896296296318 14232.777777777797 
316.00723361830495 9.0 0.0 31.0 106.0 14105.306521252407 14106.896296296318 14232.777777777797 
317.00723361830495 9.0 0.0 31.0 106.0 14105.465498756776 14106.896296296318 14232.777777777797 
318.00723361830495 9.0 0.0 31.0 106.0 14105.60857851075 14106.896296296318 14232.777777777797 
319.00723361830495 9.0 0.0 31.0 106.0 14105.737350289324 14106.896296296318 14232.777777777797 
320.00723361830495 9.0 0.0 31.0 106.0 14105.853244890011 14106.896296296318 14232.777777777797 
321.00723361830495 9.0 0.0 31.0 106.0 14105.957550030613 14106.896296296318 14232.777777777797 
322.00723361830495 10.0 0.0 30.0 106.0 14106.051424657184 14106.896296296318 14232.777777777797 
323.00723361830495 10.0 0.0 30.0 106.0 14107.89739330259 14124.511111111091 14232.777777777797 
324.00723361830495 10.0 0.0 31.0 106.0 14109.558765083431 14124.511111111091 14232.777777777797 
325.00723361830495 10.0 0.0 31.0 106.0 14109.292518204704 14106.896296296318 14232.777777777797 
326.00723361830495 10.0 0.0 31.0 106.0 14109.052896013885 14106.896296296318 14232.777777777797 
327.00723361830495 10.0 0.0 31.0 106.0 14108.837236042116 14106.896296296318 14232.777777777797 
328.00723361830495 10.0 0.0 31.0 106.0 14108.64314206752 14106.896296296318 14232.777777777797 
329.00723361830495 10.0 0.0 31.0 106.0 14108.468457490408 14106.896296296318 14232.777777777797 
330.00723361830495 10.0 0.0 32.0 106.0 14108.311241371004 14106.896296296318 14232.777777777797 
331.00723361830495 10.0 0.0 32.0 106.0 14107.857154270941 14103.77037037036 14232.777777777797 
332.00723361830495 10.0 0.0 32.0 106.0 14107.448475880889 14103.77037037036 14232.777777777797 
333.00723361830495 10.0 0.0 32.0 106.0 14107.080665329826 14103.77037037036 14232.777777777797 
334.00723361830495 10.0 0.0 32.0 106.0 14106.749635833892 14103.77037037036 14232.777777777797 
335.00723361830495 10.0 0.0 32.0 106.0 14106.451709287538 14103.77037037036 14232.777777777797 
336.00723361830495 10.0 0.0 32.0 105.0 14106.18357539582 14103.77037037036 14232.777777777797 
337.00723361830495 10.0 0.0 32.0 105.0 14105.942254893283 14103.77037037036 14232.777777777797 
338.00723361830495 10.0 0.0 32.0 105.0 14105.725066440988 14103.77037037036 14232.777777777797 
339.00723361830495 10.0 0.0 32.0 105.0 14105.5295968339 14103.77037037036 14232.777777777797 
340.00723361830495 10.0 0.0 34.0 105.0 14105.353674187574 14103.77037037036 14232.777777777797 
341.00723361830495 10.0 0.0 34.0 105.0 14103.121269731768 14083.029629629666 14232.777777777797 
342.00723361830495 10.0 0.0 35.0 105.0 14101.112105721539 14083.029629629666 14232.777777777797 
343.00723361830495 10.0 0.0 35.0 105.0 14098.99126551978 14079.903703703707 14232.777777777797 
344.00723361830495 10.0 0.0 35.0 105.0 14097.08250933817 14079.903703703707 14232.777777777797 
345.00723361830495 10.0 0.0 35.0 105.0 14095.36462877472 14079.903703703707 14232.777777777797 
346.00723361830495 10.0 0.0 35.0 104.0 14093.818536267621 14079.903703703707 14232.777777777797 
347.00723361830495 10.0 0.0 35.0 104.0 14092.427053011212 14079.903703703707 14232.777777777797 
348.00723361830495 10.0 0.0 36.0 103.0 14091.174718080474 14079.903703703707 14232.777777777797 
349.00723361830495 10.0 0.0 36.0 103.0 14089.735024050206 14076.777777777797 14232.777777777797 
350.00723361830495 10.0 0.0 36.0 103.0 14088.439299422937 14076.777777777797 14232.777777777797 
351.00723361830495 10.0 0.0 36.0 103.0 14087.273147258446 14076.777777777797 14232.777777777797 
352.00723361830495 11.0 0.0 35.0 103.0 14086.223610310393 14076.777777777797 14232.777777777797 
353.00723361830495 11.0 0.0 35.0 103.0 14085.591619649726 14079.903703703707 14232.777777777797 
354.00723361830495 11.0 0.0 35.0 102.0 14085.022828055124 14079.903703703707 14232.777777777797 
355.00723361830495 11.0 0.0 35.0 102.0 14084.510915619947 14079.903703703707 14232.777777777797 
356.00723361830495 11.0 0.0 35.0 102.0 14084.050194428359 14079.903703703707 14232.777777777797 
357.00723361830495 11.0 0.0 35.0 102.0 14083.63554535588 14079.903703703707 14232.777777777797 
358.00723361830495 11.0 0.0 35.0 102.0 14083.262361190658 14079.903703703707 14232.777777777797 
359.00723361830495 11.0 0.0 36.0 102.0 14082.926495441976 14079.903703703707 14232.777777777797 
360.00723361830495 11.0 0.0 37.0 103.0 14080.862734786642 14062.288888888881 14232.777777777797 
361.00723361830495 11.0 0.0 37.0 103.0 14078.692757604298 14059.162962962962 14232.777777777797 
362.00723361830495 11.0 0.0 37.0 103.0 14076.739778140147 14059.162962962962 14232.777777777797 
363.00723361830495 11.0 0.0 37.0 103.0 14074.982096622423 14059.162962962962 14232.777777777797 
364.00723361830495 11.0 0.0 38.0 103.0 14073.400183256494 14059.162962962962 14232.777777777797 
365.00723361830495 11.0 0.0 38.0 103.0 14071.97646122714 14059.162962962962 14232.777777777797 
366.00723361830495 11.0 0.0 38.0 102.0 14068.933629919242 14041.54814814815 14232.777777777797 
367.00723361830495 11.0 0.0 38.0 102.0 14066.195081742142 14041.54814814815 14232.777777777797 
368.00723361830495 11.0 0.0 38.0 102.0 14063.730388382748 14041.54814814815 14232.777777777797 
369.00723361830495 11.0 0.0 38.0 102.0 14061.512164359268 14041.54814814815 14232.777777777797 
370.00723361830495 11.0 0.0 38.0 102.0 14059.51576273815 14041.54814814815 14232.777777777797 
371.00723361830495 12.0 0.0 37.0 102.0 14057.719001279143 14041.54814814815 14232.777777777797 
372.00723361830495 12.0 0.0 37.0 102.0 14056.41450855865 14044.674074074106 14232.777777777797 
373.00723361830495 12.0 0.0 37.0 102.0 14055.240465110208 14044.674074074106 14232.777777777797 
374.00723361830495 12.0 0.0 37.0 102.0 14054.183826006585 14044.674074074106 14232.777777777797 
375.00723361830495 13.0 0.0 36.0 102.0 14053.23285081334 14044.674074074106 14232.777777777797 
376.00723361830495 13.0 0.0 37.0 102.0 14054.138454620894 14062.288888888881 14232.777777777797 
377.00723361830495 13.0 0.0 38.0 102.0 14053.192016566216 14044.674074074106 14232.777777777797 
378.00723361830495 13.0 0.0 38.0 102.0 14052.027629724402 14041.54814814815 14232.777777777797 
379.00723361830495 13.0 0.0 38.0 103.0 14050.979681566756 14041.54814814815 14232.777777777797 
380.00723361830495 13.0 0.0 38.0 103.0 14050.03652822491 14041.54814814815 14232.777777777797 
381.00723361830495 13.0 0.0 38.0 103.0 14049.187690217215 14041.54814814815 14232.777777777797 
382.00723361830495 13.0 0.0 38.0 103.0 14048.423736010334 14041.54814814815 14232.777777777797 
383.00723361830495 13.0 0.0 38.0 102.0 14047.736177224107 14041.54814814815 14232.777777777797 
384.00723361830495 13.0 0.0 38.0 102.0 14047.117374316496 14041.54814814815 14232.777777777797 
385.00723361830495 13.0 0.0 38.0 102.0 14046.560451699688 14041.54814814815 14232.777777777797 
386.00723361830495 14.0 0.0 37.0 102.0 14046.059221344514 14041.54814814815 14232.777777777797 
387.00723361830495 14.0 0.0 37.0 102.0 14047.369595506367 14059.162962962962 14232.777777777797 
388.00723361830495 14.0 0.0 37.0 102.0 14048.548932252043 14059.162962962962 14232.777777777797 
389.00723361830495 14.0 0.0 37.0 102.0 14049.61033532312 14059.162962962962 14232.777777777797 
390.00723361830495 14.0 0.0 37.0 102.0 14050.565598087089 14059.162962962962 14232.777777777797 
391.00723361830495 14.0 0.0 37.0 102.0 14051.425334574706 14059.162962962962 14232.777777777797 
392.00723361830495 14.0 0.0 37.0 102.0 14052.199097413499 14059.162962962962 14232.777777777797 
393.00723361830495 15.0 0.0 36.0 102.0 14052.895483968463 14059.162962962962 14232.777777777797 
394.00723361830495 15.0 0.0 36.0 102.0 14055.283713349405 14076.777777777797 14232.777777777797 
395.00723361830495 15.0 0.0 36.0 102.0 14057.433119792218 14076.777777777797 14232.777777777797 
396.00723361830495 15.0 0.0 36.0 102.0 14059.367585590775 14076.777777777797 14232.777777777797 
397.00723361830495 15.0 0.0 36.0 102.0 14061.108604809477 14076.777777777797 14232.777777777797 
398.00723361830495 15.0 0.0 36.0 102.0 14062.675522106316 14076.777777777797 14232.777777777797 
399.00723361830495 15.0 0.0 37.0 102.0 14064.085747673484 14076.777777777797 14232.777777777797 
400.00723361830495 16.0 0.0 36.0 102.0 14063.593469202408 14059.162962962962 14232.777777777797 
401.00723361830495 16.0 0.0 36.0 102.0 14064.911900059955 14076.777777777797 14232.777777777797 
402.00723361830495 16.0 0.0 36.0 102.0 14066.098487831729 14076.777777777797 14232.777777777797 
403.00723361830495 16.0 0.0 36.0 102.0 14067.16641682634 14076.777777777797 14232.777777777797 
404.00723361830495 16.0 0.0 36.0 102.0 14068.12755292147 14076.777777777797 14232.777777777797 
405.00723361830495 16.0 0.0 36.0 102.0 14068.99257540711 14076.777777777797 14232.777777777797 
406.00723361830495 16.0 0.0 36.0 102.0 14069.771095644159 14076.777777777797 14232.777777777797 
407.00723361830495 16.0 0.0 36.0 102.0 14070.471763857533 14076.777777777797 14232.777777777797 
408.00723361830495 16.0 0.0 37.0 102.0 14071.102365249575 14076.777777777797 14232.777777777797 
409.00723361830495 16.0 0.0 37.0 102.0 14071.357313909783 14073.651851851839 14232.777777777797 
410.00723361830495 16.0 0.0 37.0 102.0 14071.586767703995 14073.651851851839 14232.777777777797 
411.00723361830495 17.0 0.0 36.0 102.0 14071.79327611877 14073.651851851839 14232.777777777797 
412.00723361830495 17.0 0.0 36.0 102.0 14072.291726284695 14076.777777777797 14232.777777777797 
413.00723361830495 17.0 0.0 36.0 102.0 14072.74033143401 14076.777777777797 14232.777777777797 
414.00723361830495 17.0 0.0 36.0 101.0 14073.144076068354 14076.777777777797 14232.777777777797 
415.00723361830495 17.0 0.0 36.0 101.0 14073.507446239304 14076.777777777797 14232.777777777797 
416.00723361830495 17.0 0.0 36.0 101.0 14073.83447939314 14076.777777777797 14232.777777777797 
417.00723361830495 17.0 0.0 36.0 101.0 14074.128809231635 14076.777777777797 14232.777777777797 
418.00723361830495 17.0 0.0 36.0 101.0 14074.393706086232 14076.777777777797 14232.777777777797 
419.00723361830495 17.0 0.0 36.0 102.0 14074.63211325538 14076.777777777797 14232.777777777797 
420.00723361830495 17.0 0.0 37.0 102.0 14074.84667970763 14076.777777777797 14232.777777777797 
421.00723361830495 17.0 0.0 37.0 102.0 14074.72719692204 14073.651851851839 14232.777777777797 
422.00723361830495 17.0 0.0 37.0 102.0 14074.619662415047 14073.651851851839 14232.777777777797 
423.00723361830495 17.0 0.0 37.0 102.0 14074.522881358711 14073.651851851839 14232.777777777797 
424.00723361830495 17.0 0.0 37.0 102.0 14074.435778408006 14073.651851851839 14232.777777777797 
425.00723361830495 17.0 0.0 37.0 102.0 14074.35738575241 14073.651851851839 14232.777777777797 
426.00723361830495 17.0 0.0 37.0 101.0 14074.286832362355 14073.651851851839 14232.777777777797 
427.00723361830495 17.0 0.0 37.0 101.0 14074.223334311313 14073.651851851839 14232.777777777797 
428.00723361830495 17.0 0.0 37.0 101.0 14074.166186065337 14073.651851851839 14232.777777777797 
429.00723361830495 17.0 0.0 37.0 101.0 14074.114752644018 14073.651851851839 14232.777777777797 
430.00723361830495 17.0 0.0 37.0 101.0 14074.068462564775 14073.651851851839 14232.777777777797 
431.00723361830495 17.0 0.0 37.0 101.0 14074.026801493499 14073.651851851839 14232.777777777797 
432.00723361830495 17.0 0.0 37.0 101.0 14073.98930652935 14073.651851851839 14232.777777777797 
433.00723361830495 17.0 0.0 37.0 101.0 14073.95556106157 14073.651851851839 14232.777777777797 
434.00723361830495 17.0 0.0 37.0 101.0 14073.925190140617 14073.651851851839 14232.777777777797 
435.00723361830495 17.0 0.0 37.0 101.0 14073.897856311736 14073.651851851839 14232.777777777797 
436.00723361830495 17.0 0.0 37.0 101.0 14073.873255865752 14073.651851851839 14232.777777777797 
437.00723361830495 17.0 0.0 37.0 101.0 14073.85111546435 14073.651851851839 14232.777777777797 
438.00723361830495 17.0 0.0 37.0 101.0 14073.831189103108 14073.651851851839 14232.777777777797 
439.00723361830495 17.0 0.0 37.0 101.0 14073.813255377987 14073.651851851839 14232.777777777797 
440.00723361830495 17.0 0.0 38.0 101.0 14073.797115025374 14073.651851851839 14232.777777777797 
441.00723361830495 17.0 0.0 38.0 101.0 14072.021107226536 14056.037037037013 14232.777777777797 
442.00723361830495 17.0 0.0 38.0 101.0 14070.422700207584 14056.037037037013 14232.777777777797 
443.00723361830495 17.0 0.0 39.0 101.0 14068.984133890532 14056.037037037013 14232.777777777797 
444.00723361830495 17.0 0.0 39.0 101.0 14065.928683464455 14038.429629629629 14232.777777777797 
445.00723361830495 17.0 0.0 41.0 101.0 14063.178778080954 14038.429629629629 14232.777777777797 
446.00723361830495 17.0 0.0 41.0 101.0 14058.62978916177 14017.688888888892 14232.777777777797 
447.00723361830495 17.0 0.0 41.0 101.0 14054.53569913447 14017.688888888892 14232.777777777797 
448.00723361830495 17.0 0.0 41.0 101.0 14050.851018109905 14017.688888888892 14232.777777777797 
449.00723361830495 17.0 0.0 41.0 101.0 14047.534805187805 14017.688888888892 14232.777777777797 
450.00723361830495 17.0 0.0 41.0 101.0 14044.550213557917 14017.688888888892 14232.777777777797 
451.00723361830495 17.0 0.0 41.0 100.0 14041.864081091015 14017.688888888892 14232.777777777797 
452.00723361830495 17.0 0.0 42.0 100.0 14039.446561870805 14017.688888888892 14232.777777777797 
453.00723361830495 17.0 0.0 43.0 100.0 14036.958201980033 14014.562962962935 14232.777777777797 
454.00723361830495 17.0 0.0 43.0 100.0 14034.71867807831 14014.562962962935 14232.777777777797 
455.00723361830495 17.0 0.0 43.0 100.0 14030.941625085301 13996.94814814816 14232.777777777797 
456.00723361830495 17.0 0.0 43.0 100.0 14027.542277391594 13996.94814814816 14232.777777777797 
457.00723361830495 17.0 0.0 44.0 100.0 14024.48286446725 13996.94814814816 14232.777777777797 
458.00723361830495 17.0 0.0 44.0 99.0 14021.416800242729 13993.82222222224 14232.777777777797 
459.00723361830495 18.0 0.0 43.0 99.0 14018.657342440687 13993.82222222224 14232.777777777797 
460.00723361830495 18.0 0.0 44.0 99.0 14017.93531190032 14011.437037037065 14232.777777777797 
461.00723361830495 20.0 0.0 42.0 99.0 14015.52400293252 13993.82222222224 14232.777777777797 
462.00723361830495 20.0 0.0 43.0 99.0 14016.876787824438 14029.05185185184 14232.777777777797 
463.00723361830495 20.0 0.0 44.0 98.0 14018.094294227178 14029.05185185184 14232.777777777797 
464.00723361830495 20.0 0.0 44.0 98.0 14017.428568508172 14011.437037037065 14232.777777777797 
465.00723361830495 20.0 0.0 44.0 98.0 14015.068674620314 13993.82962962964 14232.777777777797 
466.00723361830495 21.0 0.0 43.0 98.0 14012.944770121241 13993.82962962964 14232.777777777797 
467.00723361830495 21.0 0.0 43.0 98.0 14012.793996812841 14011.437037037065 14232.777777777797 
468.00723361830495 21.0 0.0 43.0 98.0 14012.658300835243 14011.437037037065 14232.777777777797 
469.00723361830495 21.0 0.0 43.0 98.0 14012.53617445543 14011.437037037065 14232.777777777797 
470.00723361830495 21.0 0.0 43.0 98.0 14012.426260713593 14011.437037037065 14232.777777777797 
471.00723361830495 21.0 0.0 43.0 98.0 14012.327338345927 14011.437037037065 14232.777777777797 
472.00723361830495 21.0 0.0 43.0 98.0 14012.238308215037 14011.437037037065 14232.777777777797 
473.00723361830495 21.0 0.0 43.0 98.0 14012.158181097233 14011.437037037065 14232.777777777797 
474.00723361830495 21.0 0.0 43.0 98.0 14012.086066691227 14011.437037037065 14232.777777777797 
475.00723361830495 21.0 0.0 43.0 98.0 14012.021163725818 14011.437037037065 14232.777777777797 
476.00723361830495 21.0 0.0 43.0 98.0 14011.96275105693 14011.437037037065 14232.777777777797 
477.00723361830495 21.0 0.0 43.0 98.0 14011.91017965494 14011.437037037065 14232.777777777797 
478.00723361830495 21.0 0.0 43.0 98.0 14011.862865393146 14011.437037037065 14232.777777777797 
479.00723361830495 21.0 0.0 45.0 98.0 14011.820282557548 14011.437037037065 14232.777777777797 
480.00723361830495 21.0 0.0 45.0 98.0 14009.70788393139 13990.696296296284 14232.777777777797 
481.00723361830495 21.0 0.0 47.0 98.0 14007.806725167895 13990.696296296284 14232.777777777797 
482.00723361830495 21.0 0.0 48.0 98.0 14004.021608206654 13969.95555555556 14232.777777777797 
483.00723361830495 21.0 0.0 49.0 98.0 14000.615002941546 13969.95555555556 14232.777777777797 
484.00723361830495 21.0 0.0 49.0 98.0 13994.026835980736 13934.733333333343 14232.777777777797 
485.00723361830495 21.0 0.0 50.0 97.0 13988.097485716 13934.733333333343 14232.777777777797 
486.00723361830495 21.0 0.0 50.0 97.0 13982.448477885131 13931.607407407428 14232.777777777797 
487.00723361830495 21.0 0.0 50.0 96.0 13977.364370837367 13931.607407407428 14232.777777777797 
488.00723361830495 22.0 0.0 49.0 96.0 13972.788674494373 13931.607407407428 14232.777777777797 
489.00723361830495 22.0 0.0 49.0 96.0 13970.43202926715 13949.222222222203 14232.777777777797 
490.00723361830495 22.0 0.0 49.0 96.0 13968.311048562671 13949.222222222203 14232.777777777797 
491.00723361830495 22.0 0.0 50.0 95.0 13966.402165928612 13949.222222222203 14232.777777777797 
492.00723361830495 22.0 0.0 50.0 95.0 13964.684171557978 13949.222222222203 14232.777777777797 
493.00723361830495 22.0 0.0 50.0 95.0 13961.376495142913 13931.607407407428 14232.777777777797 
494.00723361830495 22.0 0.0 50.0 95.0 13958.399586369369 13931.607407407428 14232.777777777797 
495.00723361830495 22.0 0.0 51.0 95.0 13955.72036847317 13931.607407407428 14232.777777777797 
496.00723361830495 22.0 0.0 51.0 95.0 13951.54833162586 13914.0 14232.777777777797 
497.00723361830495 22.0 0.0 51.0 95.0 13947.79349846328 13914.0 14232.777777777797 
498.00723361830495 22.0 0.0 51.0 95.0 13944.414148616945 13914.0 14232.777777777797 
499.00723361830495 22.0 0.0 51.0 95.0 13941.372733755235 13914.0 14232.777777777797 
500.00723361830495 22.0 0.0 51.0 95.0 13938.635460379706 13914.0 14232.777777777797 
501.00723361830495 22.0 0.0 51.0 95.0 13936.171914341743 13914.0 14232.777777777797 
502.00723361830495 22.0 0.0 51.0 95.0 13933.954722907558 13914.0 14232.777777777797 
503.00723361830495 22.0 0.0 51.0 95.0 13931.959250616808 13914.0 14232.777777777797 
504.00723361830495 22.0 0.0 51.0 95.0 13930.163325555124 13914.0 14232.777777777797 
505.00723361830495 22.0 0.0 51.0 95.0 13928.546992999618 13914.0 14232.777777777797 
506.00723361830495 22.0 0.0 53.0 95.0 13927.092293699658 13914.0 14232.777777777797 
507.00723361830495 22.0 0.0 53.0 95.0 13925.157879144506 13907.748148148132 14232.777777777797 
508.00723361830495 22.0 0.0 53.0 95.0 13923.416906044895 13907.748148148132 14232.777777777797 
509.00723361830495 22.0 0.0 53.0 95.0 13921.8500302552 13907.748148148132 14232.777777777797 
510.00723361830495 22.0 0.0 53.0 95.0 13920.43984204449 13907.748148148132 14232.777777777797 
511.00723361830495 22.0 0.0 53.0 95.0 13919.170672654851 13907.748148148132 14232.777777777797 
512.007233618305 22.0 0.0 53.0 93.0 13918.028420204182 13907.748148148132 14232.777777777797 
513.007233618305 22.0 0.0 53.0 93.0 13917.00039299859 13907.748148148132 14232.777777777797 
514.007233618305 22.0 0.0 53.0 93.0 13916.07516851354 13907.748148148132 14232.777777777797 
515.007233618305 22.0 0.0 53.0 93.0 13915.242466477015 13907.748148148132 14232.777777777797 
516.007233618305 22.0 0.0 55.0 93.0 13914.493034644112 13907.748148148132 14232.777777777797 
517.007233618305 22.0 0.0 55.0 93.0 13911.744471920458 13887.0074074074 14232.777777777797 
518.007233618305 22.0 0.0 55.0 93.0 13909.270765469133 13887.0074074074 14232.777777777797 
519.007233618305 22.0 0.0 55.0 93.0 13907.044429662972 13887.0074074074 14232.777777777797 
520.007233618305 22.0 0.0 55.0 93.0 13905.040727437403 13887.0074074074 14232.777777777797 
521.007233618305 22.0 0.0 55.0 93.0 13903.237395434417 13887.0074074074 14232.777777777797 
522.007233618305 22.0 0.0 55.0 92.0 13901.61439663171 13887.0074074074 14232.777777777797 
523.007233618305 22.0 0.0 55.0 92.0 13900.153697709267 13887.0074074074 14232.777777777797 
524.007233618305 23.0 0.0 54.0 92.0 13898.839068679077 13887.0074074074 14232.777777777797 
525.007233618305 24.0 0.0 53.0 92.0 13899.416643292676 13904.614814814824 14232.777777777797 
526.007233618305 24.0 0.0 53.0 92.0 13900.249053037465 13907.740740740734 14232.777777777797 
527.007233618305 25.0 0.0 53.0 92.0 13900.998221807798 13907.740740740734 14232.777777777797 
528.007233618305 25.0 0.0 53.0 92.0 13901.671732960354 13907.733333333343 14232.777777777797 
529.007233618305 25.0 0.0 53.0 92.0 13902.277892997652 13907.733333333343 14232.777777777797 
530.007233618305 25.0 0.0 53.0 92.0 13902.823437031224 13907.733333333343 14232.777777777797 
531.007233618305 25.0 0.0 53.0 92.0 13903.314426661425 13907.733333333343 14232.777777777797 
532.007233618305 25.0 0.0 54.0 92.0 13903.75631732861 13907.733333333343 14232.777777777797 
533.007233618305 25.0 0.0 54.0 93.0 13902.393278188367 13890.125925925919 14232.777777777797 
534.007233618305 25.0 0.0 54.0 93.0 13901.166542962112 13890.125925925919 14232.777777777797 
535.007233618305 25.0 0.0 55.0 93.0 13900.062481258474 13890.125925925919 14232.777777777797 
536.007233618305 25.0 0.0 56.0 93.0 13897.307344243744 13872.511111111091 14232.777777777797 
537.007233618305 25.0 0.0 56.0 93.0 13894.5151283379 13869.385185185174 14232.777777777797 
538.007233618305 25.0 0.0 56.0 93.0 13892.002134022627 13869.385185185174 14232.777777777797 
539.007233618305 25.0 0.0 56.0 93.0 13889.74043913889 13869.385185185174 14232.777777777797 
540.007233618305 25.0 0.0 56.0 93.0 13887.704913743502 13869.385185185174 14232.777777777797 
541.007233618305 26.0 0.0 55.0 93.0 13885.872940887672 13869.385185185174 14232.777777777797 
542.007233618305 27.0 0.0 54.0 92.0 13885.985646798916 13887.0 14232.777777777797 
543.007233618305 27.0 0.0 54.0 92.0 13887.848563600504 13904.614814814824 14232.777777777797 
544.007233618305 27.0 0.0 54.0 92.0 13889.525188721924 13904.614814814824 14232.777777777797 
545.007233618305 27.0 0.0 55.0 92.0 13891.034151331225 13904.614814814824 14232.777777777797 
546.007233618305 27.0 0.0 55.0 92.0 13892.079625086979 13901.488888888909 14232.777777777797 
547.007233618305 27.0 0.0 55.0 92.0 13893.020551467178 13901.488888888909 14232.777777777797 
548.007233618305 27.0 0.0 55.0 92.0 13893.867385209365 13901.488888888909 14232.777777777797 
549.007233618305 27.0 0.0 55.0 92.0 13894.629535577316 13901.488888888909 14232.777777777797 
550.007233618305 27.0 0.0 55.0 92.0 13895.315470908465 13901.488888888909 14232.777777777797 
551.007233618305 27.0 0.0 55.0 91.0 13895.932812706507 13901.488888888909 14232.777777777797 
552.007233618305 27.0 0.0 55.0 91.0 13896.488420324753 13901.488888888909 14232.777777777797 
553.007233618305 27.0 0.0 55.0 91.0 13896.988467181178 13901.488888888909 14232.777777777797 
554.007233618305 27.0 0.0 55.0 91.0 13897.438509351925 13901.488888888909 14232.777777777797 
555.007233618305 27.0 0.0 55.0 91.0 13897.843547305622 13901.488888888909 14232.777777777797 
556.007233618305 29.0 0.0 54.0 91.0 13899.969562945442 13919.103703703682 14232.777777777797 
557.007233618305 29.0 0.0 54.0 91.0 13901.88297702126 13919.103703703682 14232.777777777797 
558.007233618305 29.0 0.0 54.0 91.0 13903.605049689491 13919.103703703682 14232.777777777797 
559.007233618305 30.0 0.0 53.0 91.0 13905.154915090934 13919.103703703682 14232.777777777797 
560.007233618305 30.0 0.0 53.0 91.0 13906.862386544793 13922.22962962964 14232.777777777797 
561.007233618305 30.0 0.0 53.0 91.0 13908.39911085328 13922.22962962964 14232.777777777797 
562.007233618305 30.0 0.0 53.0 90.0 13909.782162730915 13922.22962962964 14232.777777777797 
563.007233618305 30.0 0.0 53.0 90.0 13911.026909420802 13922.22962962964 14232.777777777797 
564.007233618305 30.0 0.0 53.0 91.0 13912.14718144166 13922.22962962964 14232.777777777797 
565.007233618305 31.0 0.0 52.0 91.0 13913.155426260464 13922.22962962964 14232.777777777797 
566.007233618305 31.0 0.0 52.0 91.0 13915.823587338122 13939.83703703704 14232.777777777797 
567.007233618305 31.0 0.0 52.0 92.0 13918.224932308003 13939.83703703704 14232.777777777797 
568.007233618305 31.0 0.0 52.0 92.0 13920.386142780915 13939.83703703704 14232.777777777797 
569.007233618305 31.0 0.0 52.0 92.0 13922.331232206529 13939.83703703704 14232.777777777797 
570.007233618305 31.0 0.0 52.0 92.0 13924.08181268959 13939.83703703704 14232.777777777797 
571.007233618305 31.0 0.0 52.0 92.0 13925.657335124331 13939.83703703704 14232.777777777797 
572.007233618305 31.0 0.0 52.0 92.0 13927.075305315599 13939.83703703704 14232.777777777797 
573.007233618305 32.0 0.0 51.0 92.0 13928.351478487744 13939.83703703704 14232.777777777797 
574.007233618305 32.0 0.0 51.0 92.0 13931.26151582416 13957.45185185185 14232.777777777797 
575.007233618305 32.0 0.0 51.0 92.0 13933.88054942693 13957.45185185185 14232.777777777797 
576.007233618305 32.0 0.0 51.0 92.0 13936.237679669423 13957.45185185185 14232.777777777797 
577.007233618305 32.0 0.0 51.0 92.0 13938.359096887654 13957.45185185185 14232.777777777797 
578.007233618305 32.0 0.0 51.0 92.0 13940.268372384062 13957.45185185185 14232.777777777797 
579.007233618305 32.0 0.0 51.0 92.0 13941.98672033085 13957.45185185185 14232.777777777797 
580.007233618305 33.0 0.0 50.0 92.0 13943.53323348296 13957.45185185185 14232.777777777797 
581.007233618305 33.0 0.0 50.0 92.0 13946.686576801316 13975.066666666678 14232.777777777797 
582.007233618305 33.0 0.0 50.0 92.0 13949.524585787844 13975.066666666678 14232.777777777797 
583.007233618305 33.0 0.0 50.0 92.0 13952.078793875746 13975.066666666678 14232.777777777797 
584.007233618305 34.0 0.0 49.0 92.0 13954.37758115483 13975.066666666678 14232.777777777797 
585.007233618305 34.0 0.0 49.0 92.0 13956.759082298604 13978.19259259259 14232.777777777797 
586.007233618305 34.0 0.0 49.0 92.0 13958.902433328005 13978.19259259259 14232.777777777797 
587.007233618305 34.0 0.0 50.0 92.0 13960.83144925448 13978.19259259259 14232.777777777797 
588.007233618305 34.0 0.0 50.0 92.0 13960.806082106796 13960.577777777764 14232.777777777797 
589.007233618305 34.0 0.0 50.0 92.0 13960.783251673885 13960.577777777764 14232.777777777797 
590.007233618305 34.0 0.0 50.0 92.0 13960.76270428428 13960.577777777764 14232.777777777797 
591.007233618305 34.0 0.0 50.0 92.0 13960.744211633626 13960.577777777764 14232.777777777797 
592.007233618305 35.0 0.0 50.0 93.0 13962.489049729531 13978.19259259259 14232.777777777797 
593.007233618305 35.0 0.0 50.0 93.0 13963.746811423256 13975.066666666678 14232.777777777797 
594.007233618305 35.0 0.0 50.0 93.0 13964.878796947589 13975.066666666678 14232.777777777797 
595.007233618305 36.0 0.0 49.0 93.0 13965.897583919488 13975.066666666678 14232.777777777797 
596.007233618305 36.0 0.0 49.0 93.0 13968.575973675697 13992.681481481453 14232.777777777797 
597.007233618305 36.0 0.0 50.0 93.0 13970.986524456273 13992.681481481453 14232.777777777797 
598.007233618305 36.0 0.0 50.0 92.0 13971.395279418046 13975.07407407407 14232.777777777797 
599.007233618305 36.0 0.0 51.0 92.0 13971.763158883645 13975.07407407407 14232.777777777797 
600.007233618305 36.0 0.0 51.0 92.0 13970.33350966195 13957.46666666668 14232.777777777797 
#####################################################################
# End of data export. Simulation finished at: 2020-02-15T07:11+0000 #
#####################################################################
