#####################################################################
# Alchemist log file - simulation started at: 2020-02-04T03:31+0000 #
#####################################################################
# seed = 7.0, meanTaskSize = 1000, smoothing = 0.03, grain = 1600.0, peakFrequency = 0.01
#
# The columns have the following meaning: 
# time done[Sum] drop[Sum] waiting[Sum] isLeader[Sum] capacity[Mean] freeCapacity[Mean] maxCapacity[Mean] 
0.0 NaN 0.0 NaN NaN NaN NaN NaN 
1.0042631798645665 0.0 0.0 0.0 135.0 14232.777777777797 14232.777777777797 14232.777777777797 
2.0042631798645667 0.0 0.0 0.0 135.0 14232.777777777797 14232.777777777797 14232.777777777797 
3.0042631798645667 0.0 0.0 0.0 135.0 14232.777777777797 14232.777777777797 14232.777777777797 
4.004263179864567 0.0 0.0 0.0 135.0 14232.777777777797 14232.777777777797 14232.777777777797 
5.004263179864567 0.0 0.0 0.0 135.0 14232.777777777797 14232.777777777797 14232.777777777797 
6.004263179864567 0.0 0.0 0.0 135.0 14232.777777777797 14232.777777777797 14232.777777777797 
7.004263179864567 0.0 0.0 0.0 135.0 14232.777777777797 14232.777777777797 14232.777777777797 
8.004263179864566 0.0 0.0 0.0 135.0 14232.777777777797 14232.777777777797 14232.777777777797 
9.004263179864566 0.0 0.0 0.0 135.0 14232.777777777797 14232.777777777797 14232.777777777797 
10.004263179864566 0.0 0.0 0.0 135.0 14232.777777777797 14232.777777777797 14232.777777777797 
11.004263179864566 0.0 0.0 0.0 135.0 14232.777777777797 14232.777777777797 14232.777777777797 
12.004263179864566 0.0 0.0 0.0 135.0 14232.777777777797 14232.777777777797 14232.777777777797 
13.004263179864566 0.0 0.0 0.0 135.0 14232.777777777797 14232.777777777797 14232.777777777797 
14.004263179864566 0.0 0.0 0.0 135.0 14232.777777777797 14232.777777777797 14232.777777777797 
15.004263179864566 0.0 0.0 0.0 135.0 14232.777777777797 14232.777777777797 14232.777777777797 
16.004263179864566 0.0 0.0 0.0 135.0 14232.777777777797 14232.777777777797 14232.777777777797 
17.004263179864566 0.0 0.0 1.0 135.0 14232.777777777797 14232.777777777797 14232.777777777797 
18.004263179864566 0.0 0.0 1.0 135.0 14232.249333333348 14215.162962962962 14232.777777777797 
19.004263179864566 0.0 0.0 2.0 135.0 14231.736742222229 14215.162962962962 14232.777777777797 
20.004263179864566 0.0 0.0 2.0 135.0 14231.145751066671 14212.037037037013 14232.777777777797 
21.004263179864566 0.0 0.0 2.0 135.0 14230.572489645763 14212.037037037013 14232.777777777797 
22.004263179864566 1.0 0.0 1.0 135.0 14230.016426067488 14212.037037037013 14232.777777777797 
23.004263179864566 1.0 0.0 1.0 135.0 14230.005488841018 14229.651851851839 14232.777777777797 
24.004263179864566 1.0 0.0 1.0 135.0 14229.994879731372 14229.651851851839 14232.777777777797 
25.004263179864566 1.0 0.0 2.0 135.0 14229.984588894979 14229.651851851839 14232.777777777797 
26.004263179864566 1.0 0.0 2.0 135.0 14229.88082900588 14226.525925925918 14232.777777777797 
27.004263179864566 1.0 0.0 3.0 134.0 14229.780181913527 14226.525925925918 14232.777777777797 
28.004263179864566 1.0 0.0 3.0 134.0 14229.588776456103 14223.400000000001 14232.777777777797 
29.004263179864566 1.0 0.0 3.0 134.0 14229.40311316245 14223.400000000001 14232.777777777797 
30.004263179864566 1.0 0.0 4.0 134.0 14229.22301976755 14223.400000000001 14232.777777777797 
31.004263179864566 1.0 0.0 4.0 134.0 14228.51988473008 14205.785185185186 14232.777777777797 
32.004263179864566 1.0 0.0 4.0 134.0 14227.837843743753 14205.785185185186 14232.777777777797 
33.004263179864566 1.0 0.0 4.0 133.0 14227.176263986965 14205.785185185186 14232.777777777797 
34.004263179864566 1.0 0.0 4.0 133.0 14226.53453162294 14205.785185185186 14232.777777777797 
35.004263179864566 1.0 0.0 4.0 132.0 14225.912051229823 14205.785185185186 14232.777777777797 
36.004263179864566 1.0 0.0 4.0 132.0 14225.308245248487 14205.785185185186 14232.777777777797 
37.004263179864566 1.0 0.0 4.0 132.0 14224.722553446549 14205.785185185186 14232.777777777797 
38.004263179864566 1.0 0.0 4.0 132.0 14224.154432398704 14205.785185185186 14232.777777777797 
39.004263179864566 1.0 0.0 4.0 132.0 14223.603354982288 14205.785185185186 14232.777777777797 
40.004263179864566 1.0 0.0 5.0 132.0 14223.068809888386 14205.785185185186 14232.777777777797 
41.004263179864566 2.0 0.0 4.0 132.0 14222.021856702848 14188.17037037036 14232.777777777797 
42.004263179864566 2.0 0.0 4.0 132.0 14221.534756557327 14205.785185185186 14232.777777777797 
43.004263179864566 2.0 0.0 4.0 132.0 14221.062269416148 14205.785185185186 14232.777777777797 
44.004263179864566 3.0 0.0 3.0 132.0 14220.60395688924 14205.785185185186 14232.777777777797 
45.004263179864566 3.0 0.0 3.0 132.0 14220.687838182554 14223.400000000001 14232.777777777797 
46.004263179864566 3.0 0.0 3.0 132.0 14220.769203037104 14223.400000000001 14232.777777777797 
47.004263179864566 3.0 0.0 3.0 132.0 14220.848126945937 14223.400000000001 14232.777777777797 
48.004263179864566 3.0 0.0 3.0 132.0 14220.924683137599 14223.400000000001 14232.777777777797 
49.004263179864566 3.0 0.0 3.0 132.0 14220.998942643488 14223.400000000001 14232.777777777797 
50.004263179864566 3.0 0.0 3.0 132.0 14221.070974364135 14223.400000000001 14232.777777777797 
51.004263179864566 3.0 0.0 3.0 132.0 14221.140845133232 14223.400000000001 14232.777777777797 
52.004263179864566 3.0 0.0 3.0 132.0 14221.208619779247 14223.400000000001 14232.777777777797 
53.004263179864566 3.0 0.0 3.0 132.0 14221.274361185842 14223.400000000001 14232.777777777797 
54.004263179864566 3.0 0.0 3.0 132.0 14221.338130350307 14223.400000000001 14232.777777777797 
55.004263179864566 3.0 0.0 3.0 132.0 14221.399986439772 14223.400000000001 14232.777777777797 
56.004263179864566 3.0 0.0 3.0 132.0 14221.459986846576 14223.400000000001 14232.777777777797 
57.004263179864566 3.0 0.0 3.0 132.0 14221.518187241194 14223.400000000001 14232.777777777797 
58.004263179864566 3.0 0.0 3.0 132.0 14221.574641623914 14223.400000000001 14232.777777777797 
59.004263179864566 3.0 0.0 3.0 132.0 14221.629402375229 14223.400000000001 14232.777777777797 
60.004263179864566 3.0 0.0 3.0 132.0 14221.682520303973 14223.400000000001 14232.777777777797 
61.004263179864566 3.0 0.0 3.0 132.0 14221.734044694877 14223.400000000001 14232.777777777797 
62.004263179864566 3.0 0.0 3.0 132.0 14221.784023353972 14223.400000000001 14232.777777777797 
63.004263179864566 3.0 0.0 3.0 132.0 14221.832502653408 14223.400000000001 14232.777777777797 
64.00426317986457 3.0 0.0 3.0 132.0 14221.879527573785 14223.400000000001 14232.777777777797 
65.00426317986457 3.0 0.0 3.0 132.0 14221.925141746575 14223.400000000001 14232.777777777797 
66.00426317986457 3.0 0.0 3.0 132.0 14221.969387494175 14223.400000000001 14232.777777777797 
67.00426317986457 3.0 0.0 4.0 132.0 14222.01230586935 14223.400000000001 14232.777777777797 
68.00426317986457 3.0 0.0 4.0 132.0 14221.96015891549 14220.274074074052 14232.777777777797 
69.00426317986457 3.0 0.0 4.0 132.0 14221.909576370253 14220.274074074052 14232.777777777797 
70.00426317986457 3.0 0.0 4.0 132.0 14221.860511301382 14220.274074074052 14232.777777777797 
71.00426317986457 3.0 0.0 6.0 132.0 14221.81291818453 14220.274074074052 14232.777777777797 
72.00426317986457 4.0 0.0 5.0 132.0 14221.144530638983 14199.533333333318 14232.777777777797 
73.00426317986457 4.0 0.0 5.0 132.0 14221.024639164256 14217.14814814815 14232.777777777797 
74.00426317986457 4.0 0.0 5.0 132.0 14220.9083444338 14217.14814814815 14232.777777777797 
75.00426317986457 5.0 0.0 4.0 131.0 14220.795538545242 14217.14814814815 14232.777777777797 
76.00426317986457 5.0 0.0 4.0 131.0 14220.779894611087 14220.274074074052 14232.777777777797 
77.00426317986457 5.0 0.0 4.0 132.0 14220.764719994992 14220.274074074052 14232.777777777797 
78.00426317986457 5.0 0.0 5.0 132.0 14220.750000617341 14220.274074074052 14232.777777777797 
79.00426317986457 5.0 0.0 6.0 131.0 14220.641945043288 14217.14814814815 14232.777777777797 
80.00426317986457 6.0 0.0 6.0 131.0 14220.443353358642 14214.022222222226 14232.777777777797 
81.00426317986457 6.0 0.0 6.0 131.0 14220.250719424546 14214.022222222226 14232.777777777797 
82.00426317986457 6.0 0.0 6.0 131.0 14220.063864508482 14214.022222222226 14232.777777777797 
83.00426317986457 6.0 0.0 7.0 131.0 14219.882615239889 14214.022222222226 14232.777777777797 
84.00426317986457 6.0 0.0 8.0 131.0 14219.178359004934 14196.407407407401 14232.777777777797 
85.00426317986457 6.0 0.0 8.0 131.0 14218.401452679233 14193.281481481483 14232.777777777797 
86.00426317986457 6.0 0.0 8.0 130.0 14217.647853543289 14193.281481481483 14232.777777777797 
87.00426317986457 6.0 0.0 8.0 129.0 14216.916862381453 14193.281481481483 14232.777777777797 
88.00426317986457 6.0 0.0 8.0 128.0 14216.207800954433 14193.281481481483 14232.777777777797 
89.00426317986457 6.0 0.0 9.0 128.0 14215.520011370214 14193.281481481483 14232.777777777797 
90.00426317986457 6.0 0.0 9.0 128.0 14214.759077695804 14190.155555555531 14232.777777777797 
91.00426317986457 8.0 0.0 8.0 128.0 14214.02097203158 14190.155555555531 14232.777777777797 
92.00426317986457 9.0 0.0 8.0 128.0 14213.833453981762 14207.77037037036 14232.777777777797 
93.00426317986457 9.0 0.0 8.0 128.0 14213.65156147342 14207.77037037036 14232.777777777797 
94.00426317986457 9.0 0.0 8.0 128.0 14213.47512574035 14207.77037037036 14232.777777777797 
95.00426317986457 9.0 0.0 8.0 128.0 14213.303983079211 14207.77037037036 14232.777777777797 
96.00426317986457 9.0 0.0 9.0 128.0 14213.13797469797 14207.77037037036 14232.777777777797 
97.00426317986457 9.0 0.0 9.0 127.0 14212.976946568144 14207.77037037036 14232.777777777797 
98.00426317986457 9.0 0.0 9.0 127.0 14212.292304837754 14190.155555555531 14232.777777777797 
99.00426317986457 9.0 0.0 9.0 126.0 14211.6282023593 14190.155555555531 14232.777777777797 
100.00426317986457 9.0 0.0 9.0 125.0 14210.984022955185 14190.155555555531 14232.777777777797 
101.00426317986457 9.0 0.0 9.0 125.0 14210.359168933166 14190.155555555531 14232.777777777797 
102.00426317986457 9.0 0.0 9.0 125.0 14209.753060531855 14190.155555555531 14232.777777777797 
103.00426317986457 9.0 0.0 9.0 125.0 14209.165135382564 14190.155555555531 14232.777777777797 
104.00426317986457 9.0 0.0 9.0 125.0 14208.594847987746 14190.155555555531 14232.777777777797 
105.00426317986457 9.0 0.0 9.0 125.0 14208.041669214772 14190.155555555531 14232.777777777797 
106.00426317986457 9.0 0.0 9.0 125.0 14207.505085805044 14190.155555555531 14232.777777777797 
107.00426317986457 9.0 0.0 9.0 125.0 14206.984599897523 14190.155555555531 14232.777777777797 
108.00426317986457 9.0 0.0 10.0 125.0 14206.479728567281 14190.155555555531 14232.777777777797 
109.00426317986457 9.0 0.0 10.0 125.0 14205.896225599163 14187.029629629666 14232.777777777797 
110.00426317986457 9.0 0.0 10.0 125.0 14205.330227720044 14187.029629629666 14232.777777777797 
111.00426317986457 9.0 0.0 10.0 125.0 14204.781209777351 14187.029629629666 14232.777777777797 
112.00426317986457 9.0 0.0 10.0 125.0 14204.248662372924 14187.029629629666 14232.777777777797 
113.00426317986457 9.0 0.0 11.0 125.0 14203.732091390619 14187.029629629666 14232.777777777797 
114.00426317986457 9.0 0.0 11.0 125.0 14203.13746198225 14183.911111111145 14232.777777777797 
115.00426317986457 9.0 0.0 11.0 124.0 14202.560671456102 14183.911111111145 14232.777777777797 
116.00426317986457 9.0 0.0 11.0 124.0 14202.001184645756 14183.911111111145 14232.777777777797 
117.00426317986457 9.0 0.0 11.0 124.0 14201.458482439712 14183.911111111145 14232.777777777797 
118.00426317986457 9.0 0.0 11.0 124.0 14200.932061299856 14183.911111111145 14232.777777777797 
119.00426317986457 9.0 0.0 11.0 124.0 14200.421432794172 14183.911111111145 14232.777777777797 
120.00426317986457 9.0 0.0 11.0 124.0 14199.926123143723 14183.911111111145 14232.777777777797 
121.00426317986457 9.0 0.0 11.0 124.0 14199.445672782738 14183.911111111145 14232.777777777797 
122.00426317986457 9.0 0.0 11.0 124.0 14198.979635932574 14183.911111111145 14232.777777777797 
123.00426317986457 9.0 0.0 11.0 124.0 14198.527580187947 14183.911111111145 14232.777777777797 
124.00426317986457 9.0 0.0 11.0 124.0 14198.08908611564 14183.911111111145 14232.777777777797 
125.00426317986457 10.0 0.0 11.0 124.0 14197.663746865499 14183.911111111145 14232.777777777797 
126.00426317986457 10.0 0.0 12.0 125.0 14196.816501126206 14169.422222222236 14232.777777777797 
127.00426317986457 10.0 0.0 13.0 125.0 14195.466228314599 14151.80740740741 14232.777777777797 
128.00426317986455 13.0 0.0 10.0 125.0 14193.628241465181 14134.200000000026 14232.777777777797 
129.00426317986455 13.0 0.0 10.0 125.0 14192.995616443453 14172.540740740757 14232.777777777797 
130.00426317986455 13.0 0.0 10.0 125.0 14192.381970172373 14172.540740740757 14232.777777777797 
131.00426317986455 14.0 0.0 9.0 125.0 14191.786733289397 14172.540740740757 14232.777777777797 
132.00426317986455 14.0 0.0 9.0 125.0 14191.737797957423 14190.155555555531 14232.777777777797 
133.00426317986455 14.0 0.0 9.0 125.0 14191.690330685351 14190.155555555531 14232.777777777797 
134.00426317986455 14.0 0.0 9.0 125.0 14191.644287431458 14190.155555555531 14232.777777777797 
135.00426317986455 14.0 0.0 9.0 125.0 14191.59962547515 14190.155555555531 14232.777777777797 
136.00426317986455 14.0 0.0 9.0 125.0 14191.556303377594 14190.155555555531 14232.777777777797 
137.00426317986455 14.0 0.0 9.0 125.0 14191.514280942913 14190.155555555531 14232.777777777797 
138.00426317986455 14.0 0.0 9.0 125.0 14191.473519181285 14190.155555555531 14232.777777777797 
139.00426317986455 14.0 0.0 9.0 125.0 14191.433980272535 14190.155555555531 14232.777777777797 
140.00426317986455 14.0 0.0 10.0 125.0 14191.395627531045 14190.155555555531 14232.777777777797 
141.00426317986455 14.0 0.0 10.0 126.0 14191.264647594004 14187.029629629666 14232.777777777797 
142.00426317986455 14.0 0.0 10.0 126.0 14191.13759705507 14187.029629629666 14232.777777777797 
143.00426317986455 14.0 0.0 10.0 126.0 14191.014358032311 14187.029629629666 14232.777777777797 
144.00426317986455 14.0 0.0 10.0 126.0 14190.894816180204 14187.029629629666 14232.777777777797 
145.00426317986455 14.0 0.0 10.0 126.0 14190.778860583707 14187.029629629666 14232.777777777797 
146.00426317986455 14.0 0.0 10.0 126.0 14190.66638365509 14187.029629629666 14232.777777777797 
147.00426317986455 15.0 0.0 9.0 126.0 14191.085725478753 14204.644444444439 14232.777777777797 
148.00426317986455 16.0 0.0 8.0 125.0 14191.492487047724 14204.644444444439 14232.777777777797 
149.00426317986455 16.0 0.0 8.0 125.0 14191.9808235474 14207.77037037036 14232.777777777797 
150.00426317986455 16.0 0.0 9.0 125.0 14192.454509952082 14207.77037037036 14232.777777777797 
151.00426317986455 16.0 0.0 9.0 125.0 14192.820207986846 14204.644444444439 14232.777777777797 
152.00426317986455 16.0 0.0 9.0 125.0 14193.174935080597 14204.644444444439 14232.777777777797 
153.00426317986455 16.0 0.0 9.0 125.0 14193.519020361506 14204.644444444439 14232.777777777797 
154.00426317986455 17.0 0.0 8.0 125.0 14193.852783083994 14204.644444444439 14232.777777777797 
155.00426317986455 17.0 0.0 8.0 125.0 14194.27031070259 14207.77037037036 14232.777777777797 
156.00426317986455 18.0 0.0 7.0 125.0 14194.675312492618 14207.77037037036 14232.777777777797 
157.00426317986455 18.0 0.0 7.0 125.0 14195.16194200673 14210.896296296318 14232.777777777797 
158.00426317986455 18.0 0.0 7.0 124.0 14195.633972635413 14210.896296296318 14232.777777777797 
159.00426317986455 18.0 0.0 7.0 124.0 14196.091842345262 14210.896296296318 14232.777777777797 
160.00426317986455 19.0 0.0 7.0 124.0 14196.535975963758 14210.896296296318 14232.777777777797 
161.00426317986455 19.0 0.0 7.0 124.0 14196.966785573733 14210.896296296318 14232.777777777797 
162.00426317986455 19.0 0.0 7.0 124.0 14197.384670895419 14210.896296296318 14232.777777777797 
163.00426317986455 19.0 0.0 7.0 124.0 14197.790019657441 14210.896296296318 14232.777777777797 
164.00426317986455 19.0 0.0 7.0 124.0 14198.183207956625 14210.896296296318 14232.777777777797 
165.00426317986455 19.0 0.0 7.0 124.0 14198.564600606795 14210.896296296318 14232.777777777797 
166.00426317986455 19.0 0.0 7.0 124.0 14198.934551477516 14210.896296296318 14232.777777777797 
167.00426317986455 19.0 0.0 7.0 124.0 14199.293403822081 14210.896296296318 14232.777777777797 
168.00426317986455 19.0 0.0 7.0 123.0 14199.641490596283 14210.896296296318 14232.777777777797 
169.00426317986455 19.0 0.0 7.0 123.0 14199.97913476727 14210.896296296318 14232.777777777797 
170.00426317986455 19.0 0.0 8.0 123.0 14200.306649613134 14210.896296296318 14232.777777777797 
171.00426317986455 19.0 0.0 8.0 124.0 14200.095894569196 14193.281481481483 14232.777777777797 
172.00426317986455 19.0 0.0 8.0 124.0 14199.891462176574 14193.281481481483 14232.777777777797 
173.00426317986455 19.0 0.0 9.0 124.0 14199.693162755715 14193.281481481483 14232.777777777797 
174.00426317986455 20.0 0.0 8.0 124.0 14199.407034539721 14190.155555555531 14232.777777777797 
175.00426317986455 20.0 0.0 8.0 124.0 14199.657934614639 14207.77037037036 14232.777777777797 
176.00426317986455 20.0 0.0 8.0 124.0 14199.901307687302 14207.77037037036 14232.777777777797 
177.00426317986455 20.0 0.0 8.0 124.0 14200.137379567777 14207.77037037036 14232.777777777797 
178.00426317986455 20.0 0.0 8.0 124.0 14200.366369291862 14207.77037037036 14232.777777777797 
179.00426317986455 20.0 0.0 9.0 124.0 14200.588489324226 14207.77037037036 14232.777777777797 
180.00426317986455 20.0 0.0 9.0 124.0 14200.803945755632 14207.77037037036 14232.777777777797 
181.00426317986455 21.0 0.0 8.0 123.0 14200.48449404963 14190.155555555531 14232.777777777797 
182.00426317986455 21.0 0.0 9.0 123.0 14200.268403672551 14193.281481481483 14232.777777777797 
183.00426317986455 21.0 0.0 9.0 123.0 14199.530351562378 14175.666666666668 14232.777777777797 
184.00426317986455 21.0 0.0 9.0 123.0 14198.814441015538 14175.666666666668 14232.777777777797 
185.00426317986455 22.0 0.0 8.0 123.0 14198.120007785066 14175.666666666668 14232.777777777797 
186.00426317986455 24.0 0.0 6.0 123.0 14197.974851995952 14193.281481481483 14232.777777777797 
187.00426317986455 25.0 0.0 5.0 123.0 14198.45627310273 14214.022222222226 14232.777777777797 
188.00426317986455 25.0 0.0 5.0 123.0 14199.017029354089 14217.14814814815 14232.777777777797 
189.00426317986455 25.0 0.0 5.0 123.0 14199.560962917923 14217.14814814815 14232.777777777797 
190.00426317986455 25.0 0.0 5.0 123.0 14200.088578474808 14217.14814814815 14232.777777777797 
191.00426317986455 25.0 0.0 5.0 123.0 14200.600365565035 14217.14814814815 14232.777777777797 
192.00426317986455 25.0 0.0 5.0 123.0 14201.096799042505 14217.14814814815 14232.777777777797 
193.00426317986455 25.0 0.0 5.0 123.0 14201.578339515672 14217.14814814815 14232.777777777797 
194.00426317986455 25.0 0.0 6.0 123.0 14202.045433774661 14217.14814814815 14232.777777777797 
195.00426317986455 25.0 0.0 6.0 123.0 14202.498515205843 14217.14814814815 14232.777777777797 
196.00426317986455 25.0 0.0 6.0 124.0 14202.409559749687 14199.533333333318 14232.777777777797 
197.00426317986455 25.0 0.0 6.0 124.0 14202.323272957185 14199.533333333318 14232.777777777797 
198.00426317986455 25.0 0.0 6.0 124.0 14202.239574768475 14199.533333333318 14232.777777777797 
199.00426317986455 25.0 0.0 6.0 124.0 14202.158387525413 14199.533333333318 14232.777777777797 
200.00426317986455 26.0 0.0 5.0 124.0 14202.079635899665 14199.533333333318 14232.777777777797 
201.00426317986455 27.0 0.0 4.0 124.0 14202.097024600442 14202.659259259277 14232.777777777797 
202.00426317986455 27.0 0.0 5.0 125.0 14202.207669417994 14205.785185185186 14232.777777777797 
203.00426317986455 27.0 0.0 5.0 125.0 14202.314994891007 14205.785185185186 14232.777777777797 
204.00426317986455 27.0 0.0 6.0 125.0 14201.890656155394 14188.17037037036 14232.777777777797 
205.00426317986455 27.0 0.0 6.0 125.0 14201.479047581863 14188.17037037036 14232.777777777797 
206.00426317986455 27.0 0.0 6.0 126.0 14200.55156504329 14170.562962962935 14232.777777777797 
207.00426317986455 27.0 0.0 6.0 126.0 14199.651906980853 14170.562962962935 14232.777777777797 
208.00426317986455 27.0 0.0 6.0 126.0 14198.779238660312 14170.562962962935 14232.777777777797 
209.00426317986455 27.0 0.0 6.0 126.0 14197.932750389391 14170.562962962935 14232.777777777797 
210.00426317986455 27.0 0.0 6.0 126.0 14197.111656766614 14170.562962962935 14232.777777777797 
211.00426317986455 27.0 0.0 6.0 126.0 14196.315195952488 14170.562962962935 14232.777777777797 
212.00426317986455 27.0 0.0 6.0 127.0 14195.542628962832 14170.562962962935 14232.777777777797 
213.00426317986455 27.0 0.0 7.0 127.0 14194.793238982838 14170.562962962935 14232.777777777797 
214.00426317986455 27.0 0.0 9.0 127.0 14193.97255292446 14167.437037037065 14232.777777777797 
215.00426317986455 27.0 0.0 9.0 127.0 14192.988931892272 14161.185185185197 14232.777777777797 
216.00426317986455 27.0 0.0 9.0 127.0 14192.034819491066 14161.185185185197 14232.777777777797 
217.00426317986455 27.0 0.0 9.0 127.0 14191.109330461908 14161.185185185197 14232.777777777797 
218.00426317986455 27.0 0.0 9.0 127.0 14190.211606103567 14161.185185185197 14232.777777777797 
219.00426317986455 27.0 0.0 9.0 127.0 14189.340813476016 14161.185185185197 14232.777777777797 
220.00426317986455 27.0 0.0 10.0 127.0 14188.496144627308 14161.185185185197 14232.777777777797 
221.00426317986455 27.0 0.0 10.0 126.0 14187.583260288498 14158.066666666678 14232.777777777797 
222.00426317986455 27.0 0.0 10.0 124.0 14186.603984702042 14154.940740740722 14232.777777777797 
223.00426317986455 30.0 0.0 7.0 124.0 14185.65408738321 14154.940740740722 14232.777777777797 
224.00426317986455 30.0 0.0 8.0 124.0 14186.317798095044 14207.777777777797 14232.777777777797 
225.00426317986455 30.0 0.0 8.0 124.0 14186.961597485526 14207.777777777797 14232.777777777797 
226.00426317986455 30.0 0.0 8.0 124.0 14187.057638449869 14190.162962962962 14232.777777777797 
227.00426317986455 30.0 0.0 9.0 124.0 14187.15079818524 14190.162962962962 14232.777777777797 
228.00426317986455 30.0 0.0 9.0 124.0 14187.1473853508 14187.037037037013 14232.777777777797 
229.00426317986455 30.0 0.0 9.0 124.0 14187.144074901382 14187.037037037013 14232.777777777797 
230.00426317986455 31.0 0.0 8.0 124.0 14187.140863765442 14187.037037037013 14232.777777777797 
231.00426317986455 31.0 0.0 8.0 124.0 14187.231526741383 14190.162962962962 14232.777777777797 
232.00426317986455 31.0 0.0 8.0 125.0 14187.31946982804 14190.162962962962 14232.777777777797 
233.00426317986455 32.0 0.0 7.0 125.0 14187.404774622088 14190.162962962962 14232.777777777797 
234.00426317986455 32.0 0.0 7.0 126.0 14187.581298050089 14193.288888888881 14232.777777777797 
235.00426317986455 32.0 0.0 7.0 125.0 14187.752525775255 14193.288888888881 14232.777777777797 
236.00426317986455 33.0 0.0 6.0 125.0 14187.918616668663 14193.288888888881 14232.777777777797 
237.00426317986455 33.0 0.0 6.0 126.0 14188.608169279685 14210.903703703707 14232.777777777797 
238.00426317986455 33.0 0.0 6.0 126.0 14189.277035312427 14210.903703703707 14232.777777777797 
239.00426317986455 33.0 0.0 6.0 126.0 14189.925835364153 14210.903703703707 14232.777777777797 
240.00426317986455 33.0 0.0 6.0 126.0 14190.555171414355 14210.903703703707 14232.777777777797 
241.00426317986455 33.0 0.0 6.0 126.0 14191.165627383047 14210.903703703707 14232.777777777797 
242.00426317986455 33.0 0.0 6.0 126.0 14191.757769672644 14210.903703703707 14232.777777777797 
243.00426317986455 33.0 0.0 6.0 126.0 14192.332147693585 14210.903703703707 14232.777777777797 
244.00426317986455 33.0 0.0 6.0 126.0 14192.889294373896 14210.903703703707 14232.777777777797 
245.00426317986455 33.0 0.0 6.0 126.0 14193.4297266538 14210.903703703707 14232.777777777797 
246.00426317986455 33.0 0.0 6.0 127.0 14193.953945965282 14210.903703703707 14232.777777777797 
247.00426317986455 33.0 0.0 6.0 127.0 14194.462438697416 14210.903703703707 14232.777777777797 
248.00426317986455 33.0 0.0 6.0 127.0 14194.955676647629 14210.903703703707 14232.777777777797 
249.00426317986455 33.0 0.0 6.0 127.0 14195.434117459301 14210.903703703707 14232.777777777797 
250.00426317986455 33.0 0.0 6.0 127.0 14195.898205046637 14210.903703703707 14232.777777777797 
251.00426317986455 33.0 0.0 6.0 127.0 14196.348370006363 14210.903703703707 14232.777777777797 
252.00426317986455 33.0 0.0 6.0 127.0 14196.785030017249 14210.903703703707 14232.777777777797 
253.00426317986455 33.0 0.0 6.0 127.0 14197.20859022785 14210.903703703707 14232.777777777797 
254.00426317986455 33.0 0.0 6.0 127.0 14197.619443632131 14210.903703703707 14232.777777777797 
255.00426317986455 33.0 0.0 6.0 127.0 14198.017971434267 14210.903703703707 14232.777777777797 
256.00426317986455 33.0 0.0 6.0 127.0 14198.404543402361 14210.903703703707 14232.777777777797 
257.00426317986455 33.0 0.0 6.0 127.0 14198.779518211404 14210.903703703707 14232.777777777797 
258.00426317986455 33.0 0.0 6.0 127.0 14199.14324377618 14210.903703703707 14232.777777777797 
259.00426317986455 33.0 0.0 6.0 127.0 14199.496057574022 14210.903703703707 14232.777777777797 
260.00426317986455 33.0 0.0 6.0 127.0 14199.838286957875 14210.903703703707 14232.777777777797 
261.00426317986455 33.0 0.0 6.0 127.0 14200.170249460261 14210.903703703707 14232.777777777797 
262.00426317986455 33.0 0.0 6.0 127.0 14200.49225308758 14210.903703703707 14232.777777777797 
263.00426317986455 33.0 0.0 6.0 127.0 14200.804596606069 14210.903703703707 14232.777777777797 
264.00426317986455 33.0 0.0 6.0 127.0 14201.107569818972 14210.903703703707 14232.777777777797 
265.00426317986455 33.0 0.0 6.0 127.0 14201.401453835533 14210.903703703707 14232.777777777797 
266.00426317986455 33.0 0.0 6.0 127.0 14201.686521331581 14210.903703703707 14232.777777777797 
267.00426317986455 33.0 0.0 6.0 127.0 14201.963036802723 14210.903703703707 14232.777777777797 
268.00426317986455 33.0 0.0 6.0 127.0 14202.231256809746 14210.903703703707 14232.777777777797 
269.00426317986455 33.0 0.0 6.0 127.0 14202.491430216594 14210.903703703707 14232.777777777797 
270.00426317986455 34.0 0.0 5.0 127.0 14202.74379842118 14210.903703703707 14232.777777777797 
271.00426317986455 34.0 0.0 5.0 127.0 14203.082373357449 14214.029629629666 14232.777777777797 
272.00426317986455 34.0 0.0 5.0 127.0 14203.410791045615 14214.029629629666 14232.777777777797 
273.00426317986455 34.0 0.0 5.0 127.0 14203.729356203126 14214.029629629666 14232.777777777797 
274.00426317986455 34.0 0.0 6.0 127.0 14204.038364405907 14214.029629629666 14232.777777777797 
275.00426317986455 35.0 0.0 5.0 127.0 14203.809657918186 14196.414814814798 14232.777777777797 
276.00426317986455 35.0 0.0 5.0 127.0 14204.116257069525 14214.029629629666 14232.777777777797 
277.00426317986455 35.0 0.0 5.0 127.0 14204.41365824632 14214.029629629666 14232.777777777797 
278.00426317986455 35.0 0.0 5.0 127.0 14204.702137387847 14214.029629629666 14232.777777777797 
279.00426317986455 35.0 0.0 5.0 127.0 14204.981962155098 14214.029629629666 14232.777777777797 
280.00426317986455 35.0 0.0 6.0 127.0 14205.253392179327 14214.029629629666 14232.777777777797 
281.00426317986455 35.0 0.0 6.0 128.0 14205.42290152505 14210.903703703707 14232.777777777797 
282.00426317986455 35.0 0.0 7.0 128.0 14205.587325590413 14210.903703703707 14232.777777777797 
283.00426317986455 35.0 0.0 7.0 128.0 14205.653039156057 14207.777777777797 14232.777777777797 
284.00426317986455 35.0 0.0 7.0 128.0 14205.716781314688 14207.777777777797 14232.777777777797 
285.00426317986455 35.0 0.0 7.0 129.0 14205.778611208603 14207.777777777797 14232.777777777797 
286.00426317986455 35.0 0.0 7.0 129.0 14205.838586205677 14207.777777777797 14232.777777777797 
287.00426317986455 35.0 0.0 7.0 128.0 14205.89676195282 14207.777777777797 14232.777777777797 
288.00426317986455 35.0 0.0 7.0 128.0 14205.95319242759 14207.777777777797 14232.777777777797 
289.00426317986455 35.0 0.0 7.0 128.0 14206.00792998809 14207.777777777797 14232.777777777797 
290.00426317986455 35.0 0.0 7.0 127.0 14206.06102542177 14207.777777777797 14232.777777777797 
291.00426317986455 35.0 0.0 7.0 127.0 14206.112527992462 14207.777777777797 14232.777777777797 
292.00426317986455 35.0 0.0 7.0 127.0 14206.162485486026 14207.777777777797 14232.777777777797 
293.00426317986455 35.0 0.0 7.0 127.0 14206.210944254773 14207.777777777797 14232.777777777797 
294.00426317986455 35.0 0.0 7.0 127.0 14206.257949260445 14207.777777777797 14232.777777777797 
295.00426317986455 35.0 0.0 9.0 127.0 14206.30354411597 14207.777777777797 14232.777777777797 
296.00426317986455 35.0 0.0 9.0 127.0 14205.725548903596 14187.037037037013 14232.777777777797 
297.00426317986455 35.0 0.0 10.0 127.0 14205.16489354761 14187.037037037013 14232.777777777797 
298.00426317986455 35.0 0.0 10.0 127.0 14204.092613407835 14169.422222222236 14232.777777777797 
299.00426317986455 36.0 0.0 10.0 127.0 14203.052501672284 14169.422222222236 14232.777777777797 
300.00426317986455 37.0 0.0 9.0 127.0 14202.478259955442 14183.911111111145 14232.777777777797 
301.00426317986455 37.0 0.0 9.0 127.0 14202.449689934558 14201.525925925918 14232.777777777797 
302.00426317986455 37.0 0.0 9.0 126.0 14202.421977014305 14201.525925925918 14232.777777777797 
303.00426317986455 37.0 0.0 9.0 126.0 14202.395095481661 14201.525925925918 14232.777777777797 
304.00426317986455 37.0 0.0 9.0 126.0 14202.369020394972 14201.525925925918 14232.777777777797 
305.00426317986455 38.0 0.0 8.0 126.0 14202.343727560883 14201.525925925918 14232.777777777797 
306.00426317986455 38.0 0.0 8.0 126.0 14202.412971289643 14204.651851851839 14232.777777777797 
307.00426317986455 38.0 0.0 8.0 125.0 14202.480137706492 14204.651851851839 14232.777777777797 
308.00426317986455 39.0 0.0 7.0 125.0 14202.545289130847 14204.651851851839 14232.777777777797 
309.00426317986455 39.0 0.0 7.0 125.0 14202.70204156806 14207.77037037036 14232.777777777797 
310.00426317986455 39.0 0.0 8.0 125.0 14202.854091432115 14207.77037037036 14232.777777777797 
311.00426317986455 39.0 0.0 8.0 125.0 14202.907802022468 14204.644444444439 14232.777777777797 
312.00426317986455 39.0 0.0 8.0 125.0 14202.959901295138 14204.644444444439 14232.777777777797 
313.00426317986455 39.0 0.0 8.0 125.0 14203.010437589628 14204.644444444439 14232.777777777797 
314.00426317986455 39.0 0.0 8.0 125.0 14203.059457795282 14204.644444444439 14232.777777777797 
315.00426317986455 39.0 0.0 10.0 125.0 14203.107007394723 14204.644444444439 14232.777777777797 
316.00426317986455 39.0 0.0 10.0 125.0 14202.965574950676 14198.392592592572 14232.777777777797 
317.00426317986455 39.0 0.0 10.0 126.0 14202.828385479916 14198.392592592572 14232.777777777797 
318.00426317986455 40.0 0.0 9.0 125.0 14202.695311693316 14198.392592592572 14232.777777777797 
319.00426317986455 40.0 0.0 9.0 125.0 14202.660007898068 14201.518518518522 14232.777777777797 
320.00426317986455 40.0 0.0 9.0 125.0 14202.625763216682 14201.518518518522 14232.777777777797 
321.00426317986455 41.0 0.0 8.0 125.0 14202.592545875734 14201.518518518522 14232.777777777797 
322.00426317986455 41.0 0.0 9.0 124.0 14202.654102832808 14204.644444444439 14232.777777777797 
323.00426317986455 41.0 0.0 9.0 124.0 14202.620035303375 14201.518518518522 14232.777777777797 
324.00426317986455 41.0 0.0 9.0 124.0 14202.58698979983 14201.518518518522 14232.777777777797 
325.00426317986455 41.0 0.0 9.0 124.0 14202.55493566139 14201.518518518522 14232.777777777797 
326.00426317986455 41.0 0.0 10.0 124.0 14202.523843147104 14201.518518518522 14232.777777777797 
327.00426317986455 41.0 0.0 10.0 124.0 14201.965238963801 14183.903703703707 14232.777777777797 
328.00426317986455 43.0 0.0 8.0 123.0 14201.951837350458 14201.518518518522 14232.777777777797 
329.00426317986455 43.0 0.0 9.0 123.0 14202.032615563247 14204.644444444439 14232.777777777797 
330.00426317986455 44.0 0.0 8.0 123.0 14201.582525985254 14187.029629629666 14232.777777777797 
331.00426317986455 44.0 0.0 9.0 123.0 14201.674383539037 14204.644444444439 14232.777777777797 
332.00426317986455 44.0 0.0 10.0 123.0 14201.328818699501 14190.155555555531 14232.777777777797 
333.00426317986455 44.0 0.0 13.0 123.0 14200.89984302743 14187.029629629666 14232.777777777797 
334.00426317986455 44.0 0.0 14.0 123.0 14199.861514403283 14166.288888888881 14232.777777777797 
335.00426317986455 44.0 0.0 14.0 123.0 14198.23211341562 14145.54814814815 14232.777777777797 
336.00426317986455 45.0 0.0 13.0 122.0 14196.651594457584 14145.54814814815 14232.777777777797 
337.00426317986455 45.0 0.0 13.0 122.0 14195.64693551274 14163.162962962962 14232.777777777797 
338.00426317986455 46.0 0.0 12.0 122.0 14195.20086078072 14180.777777777797 14232.777777777797 
339.00426317986455 46.0 0.0 13.0 122.0 14194.768168290617 14180.777777777797 14232.777777777797 
340.00426317986455 46.0 0.0 14.0 121.0 14194.254678797457 14177.651851851839 14232.777777777797 
341.00426317986455 46.0 0.0 14.0 121.0 14193.756593989096 14177.651851851839 14232.777777777797 
342.00426317986455 46.0 0.0 14.0 120.0 14192.745229502745 14160.044444444442 14232.777777777797 
343.00426317986455 46.0 0.0 15.0 120.0 14191.764205950989 14160.044444444442 14232.777777777797 
344.00426317986455 46.0 0.0 15.0 120.0 14190.8126131058 14160.044444444442 14232.777777777797 
345.00426317986455 47.0 0.0 14.0 120.0 14189.361345823754 14142.437037037065 14232.777777777797 
346.00426317986455 47.0 0.0 14.0 120.0 14188.481838782373 14160.044444444442 14232.777777777797 
347.00426317986455 47.0 0.0 14.0 119.0 14187.62871695224 14160.044444444442 14232.777777777797 
348.00426317986455 48.0 0.0 13.0 119.0 14186.801188776995 14160.044444444442 14232.777777777797 
349.00426317986455 48.0 0.0 13.0 119.0 14186.526708669222 14177.651851851839 14232.777777777797 
350.00426317986455 48.0 0.0 14.0 119.0 14186.26046296471 14177.651851851839 14232.777777777797 
351.00426317986455 48.0 0.0 14.0 119.0 14186.002204631337 14177.651851851839 14232.777777777797 
352.00426317986455 48.0 0.0 14.0 119.0 14185.223249603485 14160.037037037013 14232.777777777797 
353.00426317986455 48.0 0.0 14.0 119.0 14184.467663226511 14160.037037037013 14232.777777777797 
354.00426317986455 48.0 0.0 14.0 119.0 14183.73474444084 14160.037037037013 14232.777777777797 
355.00426317986455 48.0 0.0 14.0 119.0 14183.023813218693 14160.037037037013 14232.777777777797 
356.00426317986455 48.0 0.0 14.0 119.0 14182.334209933259 14160.037037037013 14232.777777777797 
357.00426317986455 48.0 0.0 14.0 119.0 14181.665294746354 14160.037037037013 14232.777777777797 
358.00426317986455 48.0 0.0 16.0 119.0 14181.016447015083 14160.037037037013 14232.777777777797 
359.00426317986455 48.0 0.0 16.0 119.0 14179.858620271292 14142.422222222236 14232.777777777797 
360.00426317986455 48.0 0.0 16.0 119.0 14178.207306107617 14124.814814814803 14232.777777777797 
361.00426317986455 48.0 0.0 16.0 119.0 14176.605531368805 14124.814814814803 14232.777777777797 
362.00426317986455 48.0 0.0 16.0 119.0 14175.051809872202 14124.814814814803 14232.777777777797 
363.00426317986455 49.0 0.0 15.0 119.0 14173.544700020493 14124.814814814803 14232.777777777797 
364.00426317986455 49.0 0.0 15.0 119.0 14172.61124790874 14142.429629629629 14232.777777777797 
365.00426317986455 50.0 0.0 14.0 119.0 14171.705799360387 14142.429629629629 14232.777777777797 
366.00426317986455 50.0 0.0 15.0 119.0 14170.92129204623 14145.555555555586 14232.777777777797 
367.00426317986455 51.0 0.0 14.0 119.0 14170.688764395964 14163.17037037036 14232.777777777797 
368.00426317986455 51.0 0.0 14.0 119.0 14169.934768130739 14145.555555555586 14232.777777777797 
369.00426317986455 51.0 0.0 14.0 120.0 14169.203391753479 14145.555555555586 14232.777777777797 
370.00426317986455 51.0 0.0 15.0 120.0 14168.493956667537 14145.555555555586 14232.777777777797 
371.00426317986455 51.0 0.0 15.0 120.0 14167.805804634181 14145.555555555586 14232.777777777797 
372.00426317986455 51.0 0.0 16.0 120.0 14166.60985271738 14127.940740740722 14232.777777777797 
373.00426317986455 51.0 0.0 16.0 120.0 14164.921334913628 14110.325925925896 14232.777777777797 
374.00426317986455 51.0 0.0 16.0 120.0 14163.283472644025 14110.325925925896 14232.777777777797 
375.00426317986455 52.0 0.0 15.0 120.0 14161.694746242485 14110.325925925896 14232.777777777797 
376.00426317986455 54.0 0.0 13.0 120.0 14160.68212607742 14127.940740740722 14232.777777777797 
377.00426317986455 54.0 0.0 13.0 120.0 14160.32188451732 14148.674074074106 14232.777777777797 
378.00426317986455 54.0 0.0 13.0 120.0 14159.972450204024 14148.674074074106 14232.777777777797 
379.00426317986455 56.0 0.0 11.0 120.0 14159.633498920122 14148.674074074106 14232.777777777797 
380.00426317986455 56.0 0.0 12.0 121.0 14160.361605063637 14183.903703703707 14232.777777777797 
381.00426317986455 56.0 0.0 13.0 121.0 14161.067868022817 14183.903703703707 14232.777777777797 
382.00426317986455 56.0 0.0 15.0 121.0 14161.130720871042 14163.162962962962 14232.777777777797 
383.00426317986455 56.0 0.0 16.0 122.0 14160.569465911578 14142.422222222236 14232.777777777797 
384.00426317986455 56.0 0.0 16.0 121.0 14159.931270823115 14139.296296296277 14232.777777777797 
385.00426317986455 56.0 0.0 16.0 121.0 14159.312221587303 14139.296296296277 14232.777777777797 
386.00426317986455 56.0 0.0 16.0 121.0 14158.711743828566 14139.296296296277 14232.777777777797 
387.00426317986455 57.0 0.0 15.0 121.0 14158.129280402634 14139.296296296277 14232.777777777797 
388.00426317986455 57.0 0.0 16.0 121.0 14158.092735323882 14156.911111111145 14232.777777777797 
389.00426317986455 57.0 0.0 17.0 121.0 14157.52884215304 14139.296296296277 14232.777777777797 
390.00426317986455 57.0 0.0 17.0 119.0 14156.359643555124 14118.555555555586 14232.777777777797 
391.00426317986455 59.0 0.0 15.0 119.0 14155.225520915134 14118.555555555586 14232.777777777797 
392.00426317986455 60.0 0.0 14.0 119.0 14154.74764417657 14139.296296296277 14232.777777777797 
393.00426317986455 61.0 0.0 13.0 119.0 14154.8125481846 14156.911111111145 14232.777777777797 
394.00426317986455 61.0 0.0 13.0 119.0 14155.403949516844 14174.525925925918 14232.777777777797 
395.00426317986455 61.0 0.0 13.0 119.0 14155.977608809118 14174.525925925918 14232.777777777797 
396.00426317986455 61.0 0.0 13.0 119.0 14156.534058322597 14174.525925925918 14232.777777777797 
397.00426317986455 61.0 0.0 13.0 119.0 14157.07381435072 14174.525925925918 14232.777777777797 
398.00426317986455 61.0 0.0 13.0 119.0 14157.597377697979 14174.525925925918 14232.777777777797 
399.00426317986455 61.0 0.0 13.0 119.0 14158.105234144816 14174.525925925918 14232.777777777797 
400.00426317986455 61.0 0.0 13.0 119.0 14158.597854898244 14174.525925925918 14232.777777777797 
401.00426317986455 61.0 0.0 14.0 119.0 14159.075697029071 14174.525925925918 14232.777777777797 
402.00426317986455 61.0 0.0 14.0 119.0 14159.010759451548 14156.911111111145 14232.777777777797 
403.00426317986455 62.0 0.0 13.0 119.0 14158.947770001309 14156.911111111145 14232.777777777797 
404.00426317986455 62.0 0.0 13.0 119.0 14158.980448012388 14160.037037037013 14232.777777777797 
405.00426317986455 64.0 0.0 11.0 119.0 14159.012145683117 14160.037037037013 14232.777777777797 
406.00426317986455 65.0 0.0 10.0 119.0 14159.665114645957 14180.777777777797 14232.777777777797 
407.00426317986455 66.0 0.0 9.0 119.0 14160.392272317695 14183.903703703707 14232.777777777797 
408.00426317986455 66.0 0.0 9.0 119.0 14161.191393037048 14187.029629629666 14232.777777777797 
409.00426317986455 66.0 0.0 9.0 119.0 14161.966540134845 14187.029629629666 14232.777777777797 
410.00426317986455 66.0 0.0 9.0 119.0 14162.718432819667 14187.029629629666 14232.777777777797 
411.00426317986455 67.0 0.0 8.0 119.0 14163.447768723974 14187.029629629666 14232.777777777797 
412.00426317986455 68.0 0.0 7.0 119.0 14164.249002328934 14190.155555555531 14232.777777777797 
413.00426317986455 68.0 0.0 8.0 119.0 14165.119976703489 14193.281481481483 14232.777777777797 
414.00426317986455 68.0 0.0 8.0 119.0 14165.964821846837 14193.281481481483 14232.777777777797 
415.00426317986455 68.0 0.0 8.0 119.0 14166.25587719144 14175.666666666668 14232.777777777797 
416.00426317986455 68.0 0.0 8.0 119.0 14166.538200875675 14175.666666666668 14232.777777777797 
417.00426317986455 68.0 0.0 8.0 120.0 14166.812054849408 14175.666666666668 14232.777777777797 
418.00426317986455 68.0 0.0 9.0 120.0 14167.077693203944 14175.666666666668 14232.777777777797 
419.00426317986455 68.0 0.0 9.0 120.0 14166.8069179634 14158.05185185184 14232.777777777797 
420.00426317986455 68.0 0.0 10.0 120.0 14166.544265980021 14158.05185185184 14232.777777777797 
421.00426317986455 69.0 0.0 9.0 120.0 14166.195715778396 14154.92592592593 14232.777777777797 
422.00426317986455 69.0 0.0 10.0 120.0 14165.951399860589 14158.05185185184 14232.777777777797 
423.00426317986455 69.0 0.0 10.0 121.0 14165.620635642561 14154.92592592593 14232.777777777797 
424.00426317986455 70.0 0.0 9.0 121.0 14165.299794351076 14154.92592592593 14232.777777777797 
425.00426317986455 71.0 0.0 8.0 121.0 14165.517022742775 14172.540740740757 14232.777777777797 
426.00426317986455 71.0 0.0 8.0 121.0 14165.82151206048 14175.666666666668 14232.777777777797 
427.00426317986455 71.0 0.0 8.0 120.0 14166.11686669866 14175.666666666668 14232.777777777797 
428.00426317986455 72.0 0.0 8.0 120.0 14166.40336069772 14175.666666666668 14232.777777777797 
429.00426317986455 72.0 0.0 9.0 120.0 14166.681259876754 14175.666666666668 14232.777777777797 
430.00426317986455 72.0 0.0 9.0 119.0 14166.422377636029 14158.05185185184 14232.777777777797 
431.00426317986455 72.0 0.0 10.0 119.0 14166.171261862519 14158.05185185184 14232.777777777797 
432.00426317986455 72.0 0.0 10.0 119.0 14165.399235117744 14140.437037037065 14232.777777777797 
433.00426317986455 72.0 0.0 10.0 119.0 14164.650369175315 14140.437037037065 14232.777777777797 
434.00426317986455 72.0 0.0 12.0 119.0 14163.923969211179 14140.437037037065 14232.777777777797 
435.00426317986455 73.0 0.0 12.0 119.0 14163.12558346816 14137.311111111108 14232.777777777797 
436.00426317986455 74.0 0.0 12.0 120.0 14161.91670485299 14122.82962962964 14232.777777777797 
437.00426317986455 74.0 0.0 13.0 119.0 14160.556537040755 14116.577777777764 14232.777777777797 
438.00426317986455 74.0 0.0 14.0 119.0 14158.7087298184 14098.962962962985 14232.777777777797 
439.00426317986455 75.0 0.0 14.0 119.0 14156.822579034973 14095.83703703704 14232.777777777797 
440.00426317986455 75.0 0.0 15.0 121.0 14154.993012775043 14095.83703703704 14232.777777777797 
441.00426317986455 76.0 0.0 16.0 120.0 14153.030777947342 14089.5851851852 14232.777777777797 
442.00426317986455 76.0 0.0 16.0 119.0 14151.127410164476 14089.5851851852 14232.777777777797 
443.00426317986455 78.0 0.0 14.0 119.0 14149.281143415097 14089.5851851852 14232.777777777797 
444.00426317986455 79.0 0.0 13.0 119.0 14147.584042445978 14092.711111111119 14232.777777777797 
445.00426317986455 79.0 0.0 13.0 118.0 14146.031632283713 14095.83703703704 14232.777777777797 
446.00426317986455 80.0 0.0 13.0 118.0 14144.525794426318 14095.83703703704 14232.777777777797 
447.00426317986455 80.0 0.0 14.0 118.0 14143.06513170463 14095.83703703704 14232.777777777797 
448.00426317986455 80.0 0.0 14.0 118.0 14141.11984442017 14078.222222222203 14232.777777777797 
449.00426317986455 81.0 0.0 13.0 117.0 14139.23291575423 14078.222222222203 14232.777777777797 
450.00426317986455 81.0 0.0 14.0 117.0 14137.931039392703 14095.83703703704 14232.777777777797 
451.00426317986455 81.0 0.0 15.0 117.0 14136.668219322035 14095.83703703704 14232.777777777797 
452.00426317986455 81.0 0.0 15.0 117.0 14134.82106163126 14075.096296296291 14232.777777777797 
453.00426317986455 81.0 0.0 15.0 117.0 14133.029318671219 14075.096296296291 14232.777777777797 
454.00426317986455 81.0 0.0 15.0 116.0 14131.291327999981 14075.096296296291 14232.777777777797 
455.00426317986455 82.0 0.0 14.0 116.0 14130.13369927106 14092.70370370372 14232.777777777797 
456.00426317986455 82.0 0.0 14.0 115.0 14129.010799404074 14092.70370370372 14232.777777777797 
457.00426317986455 82.0 0.0 14.0 117.0 14127.921586533033 14092.70370370372 14232.777777777797 
458.00426317986455 82.0 0.0 14.0 117.0 14126.865050048162 14092.70370370372 14232.777777777797 
459.00426317986455 82.0 0.0 14.0 117.0 14125.840209657845 14092.70370370372 14232.777777777797 
460.00426317986455 84.0 0.0 12.0 117.0 14125.374558923635 14110.318518518547 14232.777777777797 
461.00426317986455 84.0 0.0 12.0 117.0 14125.451322155945 14127.933333333322 14232.777777777797 
462.00426317986455 84.0 0.0 12.0 118.0 14125.525782491248 14127.933333333322 14232.777777777797 
463.00426317986455 84.0 0.0 13.0 119.0 14125.598009016523 14127.933333333322 14232.777777777797 
464.00426317986455 85.0 0.0 12.0 119.0 14125.139624301586 14110.318518518547 14232.777777777797 
465.00426317986455 85.0 0.0 13.0 119.0 14124.788768905857 14113.444444444414 14232.777777777797 
466.00426317986455 88.0 0.0 11.0 119.0 14124.883105838697 14127.933333333322 14232.777777777797 
467.00426317986455 88.0 0.0 11.0 118.0 14125.503057107957 14145.54814814815 14232.777777777797 
468.00426317986455 88.0 0.0 11.0 118.0 14126.104409839178 14145.54814814815 14232.777777777797 
469.00426317986455 89.0 0.0 10.0 118.0 14126.68772198846 14145.54814814815 14232.777777777797 
470.00426317986455 89.0 0.0 10.0 118.0 14127.781979217698 14163.162962962962 14232.777777777797 
471.00426317986455 89.0 0.0 10.0 118.0 14128.843408730047 14163.162962962962 14232.777777777797 
472.00426317986455 89.0 0.0 10.0 119.0 14129.872995357033 14163.162962962962 14232.777777777797 
473.00426317986455 89.0 0.0 10.0 119.0 14130.871694385207 14163.162962962962 14232.777777777797 
474.00426317986455 89.0 0.0 10.0 118.0 14131.840432442561 14163.162962962962 14232.777777777797 
475.00426317986455 90.0 0.0 9.0 118.0 14132.780108358156 14163.162962962962 14232.777777777797 
476.00426317986455 90.0 0.0 9.0 120.0 14134.22003844073 14180.777777777797 14232.777777777797 
477.00426317986455 90.0 0.0 9.0 120.0 14135.616770620853 14180.777777777797 14232.777777777797 
478.00426317986455 90.0 0.0 10.0 120.0 14136.971600835546 14180.777777777797 14232.777777777797 
479.00426317986455 90.0 0.0 11.0 120.0 14138.192008366046 14177.651851851839 14232.777777777797 
480.00426317986455 91.0 0.0 10.0 120.0 14139.282025892848 14174.525925925918 14232.777777777797 
481.00426317986455 91.0 0.0 10.0 120.0 14140.867787338268 14192.140740740746 14232.777777777797 
482.00426317986455 91.0 0.0 10.0 120.0 14142.405975940339 14192.140740740746 14232.777777777797 
483.00426317986455 91.0 0.0 10.0 120.0 14143.898018884354 14192.140740740746 14232.777777777797 
484.00426317986455 91.0 0.0 10.0 120.0 14145.34530054005 14192.140740740746 14232.777777777797 
485.00426317986455 91.0 0.0 11.0 120.0 14146.74916374606 14192.140740740746 14232.777777777797 
486.00426317986455 91.0 0.0 11.0 119.0 14148.017133278143 14189.014814814838 14232.777777777797 
487.00426317986455 91.0 0.0 11.0 120.0 14149.24706372424 14189.014814814838 14232.777777777797 
488.00426317986455 91.0 0.0 11.0 120.0 14150.440096256963 14189.014814814838 14232.777777777797 
489.00426317986455 91.0 0.0 12.0 120.0 14151.59733781371 14189.014814814838 14232.777777777797 
490.00426317986455 91.0 0.0 12.0 120.0 14152.626084345953 14185.88888888888 14232.777777777797 
491.00426317986455 91.0 0.0 12.0 120.0 14153.623968482232 14185.88888888888 14232.777777777797 
492.00426317986455 91.0 0.0 12.0 120.0 14154.59191609444 14185.88888888888 14232.777777777797 
493.00426317986455 91.0 0.0 12.0 119.0 14155.530825278278 14185.88888888888 14232.777777777797 
494.00426317986455 91.0 0.0 12.0 119.0 14156.441567186592 14185.88888888888 14232.777777777797 
495.00426317986455 91.0 0.0 12.0 119.0 14157.32498683766 14185.88888888888 14232.777777777797 
496.00426317986455 91.0 0.0 12.0 119.0 14158.181903899207 14185.88888888888 14232.777777777797 
497.00426317986455 91.0 0.0 12.0 119.0 14159.013113448893 14185.88888888888 14232.777777777797 
498.00426317986455 91.0 0.0 12.0 119.0 14159.819386712099 14185.88888888888 14232.777777777797 
499.00426317986455 91.0 0.0 12.0 119.0 14160.601471777394 14185.88888888888 14232.777777777797 
500.00426317986455 91.0 0.0 12.0 119.0 14161.360094290749 14185.88888888888 14232.777777777797 
501.00426317986455 92.0 0.0 11.0 119.0 14162.095958128692 14185.88888888888 14232.777777777797 
502.00426317986455 93.0 0.0 10.0 119.0 14162.903523829249 14189.014814814838 14232.777777777797 
503.00426317986455 93.0 0.0 10.0 119.0 14163.780640336607 14192.140740740746 14232.777777777797 
504.00426317986455 93.0 0.0 10.0 119.0 14164.631443348742 14192.140740740746 14232.777777777797 
505.00426317986455 93.0 0.0 10.0 119.0 14165.456722270505 14192.140740740746 14232.777777777797 
506.00426317986455 94.0 0.0 9.0 119.0 14166.257242824584 14192.140740740746 14232.777777777797 
507.00426317986455 94.0 0.0 9.0 119.0 14167.127525539872 14195.266666666657 14232.777777777797 
508.00426317986455 94.0 0.0 9.0 119.0 14167.971699773674 14195.266666666657 14232.777777777797 
509.00426317986455 94.0 0.0 10.0 119.0 14168.790548780456 14195.266666666657 14232.777777777797 
510.00426317986455 94.0 0.0 10.0 119.0 14169.491054539267 14192.140740740746 14232.777777777797 
511.00426317986455 94.0 0.0 10.0 119.0 14170.170545125307 14192.140740740746 14232.777777777797 
512.0042631798646 94.0 0.0 10.0 119.0 14170.829650993775 14192.140740740746 14232.777777777797 
513.0042631798646 94.0 0.0 11.0 119.0 14171.468983686189 14192.140740740746 14232.777777777797 
514.0042631798646 94.0 0.0 11.0 119.0 14172.089136397804 14192.140740740746 14232.777777777797 
515.0042631798646 94.0 0.0 11.0 119.0 14172.162240083664 14174.525925925918 14232.777777777797 
516.0042631798646 94.0 0.0 11.0 119.0 14172.233150658943 14174.525925925918 14232.777777777797 
517.0042631798646 94.0 0.0 11.0 118.0 14172.30193391692 14174.525925925918 14232.777777777797 
518.0042631798646 94.0 0.0 11.0 119.0 14172.368653677222 14174.525925925918 14232.777777777797 
519.0042631798646 94.0 0.0 11.0 119.0 14172.433371844654 14174.525925925918 14232.777777777797 
520.0042631798646 94.0 0.0 11.0 119.0 14172.589926244871 14177.651851851839 14232.777777777797 
521.0042631798646 94.0 0.0 11.0 119.0 14172.741784013084 14177.651851851839 14232.777777777797 
522.0042631798646 94.0 0.0 11.0 119.0 14172.889086048246 14177.651851851839 14232.777777777797 
523.0042631798646 95.0 0.0 10.0 119.0 14173.031969022353 14177.651851851839 14232.777777777797 
524.0042631798646 95.0 0.0 10.0 119.0 14173.264343285038 14180.777777777797 14232.777777777797 
525.0042631798646 95.0 0.0 10.0 119.0 14173.489746319801 14180.777777777797 14232.777777777797 
526.0042631798646 96.0 0.0 9.0 119.0 14173.708387263534 14180.777777777797 14232.777777777797 
527.0042631798646 96.0 0.0 9.0 119.0 14174.014246756757 14183.903703703707 14232.777777777797 
528.0042631798646 96.0 0.0 9.0 119.0 14174.310930465173 14183.903703703707 14232.777777777797 
529.0042631798646 96.0 0.0 9.0 119.0 14174.598713662315 14183.903703703707 14232.777777777797 
530.0042631798646 96.0 0.0 10.0 119.0 14174.877863363545 14183.903703703707 14232.777777777797 
531.0042631798646 96.0 0.0 10.0 119.0 14175.054860795977 14180.777777777797 14232.777777777797 
532.0042631798646 96.0 0.0 10.0 119.0 14175.226548305433 14180.777777777797 14232.777777777797 
533.0042631798646 96.0 0.0 10.0 119.0 14175.393085189597 14180.777777777797 14232.777777777797 
534.0042631798646 96.0 0.0 10.0 119.0 14175.554625967243 14180.777777777797 14232.777777777797 
535.0042631798646 96.0 0.0 11.0 119.0 14175.711320521576 14180.777777777797 14232.777777777797 
536.0042631798646 96.0 0.0 11.0 119.0 14175.769536461488 14177.651851851839 14232.777777777797 
537.0042631798646 97.0 0.0 10.0 118.0 14175.826005923194 14177.651851851839 14232.777777777797 
538.0042631798646 97.0 0.0 11.0 118.0 14175.974559078819 14180.777777777797 14232.777777777797 
539.0042631798646 97.0 0.0 11.0 118.0 14176.024877862 14177.651851851839 14232.777777777797 
540.0042631798646 97.0 0.0 11.0 118.0 14176.07368708172 14177.651851851839 14232.777777777797 
541.0042631798646 97.0 0.0 11.0 118.0 14176.121032024821 14177.651851851839 14232.777777777797 
542.0042631798646 97.0 0.0 11.0 118.0 14176.166956619636 14177.651851851839 14232.777777777797 
543.0042631798646 97.0 0.0 11.0 117.0 14176.211503476592 14177.651851851839 14232.777777777797 
544.0042631798646 98.0 0.0 10.0 117.0 14176.254713927843 14177.651851851839 14232.777777777797 
545.0042631798646 98.0 0.0 10.0 117.0 14176.82507251002 14195.266666666657 14232.777777777797 
546.0042631798646 99.0 0.0 9.0 116.0 14177.37832033472 14195.266666666657 14232.777777777797 
547.0042631798646 99.0 0.0 9.0 117.0 14178.00874850244 14198.392592592572 14232.777777777797 
548.0042631798646 99.0 0.0 9.0 118.0 14178.620263825147 14198.392592592572 14232.777777777797 
549.0042631798646 99.0 0.0 9.0 118.0 14179.213433688177 14198.392592592572 14232.777777777797 
550.0042631798646 99.0 0.0 9.0 119.0 14179.788808455318 14198.392592592572 14232.777777777797 
551.0042631798646 99.0 0.0 9.0 119.0 14180.346921979419 14198.392592592572 14232.777777777797 
552.0042631798646 99.0 0.0 9.0 119.0 14180.888292097834 14198.392592592572 14232.777777777797 
553.0042631798646 99.0 0.0 9.0 119.0 14181.413421112675 14198.392592592572 14232.777777777797 
554.0042631798646 99.0 0.0 9.0 119.0 14181.922796257066 14198.392592592572 14232.777777777797 
555.0042631798646 99.0 0.0 9.0 119.0 14182.416890147124 14198.392592592572 14232.777777777797 
556.0042631798646 99.0 0.0 9.0 119.0 14182.89616122049 14198.392592592572 14232.777777777797 
557.0042631798646 99.0 0.0 10.0 119.0 14183.361054161665 14198.392592592572 14232.777777777797 
558.0042631798646 99.0 0.0 10.0 119.0 14183.718222536792 14195.266666666657 14232.777777777797 
559.0042631798646 99.0 0.0 10.0 119.0 14184.064675860693 14195.266666666657 14232.777777777797 
560.0042631798646 99.0 0.0 10.0 119.0 14184.400735584892 14195.266666666657 14232.777777777797 
561.0042631798646 99.0 0.0 10.0 120.0 14184.726713517322 14195.266666666657 14232.777777777797 
562.0042631798646 99.0 0.0 10.0 120.0 14185.042912111807 14195.266666666657 14232.777777777797 
563.0042631798646 99.0 0.0 10.0 120.0 14185.349624748447 14195.266666666657 14232.777777777797 
564.0042631798646 99.0 0.0 10.0 120.0 14185.647136005999 14195.266666666657 14232.777777777797 
565.0042631798646 100.0 0.0 9.0 119.0 14185.935721925822 14195.266666666657 14232.777777777797 
566.0042631798646 100.0 0.0 9.0 119.0 14186.309428045828 14198.392592592572 14232.777777777797 
567.0042631798646 100.0 0.0 9.0 119.0 14186.671922982241 14198.392592592572 14232.777777777797 
568.0042631798646 100.0 0.0 9.0 119.0 14187.023543070547 14198.392592592572 14232.777777777797 
569.0042631798646 100.0 0.0 9.0 119.0 14187.364614556194 14198.392592592572 14232.777777777797 
570.0042631798646 100.0 0.0 10.0 119.0 14187.695453897279 14198.392592592572 14232.777777777797 
571.0042631798646 100.0 0.0 10.0 121.0 14187.922590280368 14195.266666666657 14232.777777777797 
572.0042631798646 100.0 0.0 10.0 121.0 14188.142912571953 14195.266666666657 14232.777777777797 
573.0042631798646 100.0 0.0 10.0 121.0 14188.356625194805 14195.266666666657 14232.777777777797 
574.0042631798646 100.0 0.0 10.0 121.0 14188.563926438967 14195.266666666657 14232.777777777797 
575.0042631798646 100.0 0.0 10.0 121.0 14188.765008645783 14195.266666666657 14232.777777777797 
576.0042631798646 100.0 0.0 10.0 122.0 14188.960058386418 14195.266666666657 14232.777777777797 
577.0042631798646 100.0 0.0 10.0 122.0 14189.14925663483 14195.266666666657 14232.777777777797 
578.0042631798646 100.0 0.0 10.0 121.0 14189.332778935783 14195.266666666657 14232.777777777797 
579.0042631798646 100.0 0.0 11.0 121.0 14189.510795567709 14195.266666666657 14232.777777777797 
580.0042631798646 100.0 0.0 11.0 121.0 14189.155027256224 14177.651851851839 14232.777777777797 
581.0042631798646 101.0 0.0 10.0 121.0 14188.809931994094 14177.651851851839 14232.777777777797 
582.0042631798646 101.0 0.0 10.0 121.0 14188.568967367615 14180.777777777797 14232.777777777797 
583.0042631798646 102.0 0.0 9.0 121.0 14188.335231679906 14180.777777777797 14232.777777777797 
584.0042631798646 102.0 0.0 9.0 121.0 14188.636952507288 14198.392592592572 14232.777777777797 
585.0042631798646 102.0 0.0 9.0 121.0 14188.929621709869 14198.392592592572 14232.777777777797 
586.0042631798646 102.0 0.0 9.0 121.0 14189.213510836345 14198.392592592572 14232.777777777797 
587.0042631798646 103.0 0.0 8.0 121.0 14189.488883289017 14198.392592592572 14232.777777777797 
588.0042631798646 103.0 0.0 9.0 121.0 14189.849772345908 14201.518518518522 14232.777777777797 
589.0042631798646 103.0 0.0 9.0 121.0 14190.10605695331 14198.392592592572 14232.777777777797 
590.0042631798646 103.0 0.0 9.0 121.0 14190.35465302249 14198.392592592572 14232.777777777797 
591.0042631798646 103.0 0.0 9.0 121.0 14190.595791209604 14198.392592592572 14232.777777777797 
592.0042631798646 104.0 0.0 8.0 121.0 14190.829695251092 14198.392592592572 14232.777777777797 
593.0042631798646 104.0 0.0 8.0 121.0 14191.150359949108 14201.518518518522 14232.777777777797 
594.0042631798646 104.0 0.0 9.0 121.0 14191.461404706186 14201.518518518522 14232.777777777797 
595.0042631798646 104.0 0.0 9.0 121.0 14191.66934034279 14198.392592592572 14232.777777777797 
596.0042631798646 104.0 0.0 9.0 120.0 14191.87103791029 14198.392592592572 14232.777777777797 
597.0042631798646 105.0 0.0 8.0 120.0 14192.06668455074 14198.392592592572 14232.777777777797 
598.0042631798646 105.0 0.0 8.0 121.0 14192.35023956977 14201.518518518522 14232.777777777797 
599.0042631798646 105.0 0.0 8.0 121.0 14192.625287938243 14201.518518518522 14232.777777777797 
600.0042631798646 105.0 0.0 8.0 121.0 14192.892084855648 14201.518518518522 14232.777777777797 
#####################################################################
# End of data export. Simulation finished at: 2020-02-04T03:41+0000 #
#####################################################################
