#####################################################################
# Alchemist log file - simulation started at: 2020-01-28T05:46+0000 #
#####################################################################
# seed = 3.0, meanTaskSize = 100, smoothing = 0.3, grain = 1600.0, peakFrequency = 0.3
#
# The columns have the following meaning: 
# time done[Sum] drop[Sum] waiting[Sum] isLeader[Sum] capacity[Mean] freeCapacity[Mean] maxCapacity[Mean] 
0.0 NaN 0.0 NaN NaN NaN NaN NaN 
1.0016359619213666 0.0 0.0 0.0 135.0 14232.777777777797 14232.777777777797 14232.777777777797 
2.001635961921367 0.0 0.0 0.0 135.0 14232.777777777797 14232.777777777797 14232.777777777797 
3.001635961921367 0.0 0.0 0.0 135.0 14232.777777777797 14232.777777777797 14232.777777777797 
4.001635961921367 0.0 0.0 0.0 135.0 14232.777777777797 14232.777777777797 14232.777777777797 
5.001635961921367 0.0 0.0 0.0 135.0 14232.777777777797 14232.777777777797 14232.777777777797 
6.001635961921367 0.0 0.0 0.0 135.0 14232.777777777797 14232.777777777797 14232.777777777797 
7.001635961921367 0.0 0.0 0.0 135.0 14232.777777777797 14232.777777777797 14232.777777777797 
8.001635961921366 0.0 0.0 0.0 135.0 14232.777777777797 14232.777777777797 14232.777777777797 
9.001635961921366 0.0 0.0 0.0 135.0 14232.777777777797 14232.777777777797 14232.777777777797 
10.001635961921366 0.0 0.0 0.0 135.0 14232.777777777797 14232.777777777797 14232.777777777797 
11.001635961921366 0.0 0.0 0.0 135.0 14232.777777777797 14232.777777777797 14232.777777777797 
12.001635961921366 0.0 0.0 0.0 135.0 14232.777777777797 14232.777777777797 14232.777777777797 
13.001635961921366 0.0 0.0 0.0 135.0 14232.777777777797 14232.777777777797 14232.777777777797 
14.001635961921366 0.0 0.0 0.0 135.0 14232.777777777797 14232.777777777797 14232.777777777797 
15.001635961921366 0.0 0.0 0.0 135.0 14232.777777777797 14232.777777777797 14232.777777777797 
16.001635961921366 0.0 0.0 0.0 135.0 14232.777777777797 14232.777777777797 14232.777777777797 
17.001635961921366 0.0 0.0 0.0 135.0 14232.777777777797 14232.777777777797 14232.777777777797 
18.001635961921366 0.0 0.0 0.0 135.0 14232.777777777797 14232.777777777797 14232.777777777797 
19.001635961921366 0.0 0.0 0.0 135.0 14232.777777777797 14232.777777777797 14232.777777777797 
20.001635961921366 0.0 0.0 0.0 135.0 14232.777777777797 14232.777777777797 14232.777777777797 
21.001635961921366 0.0 0.0 0.0 135.0 14232.777777777797 14232.777777777797 14232.777777777797 
22.001635961921366 0.0 0.0 0.0 135.0 14232.777777777797 14232.777777777797 14232.777777777797 
23.001635961921366 0.0 0.0 0.0 135.0 14232.777777777797 14232.777777777797 14232.777777777797 
24.001635961921366 0.0 0.0 0.0 135.0 14232.777777777797 14232.777777777797 14232.777777777797 
25.001635961921366 0.0 0.0 0.0 135.0 14232.777777777797 14232.777777777797 14232.777777777797 
26.001635961921366 0.0 0.0 0.0 135.0 14232.777777777797 14232.777777777797 14232.777777777797 
27.001635961921366 0.0 0.0 0.0 135.0 14232.777777777797 14232.777777777797 14232.777777777797 
28.001635961921366 0.0 0.0 0.0 135.0 14232.777777777797 14232.777777777797 14232.777777777797 
29.001635961921366 0.0 0.0 0.0 135.0 14232.777777777797 14232.777777777797 14232.777777777797 
30.001635961921366 0.0 0.0 0.0 135.0 14232.777777777797 14232.777777777797 14232.777777777797 
31.001635961921366 0.0 0.0 0.0 135.0 14232.777777777797 14232.777777777797 14232.777777777797 
32.001635961921366 0.0 0.0 1.0 135.0 14232.777777777797 14232.777777777797 14232.777777777797 
33.001635961921366 0.0 0.0 1.0 134.0 14231.839999999998 14229.651851851839 14232.777777777797 
34.001635961921366 0.0 0.0 1.0 134.0 14231.183555555575 14229.651851851839 14232.777777777797 
35.001635961921366 0.0 0.0 1.0 134.0 14230.724044444441 14229.651851851839 14232.777777777797 
36.001635961921366 0.0 0.0 1.0 134.0 14230.40238666667 14229.651851851839 14232.777777777797 
37.001635961921366 0.0 0.0 1.0 134.0 14230.177226222231 14229.651851851839 14232.777777777797 
38.001635961921366 0.0 0.0 1.0 134.0 14230.01961391108 14229.651851851839 14232.777777777797 
39.001635961921366 0.0 0.0 1.0 134.0 14229.909285293332 14229.651851851839 14232.777777777797 
40.001635961921366 0.0 0.0 1.0 134.0 14229.832055260886 14229.651851851839 14232.777777777797 
41.001635961921366 0.0 0.0 1.0 134.0 14229.77799423819 14229.651851851839 14232.777777777797 
42.001635961921366 0.0 0.0 1.0 134.0 14229.740151522272 14229.651851851839 14232.777777777797 
43.001635961921366 0.0 0.0 1.0 134.0 14229.713661621154 14229.651851851839 14232.777777777797 
44.001635961921366 0.0 0.0 1.0 134.0 14229.69511869035 14229.651851851839 14232.777777777797 
45.001635961921366 0.0 0.0 1.0 134.0 14229.682138638815 14229.651851851839 14232.777777777797 
46.001635961921366 0.0 0.0 2.0 134.0 14229.673052602746 14229.651851851839 14232.777777777797 
47.001635961921366 1.0 0.0 1.0 133.0 14228.728914599711 14226.525925925918 14232.777777777797 
48.001635961921366 2.0 0.0 0.0 133.0 14229.005795775316 14229.651851851839 14232.777777777797 
49.001635961921366 2.0 0.0 0.0 134.0 14230.137390376065 14232.777777777797 14232.777777777797 
50.001635961921366 2.0 0.0 0.0 134.0 14230.929506596589 14232.777777777797 14232.777777777797 
51.001635961921366 2.0 0.0 0.0 134.0 14231.483987950927 14232.777777777797 14232.777777777797 
52.001635961921366 2.0 0.0 1.0 134.0 14231.872124899015 14232.777777777797 14232.777777777797 
53.001635961921366 2.0 0.0 1.0 134.0 14231.206042984835 14229.651851851839 14232.777777777797 
54.001635961921366 2.0 0.0 1.0 134.0 14230.739785644968 14229.651851851839 14232.777777777797 
55.001635961921366 2.0 0.0 1.0 134.0 14230.413405507019 14229.651851851839 14232.777777777797 
56.001635961921366 2.0 0.0 1.0 134.0 14230.18493941048 14229.651851851839 14232.777777777797 
57.001635961921366 2.0 0.0 1.0 134.0 14230.025013142886 14229.651851851839 14232.777777777797 
58.001635961921366 2.0 0.0 1.0 134.0 14229.91306475557 14229.651851851839 14232.777777777797 
59.001635961921366 2.0 0.0 1.0 134.0 14229.834700884461 14229.651851851839 14232.777777777797 
60.001635961921366 3.0 0.0 0.0 134.0 14229.779846174693 14229.651851851839 14232.777777777797 
61.001635961921366 3.0 0.0 0.0 134.0 14230.679225655613 14232.777777777797 14232.777777777797 
62.001635961921366 3.0 0.0 0.0 134.0 14231.308791292247 14232.777777777797 14232.777777777797 
63.001635961921366 3.0 0.0 0.0 134.0 14231.749487237916 14232.777777777797 14232.777777777797 
64.00163596192137 3.0 0.0 0.0 134.0 14232.057974399884 14232.777777777797 14232.777777777797 
65.00163596192137 3.0 0.0 0.0 135.0 14232.273915413212 14232.777777777797 14232.777777777797 
66.00163596192137 3.0 0.0 0.0 135.0 14232.425074122597 14232.777777777797 14232.777777777797 
67.00163596192137 3.0 0.0 0.0 135.0 14232.530885219183 14232.777777777797 14232.777777777797 
68.00163596192137 3.0 0.0 0.0 135.0 14232.604952986747 14232.777777777797 14232.777777777797 
69.00163596192137 3.0 0.0 0.0 135.0 14232.656800424049 14232.777777777797 14232.777777777797 
70.00163596192137 3.0 0.0 0.0 135.0 14232.69309363017 14232.777777777797 14232.777777777797 
71.00163596192137 3.0 0.0 0.0 135.0 14232.718498874448 14232.777777777797 14232.777777777797 
72.00163596192137 3.0 0.0 0.0 135.0 14232.736282545446 14232.777777777797 14232.777777777797 
73.00163596192137 3.0 0.0 0.0 135.0 14232.74873111516 14232.777777777797 14232.777777777797 
74.00163596192137 3.0 0.0 0.0 135.0 14232.757445113913 14232.777777777797 14232.777777777797 
75.00163596192137 3.0 0.0 0.0 135.0 14232.763544913054 14232.777777777797 14232.777777777797 
76.00163596192137 3.0 0.0 0.0 135.0 14232.767814772531 14232.777777777797 14232.777777777797 
77.00163596192137 3.0 0.0 0.0 135.0 14232.770803674057 14232.777777777797 14232.777777777797 
78.00163596192137 3.0 0.0 1.0 135.0 14232.77289590519 14232.777777777797 14232.777777777797 
79.00163596192137 4.0 0.0 1.0 135.0 14227.489916022507 14215.162962962962 14232.777777777797 
80.00163596192137 4.0 0.0 1.0 134.0 14228.138496771327 14229.651851851839 14232.777777777797 
81.00163596192137 4.0 0.0 1.0 134.0 14228.592503295462 14229.651851851839 14232.777777777797 
82.00163596192137 4.0 0.0 1.0 134.0 14228.910307862392 14229.651851851839 14232.777777777797 
83.00163596192137 4.0 0.0 1.0 134.0 14229.132771059263 14229.651851851839 14232.777777777797 
84.00163596192137 4.0 0.0 1.0 134.0 14229.288495297027 14229.651851851839 14232.777777777797 
85.00163596192137 4.0 0.0 1.0 134.0 14229.39750226347 14229.651851851839 14232.777777777797 
86.00163596192137 4.0 0.0 2.0 134.0 14229.473807139962 14229.651851851839 14232.777777777797 
87.00163596192137 5.0 0.0 1.0 133.0 14228.589442775738 14226.525925925918 14232.777777777797 
88.00163596192137 5.0 0.0 1.0 133.0 14228.908165498566 14229.651851851839 14232.777777777797 
89.00163596192137 5.0 0.0 1.0 133.0 14229.131271404556 14229.651851851839 14232.777777777797 
90.00163596192137 5.0 0.0 1.0 133.0 14229.287445538752 14229.651851851839 14232.777777777797 
91.00163596192137 5.0 0.0 1.0 133.0 14229.396767432689 14229.651851851839 14232.777777777797 
92.00163596192137 5.0 0.0 1.0 134.0 14229.473292758421 14229.651851851839 14232.777777777797 
93.00163596192137 5.0 0.0 1.0 134.0 14229.526860486441 14229.651851851839 14232.777777777797 
94.00163596192137 5.0 0.0 1.0 134.0 14229.564357896059 14229.651851851839 14232.777777777797 
95.00163596192137 5.0 0.0 1.0 134.0 14229.59060608283 14229.651851851839 14232.777777777797 
96.00163596192137 6.0 0.0 0.0 134.0 14229.608979813524 14229.651851851839 14232.777777777797 
97.00163596192137 6.0 0.0 0.0 134.0 14230.55961920283 14232.777777777797 14232.777777777797 
98.00163596192137 6.0 0.0 1.0 134.0 14231.225066775285 14232.777777777797 14232.777777777797 
99.00163596192137 6.0 0.0 1.0 133.0 14230.753102298253 14229.651851851839 14232.777777777797 
100.00163596192137 6.0 0.0 1.0 133.0 14230.422727164332 14229.651851851839 14232.777777777797 
101.00163596192137 6.0 0.0 1.0 134.0 14230.1914645706 14229.651851851839 14232.777777777797 
102.00163596192137 6.0 0.0 1.0 134.0 14230.029580754992 14229.651851851839 14232.777777777797 
103.00163596192137 6.0 0.0 1.0 134.0 14229.916262084016 14229.651851851839 14232.777777777797 
104.00163596192137 6.0 0.0 1.0 134.0 14229.836939014363 14229.651851851839 14232.777777777797 
105.00163596192137 6.0 0.0 1.0 134.0 14229.78141286562 14229.651851851839 14232.777777777797 
106.00163596192137 6.0 0.0 1.0 134.0 14229.742544561495 14229.651851851839 14232.777777777797 
107.00163596192137 6.0 0.0 1.0 134.0 14229.71533674858 14229.651851851839 14232.777777777797 
108.00163596192137 6.0 0.0 1.0 134.0 14229.696291279575 14229.651851851839 14232.777777777797 
109.00163596192137 6.0 0.0 1.0 134.0 14229.682959451258 14229.651851851839 14232.777777777797 
110.00163596192137 6.0 0.0 1.0 134.0 14229.673627171436 14229.651851851839 14232.777777777797 
111.00163596192137 6.0 0.0 2.0 134.0 14229.667094575558 14229.651851851839 14232.777777777797 
112.00163596192137 6.0 0.0 3.0 133.0 14228.724743980662 14226.525925925918 14232.777777777797 
113.00163596192137 6.0 0.0 4.0 132.0 14227.127320786469 14223.400000000001 14232.777777777797 
114.00163596192137 6.0 0.0 4.0 132.0 14226.009124550548 14223.400000000001 14232.777777777797 
115.00163596192137 7.0 0.0 4.0 132.0 14219.941942740921 14205.785185185186 14232.777777777797 
116.00163596192137 7.0 0.0 4.0 132.0 14220.979359918647 14223.400000000001 14232.777777777797 
117.00163596192137 8.0 0.0 4.0 132.0 14216.421107498605 14205.785185185186 14232.777777777797 
118.00163596192137 8.0 0.0 4.0 132.0 14218.514775249028 14223.400000000001 14232.777777777797 
119.00163596192137 12.0 0.0 1.0 132.0 14214.695898229875 14205.785185185186 14232.777777777797 
120.00163596192137 12.0 0.0 3.0 132.0 14220.120462094266 14232.777777777797 14232.777777777797 
121.00163596192137 14.0 0.0 2.0 132.0 14213.348767910433 14197.54814814815 14232.777777777797 
122.00163596192137 14.0 0.0 3.0 132.0 14213.893026426165 14215.162962962962 14232.777777777797 
123.00163596192137 16.0 0.0 1.0 132.0 14203.705118498345 14179.933333333322 14232.777777777797 
124.00163596192137 16.0 0.0 1.0 135.0 14207.142471837717 14215.162962962962 14232.777777777797 
125.00163596192137 17.0 0.0 1.0 134.0 14208.610841397516 14212.037037037013 14232.777777777797 
126.00163596192137 17.0 0.0 1.0 133.0 14213.985366756007 14226.525925925918 14232.777777777797 
127.00163596192137 17.0 0.0 4.0 133.0 14217.74753450703 14226.525925925918 14232.777777777797 
128.00163596192135 19.0 0.0 5.0 132.0 14208.874385266008 14188.17037037036 14232.777777777797 
129.00163596192135 21.0 0.0 4.0 132.0 14207.947625241795 14205.785185185186 14232.777777777797 
130.00163596192135 23.0 0.0 4.0 132.0 14197.667782113696 14173.681481481453 14232.777777777797 
131.00163596192135 24.0 0.0 5.0 132.0 14195.756336368464 14191.296296296277 14232.777777777797 
132.00163596192135 25.0 0.0 8.0 131.0 14193.48054656906 14188.17037037036 14232.777777777797 
133.00163596192135 28.0 0.0 7.0 132.0 14186.603049264999 14170.555555555586 14232.777777777797 
134.00163596192135 30.0 0.0 7.0 131.0 14171.222134485513 14135.333333333332 14232.777777777797 
135.00163596192135 33.0 0.0 5.0 131.0 14160.455494139866 14135.333333333332 14232.777777777797 
136.00163596192135 35.0 0.0 5.0 131.0 14163.485512564554 14170.555555555586 14232.777777777797 
137.00163596192135 36.0 0.0 5.0 131.0 14160.324303239662 14152.94814814816 14232.777777777797 
138.00163596192135 37.0 0.0 8.0 132.0 14163.395901156653 14170.562962962935 14232.777777777797 
139.00163596192135 39.0 0.0 7.0 131.0 14153.103797476328 14129.088888888855 14232.777777777797 
140.00163596192135 42.0 0.0 7.0 131.0 14157.403769344506 14167.437037037065 14232.777777777797 
141.00163596192135 43.0 0.0 8.0 131.0 14170.982638541189 14202.666666666668 14232.777777777797 
142.00163596192135 45.0 0.0 7.0 131.0 14164.634513645513 14149.82222222224 14232.777777777797 
143.00163596192135 45.0 0.0 10.0 131.0 14166.413048440721 14170.562962962935 14232.777777777797 
144.00163596192135 47.0 0.0 11.0 131.0 14150.87135613073 14114.607407407428 14232.777777777797 
145.00163596192135 49.0 0.0 11.0 130.0 14143.403282624817 14125.977777777774 14232.777777777797 
146.00163596192135 53.0 0.0 11.0 130.0 14138.175631170732 14125.977777777774 14232.777777777797 
147.00163596192135 57.0 0.0 7.0 131.0 14135.454052930618 14129.103703703682 14232.777777777797 
148.00163596192135 57.0 0.0 9.0 131.0 14144.115614829212 14164.325925925894 14232.777777777797 
149.00163596192135 62.0 0.0 6.0 131.0 14150.176485936005 14164.318518518547 14232.777777777797 
150.00163596192135 63.0 0.0 9.0 131.0 14160.64131793299 14185.059259259278 14232.777777777797 
151.00163596192135 63.0 0.0 10.0 130.0 14161.746700330857 14164.325925925894 14232.777777777797 
152.00163596192135 65.0 0.0 9.0 130.0 14146.667134676047 14111.481481481478 14232.777777777797 
153.00163596192135 65.0 0.0 11.0 130.0 14146.680327606538 14146.711111111119 14232.777777777797 
154.00163596192135 68.0 0.0 8.0 130.0 14146.685118213465 14146.696296296284 14232.777777777797 
155.00163596192135 73.0 0.0 7.0 131.0 14151.972916082768 14164.311111111108 14232.777777777797 
156.00163596192135 75.0 0.0 7.0 130.0 14156.614374591278 14167.444444444414 14232.777777777797 
157.00163596192135 75.0 0.0 8.0 130.0 14154.581173325027 14149.837037037038 14232.777777777797 
158.00163596192135 77.0 0.0 9.0 130.0 14158.442376883087 14167.45185185185 14232.777777777797 
159.00163596192135 78.0 0.0 10.0 130.0 14156.794108262578 14152.94814814816 14232.777777777797 
160.00163596192135 82.0 0.0 9.0 132.0 14145.07587578381 14117.733333333343 14232.777777777797 
161.00163596192135 84.0 0.0 11.0 130.0 14148.973113048663 14158.066666666678 14232.777777777797 
162.00163596192135 87.0 0.0 16.0 130.0 14141.130068022938 14122.82962962964 14232.777777777797 
163.00163596192135 89.0 0.0 17.0 129.0 14125.077714282712 14087.622222222213 14232.777777777797 
164.00163596192135 94.0 0.0 13.0 115.0 14097.98773333123 14034.777777777797 14232.777777777797 
165.00163596192135 98.0 0.0 9.0 127.0 14089.59363555409 14070.0074074074 14232.777777777797 
166.00163596192135 101.0 0.0 8.0 115.0 14115.419989332302 14175.681481481453 14232.777777777797 
167.00163596192135 103.0 0.0 8.0 112.0 14128.213992532637 14158.066666666678 14232.777777777797 
168.00163596192135 106.0 0.0 10.0 128.0 14132.823128106167 14143.577777777764 14232.777777777797 
169.00163596192135 109.0 0.0 12.0 114.0 14143.807300785436 14169.437037037065 14232.777777777797 
170.00163596192135 114.0 0.0 13.0 112.0 14137.213999438674 14121.82962962964 14232.777777777797 
171.00163596192135 115.0 0.0 15.0 111.0 14132.598688495973 14121.82962962964 14232.777777777797 
172.00163596192135 118.0 0.0 13.0 112.0 14108.234637502732 14051.385185185176 14232.777777777797 
173.00163596192135 119.0 0.0 16.0 111.0 14100.808690696364 14083.481481481478 14232.777777777797 
174.00163596192135 121.0 0.0 15.0 122.0 14079.761639043018 14030.651851851839 14232.777777777797 
175.00163596192135 128.0 0.0 11.0 116.0 14065.028702885684 14030.651851851839 14232.777777777797 
176.00163596192135 132.0 0.0 10.0 112.0 14072.13564757552 14088.718518518519 14232.777777777797 
177.00163596192135 133.0 0.0 13.0 112.0 14096.67495330288 14153.933333333322 14232.777777777797 
178.00163596192135 137.0 0.0 10.0 111.0 14092.719133978655 14083.488888888909 14232.777777777797 
179.00163596192135 139.0 0.0 9.0 124.0 14092.761171562857 14092.859259259254 14232.777777777797 
180.00163596192135 141.0 0.0 10.0 115.0 14099.012820093994 14113.599999999999 14232.777777777797 
181.00163596192135 144.0 0.0 8.0 124.0 14107.10230739913 14125.977777777774 14232.777777777797 
182.00163596192135 146.0 0.0 12.0 114.0 14112.762726290486 14125.970370370334 14232.777777777797 
183.00163596192135 149.0 0.0 11.0 112.0 14118.293908403351 14131.200000000026 14232.777777777797 
184.00163596192135 150.0 0.0 12.0 126.0 14122.163513660123 14131.192592592592 14232.777777777797 
185.00163596192135 152.0 0.0 12.0 128.0 14111.798904006531 14087.614814814824 14232.777777777797 
186.00163596192135 159.0 0.0 9.0 128.0 14110.763677249042 14108.348148148161 14232.777777777797 
187.00163596192135 160.0 0.0 8.0 128.0 14110.039018518755 14108.348148148161 14232.777777777797 
188.00163596192135 162.0 0.0 9.0 128.0 14105.187312963133 14093.86666666665 14232.777777777797 
189.00163596192135 165.0 0.0 12.0 128.0 14111.42000796309 14125.962962962985 14232.777777777797 
190.00163596192135 170.0 0.0 11.0 128.0 14106.154005574155 14093.86666666665 14232.777777777797 
191.00163596192135 175.0 0.0 12.0 127.0 14106.812248346334 14108.348148148161 14232.777777777797 
192.00163596192135 180.0 0.0 13.0 127.0 14107.273018286893 14108.348148148161 14232.777777777797 
193.00163596192135 183.0 0.0 13.0 128.0 14097.03111280083 14073.13333333335 14232.777777777797 
194.00163596192135 187.0 0.0 13.0 130.0 14095.146223405032 14090.748148148132 14232.777777777797 
195.00163596192135 191.0 0.0 15.0 130.0 14088.540134161312 14073.125925925919 14232.777777777797 
196.00163596192135 195.0 0.0 16.0 129.0 14077.695871690683 14052.392592592572 14232.777777777797 
197.00163596192135 199.0 0.0 16.0 128.0 14068.231554627939 14046.14814814815 14232.777777777797 
198.00163596192135 204.0 0.0 17.0 128.0 14066.888754906215 14063.755555555561 14232.777777777797 
199.00163596192135 207.0 0.0 19.0 127.0 14064.077683989915 14057.518518518522 14232.777777777797 
200.00163596192135 214.0 0.0 16.0 127.0 14068.329934348483 14078.251851851868 14232.777777777797 
201.00163596192135 216.0 0.0 17.0 127.0 14082.810954043936 14116.599999999999 14232.777777777797 
202.00163596192135 220.0 0.0 16.0 123.0 14083.314334497432 14084.488888888909 14232.777777777797 
203.00163596192135 226.0 0.0 13.0 111.0 14084.604478592633 14087.614814814824 14232.777777777797 
204.00163596192135 231.0 0.0 16.0 110.0 14096.076468348183 14122.844444444469 14232.777777777797 
205.00163596192135 235.0 0.0 16.0 115.0 14078.626861177063 14037.911111111145 14232.777777777797 
206.00163596192135 241.0 0.0 14.0 125.0 14061.127691712829 14020.29629629628 14232.777777777797 
207.00163596192135 244.0 0.0 13.0 115.0 14068.140495310112 14084.503703703696 14232.777777777797 
208.00163596192135 248.0 0.0 11.0 125.0 14073.985013383726 14087.622222222213 14232.777777777797 
209.00163596192135 254.0 0.0 9.0 116.0 14092.987287146376 14137.325925925896 14232.777777777797 
210.00163596192135 259.0 0.0 8.0 117.0 14111.571101002473 14154.933333333322 14232.777777777797 
211.00163596192135 261.0 0.0 9.0 122.0 14120.23532625728 14140.45185185185 14232.777777777797 
212.00163596192135 264.0 0.0 8.0 116.0 14129.711395046766 14151.82222222224 14232.777777777797 
213.00163596192135 265.0 0.0 16.0 109.0 14130.126865421606 14131.096296296293 14232.777777777797 
214.00163596192135 269.0 0.0 20.0 121.0 14103.99991690626 14043.037037037015 14232.777777777797 
215.00163596192135 276.0 0.0 18.0 127.0 14069.862164056582 13990.207407407375 14232.777777777797 
216.00163596192135 283.0 0.0 18.0 126.0 14058.999070395173 14033.651851851839 14232.777777777797 
217.00163596192135 287.0 0.0 19.0 115.0 14056.677127054385 14051.259259259266 14232.777777777797 
218.00163596192135 293.0 0.0 18.0 109.0 14042.613988938094 14009.799999999974 14232.777777777797 
219.00163596192135 298.0 0.0 18.0 108.0 14059.187570034434 14097.859259259254 14232.777777777797 
220.00163596192135 303.0 0.0 19.0 108.0 14060.222410135224 14062.637037037042 14232.777777777797 
221.00163596192135 308.0 0.0 18.0 120.0 14051.315687094646 14030.53333333332 14232.777777777797 
222.00163596192135 315.0 0.0 18.0 114.0 14051.30320318847 14051.274074074052 14232.777777777797 
223.00163596192135 318.0 0.0 15.0 109.0 14052.230020009723 14054.392592592572 14232.777777777797 
224.00163596192135 323.0 0.0 16.0 108.0 14059.10323622902 14075.140740740746 14232.777777777797 
225.00163596192135 325.0 0.0 19.0 107.0 14075.416709804758 14113.481481481478 14232.777777777797 
226.00163596192135 328.0 0.0 23.0 108.0 14056.073919085555 14010.940740740722 14232.777777777797 
227.00163596192135 338.0 0.0 15.0 120.0 14036.311743359896 13990.200000000026 14232.777777777797 
228.00163596192135 340.0 0.0 19.0 115.0 14028.695998129711 14010.925925925929 14232.777777777797 
229.00163596192135 345.0 0.0 23.0 121.0 14012.796087579687 13975.696296296284 14232.777777777797 
230.00163596192135 354.0 0.0 18.0 112.0 13995.741705750223 13955.94814814816 14232.777777777797 
231.00163596192135 359.0 0.0 16.0 96.0 14005.870305136243 14029.503703703696 14232.777777777797 
232.00163596192135 363.0 0.0 14.0 88.0 14013.900324706507 14032.637037037042 14232.777777777797 
233.00163596192135 367.0 0.0 11.0 99.0 14035.372449516759 14085.474074074082 14232.777777777797 
234.00163596192135 370.0 0.0 14.0 118.0 14055.687381328398 14103.088888888855 14232.777777777797 
235.00163596192135 375.0 0.0 16.0 101.0 14059.336722485417 14067.85185185185 14232.777777777797 
236.00163596192135 380.0 0.0 14.0 89.0 14050.693483517583 14030.525925925918 14232.777777777797 
237.00163596192135 386.0 0.0 13.0 101.0 14058.023216240073 14075.125925925919 14232.777777777797 
238.00163596192135 389.0 0.0 12.0 107.0 14084.287362479186 14145.570370370371 14232.777777777797 
239.00163596192135 390.0 0.0 19.0 98.0 14093.045598179859 14113.481481481478 14232.777777777797 
240.00163596192135 397.0 0.0 18.0 101.0 14055.969696503684 13969.459259259243 14232.777777777797 
241.00163596192135 403.0 0.0 15.0 107.0 14032.518787552564 13977.799999999974 14232.777777777797 
242.00163596192135 406.0 0.0 16.0 98.0 14019.514262397914 13989.17037037036 14232.777777777797 
243.00163596192135 411.0 0.0 16.0 102.0 14016.633317011878 14009.911111111145 14232.777777777797 
244.00163596192135 416.0 0.0 19.0 97.0 14030.46776635278 14062.748148148132 14232.777777777797 
245.00163596192135 420.0 0.0 20.0 91.0 14034.865214224721 14045.125925925919 14232.777777777797 
246.00163596192135 425.0 0.0 23.0 99.0 14020.216761068392 13986.037037037015 14232.777777777797 
247.00163596192135 433.0 0.0 18.0 109.0 14011.840621636793 13992.29629629628 14232.777777777797 
248.00163596192135 436.0 0.0 19.0 104.0 13998.515101812409 13967.422222222236 14232.777777777797 
249.00163596192135 443.0 0.0 16.0 106.0 14005.338349046482 14021.259259259266 14232.777777777797 
250.00163596192135 448.0 0.0 15.0 116.0 14028.472399888073 14082.451851851853 14232.777777777797 
251.00163596192135 451.0 0.0 19.0 113.0 14023.530679921669 14012.0 14232.777777777797 
252.00163596192135 457.0 0.0 15.0 107.0 14013.218142611826 13989.155555555531 14232.777777777797 
253.00163596192135 460.0 0.0 17.0 106.0 14028.70603316161 14064.844444444469 14232.777777777797 
254.00163596192135 465.0 0.0 16.0 117.0 14023.69866765758 14012.014814814838 14232.777777777797 
255.00163596192135 468.0 0.0 13.0 112.0 14018.624622915848 14006.785185185188 14232.777777777797 
256.00163596192135 473.0 0.0 16.0 106.0 14037.14390270777 14080.355555555561 14232.777777777797 
257.00163596192135 481.0 0.0 12.0 105.0 14043.889620784312 14059.629629629611 14232.777777777797 
258.00163596192135 485.0 0.0 12.0 105.0 14055.767178993485 14083.481481481478 14232.777777777797 
259.00163596192135 488.0 0.0 14.0 116.0 14052.883691962088 14046.155555555531 14232.777777777797 
260.00163596192135 492.0 0.0 16.0 114.0 14046.516362151255 14031.659259259277 14232.777777777797 
261.00163596192135 496.0 0.0 16.0 119.0 14036.774786839183 14014.04444444444 14232.777777777797 
262.00163596192135 500.0 0.0 17.0 115.0 14005.07568412077 13931.111111111119 14232.777777777797 
263.00163596192135 504.0 0.0 21.0 119.0 14013.646312217856 14033.644444444439 14232.777777777797 
264.00163596192135 510.0 0.0 18.0 112.0 13999.781307441393 13967.429629629627 14232.777777777797 
265.00163596192135 512.0 0.0 19.0 117.0 14003.146915208968 14011.0 14232.777777777797 
266.00163596192135 520.0 0.0 20.0 113.0 14019.782840646267 14058.599999999999 14232.777777777797 
267.00163596192135 527.0 0.0 18.0 116.0 13998.834655119052 13949.95555555556 14232.777777777797 
268.00163596192135 535.0 0.0 16.0 115.0 13983.533147472253 13947.82962962964 14232.777777777797 
269.00163596192135 538.0 0.0 15.0 116.0 13992.082092119448 14012.029629629666 14232.777777777797 
270.00163596192135 542.0 0.0 15.0 115.0 13985.930797816949 13971.577777777764 14232.777777777797 
271.00163596192135 545.0 0.0 17.0 106.0 13996.531558471861 14021.266666666657 14232.777777777797 
272.00163596192135 550.0 0.0 16.0 118.0 13993.38542426364 13986.04444444444 14232.777777777797 
273.00163596192135 554.0 0.0 19.0 115.0 14007.936463651198 14041.88888888888 14232.777777777797 
274.00163596192135 558.0 0.0 24.0 117.0 13997.92663566695 13974.570370370371 14232.777777777797 
275.00163596192135 568.0 0.0 18.0 124.0 13981.288644966859 13942.466666666678 14232.777777777797 
276.00163596192135 574.0 0.0 20.0 110.0 13996.997607032388 14033.651851851839 14232.777777777797 
277.0010574734426 579.0 0.0 19.0 120.0 13979.59685599327 13942.466666666678 14232.777777777797 
278.0004348429318 585.0 0.0 20.0 108.0 13982.433354750854 13989.05185185184 14232.777777777797 
279.00163596192135 592.0 0.0 20.0 106.0 14007.000334767665 14062.622222222213 14232.777777777797 
280.00163596192135 597.0 0.0 18.0 119.0 13996.06023433737 13970.53333333332 14232.777777777797 
281.00163596192135 605.0 0.0 20.0 108.0 14000.846608480599 14012.014814814838 14232.777777777797 
282.00163596192135 608.0 0.0 24.0 104.0 13986.14818149196 13951.85185185185 14232.777777777797 
283.00163596192135 614.0 0.0 24.0 104.0 13961.579282599921 13904.251851851868 14232.777777777797 
284.00163596192135 622.0 0.0 21.0 107.0 13954.30994226442 13937.34814814816 14232.777777777797 
285.00163596192135 629.0 0.0 17.0 106.0 13956.976959585081 13963.200000000026 14232.777777777797 
286.00163596192135 636.0 0.0 19.0 113.0 13987.766093931783 14059.607407407428 14232.777777777797 
287.00163596192135 643.0 0.0 18.0 106.0 13971.702932418902 13934.222222222203 14232.777777777797 
288.00163596192135 648.0 0.0 19.0 106.0 13994.038719359894 14046.155555555531 14232.777777777797 
289.00163596192135 653.0 0.0 21.0 121.0 13995.351547996379 13998.4148148148 14232.777777777797 
290.00163596192135 659.0 0.0 20.0 109.0 13999.38163915303 14008.785185185188 14232.777777777797 
291.00163596192135 665.0 0.0 21.0 106.0 14001.26270296269 14005.651851851839 14232.777777777797 
292.00163596192135 671.0 0.0 25.0 93.0 13990.44611429609 13965.207407407375 14232.777777777797 
293.00163596192135 675.0 0.0 24.0 101.0 13986.914502229463 13978.674074074104 14232.777777777797 
294.00163596192135 684.0 0.0 21.0 103.0 13999.657929338417 14029.392592592572 14232.777777777797 
295.00163596192135 685.0 0.0 23.0 103.0 14014.798328314668 14050.125925925919 14232.777777777797 
296.00163596192135 690.0 0.0 19.0 92.0 14007.072163153607 13989.04444444444 14232.777777777797 
297.00163596192135 693.0 0.0 30.0 107.0 14019.38829198531 14048.125925925919 14232.777777777797 
298.00163596192135 699.0 0.0 27.0 103.0 13990.72513772304 13923.844444444469 14232.777777777797 
299.00163596192135 707.0 0.0 21.0 116.0 13977.776485295008 13947.562962962935 14232.777777777797 
300.00163596192135 713.0 0.0 21.0 106.0 13994.196873039848 14032.511111111091 14232.777777777797 
301.00163596192135 721.0 0.0 17.0 104.0 13987.371144461233 13971.444444444414 14232.777777777797 
302.00163596192135 723.0 0.0 23.0 103.0 14002.7842455673 14038.748148148132 14232.777777777797 
303.00163596192135 728.0 0.0 22.0 102.0 14003.006749674878 14003.525925925918 14232.777777777797 
304.00163596192135 732.0 0.0 25.0 101.0 13997.880280327974 13985.918518518494 14232.777777777797 
305.00163596192135 739.0 0.0 29.0 116.0 13978.442862896258 13933.088888888855 14232.777777777797 
306.00163596192135 746.0 0.0 31.0 107.0 13955.210004027374 13901.0 14232.777777777797 
307.00163596192135 750.0 0.0 34.0 115.0 13943.293669485838 13915.488888888909 14232.777777777797 
308.00163596192135 762.0 0.0 33.0 107.0 13925.9589019734 13885.511111111091 14232.777777777797 
309.00163596192135 772.0 0.0 26.0 115.0 13912.884564714712 13882.377777777787 14232.777777777797 
310.00163596192135 784.0 0.0 23.0 107.0 13895.674750855847 13855.51851851852 14232.777777777797 
311.00163596192135 790.0 0.0 24.0 117.0 13920.607881154674 13978.785185185188 14232.777777777797 
312.00163596192135 796.0 0.0 31.0 100.0 13926.256627919363 13939.437037037065 14232.777777777797 
313.00163596192135 802.0 0.0 31.0 106.0 13918.377417321351 13899.992592592598 14232.777777777797 
314.00163596192135 813.0 0.0 29.0 100.0 13895.14196990273 13840.925925925929 14232.777777777797 
315.00163596192135 816.0 0.0 36.0 100.0 13903.42160115411 13922.740740740734 14232.777777777797 
316.00163596192135 825.0 0.0 31.0 92.0 13880.921787474561 13828.422222222236 14232.777777777797 
317.00163596192135 831.0 0.0 29.0 114.0 13875.469695676651 13862.748148148132 14232.777777777797 
318.00163596192135 842.0 0.0 23.0 90.0 13890.273231418078 13924.814814814803 14232.777777777797 
319.00163596192135 846.0 0.0 24.0 100.0 13931.073484214887 14026.274074074052 14232.777777777797 
320.00163596192135 851.0 0.0 27.0 94.0 13950.002550061514 13994.17037037036 14232.777777777797 
321.00163596192135 861.0 0.0 24.0 104.0 13968.535118376421 14011.777777777797 14232.777777777797 
322.00163596192135 868.0 0.0 24.0 112.0 13960.103471752382 13940.429629629627 14232.777777777797 
323.00163596192135 874.0 0.0 28.0 102.0 13962.26131911556 13967.29629629628 14232.777777777797 
324.00163596192135 881.0 0.0 25.0 107.0 13949.794034491997 13920.70370370372 14232.777777777797 
325.00163596192135 890.0 0.0 23.0 117.0 13947.9269352555 13943.570370370373 14232.777777777797 
326.00163596192135 897.0 0.0 25.0 118.0 13950.366632456618 13956.059259259277 14232.777777777797 
327.00163596192135 905.0 0.0 28.0 120.0 13931.247753830747 13886.63703703704 14232.777777777797 
328.00163596192135 913.0 0.0 28.0 119.0 13915.048983237075 13877.251851851868 14232.777777777797 
329.00163596192135 921.0 0.0 29.0 119.0 13904.612066043721 13880.259259259268 14232.777777777797 
330.00163596192135 928.0 0.0 24.0 121.0 13901.650668452841 13894.740740740732 14232.777777777797 
331.00163596192135 937.0 0.0 26.0 120.0 13924.124356805889 13976.562962962935 14232.777777777797 
332.00163596192135 948.0 0.0 20.0 104.0 13946.671494208573 13999.281481481481 14232.777777777797 
333.00163596192135 951.0 0.0 26.0 101.0 13972.116712612655 14031.488888888909 14232.777777777797 
334.00163596192135 957.0 0.0 27.0 100.0 13963.819476606637 13944.459259259243 14232.777777777797 
335.00163596192135 966.0 0.0 24.0 101.0 13958.95141140243 13947.592592592599 14232.777777777797 
336.00163596192135 972.0 0.0 29.0 100.0 13958.354876870575 13956.962962962985 14232.777777777797 
337.00163596192135 981.0 0.0 30.0 114.0 13960.746191587179 13966.325925925896 14232.777777777797 
338.00163596192135 994.0 0.0 23.0 118.0 13934.129000777699 13872.022222222227 14232.777777777797 
339.00163596192135 1003.0 0.0 22.0 119.0 13923.590300544387 13899.0 14232.777777777797 
340.00163596192135 1011.0 0.0 21.0 117.0 13941.355432603299 13982.807407407408 14232.777777777797 
341.00163596192135 1014.0 0.0 27.0 115.0 13979.271025044529 14067.740740740734 14232.777777777797 
342.00163596192135 1019.0 0.0 27.0 105.0 13971.298606420045 13952.696296296284 14232.777777777797 
343.00163596192135 1024.0 0.0 29.0 115.0 13980.63124671627 14002.407407407401 14232.777777777797 
344.00163596192135 1029.0 0.0 38.0 91.0 13991.512983812498 14016.903703703709 14232.777777777797 
345.00163596192135 1032.0 0.0 40.0 101.0 13971.772422002077 13925.711111111119 14232.777777777797 
346.00163596192135 1038.0 0.0 47.0 98.0 13912.034028734797 13772.644444444439 14232.777777777797 
347.00163596192135 1053.0 0.0 42.0 112.0 13839.419375669908 13669.985185185162 14232.777777777797 
348.00163596192135 1067.0 0.0 33.0 98.0 13798.526896302268 13703.111111111117 14232.777777777797 
349.00163596192135 1076.0 0.0 31.0 97.0 13814.046605189378 13850.259259259268 14232.777777777797 
350.00163596192135 1084.0 0.0 28.0 93.0 13843.559290299238 13912.422222222236 14232.777777777797 
351.00163596192135 1090.0 0.0 32.0 84.0 13875.095947653896 13948.681481481453 14232.777777777797 
352.00163596192135 1097.0 0.0 31.0 70.0 13895.60494113551 13943.459259259243 14232.777777777797 
353.00163596192135 1105.0 0.0 28.0 71.0 13889.132347683744 13874.029629629666 14232.777777777797 
354.00163596192135 1112.0 0.0 28.0 78.0 13879.745976711956 13857.844444444469 14232.777777777797 
355.00163596192135 1120.0 0.0 30.0 79.0 13853.608850365028 13792.622222222213 14232.777777777797 
356.00163596192135 1128.0 0.0 31.0 109.0 13854.877306366625 13857.83703703704 14232.777777777797 
357.00163596192135 1139.0 0.0 26.0 91.0 13831.216336678868 13776.007407407402 14232.777777777797 
358.00163596192135 1145.0 0.0 30.0 114.0 13833.218102341863 13837.888888888881 14232.777777777797 
359.00163596192135 1158.0 0.0 30.0 88.0 13831.508227194858 13827.51851851852 14232.777777777797 
360.00163596192135 1168.0 0.0 29.0 101.0 13846.457981258627 13881.340740740723 14232.777777777797 
361.00163596192135 1176.0 0.0 32.0 102.0 13874.611697992146 13940.303703703716 14232.777777777797 
362.00163596192135 1181.0 0.0 35.0 95.0 13872.254855261164 13866.755555555561 14232.777777777797 
363.00163596192135 1192.0 0.0 34.0 83.0 13855.685065349488 13817.022222222227 14232.777777777797 
364.00163596192135 1200.0 0.0 36.0 88.0 13834.82176796686 13786.140740740748 14232.777777777797 
365.00163596192135 1211.0 0.0 37.0 110.0 13815.23968202125 13769.548148148151 14232.777777777797 
366.00163596192135 1222.0 0.0 34.0 86.0 13794.376666303777 13745.696296296284 14232.777777777797 
367.00163596192135 1231.0 0.0 40.0 83.0 13792.541444190414 13788.259259259266 14232.777777777797 
368.00163596192135 1243.0 0.0 38.0 87.0 13782.567899822172 13759.296296296283 14232.777777777797 
369.00163596192135 1251.0 0.0 40.0 95.0 13770.268640986627 13741.57037037037 14232.777777777797 
370.00163596192135 1263.0 0.0 39.0 91.0 13766.27249313509 13756.94814814816 14232.777777777797 
371.00163596192135 1269.0 0.0 40.0 81.0 13778.690745194552 13807.666666666668 14232.777777777797 
372.00163596192135 1276.0 0.0 41.0 92.0 13758.523521636207 13711.466666666678 14232.777777777797 
373.00163596192135 1283.0 0.0 43.0 100.0 13689.695354034235 13529.09629629629 14232.777777777797 
374.00163596192135 1295.0 0.0 42.0 105.0 13643.684525601739 13536.325925925896 14232.777777777797 
375.00163596192135 1305.0 0.0 40.0 79.0 13623.288056810085 13575.696296296284 14232.777777777797 
376.00163596192135 1315.0 0.0 41.0 101.0 13620.874973100408 13615.24444444444 14232.777777777797 
377.00163596192135 1325.0 0.0 45.0 87.0 13582.932481170288 13494.4 14232.777777777797 
378.00163596192135 1340.0 0.0 37.0 82.0 13605.732736819204 13658.933333333322 14232.777777777797 
379.00163596192135 1346.0 0.0 42.0 85.0 13626.717360217897 13675.681481481453 14232.777777777797 
380.00163596192135 1359.0 0.0 44.0 92.0 13643.842152152516 13683.799999999974 14232.777777777797 
381.00163596192135 1370.0 0.0 43.0 79.0 13648.342839840094 13658.844444444467 14232.777777777797 
382.00163596192135 1385.0 0.0 40.0 102.0 13641.49998788806 13625.533333333324 14232.777777777797 
383.00163596192135 1395.0 0.0 44.0 78.0 13678.269991521644 13764.066666666678 14232.777777777797 
384.00163596192135 1404.0 0.0 47.0 66.0 13689.797882954043 13716.696296296284 14232.777777777797 
385.00163596192135 1415.0 0.0 51.0 75.0 13714.08296251227 13770.748148148132 14232.777777777797 
386.00163596192135 1430.0 0.0 50.0 75.0 13712.093629314164 13707.451851851849 14232.777777777797 
387.00163596192135 1441.0 0.0 50.0 65.0 13715.985540519887 13725.066666666678 14232.777777777797 
388.00163596192135 1456.0 0.0 50.0 66.0 13679.014322808369 13592.748148148132 14232.777777777797 
389.00163596192135 1471.0 0.0 47.0 64.0 13657.410025965855 13607.0 14232.777777777797 
390.00163596192135 1485.0 0.0 37.0 63.0 13654.369240398342 13647.274074074054 14232.777777777797 
391.00163596192135 1496.0 0.0 45.0 81.0 13686.442912723276 13761.281481481481 14232.777777777797 
392.00163596192135 1506.0 0.0 51.0 89.0 13711.307816684084 13769.325925925896 14232.777777777797 
393.00163596192135 1519.0 0.0 50.0 83.0 13675.91324945662 13593.325925925896 14232.777777777797 
394.00163596192135 1531.0 0.0 47.0 91.0 13636.985941286312 13546.155555555533 14232.777777777797 
395.00163596192135 1548.0 0.0 39.0 84.0 13600.981270011525 13516.970370370334 14232.777777777797 
396.00163596192135 1560.0 0.0 31.0 92.0 13629.844666785859 13697.192592592592 14232.777777777797 
397.00163596192135 1566.0 0.0 42.0 84.0 13697.23571119452 13854.48148148148 14232.777777777797 
398.00163596192135 1578.0 0.0 34.0 96.0 13741.633886725052 13845.229629629639 14232.777777777797 
399.00163596192135 1586.0 0.0 41.0 95.0 13754.085942929767 13783.140740740748 14232.777777777797 
400.00163596192135 1596.0 0.0 42.0 97.0 13757.173493384176 13764.377777777787 14232.777777777797 
401.00163596192135 1606.0 0.0 36.0 94.0 13720.581445368909 13635.200000000026 14232.777777777797 
402.00163596192135 1615.0 0.0 38.0 99.0 13664.83590064714 13534.76296296296 14232.777777777797 
403.00163596192135 1626.0 0.0 37.0 103.0 13635.68068600854 13567.651851851844 14232.777777777797 
404.00163596192135 1645.0 0.0 23.0 94.0 13645.707591317083 13669.103703703682 14232.777777777797 
405.00163596192135 1653.0 0.0 18.0 92.0 13717.630869477523 13885.45185185185 14232.777777777797 
406.00163596192135 1665.0 0.0 9.0 101.0 13804.634941967597 14007.644444444439 14232.777777777797 
407.00163596192135 1667.0 0.0 8.0 104.0 13903.764459377318 14135.066666666678 14232.777777777797 
408.00163596192135 1669.0 0.0 6.0 104.0 13967.272899341891 14115.459259259243 14232.777777777797 
409.00163596192135 1671.0 0.0 5.0 113.0 14023.233251761549 14153.80740740741 14232.777777777797 
410.00163596192135 1673.0 0.0 3.0 117.0 14068.625498455322 14174.540740740757 14232.777777777797 
411.00163596192135 1673.0 0.0 3.0 120.0 14103.213404474254 14183.918518518494 14232.777777777797 
412.00163596192135 1673.0 0.0 4.0 122.0 14127.424938687533 14183.918518518494 14232.777777777797 
413.00163596192135 1674.0 0.0 4.0 123.0 14148.719679303513 14198.407407407401 14232.777777777797 
414.00163596192135 1674.0 0.0 4.0 122.0 14163.625997734656 14198.407407407401 14232.777777777797 
415.00163596192135 1674.0 0.0 4.0 122.0 14174.998198414283 14201.533333333318 14232.777777777797 
416.00163596192135 1675.0 0.0 4.0 125.0 14183.896516667768 14204.659259259277 14232.777777777797 
417.00163596192135 1676.0 0.0 3.0 125.0 14185.778672778559 14190.17037037036 14232.777777777797 
418.00163596192135 1676.0 0.0 5.0 126.0 14192.380626500522 14207.785185185186 14232.777777777797 
419.00163596192135 1677.0 0.0 4.0 126.0 14190.779771883701 14187.044444444442 14232.777777777797 
420.00163596192135 1677.0 0.0 4.0 127.0 14194.943618096364 14204.659259259277 14232.777777777797 
421.00163596192135 1678.0 0.0 3.0 128.0 14197.858310445248 14204.659259259277 14232.777777777797 
422.00163596192135 1679.0 0.0 3.0 128.0 14202.70970620057 14214.029629629666 14232.777777777797 
423.00163596192135 1679.0 0.0 4.0 127.0 14206.105683229269 14214.029629629666 14232.777777777797 
424.00163596192135 1679.0 0.0 4.0 126.0 14209.41842270494 14217.14814814815 14232.777777777797 
425.00163596192135 1680.0 0.0 3.0 126.0 14212.67511811566 14220.274074074052 14232.777777777797 
426.00163596192135 1680.0 0.0 3.0 128.0 14215.892582680975 14223.400000000001 14232.777777777797 
427.00163596192135 1680.0 0.0 4.0 129.0 14218.144807876677 14223.400000000001 14232.777777777797 
428.00163596192135 1681.0 0.0 4.0 129.0 14218.783587735914 14220.274074074052 14232.777777777797 
429.00163596192135 1682.0 0.0 3.0 128.0 14219.230733637356 14220.274074074052 14232.777777777797 
430.00163596192135 1683.0 0.0 3.0 130.0 14220.481513546141 14223.400000000001 14232.777777777797 
431.00163596192135 1683.0 0.0 4.0 130.0 14221.357059482314 14223.400000000001 14232.777777777797 
432.00163596192135 1684.0 0.0 3.0 130.0 14216.685497193179 14205.785185185186 14232.777777777797 
433.00163596192135 1684.0 0.0 3.0 131.0 14218.69984803522 14223.400000000001 14232.777777777797 
434.00163596192135 1684.0 0.0 4.0 132.0 14220.109893624644 14223.400000000001 14232.777777777797 
435.00163596192135 1684.0 0.0 4.0 131.0 14220.159147759487 14220.274074074052 14232.777777777797 
436.00163596192135 1684.0 0.0 5.0 131.0 14220.193625653856 14220.274074074052 14232.777777777797 
437.00163596192135 1684.0 0.0 5.0 130.0 14219.27998240214 14217.14814814815 14232.777777777797 
438.00163596192135 1687.0 0.0 2.0 130.0 14218.640432125956 14217.14814814815 14232.777777777797 
439.00163596192135 1687.0 0.0 2.0 130.0 14221.006080265937 14226.525925925918 14232.777777777797 
440.00163596192135 1687.0 0.0 2.0 130.0 14222.662033963928 14226.525925925918 14232.777777777797 
441.00163596192135 1687.0 0.0 2.0 130.0 14223.821201552524 14226.525925925918 14232.777777777797 
442.00163596192135 1687.0 0.0 2.0 130.0 14224.632618864558 14226.525925925918 14232.777777777797 
443.00163596192135 1687.0 0.0 2.0 133.0 14225.20061098297 14226.525925925918 14232.777777777797 
444.00163596192135 1687.0 0.0 2.0 133.0 14225.598205465863 14226.525925925918 14232.777777777797 
445.00163596192135 1687.0 0.0 3.0 133.0 14225.876521603863 14226.525925925918 14232.777777777797 
446.00163596192135 1687.0 0.0 3.0 132.0 14225.133565122707 14223.400000000001 14232.777777777797 
447.00163596192135 1688.0 0.0 2.0 132.0 14224.613495585902 14223.400000000001 14232.777777777797 
448.00163596192135 1688.0 0.0 2.0 132.0 14225.187224687897 14226.525925925918 14232.777777777797 
449.00163596192135 1689.0 0.0 1.0 132.0 14225.588835059318 14226.525925925918 14232.777777777797 
450.00163596192135 1689.0 0.0 1.0 132.0 14226.80774009707 14229.651851851839 14232.777777777797 
451.00163596192135 1689.0 0.0 2.0 132.0 14227.660973623513 14229.651851851839 14232.777777777797 
452.00163596192135 1690.0 0.0 1.0 133.0 14222.973792647568 14212.037037037013 14232.777777777797 
453.00163596192135 1690.0 0.0 1.0 134.0 14224.977210408852 14229.651851851839 14232.777777777797 
454.00163596192135 1690.0 0.0 1.0 134.0 14226.379602841738 14229.651851851839 14232.777777777797 
455.00163596192135 1690.0 0.0 1.0 134.0 14227.361277544782 14229.651851851839 14232.777777777797 
456.00163596192135 1690.0 0.0 1.0 134.0 14228.048449836902 14229.651851851839 14232.777777777797 
457.00163596192135 1690.0 0.0 1.0 134.0 14228.529470441379 14229.651851851839 14232.777777777797 
458.00163596192135 1690.0 0.0 1.0 134.0 14228.866184864526 14229.651851851839 14232.777777777797 
459.00163596192135 1691.0 0.0 0.0 134.0 14229.101884960719 14229.651851851839 14232.777777777797 
460.00163596192135 1691.0 0.0 1.0 134.0 14230.20465280585 14232.777777777797 14232.777777777797 
461.00163596192135 1691.0 0.0 1.0 133.0 14230.038812519635 14229.651851851839 14232.777777777797 
462.00163596192135 1692.0 0.0 0.0 133.0 14229.922724319296 14229.651851851839 14232.777777777797 
463.00163596192135 1692.0 0.0 0.0 133.0 14230.779240356847 14232.777777777797 14232.777777777797 
464.00163596192135 1692.0 0.0 0.0 134.0 14231.37880158314 14232.777777777797 14232.777777777797 
465.00163596192135 1692.0 0.0 0.0 135.0 14231.798494441528 14232.777777777797 14232.777777777797 
466.00163596192135 1692.0 0.0 0.0 135.0 14232.092279442415 14232.777777777797 14232.777777777797 
467.00163596192135 1692.0 0.0 0.0 135.0 14232.297928943011 14232.777777777797 14232.777777777797 
468.00163596192135 1692.0 0.0 0.0 135.0 14232.441883593447 14232.777777777797 14232.777777777797 
469.00163596192135 1692.0 0.0 0.0 135.0 14232.542651848747 14232.777777777797 14232.777777777797 
470.00163596192135 1692.0 0.0 0.0 135.0 14232.613189627464 14232.777777777797 14232.777777777797 
471.00163596192135 1692.0 0.0 0.0 135.0 14232.662566072555 14232.777777777797 14232.777777777797 
472.00163596192135 1692.0 0.0 0.0 135.0 14232.697129584105 14232.777777777797 14232.777777777797 
473.00163596192135 1692.0 0.0 0.0 135.0 14232.72132404223 14232.777777777797 14232.777777777797 
474.00163596192135 1692.0 0.0 0.0 135.0 14232.73826016288 14232.777777777797 14232.777777777797 
475.00163596192135 1692.0 0.0 0.0 135.0 14232.750115447345 14232.777777777797 14232.777777777797 
476.00163596192135 1692.0 0.0 0.0 135.0 14232.758414146476 14232.777777777797 14232.777777777797 
477.00163596192135 1692.0 0.0 0.0 135.0 14232.764223235858 14232.777777777797 14232.777777777797 
478.00163596192135 1692.0 0.0 0.0 135.0 14232.76828959845 14232.777777777797 14232.777777777797 
479.00163596192135 1692.0 0.0 0.0 135.0 14232.77113605225 14232.777777777797 14232.777777777797 
480.00163596192135 1692.0 0.0 0.0 135.0 14232.773128569905 14232.777777777797 14232.777777777797 
481.00163596192135 1692.0 0.0 0.0 135.0 14232.774523332271 14232.777777777797 14232.777777777797 
482.00163596192135 1692.0 0.0 0.0 135.0 14232.775499665931 14232.777777777797 14232.777777777797 
483.00163596192135 1692.0 0.0 0.0 135.0 14232.77618309947 14232.777777777797 14232.777777777797 
484.00163596192135 1692.0 0.0 0.0 135.0 14232.776661502961 14232.777777777797 14232.777777777797 
485.00163596192135 1692.0 0.0 0.0 135.0 14232.776996385417 14232.777777777797 14232.777777777797 
486.00163596192135 1692.0 0.0 0.0 135.0 14232.777230803107 14232.777777777797 14232.777777777797 
487.00163596192135 1692.0 0.0 1.0 135.0 14232.777394895518 14232.777777777797 14232.777777777797 
488.00163596192135 1692.0 0.0 1.0 134.0 14231.839731982409 14229.651851851839 14232.777777777797 
489.00163596192135 1692.0 0.0 1.0 134.0 14231.18336794325 14229.651851851839 14232.777777777797 
490.00163596192135 1692.0 0.0 1.0 134.0 14230.723913115826 14229.651851851839 14232.777777777797 
491.00163596192135 1692.0 0.0 3.0 134.0 14230.402294736645 14229.651851851839 14232.777777777797 
492.00163596192135 1692.0 0.0 3.0 132.0 14228.301606315641 14223.400000000001 14232.777777777797 
493.00163596192135 1692.0 0.0 3.0 132.0 14226.831124420944 14223.400000000001 14232.777777777797 
494.00163596192135 1692.0 0.0 3.0 132.0 14225.801787094666 14223.400000000001 14232.777777777797 
495.00163596192135 1692.0 0.0 3.0 132.0 14225.08125096626 14223.400000000001 14232.777777777797 
496.00163596192135 1692.0 0.0 3.0 132.0 14224.576875676377 14223.400000000001 14232.777777777797 
497.00163596192135 1692.0 0.0 3.0 132.0 14224.223812973474 14223.400000000001 14232.777777777797 
498.00163596192135 1692.0 0.0 3.0 132.0 14223.976669081401 14223.400000000001 14232.777777777797 
499.00163596192135 1693.0 0.0 2.0 132.0 14223.80366835702 14223.400000000001 14232.777777777797 
500.00163596192135 1694.0 0.0 1.0 132.0 14224.62034562769 14226.525925925918 14232.777777777797 
501.00163596192135 1694.0 0.0 1.0 132.0 14226.12979749491 14229.651851851839 14232.777777777797 
502.00163596192135 1694.0 0.0 1.0 132.0 14227.186413802021 14229.651851851839 14232.777777777797 
503.00163596192135 1694.0 0.0 1.0 132.0 14227.926045216964 14229.651851851839 14232.777777777797 
504.00163596192135 1694.0 0.0 1.0 133.0 14228.443787207418 14229.651851851839 14232.777777777797 
505.00163596192135 1695.0 0.0 0.0 134.0 14228.806206600764 14229.651851851839 14232.777777777797 
506.00163596192135 1695.0 0.0 1.0 134.0 14229.997677953832 14232.777777777797 14232.777777777797 
507.00163596192135 1695.0 0.0 1.0 133.0 14229.893930123251 14229.651851851839 14232.777777777797 
508.00163596192135 1695.0 0.0 1.0 133.0 14229.821306641836 14229.651851851839 14232.777777777797 
509.00163596192135 1695.0 0.0 2.0 133.0 14229.770470204836 14229.651851851839 14232.777777777797 
510.00163596192135 1696.0 0.0 1.0 134.0 14224.450440254484 14212.037037037013 14232.777777777797 
511.00163596192135 1696.0 0.0 2.0 134.0 14226.010863733696 14229.651851851839 14232.777777777797 
512.0016359619214 1696.0 0.0 2.0 133.0 14226.165382391358 14226.525925925918 14232.777777777797 
513.0016359619214 1696.0 0.0 2.0 133.0 14226.273545451755 14226.525925925918 14232.777777777797 
514.0016359619214 1696.0 0.0 2.0 133.0 14226.349259593995 14226.525925925918 14232.777777777797 
515.0016359619214 1696.0 0.0 2.0 133.0 14226.402259493578 14226.525925925918 14232.777777777797 
516.0016359619214 1696.0 0.0 3.0 133.0 14226.439359423299 14226.525925925918 14232.777777777797 
517.0016359619214 1696.0 0.0 3.0 132.0 14225.527551596302 14223.400000000001 14232.777777777797 
518.0016359619214 1696.0 0.0 4.0 132.0 14224.889286117412 14223.400000000001 14232.777777777797 
519.0016359619214 1696.0 0.0 5.0 131.0 14223.5047225044 14220.274074074052 14232.777777777797 
520.0016359619214 1698.0 0.0 4.0 130.0 14221.597750197518 14217.14814814815 14232.777777777797 
521.0016359619214 1698.0 0.0 4.0 129.0 14221.20064736049 14220.274074074052 14232.777777777797 
522.0016359619214 1699.0 0.0 6.0 129.0 14220.922675374557 14220.274074074052 14232.777777777797 
523.0016359619214 1699.0 0.0 6.0 127.0 14218.852539428846 14214.022222222226 14232.777777777797 
524.0016359619214 1700.0 0.0 5.0 127.0 14217.403444266864 14214.022222222226 14232.777777777797 
525.0016359619214 1700.0 0.0 5.0 128.0 14217.326855431225 14217.14814814815 14232.777777777797 
526.0016359619214 1700.0 0.0 5.0 128.0 14217.2732432463 14217.14814814815 14232.777777777797 
527.0016359619214 1700.0 0.0 5.0 130.0 14217.23571471688 14217.14814814815 14232.777777777797 
528.0016359619214 1700.0 0.0 6.0 130.0 14217.209444746251 14217.14814814815 14232.777777777797 
529.0016359619214 1701.0 0.0 5.0 130.0 14211.906611322353 14199.533333333318 14232.777777777797 
530.0016359619214 1702.0 0.0 4.0 130.0 14213.479072370112 14217.14814814815 14232.777777777797 
531.0016359619214 1702.0 0.0 4.0 130.0 14215.517572881301 14220.274074074052 14232.777777777797 
532.0016359619214 1703.0 0.0 3.0 130.0 14216.944523239128 14220.274074074052 14232.777777777797 
533.0016359619214 1704.0 0.0 2.0 130.0 14218.881166267363 14223.400000000001 14232.777777777797 
534.0016359619214 1705.0 0.0 1.0 130.0 14221.174594164937 14226.525925925918 14232.777777777797 
535.0016359619214 1705.0 0.0 1.0 131.0 14223.717771471029 14229.651851851839 14232.777777777797 
536.0016359619214 1705.0 0.0 1.0 131.0 14225.497995585261 14229.651851851839 14232.777777777797 
537.0016359619214 1705.0 0.0 1.0 132.0 14226.744152465244 14229.651851851839 14232.777777777797 
538.0016359619214 1705.0 0.0 1.0 133.0 14227.61646228124 14229.651851851839 14232.777777777797 
539.0016359619214 1705.0 0.0 1.0 134.0 14228.227079152424 14229.651851851839 14232.777777777797 
540.0016359619214 1705.0 0.0 1.0 134.0 14228.654510962238 14229.651851851839 14232.777777777797 
541.0016359619214 1705.0 0.0 1.0 134.0 14228.953713229112 14229.651851851839 14232.777777777797 
542.0016359619214 1705.0 0.0 1.0 134.0 14229.163154815944 14229.651851851839 14232.777777777797 
543.0016359619214 1705.0 0.0 1.0 134.0 14229.309763926709 14229.651851851839 14232.777777777797 
544.0016359619214 1705.0 0.0 1.0 134.0 14229.412390304247 14229.651851851839 14232.777777777797 
545.0016359619214 1705.0 0.0 1.0 134.0 14229.48422876853 14229.651851851839 14232.777777777797 
546.0016359619214 1705.0 0.0 1.0 134.0 14229.534515693515 14229.651851851839 14232.777777777797 
547.0016359619214 1705.0 0.0 1.0 134.0 14229.569716541022 14229.651851851839 14232.777777777797 
548.0016359619214 1705.0 0.0 1.0 134.0 14229.594357134256 14229.651851851839 14232.777777777797 
549.0016359619214 1706.0 0.0 0.0 134.0 14229.611605549548 14229.651851851839 14232.777777777797 
550.0016359619214 1706.0 0.0 0.0 134.0 14230.561457218017 14232.777777777797 14232.777777777797 
551.0016359619214 1706.0 0.0 0.0 134.0 14231.22635338594 14232.777777777797 14232.777777777797 
552.0016359619214 1706.0 0.0 0.0 134.0 14231.691780703479 14232.777777777797 14232.777777777797 
553.0016359619214 1706.0 0.0 0.0 134.0 14232.017579825753 14232.777777777797 14232.777777777797 
554.0016359619214 1706.0 0.0 0.0 135.0 14232.245639211382 14232.777777777797 14232.777777777797 
555.0016359619214 1706.0 0.0 1.0 135.0 14232.405280781302 14232.777777777797 14232.777777777797 
556.0016359619214 1706.0 0.0 1.0 134.0 14231.579252102476 14229.651851851839 14232.777777777797 
557.0016359619214 1706.0 0.0 1.0 134.0 14231.001032027283 14229.651851851839 14232.777777777797 
558.0016359619214 1706.0 0.0 1.0 134.0 14230.596277974648 14229.651851851839 14232.777777777797 
559.0016359619214 1706.0 0.0 1.0 134.0 14230.31295013783 14229.651851851839 14232.777777777797 
560.0016359619214 1706.0 0.0 1.0 134.0 14230.114620652002 14229.651851851839 14232.777777777797 
561.0016359619214 1706.0 0.0 1.0 134.0 14229.975790011993 14229.651851851839 14232.777777777797 
562.0016359619214 1706.0 0.0 2.0 134.0 14229.878608563946 14229.651851851839 14232.777777777797 
563.0016359619214 1707.0 0.0 1.0 133.0 14228.872803772512 14226.525925925918 14232.777777777797 
564.0016359619214 1707.0 0.0 1.0 133.0 14229.106518196324 14229.651851851839 14232.777777777797 
565.0016359619214 1707.0 0.0 1.0 133.0 14229.270118292989 14229.651851851839 14232.777777777797 
566.0016359619214 1707.0 0.0 1.0 133.0 14229.384638360616 14229.651851851839 14232.777777777797 
567.0016359619214 1707.0 0.0 1.0 133.0 14229.464802408009 14229.651851851839 14232.777777777797 
568.0016359619214 1707.0 0.0 2.0 134.0 14229.520917241154 14229.651851851839 14232.777777777797 
569.0016359619214 1708.0 0.0 1.0 134.0 14224.275753179912 14212.037037037013 14232.777777777797 
570.0016359619214 1708.0 0.0 1.0 134.0 14225.888582781496 14229.651851851839 14232.777777777797 
571.0016359619214 1708.0 0.0 1.0 134.0 14227.017563502599 14229.651851851839 14232.777777777797 
572.0016359619214 1708.0 0.0 1.0 134.0 14227.80785000735 14229.651851851839 14232.777777777797 
573.0016359619214 1708.0 0.0 1.0 134.0 14228.361050560723 14229.651851851839 14232.777777777797 
574.0016359619214 1708.0 0.0 1.0 134.0 14228.748290948039 14229.651851851839 14232.777777777797 
575.0016359619214 1708.0 0.0 1.0 134.0 14229.019359219197 14229.651851851839 14232.777777777797 
576.0016359619214 1708.0 0.0 2.0 134.0 14229.209107008992 14229.651851851839 14232.777777777797 
577.0016359619214 1709.0 0.0 1.0 134.0 14224.057486017404 14212.037037037013 14232.777777777797 
578.0016359619214 1709.0 0.0 1.0 134.0 14225.735795767738 14229.651851851839 14232.777777777797 
579.0016359619214 1709.0 0.0 1.0 134.0 14226.910612592985 14229.651851851839 14232.777777777797 
580.0016359619214 1709.0 0.0 1.0 134.0 14227.732984370636 14229.651851851839 14232.777777777797 
581.0016359619214 1709.0 0.0 1.0 134.0 14228.308644614988 14229.651851851839 14232.777777777797 
582.0016359619214 1709.0 0.0 1.0 134.0 14228.711606786052 14229.651851851839 14232.777777777797 
583.0016359619214 1709.0 0.0 1.0 134.0 14228.993680305804 14229.651851851839 14232.777777777797 
584.0016359619214 1709.0 0.0 1.0 134.0 14229.191131769607 14229.651851851839 14232.777777777797 
585.0016359619214 1709.0 0.0 1.0 134.0 14229.329347794277 14229.651851851839 14232.777777777797 
586.0016359619214 1709.0 0.0 1.0 134.0 14229.426099011556 14229.651851851839 14232.777777777797 
587.0016359619214 1709.0 0.0 1.0 134.0 14229.493824863635 14229.651851851839 14232.777777777797 
588.0016359619214 1709.0 0.0 1.0 134.0 14229.541232960124 14229.651851851839 14232.777777777797 
589.0016359619214 1709.0 0.0 2.0 134.0 14229.57441862761 14229.651851851839 14232.777777777797 
590.0016359619214 1709.0 0.0 2.0 133.0 14228.659870817131 14226.525925925918 14232.777777777797 
591.0016359619214 1709.0 0.0 2.0 133.0 14228.01968734976 14226.525925925918 14232.777777777797 
592.0016359619214 1709.0 0.0 2.0 133.0 14227.571558922607 14226.525925925918 14232.777777777797 
593.0016359619214 1709.0 0.0 2.0 133.0 14227.25786902361 14226.525925925918 14232.777777777797 
594.0016359619214 1710.0 0.0 1.0 133.0 14227.038286094288 14226.525925925918 14232.777777777797 
595.0016359619214 1710.0 0.0 1.0 133.0 14227.82235582156 14229.651851851839 14232.777777777797 
596.0016359619214 1710.0 0.0 2.0 133.0 14228.371204630621 14229.651851851839 14232.777777777797 
597.0016359619214 1710.0 0.0 2.0 132.0 14227.817621019252 14226.525925925918 14232.777777777797 
598.0016359619214 1710.0 0.0 2.0 132.0 14227.430112491245 14226.525925925918 14232.777777777797 
599.0016359619214 1710.0 0.0 2.0 133.0 14227.158856521657 14226.525925925918 14232.777777777797 
600.0016359619214 1710.0 0.0 3.0 133.0 14226.968977342936 14226.525925925918 14232.777777777797 
#####################################################################
# End of data export. Simulation finished at: 2020-01-28T06:45+0000 #
#####################################################################
