#####################################################################
# Alchemist log file - simulation started at: 2020-01-26T23:06+0000 #
#####################################################################
# seed = 2.0, meanTaskSize = 1000, smoothing = 0.9, grain = 1700.0, peakFrequency = 0.03
#
# The columns have the following meaning: 
# time done[Sum] drop[Sum] waiting[Sum] isLeader[Sum] capacity[Mean] freeCapacity[Mean] maxCapacity[Mean] 
0.0 NaN 0.0 NaN NaN NaN NaN NaN 
1.003288451303821 0.0 0.0 0.0 135.0 14232.777777777797 14232.777777777797 14232.777777777797 
2.003288451303821 0.0 0.0 0.0 35.0 14232.777777777797 14232.777777777797 14232.777777777797 
3.003288451303821 0.0 0.0 0.0 35.0 14232.777777777797 14232.777777777797 14232.777777777797 
4.0032884513038205 0.0 0.0 0.0 35.0 14232.777777777797 14232.777777777797 14232.777777777797 
5.0032884513038205 0.0 0.0 0.0 35.0 14232.777777777797 14232.777777777797 14232.777777777797 
6.0032884513038205 0.0 0.0 0.0 35.0 14232.777777777797 14232.777777777797 14232.777777777797 
7.0032884513038205 0.0 0.0 0.0 35.0 14232.777777777797 14232.777777777797 14232.777777777797 
8.00328845130382 0.0 0.0 0.0 35.0 14232.777777777797 14232.777777777797 14232.777777777797 
9.00328845130382 0.0 0.0 0.0 35.0 14232.777777777797 14232.777777777797 14232.777777777797 
10.00328845130382 0.0 0.0 0.0 35.0 14232.777777777797 14232.777777777797 14232.777777777797 
11.00328845130382 0.0 0.0 0.0 35.0 14232.777777777797 14232.777777777797 14232.777777777797 
12.00328845130382 0.0 0.0 0.0 35.0 14232.777777777797 14232.777777777797 14232.777777777797 
13.00328845130382 0.0 0.0 1.0 35.0 14232.777777777797 14232.777777777797 14232.777777777797 
14.00328845130382 0.0 0.0 2.0 35.0 14216.924444444427 14215.162962962962 14232.777777777797 
15.00328845130382 0.0 0.0 2.0 35.0 14215.3391111111 14215.162962962962 14232.777777777797 
16.00328845130382 0.0 0.0 3.0 35.0 14199.327244444446 14197.54814814815 14232.777777777797 
17.00328845130382 0.0 0.0 3.0 35.0 14181.872724444442 14179.933333333322 14232.777777777797 
18.00328845130382 0.0 0.0 3.0 35.0 14180.127272444435 14179.933333333322 14232.777777777797 
19.00328845130382 1.0 0.0 2.0 35.0 14195.806060577796 14197.54814814815 14232.777777777797 
20.00328845130382 1.0 0.0 3.0 35.0 14197.373939391093 14197.54814814815 14232.777777777797 
21.00328845130382 1.0 0.0 3.0 35.0 14197.530727272477 14197.54814814815 14232.777777777797 
22.00328845130382 2.0 0.0 2.0 35.0 14181.693072727243 14179.933333333322 14232.777777777797 
23.00328845130382 2.0 0.0 2.0 35.0 14195.962640606034 14197.54814814815 14232.777777777797 
24.00328845130382 2.0 0.0 2.0 35.0 14197.389597393929 14197.54814814815 14232.777777777797 
25.00328845130382 2.0 0.0 2.0 35.0 14197.53229307276 14197.54814814815 14232.777777777797 
26.00328845130382 2.0 0.0 3.0 35.0 14197.546562640608 14197.54814814815 14232.777777777797 
27.00328845130382 2.0 0.0 4.0 35.0 14181.694656264077 14179.933333333322 14232.777777777797 
28.00328845130382 3.0 0.0 4.0 35.0 14180.109465626418 14179.933333333322 14232.777777777797 
29.00328845130382 3.0 0.0 4.0 35.0 14164.097613229294 14162.318518518547 14232.777777777797 
30.00328845130382 3.0 0.0 4.0 35.0 14162.496427989614 14162.318518518547 14232.777777777797 
31.00328845130382 3.0 0.0 4.0 35.0 14162.336309465652 14162.318518518547 14232.777777777797 
32.00328845130382 4.0 0.0 3.0 35.0 14162.320297613205 14162.318518518547 14232.777777777797 
33.00328845130382 4.0 0.0 3.0 35.0 14178.1720297613 14179.933333333322 14232.777777777797 
34.00328845130382 4.0 0.0 3.0 35.0 14179.75720297612 14179.933333333322 14232.777777777797 
35.00328845130382 4.0 0.0 4.0 35.0 14179.915720297597 14179.933333333322 14232.777777777797 
36.00328845130382 4.0 0.0 4.0 35.0 14179.931572029762 14179.933333333322 14232.777777777797 
37.00328845130382 4.0 0.0 4.0 35.0 14164.079823869633 14162.318518518547 14232.777777777797 
38.00328845130382 4.0 0.0 5.0 35.0 14162.494649053631 14162.318518518547 14232.777777777797 
39.00328845130382 4.0 0.0 6.0 35.0 14146.482798238667 14144.70370370372 14232.777777777797 
40.00328845130382 4.0 0.0 6.0 35.0 14144.88161315719 14144.70370370372 14232.777777777797 
41.00328845130382 4.0 0.0 6.0 35.0 14128.874827982381 14127.096296296291 14232.777777777797 
42.00328845130382 4.0 0.0 6.0 35.0 14127.274149464902 14127.096296296291 14232.777777777797 
43.00328845130382 4.0 0.0 6.0 35.0 14127.11408161315 14127.096296296291 14232.777777777797 
44.00328845130382 5.0 0.0 5.0 35.0 14127.098074827949 14127.096296296291 14232.777777777797 
45.00328845130382 6.0 0.0 4.0 35.0 14158.803140816135 14162.325925925896 14232.777777777797 
46.00328845130382 6.0 0.0 4.0 35.0 14161.973647414952 14162.325925925896 14232.777777777797 
47.00328845130382 6.0 0.0 4.0 35.0 14162.29069807483 14162.325925925896 14232.777777777797 
48.00328845130382 6.0 0.0 5.0 35.0 14162.322403140804 14162.325925925896 14232.777777777797 
49.00328845130382 7.0 0.0 4.0 35.0 14162.325573647428 14162.325925925896 14232.777777777797 
50.00328845130382 7.0 0.0 4.0 35.0 14162.31922403141 14162.318518518547 14232.777777777797 
51.00328845130382 7.0 0.0 4.0 35.0 14162.318589069808 14162.318518518547 14232.777777777797 
52.00328845130382 8.0 0.0 3.0 35.0 14178.171858906984 14179.933333333322 14232.777777777797 
53.00328845130382 8.0 0.0 3.0 35.0 14179.757185890685 14179.933333333322 14232.777777777797 
54.00328845130382 8.0 0.0 4.0 35.0 14179.91571858907 14179.933333333322 14232.777777777797 
55.00328845130382 8.0 0.0 4.0 35.0 14179.931571858886 14179.933333333322 14232.777777777797 
56.00328845130382 8.0 0.0 4.0 35.0 14164.07982385258 14162.318518518547 14232.777777777797 
57.00328845130382 10.0 0.0 2.0 35.0 14178.347982385256 14179.933333333322 14232.777777777797 
58.00328845130382 10.0 0.0 2.0 35.0 14195.628131571864 14197.54814814815 14232.777777777797 
59.00328845130382 10.0 0.0 2.0 35.0 14197.356146490525 14197.54814814815 14232.777777777797 
60.00328845130382 10.0 0.0 2.0 35.0 14197.52894798238 14197.54814814815 14232.777777777797 
61.00328845130382 10.0 0.0 3.0 35.0 14197.546228131572 14197.54814814815 14232.777777777797 
62.00328845130382 10.0 0.0 3.0 35.0 14181.69462281315 14179.933333333322 14232.777777777797 
63.00328845130382 10.0 0.0 3.0 35.0 14180.109462281316 14179.933333333322 14232.777777777797 
64.00328845130382 10.0 0.0 3.0 35.0 14179.950946228144 14179.933333333322 14232.777777777797 
65.00328845130382 11.0 0.0 2.0 35.0 14179.935094622811 14179.933333333322 14232.777777777797 
66.00328845130382 11.0 0.0 2.0 35.0 14195.786842795615 14197.54814814815 14232.777777777797 
67.00328845130382 11.0 0.0 2.0 35.0 14197.372017612879 14197.54814814815 14232.777777777797 
68.00328845130382 11.0 0.0 3.0 35.0 14197.530535094595 14197.54814814815 14232.777777777797 
69.00328845130382 11.0 0.0 3.0 35.0 14181.693053509447 14179.933333333322 14232.777777777797 
70.00328845130382 12.0 0.0 2.0 35.0 14180.109305350943 14179.933333333322 14232.777777777797 
71.00328845130382 12.0 0.0 3.0 35.0 14195.80426386846 14197.54814814815 14232.777777777797 
72.00328845130382 12.0 0.0 3.0 35.0 14181.520426386858 14179.933333333322 14232.777777777797 
73.00328845130382 13.0 0.0 2.0 35.0 14180.09204263868 14179.933333333322 14232.777777777797 
74.00328845130382 13.0 0.0 2.0 35.0 14195.802537597174 14197.54814814815 14232.777777777797 
75.00328845130382 13.0 0.0 3.0 35.0 14197.37358709303 14197.54814814815 14232.777777777797 
76.00328845130382 13.0 0.0 3.0 35.0 14181.677358709328 14179.933333333322 14232.777777777797 
77.00328845130382 13.0 0.0 3.0 35.0 14180.107735870963 14179.933333333322 14232.777777777797 
78.00328845130382 14.0 0.0 2.0 35.0 14195.804106920432 14197.54814814815 14232.777777777797 
79.00328845130382 14.0 0.0 2.0 35.0 14197.373744025388 14197.54814814815 14232.777777777797 
80.00328845130382 14.0 0.0 2.0 35.0 14197.530707735867 14197.54814814815 14232.777777777797 
81.00328845130382 14.0 0.0 2.0 35.0 14197.546404106923 14197.54814814815 14232.777777777797 
82.00328845130382 14.0 0.0 2.0 35.0 14197.547973744026 14197.54814814815 14232.777777777797 
83.00328845130382 14.0 0.0 3.0 35.0 14197.548130707737 14197.54814814815 14232.777777777797 
84.00328845130382 14.0 0.0 3.0 35.0 14181.69481307075 14179.933333333322 14232.777777777797 
85.00328845130382 14.0 0.0 3.0 35.0 14180.109481307085 14179.933333333322 14232.777777777797 
86.00328845130382 14.0 0.0 3.0 35.0 14179.950948130701 14179.933333333322 14232.777777777797 
87.00328845130382 14.0 0.0 3.0 35.0 14179.935094813045 14179.933333333322 14232.777777777797 
88.00328845130382 14.0 0.0 3.0 35.0 14179.933509481312 14179.933333333322 14232.777777777797 
89.00328845130382 14.0 0.0 4.0 35.0 14179.933350948117 14179.933333333322 14232.777777777797 
90.00328845130382 14.0 0.0 4.0 35.0 14164.080001761504 14162.318518518547 14232.777777777797 
91.00328845130382 15.0 0.0 3.0 35.0 14178.348000176138 14179.933333333322 14232.777777777797 
92.00328845130382 15.0 0.0 3.0 35.0 14179.77480001761 14179.933333333322 14232.777777777797 
93.00328845130382 15.0 0.0 3.0 35.0 14179.917480001755 14179.933333333322 14232.777777777797 
94.00328845130382 15.0 0.0 4.0 35.0 14179.93174800016 14179.933333333322 14232.777777777797 
95.00328845130382 16.0 0.0 3.0 35.0 14195.786508133324 14197.54814814815 14232.777777777797 
96.00328845130382 16.0 0.0 3.0 35.0 14181.518650813332 14179.933333333322 14232.777777777797 
97.00328845130382 16.0 0.0 4.0 35.0 14180.091865081326 14179.933333333322 14232.777777777797 
98.00328845130382 16.0 0.0 4.0 35.0 14179.949186508165 14179.933333333322 14232.777777777797 
99.00328845130382 16.0 0.0 4.0 35.0 14164.081585317486 14162.318518518547 14232.777777777797 
100.00328845130382 18.0 0.0 3.0 35.0 14178.34815853175 14179.933333333322 14232.777777777797 
101.00328845130382 18.0 0.0 4.0 35.0 14195.62814918652 14197.54814814815 14232.777777777797 
102.00328845130382 18.0 0.0 4.0 35.0 14165.649481585313 14162.318518518547 14232.777777777797 
103.00328845130382 18.0 0.0 4.0 35.0 14162.651614825176 14162.318518518547 14232.777777777797 
104.00328845130382 18.0 0.0 4.0 35.0 14162.35182814918 14162.318518518547 14232.777777777797 
105.00328845130382 18.0 0.0 4.0 35.0 14162.321849481583 14162.318518518547 14232.777777777797 
106.00328845130382 18.0 0.0 5.0 35.0 14162.318851614815 14162.318518518547 14232.777777777797 
107.00328845130382 20.0 0.0 3.0 35.0 14178.171885161511 14179.933333333322 14232.777777777797 
108.00328845130382 20.0 0.0 3.0 35.0 14179.757188516118 14179.933333333322 14232.777777777797 
109.00328845130382 20.0 0.0 3.0 35.0 14179.915718851616 14179.933333333322 14232.777777777797 
110.00328845130382 20.0 0.0 3.0 35.0 14179.931571885158 14179.933333333322 14232.777777777797 
111.00328845130382 20.0 0.0 4.0 35.0 14179.933157188521 14179.933333333322 14232.777777777797 
112.00328845130382 20.0 0.0 4.0 35.0 14164.07998238553 14162.318518518547 14232.777777777797 
113.00328845130382 20.0 0.0 5.0 35.0 14162.494664905216 14162.318518518547 14232.777777777797 
114.00328845130382 20.0 0.0 5.0 35.0 14146.489466490511 14144.711111111119 14232.777777777797 
115.00328845130382 20.0 0.0 5.0 35.0 14144.888946649045 14144.711111111119 14232.777777777797 
116.00328845130382 20.0 0.0 5.0 35.0 14144.728894664906 14144.711111111119 14232.777777777797 
117.00328845130382 20.0 0.0 5.0 35.0 14144.712889466522 14144.711111111119 14232.777777777797 
118.00328845130382 20.0 0.0 5.0 35.0 14144.711288946633 14144.711111111119 14232.777777777797 
119.00328845130382 20.0 0.0 5.0 35.0 14144.711128894642 14144.711111111119 14232.777777777797 
120.00328845130382 21.0 0.0 4.0 35.0 14144.711112889472 14144.711111111119 14232.777777777797 
121.00328845130382 21.0 0.0 4.0 35.0 14160.564444622294 14162.325925925896 14232.777777777797 
122.00328845130382 21.0 0.0 4.0 35.0 14162.149777795561 14162.325925925896 14232.777777777797 
123.00328845130382 21.0 0.0 4.0 35.0 14162.30831111287 14162.325925925896 14232.777777777797 
124.00328845130382 21.0 0.0 4.0 35.0 14162.324164444646 14162.325925925896 14232.777777777797 
125.00328845130382 21.0 0.0 4.0 35.0 14162.325749777794 14162.325925925896 14232.777777777797 
126.00328845130382 21.0 0.0 4.0 35.0 14162.325908311122 14162.325925925896 14232.777777777797 
127.00328845130382 21.0 0.0 4.0 35.0 14162.325924164435 14162.325925925896 14232.777777777797 
128.00328845130383 22.0 0.0 3.0 35.0 14178.172592416466 14179.933333333322 14232.777777777797 
129.00328845130383 22.0 0.0 3.0 35.0 14179.757259241658 14179.933333333322 14232.777777777797 
130.00328845130383 22.0 0.0 3.0 35.0 14179.915725924166 14179.933333333322 14232.777777777797 
131.00328845130383 22.0 0.0 3.0 35.0 14179.931572592412 14179.933333333322 14232.777777777797 
132.00328845130383 22.0 0.0 3.0 35.0 14179.933157259256 14179.933333333322 14232.777777777797 
133.00328845130383 22.0 0.0 4.0 35.0 14179.933315725926 14179.933333333322 14232.777777777797 
134.00328845130383 22.0 0.0 4.0 35.0 14179.93333157259 14179.933333333322 14232.777777777797 
135.00328845130383 23.0 0.0 3.0 35.0 14164.079999823936 14162.318518518547 14232.777777777797 
136.00328845130383 23.0 0.0 3.0 35.0 14178.347999982394 14179.933333333322 14232.777777777797 
137.00328845130383 23.0 0.0 5.0 35.0 14179.774799998238 14179.933333333322 14232.777777777797 
138.00328845130383 23.0 0.0 5.0 35.0 14148.210813333173 14144.70370370372 14232.777777777797 
139.00328845130383 23.0 0.0 5.0 35.0 14145.054414666653 14144.70370370372 14232.777777777797 
140.00328845130383 23.0 0.0 5.0 35.0 14144.738774800016 14144.70370370372 14232.777777777797 
141.00328845130383 23.0 0.0 5.0 35.0 14144.70721081333 14144.70370370372 14232.777777777797 
142.00328845130383 23.0 0.0 5.0 35.0 14144.704054414662 14144.70370370372 14232.777777777797 
143.00328845130383 23.0 0.0 5.0 35.0 14144.703738774802 14144.70370370372 14232.777777777797 
144.00328845130383 24.0 0.0 4.0 35.0 14160.557040544147 14162.318518518547 14232.777777777797 
145.00328845130383 24.0 0.0 4.0 35.0 14162.14237072107 14162.318518518547 14232.777777777797 
146.00328845130383 24.0 0.0 4.0 35.0 14162.300903738767 14162.318518518547 14232.777777777797 
147.00328845130383 25.0 0.0 4.0 35.0 14178.170090373897 14179.933333333322 14232.777777777797 
148.00328845130383 25.0 0.0 4.0 35.0 14179.75700903739 14179.933333333322 14232.777777777797 
149.00328845130383 25.0 0.0 4.0 35.0 14164.062367570434 14162.318518518547 14232.777777777797 
150.00328845130383 26.0 0.0 3.0 35.0 14178.346236757061 14179.933333333322 14232.777777777797 
151.00328845130383 27.0 0.0 2.0 35.0 14179.774623675688 14179.933333333322 14232.777777777797 
152.00328845130383 27.0 0.0 2.0 35.0 14195.770795700897 14197.54814814815 14232.777777777797 
153.00328845130383 27.0 0.0 2.0 35.0 14197.37041290345 14197.54814814815 14232.777777777797 
154.00328845130383 27.0 0.0 4.0 35.0 14197.530374623673 14197.54814814815 14232.777777777797 
155.00328845130383 27.0 0.0 4.0 35.0 14197.546370795706 14197.54814814815 14232.777777777797 
156.00328845130383 27.0 0.0 4.0 35.0 14165.847970412904 14162.325925925896 14232.777777777797 
157.00328845130383 28.0 0.0 3.0 35.0 14178.53146370796 14179.940740740722 14232.777777777797 
158.00328845130383 28.0 0.0 5.0 35.0 14179.79981303744 14179.940740740722 14232.777777777797 
159.00328845130383 29.0 0.0 4.0 35.0 14148.219981303742 14144.711111111119 14232.777777777797 
160.00328845130383 29.0 0.0 5.0 35.0 14160.908664797038 14162.318518518547 14232.777777777797 
161.00328845130383 29.0 0.0 5.0 35.0 14146.330866479708 14144.711111111119 14232.777777777797 
162.00328845130383 29.0 0.0 5.0 35.0 14144.873086647971 14144.711111111119 14232.777777777797 
163.00328845130383 29.0 0.0 6.0 35.0 14144.727308664797 14144.711111111119 14232.777777777797 
164.00328845130383 29.0 0.0 6.0 35.0 14144.712730866475 14144.711111111119 14232.777777777797 
165.00328845130383 29.0 0.0 6.0 35.0 14128.85793975332 14127.096296296291 14232.777777777797 
166.00328845130383 29.0 0.0 6.0 35.0 14127.272460641978 14127.096296296291 14232.777777777797 
167.00328845130383 29.0 0.0 6.0 35.0 14127.113912730869 14127.096296296291 14232.777777777797 
168.00328845130383 29.0 0.0 7.0 35.0 14127.098057939756 14127.096296296291 14232.777777777797 
169.00328845130383 29.0 0.0 8.0 35.0 14111.243139127328 14109.481481481478 14232.777777777797 
170.00328845130383 29.0 0.0 9.0 35.0 14093.804313912713 14091.86666666665 14232.777777777797 
171.00328845130383 29.0 0.0 9.0 35.0 14092.060431391295 14091.86666666665 14232.777777777797 
172.00328845130383 29.0 0.0 9.0 35.0 14076.03937647247 14074.259259259266 14232.777777777797 
173.00328845130383 29.0 0.0 10.0 35.0 14074.437270980592 14074.259259259266 14232.777777777797 
174.00328845130383 31.0 0.0 9.0 35.0 14074.277060431372 14074.259259259266 14232.777777777797 
175.00328845130383 32.0 0.0 9.0 35.0 14090.121039376487 14091.88148148148 14232.777777777797 
176.00328845130383 33.0 0.0 8.0 35.0 14075.858770604307 14074.274074074052 14232.777777777797 
177.00328845130383 33.0 0.0 8.0 35.0 14090.279210393754 14091.88148148148 14232.777777777797 
178.00328845130383 33.0 0.0 8.0 35.0 14091.72125437269 14091.88148148148 14232.777777777797 
179.00328845130383 33.0 0.0 9.0 35.0 14091.865458770577 14091.88148148148 14232.777777777797 
180.00328845130383 34.0 0.0 8.0 35.0 14107.726545877067 14109.488888888909 14232.777777777797 
181.00328845130383 35.0 0.0 8.0 35.0 14093.459321254353 14091.874074074081 14232.777777777797 
182.00328845130383 35.0 0.0 9.0 35.0 14107.885932125466 14109.488888888909 14232.777777777797 
183.00328845130383 35.0 0.0 11.0 35.0 14093.481926545881 14091.88148148148 14232.777777777797 
184.00328845130383 38.0 0.0 8.0 35.0 14092.034859321226 14091.874074074081 14232.777777777797 
185.00328845130383 38.0 0.0 8.0 35.0 14091.890152598784 14091.874074074081 14232.777777777797 
186.00328845130383 38.0 0.0 8.0 35.0 14091.875681926573 14091.874074074081 14232.777777777797 
187.00328845130383 38.0 0.0 8.0 35.0 14091.8742348593 14091.874074074081 14232.777777777797 
188.00328845130383 38.0 0.0 8.0 35.0 14091.874090152622 14091.874074074081 14232.777777777797 
189.00328845130383 38.0 0.0 9.0 35.0 14091.874075681944 14091.874074074081 14232.777777777797 
190.00328845130383 38.0 0.0 11.0 35.0 14076.027407568197 14074.266666666657 14232.777777777797 
191.00328845130383 39.0 0.0 10.0 35.0 14074.436074090134 14074.259259259266 14232.777777777797 
192.00328845130383 39.0 0.0 11.0 35.0 14058.430274075676 14056.651851851839 14232.777777777797 
193.00328845130383 39.0 0.0 11.0 35.0 14040.983027407565 14039.04444444444 14232.777777777797 
194.00328845130383 39.0 0.0 11.0 35.0 14039.238302740772 14039.04444444444 14232.777777777797 
195.00328845130383 39.0 0.0 11.0 35.0 14039.063830274074 14039.04444444444 14232.777777777797 
196.00328845130383 42.0 0.0 10.0 35.0 14054.899716360747 14056.659259259277 14232.777777777797 
197.00328845130383 43.0 0.0 10.0 35.0 14088.169971636096 14091.86666666665 14232.777777777797 
198.00328845130383 43.0 0.0 11.0 35.0 14059.803663830276 14056.651851851839 14232.777777777797 
199.00328845130383 45.0 0.0 9.0 35.0 14041.113699716356 14039.037037037015 14232.777777777797 
200.00328845130383 45.0 0.0 10.0 35.0 14070.938036638296 14074.251851851868 14232.777777777797 
201.00328845130383 45.0 0.0 11.0 35.0 14073.920470330502 14074.251851851868 14232.777777777797 
202.00328845130383 46.0 0.0 10.0 35.0 14042.525380366376 14039.037037037015 14232.777777777797 
203.00328845130383 46.0 0.0 10.0 35.0 14055.232538036646 14056.644444444439 14232.777777777797 
204.00328845130383 46.0 0.0 10.0 35.0 14056.503253803661 14056.644444444439 14232.777777777797 
205.00328845130383 47.0 0.0 11.0 35.0 14056.63032538036 14056.644444444439 14232.777777777797 
206.00328845130383 47.0 0.0 11.0 35.0 14056.643032538057 14056.644444444439 14232.777777777797 
207.00328845130383 47.0 0.0 11.0 35.0 14040.790969920461 14039.029629629666 14232.777777777797 
208.00328845130383 49.0 0.0 9.0 35.0 14055.05243032536 14056.637037037042 14232.777777777797 
209.00328845130383 49.0 0.0 9.0 35.0 14072.331909699202 14074.251851851868 14232.777777777797 
210.00328845130383 50.0 0.0 8.0 35.0 14074.059857636581 14074.251851851868 14232.777777777797 
211.00328845130383 51.0 0.0 8.0 35.0 14090.08598576364 14091.86666666665 14232.777777777797 
212.00328845130383 51.0 0.0 8.0 35.0 14091.688598576357 14091.86666666665 14232.777777777797 
213.00328845130383 52.0 0.0 8.0 35.0 14091.848859857644 14091.86666666665 14232.777777777797 
214.00328845130383 52.0 0.0 8.0 35.0 14107.718219319075 14109.481481481478 14232.777777777797 
215.00328845130383 52.0 0.0 9.0 35.0 14093.458488598591 14091.874074074081 14232.777777777797 
216.00328845130383 53.0 0.0 8.0 35.0 14076.185848859874 14074.266666666657 14232.777777777797 
217.00328845130383 55.0 0.0 6.0 35.0 14090.311918219322 14091.88148148148 14232.777777777797 
218.00328845130383 55.0 0.0 7.0 35.0 14123.417858488583 14127.096296296291 14232.777777777797 
219.00328845130383 55.0 0.0 7.0 35.0 14110.87511918219 14109.481481481478 14232.777777777797 
220.00328845130383 55.0 0.0 7.0 35.0 14109.620845251546 14109.481481481478 14232.777777777797 
221.00328845130383 56.0 0.0 6.0 35.0 14109.495417858501 14109.481481481478 14232.777777777797 
222.00328845130383 57.0 0.0 6.0 35.0 14125.336208452543 14127.096296296291 14232.777777777797 
223.00328845130383 57.0 0.0 6.0 35.0 14142.773620845235 14144.711111111119 14232.777777777797 
224.00328845130383 57.0 0.0 6.0 35.0 14128.664028751184 14127.096296296291 14232.777777777797 
225.00328845130383 57.0 0.0 6.0 35.0 14127.253069541783 14127.096296296291 14232.777777777797 
226.00328845130383 57.0 0.0 6.0 35.0 14127.11197362084 14127.096296296291 14232.777777777797 
227.00328845130383 59.0 0.0 4.0 35.0 14158.79786402877 14162.318518518547 14232.777777777797 
228.00328845130383 59.0 0.0 5.0 35.0 14161.966453069519 14162.318518518547 14232.777777777797 
229.00328845130383 59.0 0.0 5.0 35.0 14146.42997864029 14144.70370370372 14232.777777777797 
230.00328845130383 59.0 0.0 5.0 35.0 14144.876331197378 14144.70370370372 14232.777777777797 
231.00328845130383 59.0 0.0 5.0 35.0 14144.720966453076 14144.70370370372 14232.777777777797 
232.00328845130383 61.0 0.0 3.0 35.0 14160.55876331199 14162.318518518547 14232.777777777797 
233.00328845130383 61.0 0.0 3.0 35.0 14177.9958763312 14179.933333333322 14232.777777777797 
234.00328845130383 62.0 0.0 4.0 35.0 14179.739587633092 14179.933333333322 14232.777777777797 
235.00328845130383 63.0 0.0 3.0 35.0 14195.76729209664 14197.54814814815 14232.777777777797 
236.00328845130383 65.0 0.0 3.0 35.0 14181.516729209665 14179.933333333322 14232.777777777797 
237.00328845130383 65.0 0.0 3.0 35.0 14180.091672920977 14179.933333333322 14232.777777777797 
238.00328845130383 65.0 0.0 3.0 35.0 14179.949167292096 14179.933333333322 14232.777777777797 
239.00328845130383 65.0 0.0 3.0 35.0 14179.934916729217 14179.933333333322 14232.777777777797 
240.00328845130383 65.0 0.0 4.0 35.0 14179.933491672915 14179.933333333322 14232.777777777797 
241.00328845130383 65.0 0.0 4.0 35.0 14179.933349167286 14179.933333333322 14232.777777777797 
242.00328845130383 65.0 0.0 4.0 35.0 14164.080001583388 14162.318518518547 14232.777777777797 
243.00328845130383 66.0 0.0 4.0 35.0 14178.348000158352 14179.933333333322 14232.777777777797 
244.00328845130383 66.0 0.0 4.0 35.0 14179.774800015828 14179.933333333322 14232.777777777797 
245.00328845130383 66.0 0.0 5.0 35.0 14164.064146668245 14162.318518518547 14232.777777777797 
246.00328845130383 66.0 0.0 7.0 35.0 14162.493081333494 14162.318518518547 14232.777777777797 
247.00328845130383 66.0 0.0 9.0 35.0 14146.482641466699 14144.70370370372 14232.777777777797 
248.00328845130383 66.0 0.0 9.0 35.0 14097.33493081334 14091.874074074081 14232.777777777797 
249.00328845130383 66.0 0.0 9.0 35.0 14076.56682641465 14074.259259259266 14232.777777777797 
250.00328845130383 67.0 0.0 9.0 35.0 14074.490015974794 14074.259259259266 14232.777777777797 
251.00328845130383 67.0 0.0 9.0 35.0 14074.282334930815 14074.259259259266 14232.777777777797 
252.00328845130383 67.0 0.0 10.0 35.0 14074.261566826437 14074.259259259266 14232.777777777797 
253.00328845130383 67.0 0.0 11.0 35.0 14058.40615668264 14056.644444444439 14232.777777777797 
254.00328845130383 67.0 0.0 12.0 35.0 14040.973949001578 14039.037037037015 14232.777777777797 
255.00328845130383 68.0 0.0 11.0 35.0 14039.230728233513 14039.037037037015 14232.777777777797 
256.00328845130383 69.0 0.0 11.0 35.0 14039.063072823337 14039.04444444444 14232.777777777797 
257.00328845130383 69.0 0.0 11.0 35.0 14039.052973949018 14039.05185185184 14232.777777777797 
258.00328845130383 69.0 0.0 11.0 35.0 14039.051964061568 14039.05185185184 14232.777777777797 
259.00328845130383 69.0 0.0 12.0 35.0 14039.05186307282 14039.05185185184 14232.777777777797 
260.00328845130383 70.0 0.0 12.0 35.0 14023.198519640626 14021.437037037065 14232.777777777797 
261.00328845130383 71.0 0.0 11.0 35.0 14053.306518630721 14056.651851851839 14232.777777777797 
262.00328845130383 71.0 0.0 11.0 35.0 14040.470651863076 14039.04444444444 14232.777777777797 
263.00328845130383 72.0 0.0 10.0 35.0 14055.040398519639 14056.659259259277 14232.777777777797 
264.00328845130383 74.0 0.0 8.0 35.0 14088.197373185289 14091.88148148148 14232.777777777797 
265.00328845130383 75.0 0.0 7.0 35.0 14107.359737318562 14109.488888888909 14232.777777777797 
266.00328845130383 75.0 0.0 7.0 35.0 14109.275973731837 14109.488888888909 14232.777777777797 
267.00328845130383 75.0 0.0 10.0 35.0 14109.467597373172 14109.488888888909 14232.777777777797 
268.00328845130383 76.0 0.0 9.0 35.0 14093.633426403972 14091.874074074081 14232.777777777797 
269.00328845130383 76.0 0.0 12.0 35.0 14076.21000930707 14074.274074074052 14232.777777777797 
270.00328845130383 78.0 0.0 11.0 35.0 14058.607667597364 14056.651851851839 14232.777777777797 
271.00328845130383 78.0 0.0 15.0 35.0 14040.987433426402 14039.029629629666 14232.777777777797 
272.00328845130383 78.0 0.0 15.0 35.0 13991.67207667598 13986.192592592592 14232.777777777797 
273.00328845130383 79.0 0.0 14.0 35.0 13970.893874334266 13968.5851851852 14232.777777777797 
274.00328845130383 79.0 0.0 14.0 35.0 13984.66272076676 13986.192592592592 14232.777777777797 
275.00328845130383 80.0 0.0 13.0 35.0 13986.039605410022 13986.192592592592 14232.777777777797 
276.00328845130383 81.0 0.0 12.0 35.0 14017.870627207656 14021.407407407401 14232.777777777797 
277.00328845130383 83.0 0.0 10.0 35.0 14021.053729387419 14021.407407407401 14232.777777777797 
278.00328845130383 84.0 0.0 11.0 35.0 14068.932039605388 14074.251851851868 14232.777777777797 
279.00328845130383 84.0 0.0 12.0 35.0 14057.873203960535 14056.644444444439 14232.777777777797 
280.00328845130383 84.0 0.0 12.0 35.0 14025.073987062728 14021.42962962963 14232.777777777797 
281.00328845130383 85.0 0.0 11.0 35.0 14037.647398706258 14039.04444444444 14232.777777777797 
282.00328845130383 86.0 0.0 10.0 35.0 14054.758073203959 14056.659259259277 14232.777777777797 
283.00328845130383 86.0 0.0 10.0 35.0 14056.469140653726 14056.659259259277 14232.777777777797 
284.00328845130383 86.0 0.0 10.0 35.0 14056.640247398682 14056.659259259277 14232.777777777797 
285.00328845130383 87.0 0.0 10.0 35.0 14056.657358073227 14056.659259259277 14232.777777777797 
286.00328845130383 87.0 0.0 10.0 35.0 14072.512402474009 14074.274074074052 14232.777777777797 
287.00328845130383 87.0 0.0 10.0 35.0 14058.251240247402 14056.666666666668 14232.777777777797 
288.00328845130383 87.0 0.0 10.0 35.0 14056.825124024741 14056.666666666668 14232.777777777797 
289.00328845130383 87.0 0.0 10.0 35.0 14056.682512402445 14056.666666666668 14232.777777777797 
290.00328845130383 88.0 0.0 9.0 35.0 14056.668251240242 14056.666666666668 14232.777777777797 
291.00328845130383 90.0 0.0 8.0 35.0 14104.21349179069 14109.496296296304 14232.777777777797 
292.00328845130383 90.0 0.0 9.0 35.0 14108.968015845743 14109.496296296304 14232.777777777797 
293.00328845130383 91.0 0.0 8.0 35.0 14093.590134917906 14091.88148148148 14232.777777777797 
294.00328845130383 92.0 0.0 7.0 35.0 14092.05234682512 14091.88148148148 14232.777777777797 
295.00328845130383 93.0 0.0 6.0 35.0 14107.745234682541 14109.488888888909 14232.777777777797 
296.00328845130383 93.0 0.0 8.0 35.0 14125.167856801612 14127.103703703682 14232.777777777797 
297.00328845130383 93.0 0.0 8.0 35.0 14111.063452346836 14109.496296296304 14232.777777777797 
298.00328845130383 93.0 0.0 9.0 35.0 14093.799678568006 14091.88148148148 14232.777777777797 
299.00328845130383 93.0 0.0 12.0 35.0 14076.226634523477 14074.274074074052 14232.777777777797 
300.00328845130383 95.0 0.0 10.0 35.0 14058.609330119012 14056.651851851839 14232.777777777797 
301.00328845130383 95.0 0.0 12.0 35.0 14056.84759967856 14056.651851851839 14232.777777777797 
302.00328845130383 95.0 0.0 12.0 35.0 14040.824759967856 14039.04444444444 14232.777777777797 
303.00328845130383 95.0 0.0 14.0 35.0 14023.369142663465 14021.42962962963 14232.777777777797 
304.00328845130383 96.0 0.0 13.0 35.0 14005.770247599687 14003.814814814803 14232.777777777797 
305.00328845130383 96.0 0.0 13.0 35.0 14004.010358093297 14003.814814814803 14232.777777777797 
306.00328845130383 97.0 0.0 13.0 35.0 14003.834369142649 14003.814814814803 14232.777777777797 
307.00328845130383 97.0 0.0 13.0 35.0 14019.67010358094 14021.42962962963 14232.777777777797 
308.00328845130383 97.0 0.0 14.0 35.0 14005.407010358109 14003.82222222224 14232.777777777797 
309.00328845130383 99.0 0.0 12.0 35.0 14003.974034369143 14003.814814814803 14232.777777777797 
310.00328845130383 99.0 0.0 12.0 35.0 14019.677403436917 14021.422222222236 14232.777777777797 
311.00328845130383 99.0 0.0 13.0 35.0 14021.2477403437 14021.422222222236 14232.777777777797 
312.00328845130383 99.0 0.0 13.0 35.0 14005.55810736769 14003.814814814803 14232.777777777797 
313.00328845130383 99.0 0.0 14.0 35.0 14003.989144070127 14003.814814814803 14232.777777777797 
314.00328845130383 100.0 0.0 13.0 35.0 14003.832247740333 14003.814814814803 14232.777777777797 
315.00328845130383 103.0 0.0 10.0 35.0 14035.509891440697 14039.029629629666 14232.777777777797 
316.00328845130383 103.0 0.0 10.0 35.0 14054.530989144068 14056.644444444439 14232.777777777797 
317.00328845130383 104.0 0.0 9.0 35.0 14072.286432247734 14074.259259259266 14232.777777777797 
318.00328845130383 104.0 0.0 10.0 35.0 14074.06197655813 14074.259259259266 14232.777777777797 
319.00328845130383 104.0 0.0 10.0 35.0 14074.239530989114 14074.259259259266 14232.777777777797 
320.00328845130383 104.0 0.0 12.0 35.0 14058.410619765578 14056.651851851839 14232.777777777797 
321.00328845130383 105.0 0.0 12.0 35.0 14056.827728643228 14056.651851851839 14232.777777777797 
322.00328845130383 106.0 0.0 11.0 35.0 14024.982772864323 14021.444444444414 14232.777777777797 
323.00328845130383 106.0 0.0 11.0 35.0 14037.65161061977 14039.059259259278 14232.777777777797 
324.00328845130383 107.0 0.0 12.0 35.0 14054.76516106198 14056.666666666668 14232.777777777797 
325.00328845130383 107.0 0.0 13.0 35.0 14040.62318277284 14039.05185185184 14232.777777777797 
326.00328845130383 107.0 0.0 13.0 35.0 14023.355651610615 14021.437037037065 14232.777777777797 
327.00328845130383 107.0 0.0 13.0 35.0 14005.775565161064 14003.82222222224 14232.777777777797 
328.00328845130383 108.0 0.0 12.0 35.0 14004.017556516092 14003.82222222224 14232.777777777797 
329.00328845130383 108.0 0.0 14.0 35.0 14019.69508898496 14021.437037037065 14232.777777777797 
330.00328845130383 111.0 0.0 11.0 35.0 14052.962842231815 14056.659259259277 14232.777777777797 
331.00328845130383 111.0 0.0 12.0 35.0 14040.43628422318 14039.04444444444 14232.777777777797 
332.00328845130383 112.0 0.0 12.0 35.0 14023.336961755638 14021.437037037065 14232.777777777797 
333.00328845130383 112.0 0.0 12.0 35.0 14021.627029508896 14021.437037037065 14232.777777777797 
334.00328845130383 114.0 0.0 12.0 35.0 14037.309369617531 14039.05185185184 14232.777777777797 
335.00328845130383 114.0 0.0 13.0 35.0 14023.017603628425 14021.42962962963 14232.777777777797 
336.00328845130383 115.0 0.0 12.0 35.0 14005.73509369617 14003.814814814803 14232.777777777797 
337.00328845130383 117.0 0.0 10.0 35.0 14019.860176036287 14021.42962962963 14232.777777777797 
338.00328845130383 120.0 0.0 7.0 35.0 14052.97268427029 14056.651851851839 14232.777777777797 
339.00328845130383 121.0 0.0 6.0 35.0 14103.830601760334 14109.481481481478 14232.777777777797 
340.00328845130383 121.0 0.0 7.0 35.0 14124.763060176027 14127.088888888855 14232.777777777797 
341.00328845130383 121.0 0.0 7.0 35.0 14111.00297268428 14109.474074074082 14232.777777777797 
342.00328845130383 122.0 0.0 6.0 35.0 14109.62696393509 14109.474074074082 14232.777777777797 
343.00328845130383 122.0 0.0 7.0 35.0 14125.342696393507 14127.088888888855 14232.777777777797 
344.00328845130383 122.0 0.0 8.0 35.0 14111.060936306034 14109.474074074082 14232.777777777797 
345.00328845130383 122.0 0.0 8.0 35.0 14109.63276029726 14109.474074074082 14232.777777777797 
346.00328845130383 124.0 0.0 7.0 35.0 14109.496609363086 14109.481481481478 14232.777777777797 
347.00328845130383 124.0 0.0 10.0 35.0 14109.489660936299 14109.488888888909 14232.777777777797 
348.00328845130383 126.0 0.0 9.0 35.0 14093.628966093638 14091.86666666665 14232.777777777797 
349.00328845130383 127.0 0.0 8.0 35.0 14107.896229942693 14109.481481481478 14232.777777777797 
350.00328845130383 127.0 0.0 9.0 35.0 14093.46962299425 14091.86666666665 14232.777777777797 
351.00328845130383 127.0 0.0 11.0 35.0 14076.180295632756 14074.259259259266 14232.777777777797 
352.00328845130383 128.0 0.0 10.0 35.0 14042.75136289661 14039.037037037015 14232.777777777797 
353.00328845130383 130.0 0.0 8.0 35.0 14055.261802956331 14056.651851851839 14232.777777777797 
354.00328845130383 130.0 0.0 10.0 35.0 14088.21951362897 14091.88148148148 14232.777777777797 
355.00328845130383 131.0 0.0 9.0 35.0 14107.36861802957 14109.496296296304 14232.777777777797 
356.00328845130383 131.0 0.0 9.0 35.0 14077.58352846962 14074.274074074052 14232.777777777797 
357.00328845130383 131.0 0.0 9.0 35.0 14074.60501951364 14074.274074074052 14232.777777777797 
358.00328845130383 132.0 0.0 8.0 35.0 14074.307168618006 14074.274074074052 14232.777777777797 
359.00328845130383 133.0 0.0 9.0 35.0 14105.977383528476 14109.496296296304 14232.777777777797 
360.00328845130383 133.0 0.0 9.0 35.0 14093.291071686172 14091.88148148148 14232.777777777797 
361.00328845130383 134.0 0.0 8.0 35.0 14076.17577383529 14074.274074074052 14232.777777777797 
362.00328845130383 134.0 0.0 9.0 35.0 14090.310910716848 14091.88148148148 14232.777777777797 
363.00328845130383 135.0 0.0 9.0 35.0 14091.731091071679 14091.88888888888 14232.777777777797 
364.00328845130383 136.0 0.0 9.0 35.0 14091.866442440483 14091.88148148148 14232.777777777797 
365.00328845130383 136.0 0.0 9.0 35.0 14091.879977577397 14091.88148148148 14232.777777777797 
366.00328845130383 136.0 0.0 10.0 35.0 14076.034664424422 14074.274074074052 14232.777777777797 
367.00328845130383 137.0 0.0 9.0 35.0 14058.5967997758 14056.659259259277 14232.777777777797 
368.00328845130383 137.0 0.0 11.0 35.0 14072.706346644245 14074.274074074052 14232.777777777797 
369.00328845130383 137.0 0.0 12.0 35.0 14042.417301331092 14039.05185185184 14232.777777777797 
370.00328845130383 138.0 0.0 12.0 35.0 14023.535063466441 14021.437037037065 14232.777777777797 
371.00328845130383 140.0 0.0 10.0 35.0 14053.340173013326 14056.651851851839 14232.777777777797 
372.00328845130383 140.0 0.0 10.0 35.0 14056.320683967984 14056.651851851839 14232.777777777797 
373.00328845130383 141.0 0.0 10.0 35.0 14056.61873506348 14056.651851851839 14232.777777777797 
374.00328845130383 141.0 0.0 11.0 35.0 14072.4952068397 14074.259259259266 14232.777777777797 
375.00328845130383 143.0 0.0 9.0 35.0 14074.082854017299 14074.259259259266 14232.777777777797 
376.00328845130383 144.0 0.0 10.0 35.0 14090.101618735038 14091.88148148148 14232.777777777797 
377.00328845130383 145.0 0.0 10.0 35.0 14075.850161873508 14074.266666666657 14232.777777777797 
378.00328845130383 146.0 0.0 9.0 35.0 14074.431682854043 14074.274074074052 14232.777777777797 
379.00328845130383 146.0 0.0 10.0 35.0 14074.289834952071 14074.274074074052 14232.777777777797 
380.00328845130383 146.0 0.0 11.0 35.0 14058.422316828557 14056.659259259277 14232.777777777797 
381.00328845130383 146.0 0.0 11.0 35.0 14040.982231682849 14039.04444444444 14232.777777777797 
382.00328845130383 146.0 0.0 11.0 35.0 14039.238223168275 14039.04444444444 14232.777777777797 
383.00328845130383 147.0 0.0 10.0 35.0 14039.063822316817 14039.04444444444 14232.777777777797 
384.00328845130383 147.0 0.0 10.0 35.0 14054.899715565023 14056.659259259277 14232.777777777797 
385.00328845130383 147.0 0.0 10.0 35.0 14056.483304889816 14056.659259259277 14232.777777777797 
386.00328845130383 148.0 0.0 9.0 35.0 14056.641663822293 14056.659259259277 14232.777777777797 
387.00328845130383 148.0 0.0 9.0 35.0 14072.510833048907 14074.274074074052 14232.777777777797 
388.00328845130383 149.0 0.0 11.0 35.0 14074.097749971561 14074.274074074052 14232.777777777797 
389.00328845130383 151.0 0.0 11.0 35.0 14074.249774997172 14074.266666666657 14232.777777777797 
390.00328845130383 151.0 0.0 12.0 35.0 14058.418310833034 14056.659259259277 14232.777777777797 
391.00328845130383 151.0 0.0 13.0 35.0 14040.988497749966 14039.05185185184 14232.777777777797 
392.00328845130383 151.0 0.0 15.0 35.0 14007.552183108335 14003.83703703704 14232.777777777797 
393.00328845130383 151.0 0.0 16.0 35.0 13988.355218310824 13986.222222222203 14232.777777777797 
394.00328845130383 152.0 0.0 15.0 35.0 13954.735521831086 13951.0 14232.777777777797 
395.00328845130383 152.0 0.0 16.0 35.0 13967.226885516451 13968.614814814826 14232.777777777797 
396.00328845130383 153.0 0.0 17.0 35.0 13968.476021884995 13968.614814814826 14232.777777777797 
397.00328845130383 155.0 0.0 17.0 35.0 13936.894268855136 13933.385185185174 14232.777777777797 
398.00328845130383 156.0 0.0 17.0 35.0 13965.429426885514 13968.599999999999 14232.777777777797 
399.00328845130383 157.0 0.0 17.0 35.0 13936.576276021897 13933.370370370389 14232.777777777797 
400.00328845130383 160.0 0.0 15.0 35.0 13949.544294268877 13950.985185185162 14232.777777777797 
401.00328845130383 160.0 0.0 17.0 35.0 13982.541096093531 13986.207407407375 14232.777777777797 
402.00328845130383 161.0 0.0 18.0 35.0 13938.28077627602 13933.36296296296 14232.777777777797 
403.00328845130383 161.0 0.0 20.0 35.0 13933.861410960939 13933.370370370389 14232.777777777797 
404.00328845130383 164.0 0.0 17.0 35.0 13917.572807762754 13915.76296296296 14232.777777777797 
405.00328845130383 164.0 0.0 17.0 35.0 13931.790614109595 13933.370370370389 14232.777777777797 
406.00328845130383 165.0 0.0 18.0 35.0 13933.212394744292 13933.370370370389 14232.777777777797 
407.00328845130383 168.0 0.0 15.0 35.0 13949.201239474429 13950.977777777773 14232.777777777797 
408.00328845130383 170.0 0.0 14.0 35.0 13982.500123947468 13986.200000000026 14232.777777777797 
409.00328845130383 172.0 0.0 14.0 35.0 14017.530012394727 14021.422222222236 14232.777777777797 
410.00328845130383 172.0 0.0 14.0 35.0 14021.03300123947 14021.422222222236 14232.777777777797 
411.00328845130383 172.0 0.0 14.0 35.0 13989.689966790618 13986.207407407375 14232.777777777797 
412.00328845130383 172.0 0.0 14.0 35.0 13986.555663345714 13986.207407407375 14232.777777777797 
413.00328845130383 172.0 0.0 15.0 35.0 13986.24223300124 13986.207407407375 14232.777777777797 
414.00328845130383 173.0 0.0 14.0 35.0 14002.057556633461 14003.814814814803 14232.777777777797 
415.00328845130383 174.0 0.0 15.0 35.0 14003.645755663341 14003.82222222224 14232.777777777797 
416.00328845130383 174.0 0.0 15.0 35.0 13987.951242232999 13986.207407407375 14232.777777777797 
417.00328845130383 175.0 0.0 15.0 35.0 13986.381790889965 13986.207407407375 14232.777777777797 
418.00328845130383 175.0 0.0 16.0 35.0 13986.224845755689 13986.207407407375 14232.777777777797 
419.00328845130383 175.0 0.0 16.0 35.0 13954.509151242251 13950.985185185162 14232.777777777797 
420.00328845130383 175.0 0.0 17.0 35.0 13951.337581790889 13950.985185185162 14232.777777777797 
421.00328845130383 175.0 0.0 17.0 35.0 13951.02042484575 13950.985185185162 14232.777777777797 
422.00328845130383 175.0 0.0 17.0 35.0 13935.135375817908 13933.370370370389 14232.777777777797 
423.00328845130383 177.0 0.0 15.0 35.0 13965.246870915102 13968.592592592599 14232.777777777797 
424.00328845130383 177.0 0.0 16.0 35.0 13968.258020424846 13968.592592592599 14232.777777777797 
425.00328845130383 182.0 0.0 11.0 35.0 13984.412468709157 13986.207407407375 14232.777777777797 
426.00328845130383 182.0 0.0 11.0 35.0 14033.567913537565 14039.029629629666 14232.777777777797 
427.00328845130383 182.0 0.0 13.0 35.0 14038.483458020433 14039.029629629666 14232.777777777797 
428.00328845130383 182.0 0.0 13.0 35.0 14007.275012468728 14003.807407407408 14232.777777777797 
429.00328845130383 182.0 0.0 13.0 35.0 14004.15416791354 14003.807407407408 14232.777777777797 
430.00328845130383 182.0 0.0 14.0 35.0 14003.84208345803 14003.807407407408 14232.777777777797 
431.00328845130383 182.0 0.0 15.0 35.0 14003.81087501248 14003.807407407408 14232.777777777797 
432.00328845130383 183.0 0.0 14.0 35.0 13987.961087501253 13986.200000000026 14232.777777777797 
433.00328845130383 184.0 0.0 14.0 35.0 13986.376108750117 13986.200000000026 14232.777777777797 
434.00328845130383 185.0 0.0 13.0 35.0 13986.210944208362 13986.192592592592 14232.777777777797 
435.00328845130383 186.0 0.0 14.0 35.0 14002.041094420823 14003.799999999974 14232.777777777797 
436.00328845130383 186.0 0.0 14.0 35.0 13987.770776108755 13986.185185185197 14232.777777777797 
437.00328845130383 186.0 0.0 14.0 35.0 13986.343744277567 13986.185185185197 14232.777777777797 
438.00328845130383 188.0 0.0 12.0 35.0 13986.201041094424 13986.185185185197 14232.777777777797 
439.00328845130383 188.0 0.0 12.0 35.0 14017.886770776113 14021.407407407401 14232.777777777797 
440.00328845130383 189.0 0.0 11.0 35.0 14021.055343744287 14021.407407407401 14232.777777777797 
441.00328845130383 190.0 0.0 10.0 35.0 14037.225534374422 14039.022222222226 14232.777777777797 
442.00328845130383 191.0 0.0 9.0 35.0 14070.54922010412 14074.251851851868 14232.777777777797 
443.00328845130383 192.0 0.0 8.0 35.0 14089.73492201039 14091.86666666665 14232.777777777797 
444.00328845130383 192.0 0.0 9.0 35.0 14091.653492201041 14091.86666666665 14232.777777777797 
445.00328845130383 194.0 0.0 8.0 35.0 14091.852015886774 14091.874074074081 14232.777777777797 
446.00328845130383 194.0 0.0 8.0 35.0 14091.865201588658 14091.86666666665 14232.777777777797 
447.00328845130383 194.0 0.0 9.0 35.0 14091.86652015887 14091.86666666665 14232.777777777797 
448.00328845130383 194.0 0.0 10.0 35.0 14076.013318682557 14074.251851851868 14232.777777777797 
449.00328845130383 194.0 0.0 11.0 35.0 14074.42799853495 14074.251851851868 14232.777777777797 
450.00328845130383 197.0 0.0 8.0 35.0 14058.422799853479 14056.644444444439 14232.777777777797 
451.00328845130383 198.0 0.0 7.0 35.0 14088.522279985355 14091.86666666665 14232.777777777797 
452.00328845130383 198.0 0.0 7.0 35.0 14107.385561331866 14109.481481481478 14232.777777777797 
453.00328845130383 199.0 0.0 6.0 35.0 14109.271889466498 14109.481481481478 14232.777777777797 
454.00328845130383 199.0 0.0 8.0 35.0 14125.307188946646 14127.088888888855 14232.777777777797 
455.00328845130383 199.0 0.0 8.0 35.0 14095.204052227988 14091.859259259254 14232.777777777797 
456.00328845130383 200.0 0.0 7.0 35.0 14092.193738556127 14091.859259259254 14232.777777777797 
457.00328845130383 201.0 0.0 6.0 35.0 14107.746040522283 14109.474074074082 14232.777777777797 
458.00328845130383 201.0 0.0 6.0 35.0 14125.154604052248 14127.088888888855 14232.777777777797 
459.00328845130383 202.0 0.0 7.0 35.0 14126.895460405216 14127.088888888855 14232.777777777797 
460.00328845130383 202.0 0.0 8.0 35.0 14111.222879373856 14109.481481481478 14232.777777777797 
461.00328845130383 202.0 0.0 8.0 35.0 14109.655621270716 14109.481481481478 14232.777777777797 
462.00328845130383 203.0 0.0 8.0 35.0 14093.645562127067 14091.86666666665 14232.777777777797 
463.00328845130383 205.0 0.0 6.0 35.0 14107.897889546042 14109.481481481478 14232.777777777797 
464.00328845130383 206.0 0.0 6.0 35.0 14125.176455621264 14127.096296296291 14232.777777777797 
465.00328845130383 206.0 0.0 6.0 35.0 14142.75097889546 14144.70370370372 14232.777777777797 
466.00328845130383 208.0 0.0 4.0 35.0 14160.361764556188 14162.318518518547 14232.777777777797 
467.00328845130383 208.0 0.0 5.0 35.0 14162.122843122263 14162.318518518547 14232.777777777797 
468.00328845130383 208.0 0.0 5.0 35.0 14146.445617645586 14144.70370370372 14232.777777777797 
469.00328845130383 208.0 0.0 5.0 35.0 14144.877895097863 14144.70370370372 14232.777777777797 
470.00328845130383 208.0 0.0 5.0 35.0 14144.72112284312 14144.70370370372 14232.777777777797 
471.00328845130383 208.0 0.0 5.0 35.0 14144.705445617628 14144.70370370372 14232.777777777797 
472.00328845130383 208.0 0.0 6.0 35.0 14144.70387789508 14144.70370370372 14232.777777777797 
473.00328845130383 210.0 0.0 4.0 35.0 14144.703721122863 14144.70370370372 14232.777777777797 
474.00328845130383 210.0 0.0 4.0 35.0 14160.557038778974 14162.318518518547 14232.777777777797 
475.00328845130383 210.0 0.0 5.0 35.0 14162.14237054454 14162.318518518547 14232.777777777797 
476.00328845130383 210.0 0.0 5.0 35.0 14146.447570387812 14144.70370370372 14232.777777777797 
477.00328845130383 210.0 0.0 5.0 35.0 14144.878090372129 14144.70370370372 14232.777777777797 
478.00328845130383 211.0 0.0 4.0 35.0 14160.574475703894 14162.318518518547 14232.777777777797 
479.00328845130383 211.0 0.0 4.0 35.0 14162.14411423706 14162.318518518547 14232.777777777797 
480.00328845130383 212.0 0.0 3.0 35.0 14178.154411423693 14179.933333333322 14232.777777777797 
481.00328845130383 213.0 0.0 2.0 35.0 14179.755441142357 14179.933333333322 14232.777777777797 
482.00328845130383 213.0 0.0 2.0 35.0 14195.768877447563 14197.54814814815 14232.777777777797 
483.00328845130383 214.0 0.0 1.0 35.0 14197.370221078092 14197.54814814815 14232.777777777797 
484.00328845130383 214.0 0.0 2.0 35.0 14213.383688774504 14215.162962962962 14232.777777777797 
485.00328845130383 214.0 0.0 2.0 35.0 14199.131702210803 14197.54814814815 14232.777777777797 
486.00328845130383 214.0 0.0 3.0 35.0 14197.706503554416 14197.54814814815 14232.777777777797 
487.00328845130383 214.0 0.0 3.0 35.0 14197.563983688744 14197.54814814815 14232.777777777797 
488.00328845130383 215.0 0.0 2.0 35.0 14181.696398368877 14179.933333333322 14232.777777777797 
489.00328845130383 215.0 0.0 2.0 35.0 14195.96297317023 14197.54814814815 14232.777777777797 
490.00328845130383 215.0 0.0 2.0 35.0 14197.389630650332 14197.54814814815 14232.777777777797 
491.00328845130383 215.0 0.0 2.0 35.0 14197.532296398342 14197.54814814815 14232.777777777797 
492.00328845130383 216.0 0.0 1.0 35.0 14213.399896306533 14215.162962962962 14232.777777777797 
493.00328845130383 216.0 0.0 1.0 35.0 14214.986656297317 14215.162962962962 14232.777777777797 
494.00328845130383 216.0 0.0 1.0 35.0 14215.145332296412 14215.162962962962 14232.777777777797 
495.00328845130383 216.0 0.0 1.0 35.0 14215.161199896274 14215.162962962962 14232.777777777797 
496.00328845130383 216.0 0.0 1.0 35.0 14215.162786656305 14215.162962962962 14232.777777777797 
497.00328845130383 216.0 0.0 1.0 35.0 14215.162945332297 14215.162962962962 14232.777777777797 
498.00328845130383 216.0 0.0 1.0 35.0 14215.162961199909 14215.162962962962 14232.777777777797 
499.00328845130383 216.0 0.0 2.0 35.0 14215.162962786675 14215.162962962962 14232.777777777797 
500.00328845130383 216.0 0.0 2.0 35.0 14215.162962945333 14215.162962962962 14232.777777777797 
501.00328845130383 217.0 0.0 1.0 35.0 14199.309629627858 14197.54814814815 14232.777777777797 
502.00328845130383 217.0 0.0 1.0 35.0 14213.577629629457 14215.162962962962 14232.777777777797 
503.00328845130383 217.0 0.0 2.0 35.0 14215.004429629611 14215.162962962962 14232.777777777797 
504.00328845130383 218.0 0.0 1.0 35.0 14199.293776296283 14197.54814814815 14232.777777777797 
505.00328845130383 218.0 0.0 1.0 35.0 14213.576044296293 14215.162962962962 14232.777777777797 
506.00328845130383 218.0 0.0 1.0 35.0 14215.00427109628 14215.162962962962 14232.777777777797 
507.00328845130383 218.0 0.0 1.0 35.0 14215.147093776292 14215.162962962962 14232.777777777797 
508.00328845130383 218.0 0.0 1.0 35.0 14215.161376044294 14215.162962962962 14232.777777777797 
509.00328845130383 218.0 0.0 1.0 35.0 14215.162804271098 14215.162962962962 14232.777777777797 
510.00328845130383 218.0 0.0 1.0 35.0 14215.162947093742 14215.162962962962 14232.777777777797 
511.00328845130383 218.0 0.0 1.0 35.0 14215.162961376045 14215.162962962962 14232.777777777797 
512.0032884513039 218.0 0.0 1.0 35.0 14215.162962804248 14215.162962962962 14232.777777777797 
513.0032884513039 219.0 0.0 0.0 35.0 14215.162962947124 14215.162962962962 14232.777777777797 
514.0032884513039 219.0 0.0 0.0 35.0 14231.016296294685 14232.777777777797 14232.777777777797 
515.0032884513039 219.0 0.0 0.0 35.0 14232.60162962945 14232.777777777797 14232.777777777797 
516.0032884513039 219.0 0.0 0.0 35.0 14232.760162962952 14232.777777777797 14232.777777777797 
517.0032884513039 219.0 0.0 0.0 35.0 14232.776016296262 14232.777777777797 14232.777777777797 
518.0032884513039 219.0 0.0 1.0 35.0 14232.777601629621 14232.777777777797 14232.777777777797 
519.0032884513039 219.0 0.0 1.0 35.0 14232.777760162975 14232.777777777797 14232.777777777797 
520.0032884513039 219.0 0.0 1.0 35.0 14216.924442682966 14215.162962962962 14232.777777777797 
521.0032884513039 219.0 0.0 1.0 35.0 14215.339110934963 14215.162962962962 14232.777777777797 
522.0032884513039 219.0 0.0 1.0 35.0 14215.180577760155 14215.162962962962 14232.777777777797 
523.0032884513039 219.0 0.0 1.0 35.0 14215.164724442708 14215.162962962962 14232.777777777797 
524.0032884513039 219.0 0.0 1.0 35.0 14215.163139110955 14215.162962962962 14232.777777777797 
525.0032884513039 219.0 0.0 1.0 35.0 14215.162980577765 14215.162962962962 14232.777777777797 
526.0032884513039 219.0 0.0 1.0 35.0 14215.16296472442 14215.162962962962 14232.777777777797 
527.0032884513039 219.0 0.0 1.0 35.0 14215.162963139099 14215.162962962962 14232.777777777797 
528.0032884513039 219.0 0.0 1.0 35.0 14215.162962980587 14215.162962962962 14232.777777777797 
529.0032884513039 219.0 0.0 1.0 35.0 14215.162962964716 14215.162962962962 14232.777777777797 
530.0032884513039 219.0 0.0 1.0 35.0 14215.162962963157 14215.162962962962 14232.777777777797 
531.0032884513039 219.0 0.0 1.0 35.0 14215.162962962993 14215.162962962962 14232.777777777797 
532.0032884513039 219.0 0.0 3.0 35.0 14215.162962962966 14215.162962962962 14232.777777777797 
533.0032884513039 219.0 0.0 3.0 35.0 14215.162962962962 14215.162962962962 14232.777777777797 
534.0032884513039 219.0 0.0 3.0 35.0 14183.456296296275 14179.933333333322 14232.777777777797 
535.0032884513039 219.0 0.0 4.0 35.0 14180.285629629638 14179.933333333322 14232.777777777797 
536.0032884513039 220.0 0.0 4.0 35.0 14164.115229629602 14162.318518518547 14232.777777777797 
537.0032884513039 221.0 0.0 3.0 35.0 14162.498189629641 14162.318518518547 14232.777777777797 
538.0032884513039 221.0 0.0 3.0 35.0 14178.189818962976 14179.933333333322 14232.777777777797 
539.0032884513039 221.0 0.0 3.0 35.0 14179.758981896277 14179.933333333322 14232.777777777797 
540.0032884513039 221.0 0.0 3.0 35.0 14179.915898189616 14179.933333333322 14232.777777777797 
541.0032884513039 221.0 0.0 3.0 35.0 14179.931589818972 14179.933333333322 14232.777777777797 
542.0032884513039 221.0 0.0 3.0 35.0 14179.933158981925 14179.933333333322 14232.777777777797 
543.0032884513039 221.0 0.0 3.0 35.0 14179.933315898183 14179.933333333322 14232.777777777797 
544.0032884513039 221.0 0.0 3.0 35.0 14179.933331589817 14179.933333333322 14232.777777777797 
545.0032884513039 221.0 0.0 3.0 35.0 14179.933333158999 14179.933333333322 14232.777777777797 
546.0032884513039 221.0 0.0 3.0 35.0 14179.933333315908 14179.933333333322 14232.777777777797 
547.0032884513039 221.0 0.0 3.0 35.0 14179.933333331597 14179.933333333322 14232.777777777797 
548.0032884513039 221.0 0.0 3.0 35.0 14179.933333333183 14179.933333333322 14232.777777777797 
549.0032884513039 221.0 0.0 3.0 35.0 14179.933333333298 14179.933333333322 14232.777777777797 
550.0032884513039 221.0 0.0 3.0 35.0 14179.93333333332 14179.933333333322 14232.777777777797 
551.0032884513039 221.0 0.0 3.0 35.0 14179.933333333322 14179.933333333322 14232.777777777797 
552.0032884513039 221.0 0.0 4.0 35.0 14179.933333333322 14179.933333333322 14232.777777777797 
553.0032884513039 221.0 0.0 5.0 35.0 14164.080000000004 14162.318518518547 14232.777777777797 
554.0032884513039 221.0 0.0 5.0 35.0 14162.494666666633 14162.318518518547 14232.777777777797 
555.0032884513039 221.0 0.0 6.0 35.0 14146.482799999998 14144.70370370372 14232.777777777797 
556.0032884513039 222.0 0.0 5.0 35.0 14144.888280000003 14144.711111111119 14232.777777777797 
557.0032884513039 222.0 0.0 5.0 35.0 14144.728828000005 14144.711111111119 14232.777777777797 
558.0032884513039 222.0 0.0 5.0 35.0 14144.712882799979 14144.711111111119 14232.777777777797 
559.0032884513039 224.0 0.0 3.0 35.0 14144.711288280003 14144.711111111119 14232.777777777797 
560.0032884513039 225.0 0.0 2.0 35.0 14192.264462161325 14197.54814814815 14232.777777777797 
561.0032884513039 225.0 0.0 2.0 35.0 14197.019779549482 14197.54814814815 14232.777777777797 
562.0032884513039 225.0 0.0 2.0 35.0 14197.4953112883 14197.54814814815 14232.777777777797 
563.0032884513039 225.0 0.0 3.0 35.0 14197.54286446218 14197.54814814815 14232.777777777797 
564.0032884513039 225.0 0.0 3.0 35.0 14181.694286446205 14179.933333333322 14232.777777777797 
565.0032884513039 226.0 0.0 2.0 35.0 14180.109428644604 14179.933333333322 14232.777777777797 
566.0032884513039 226.0 0.0 2.0 35.0 14195.804276197812 14197.54814814815 14232.777777777797 
567.0032884513039 226.0 0.0 2.0 35.0 14197.37376095313 14197.54814814815 14232.777777777797 
568.0032884513039 226.0 0.0 2.0 35.0 14197.53070942865 14197.54814814815 14232.777777777797 
569.0032884513039 227.0 0.0 1.0 35.0 14197.546404276198 14197.54814814815 14232.777777777797 
570.0032884513039 227.0 0.0 1.0 35.0 14213.401307094287 14215.162962962962 14232.777777777797 
571.0032884513039 228.0 0.0 0.0 35.0 14230.840130709432 14232.777777777797 14232.777777777797 
572.0032884513039 228.0 0.0 0.0 35.0 14232.58401307096 14232.777777777797 14232.777777777797 
573.0032884513039 228.0 0.0 0.0 35.0 14232.75840130712 14232.777777777797 14232.777777777797 
574.0032884513039 228.0 0.0 1.0 35.0 14232.775840130707 14232.777777777797 14232.777777777797 
575.0032884513039 228.0 0.0 1.0 35.0 14216.924250679709 14215.162962962962 14232.777777777797 
576.0032884513039 229.0 0.0 0.0 35.0 14215.339091734635 14215.162962962962 14232.777777777797 
577.0032884513039 229.0 0.0 0.0 35.0 14231.033909173477 14232.777777777797 14232.777777777797 
578.0032884513039 229.0 0.0 0.0 35.0 14232.603390917353 14232.777777777797 14232.777777777797 
579.0032884513039 229.0 0.0 0.0 35.0 14232.760339091717 14232.777777777797 14232.777777777797 
580.0032884513039 229.0 0.0 0.0 35.0 14232.776033909191 14232.777777777797 14232.777777777797 
581.0032884513039 229.0 0.0 0.0 35.0 14232.777603390952 14232.777777777797 14232.777777777797 
582.0032884513039 229.0 0.0 0.0 35.0 14232.777760339077 14232.777777777797 14232.777777777797 
583.0032884513039 229.0 0.0 0.0 35.0 14232.777776033943 14232.777777777797 14232.777777777797 
584.0032884513039 229.0 0.0 0.0 35.0 14232.777777603415 14232.777777777797 14232.777777777797 
585.0032884513039 229.0 0.0 0.0 35.0 14232.777777760366 14232.777777777797 14232.777777777797 
586.0032884513039 229.0 0.0 0.0 35.0 14232.777777776037 14232.777777777797 14232.777777777797 
587.0032884513039 229.0 0.0 0.0 35.0 14232.777777777606 14232.777777777797 14232.777777777797 
588.0032884513039 229.0 0.0 0.0 35.0 14232.777777777766 14232.777777777797 14232.777777777797 
589.0032884513039 229.0 0.0 0.0 35.0 14232.777777777794 14232.777777777797 14232.777777777797 
590.0032884513039 229.0 0.0 0.0 35.0 14232.777777777797 14232.777777777797 14232.777777777797 
591.0032884513039 229.0 0.0 0.0 35.0 14232.777777777797 14232.777777777797 14232.777777777797 
592.0032884513039 229.0 0.0 1.0 35.0 14232.777777777797 14232.777777777797 14232.777777777797 
593.0032884513039 229.0 0.0 1.0 35.0 14232.777777777797 14232.777777777797 14232.777777777797 
594.0032884513039 230.0 0.0 0.0 35.0 14216.924444444427 14215.162962962962 14232.777777777797 
595.0032884513039 230.0 0.0 0.0 35.0 14231.192444444468 14232.777777777797 14232.777777777797 
596.0032884513039 230.0 0.0 0.0 35.0 14232.619244444466 14232.777777777797 14232.777777777797 
597.0032884513039 230.0 0.0 0.0 35.0 14232.76192444443 14232.777777777797 14232.777777777797 
598.0032884513039 230.0 0.0 2.0 35.0 14232.776192444435 14232.777777777797 14232.777777777797 
599.0032884513039 230.0 0.0 2.0 35.0 14201.0709525778 14197.54814814815 14232.777777777797 
600.0032884513039 230.0 0.0 2.0 35.0 14197.900428591138 14197.54814814815 14232.777777777797 
#####################################################################
# End of data export. Simulation finished at: 2020-01-26T23:16+0000 #
#####################################################################
