#####################################################################
# Alchemist log file - simulation started at: 2020-01-31T23:39+0000 #
#####################################################################
# seed = 5.0, meanTaskSize = 10000, smoothing = 0.9, grain = 1500.0, peakFrequency = 0.3
#
# The columns have the following meaning: 
# time done[Sum] drop[Sum] waiting[Sum] isLeader[Sum] capacity[Mean] freeCapacity[Mean] maxCapacity[Mean] 
0.0 NaN 0.0 NaN NaN NaN NaN NaN 
1.0031365367908396 0.0 0.0 0.0 135.0 14232.777777777797 14232.777777777797 14232.777777777797 
2.00313653679084 0.0 0.0 0.0 135.0 14232.777777777797 14232.777777777797 14232.777777777797 
3.00313653679084 0.0 0.0 0.0 135.0 14232.777777777797 14232.777777777797 14232.777777777797 
4.00313653679084 0.0 0.0 0.0 135.0 14232.777777777797 14232.777777777797 14232.777777777797 
5.00313653679084 0.0 0.0 0.0 135.0 14232.777777777797 14232.777777777797 14232.777777777797 
6.00313653679084 0.0 0.0 0.0 135.0 14232.777777777797 14232.777777777797 14232.777777777797 
7.00313653679084 0.0 0.0 0.0 135.0 14232.777777777797 14232.777777777797 14232.777777777797 
8.00313653679084 0.0 0.0 0.0 135.0 14232.777777777797 14232.777777777797 14232.777777777797 
9.00313653679084 0.0 0.0 0.0 135.0 14232.777777777797 14232.777777777797 14232.777777777797 
10.00313653679084 0.0 0.0 0.0 135.0 14232.777777777797 14232.777777777797 14232.777777777797 
11.00313653679084 0.0 0.0 0.0 135.0 14232.777777777797 14232.777777777797 14232.777777777797 
12.00313653679084 0.0 0.0 0.0 135.0 14232.777777777797 14232.777777777797 14232.777777777797 
13.00313653679084 0.0 0.0 0.0 135.0 14232.777777777797 14232.777777777797 14232.777777777797 
14.00313653679084 0.0 0.0 1.0 135.0 14232.777777777797 14232.777777777797 14232.777777777797 
15.00313653679084 0.0 0.0 1.0 135.0 14216.924444444427 14215.162962962962 14232.777777777797 
16.00313653679084 0.0 0.0 1.0 135.0 14215.3391111111 14215.162962962962 14232.777777777797 
17.00313653679084 0.0 0.0 1.0 135.0 14215.180577777766 14215.162962962962 14232.777777777797 
18.00313653679084 0.0 0.0 2.0 135.0 14215.164724444443 14215.162962962962 14232.777777777797 
19.00313653679084 0.0 0.0 2.0 134.0 14212.349805777762 14212.037037037013 14232.777777777797 
20.00313653679084 0.0 0.0 2.0 134.0 14212.068313911124 14212.037037037013 14232.777777777797 
21.00313653679084 0.0 0.0 2.0 134.0 14212.040164724433 14212.037037037013 14232.777777777797 
22.00313653679084 0.0 0.0 2.0 134.0 14212.037349805774 14212.037037037013 14232.777777777797 
23.00313653679084 0.0 0.0 2.0 134.0 14212.037068313904 14212.037037037013 14232.777777777797 
24.00313653679084 0.0 0.0 2.0 134.0 14212.037040164747 14212.037037037013 14232.777777777797 
25.00313653679084 0.0 0.0 2.0 134.0 14212.037037349824 14212.037037037013 14232.777777777797 
26.00313653679084 0.0 0.0 2.0 134.0 14212.037037068332 14212.037037037013 14232.777777777797 
27.00313653679084 0.0 0.0 3.0 134.0 14212.0370370402 14212.037037037013 14232.777777777797 
28.00313653679084 0.0 0.0 4.0 133.0 14209.223703704014 14208.911111111145 14232.777777777797 
29.00313653679084 0.0 0.0 4.0 132.0 14206.129037037092 14205.785185185186 14232.777777777797 
30.00313653679084 0.0 0.0 4.0 132.0 14205.819570370357 14205.785185185186 14232.777777777797 
31.00313653679084 0.0 0.0 4.0 132.0 14205.788623703707 14205.785185185186 14232.777777777797 
32.00313653679084 0.0 0.0 4.0 132.0 14205.785529037053 14205.785185185186 14232.777777777797 
33.00313653679084 0.0 0.0 4.0 132.0 14205.785219570358 14205.785185185186 14232.777777777797 
34.00313653679084 0.0 0.0 4.0 132.0 14205.785188623704 14205.785185185186 14232.777777777797 
35.00313653679084 0.0 0.0 4.0 132.0 14205.785185529032 14205.785185185186 14232.777777777797 
36.00313653679084 0.0 0.0 4.0 132.0 14205.785185219573 14205.785185185186 14232.777777777797 
37.00313653679084 0.0 0.0 5.0 132.0 14205.785185188632 14205.785185185186 14232.777777777797 
38.00313653679084 0.0 0.0 5.0 132.0 14189.931851852178 14188.17037037036 14232.777777777797 
39.00313653679084 0.0 0.0 5.0 132.0 14188.346518518549 14188.17037037036 14232.777777777797 
40.00313653679084 0.0 0.0 5.0 132.0 14188.18798518517 14188.17037037036 14232.777777777797 
41.00313653679084 0.0 0.0 5.0 132.0 14188.172131851847 14188.17037037036 14232.777777777797 
42.00313653679084 0.0 0.0 5.0 132.0 14188.170546518537 14188.17037037036 14232.777777777797 
43.00313653679084 0.0 0.0 5.0 132.0 14188.170387985185 14188.17037037036 14232.777777777797 
44.00313653679084 0.0 0.0 5.0 132.0 14188.170372131864 14188.17037037036 14232.777777777797 
45.00313653679084 0.0 0.0 5.0 132.0 14188.170370546499 14188.17037037036 14232.777777777797 
46.00313653679084 0.0 0.0 5.0 132.0 14188.170370387983 14188.17037037036 14232.777777777797 
47.00313653679084 0.0 0.0 5.0 132.0 14188.170370372127 14188.17037037036 14232.777777777797 
48.00313653679084 0.0 0.0 5.0 132.0 14188.170370370553 14188.17037037036 14232.777777777797 
49.00313653679084 0.0 0.0 5.0 132.0 14188.170370370393 14188.17037037036 14232.777777777797 
50.00313653679084 0.0 0.0 6.0 132.0 14188.170370370364 14188.17037037036 14232.777777777797 
51.00313653679084 0.0 0.0 6.0 131.0 14185.357037037022 14185.044444444442 14232.777777777797 
52.00313653679084 0.0 0.0 6.0 131.0 14185.0757037037 14185.044444444442 14232.777777777797 
53.00313653679084 0.0 0.0 6.0 131.0 14185.04757037037 14185.044444444442 14232.777777777797 
54.00313653679084 0.0 0.0 6.0 131.0 14185.044757037036 14185.044444444442 14232.777777777797 
55.00313653679084 0.0 0.0 7.0 131.0 14185.04447570368 14185.044444444442 14232.777777777797 
56.00313653679084 0.0 0.0 7.0 131.0 14169.191114237014 14167.429629629629 14232.777777777797 
57.00313653679084 0.0 0.0 7.0 131.0 14167.605778090341 14167.429629629629 14232.777777777797 
58.00313653679084 0.0 0.0 7.0 131.0 14167.44724447572 14167.429629629629 14232.777777777797 
59.00313653679084 0.0 0.0 7.0 131.0 14167.431391114245 14167.429629629629 14232.777777777797 
60.00313653679084 0.0 0.0 7.0 131.0 14167.429805778074 14167.429629629629 14232.777777777797 
61.00313653679084 0.0 0.0 7.0 131.0 14167.429647244455 14167.429629629629 14232.777777777797 
62.00313653679084 0.0 0.0 7.0 131.0 14167.429631391136 14167.429629629629 14232.777777777797 
63.00313653679084 0.0 0.0 8.0 131.0 14167.429629805805 14167.429629629629 14232.777777777797 
64.00313653679083 0.0 0.0 8.0 131.0 14151.582962980581 14149.82222222224 14232.777777777797 
65.00313653679083 0.0 0.0 8.0 131.0 14149.998296298034 14149.82222222224 14232.777777777797 
66.00313653679083 0.0 0.0 8.0 131.0 14149.839829629835 14149.82222222224 14232.777777777797 
67.00313653679083 0.0 0.0 8.0 131.0 14149.823982962995 14149.82222222224 14232.777777777797 
68.00313653679083 0.0 0.0 8.0 131.0 14149.822398296277 14149.82222222224 14232.777777777797 
69.00313653679083 0.0 0.0 8.0 131.0 14149.822239829638 14149.82222222224 14232.777777777797 
70.00313653679083 0.0 0.0 8.0 131.0 14149.82222398294 14149.82222222224 14232.777777777797 
71.00313653679083 0.0 0.0 8.0 131.0 14149.822222398303 14149.82222222224 14232.777777777797 
72.00313653679083 0.0 0.0 8.0 131.0 14149.822222239849 14149.82222222224 14232.777777777797 
73.00313653679083 0.0 0.0 8.0 131.0 14149.822222223993 14149.82222222224 14232.777777777797 
74.00313653679083 0.0 0.0 8.0 131.0 14149.822222222432 14149.82222222224 14232.777777777797 
75.00313653679083 0.0 0.0 8.0 131.0 14149.822222222232 14149.82222222224 14232.777777777797 
76.00313653679083 0.0 0.0 8.0 131.0 14149.822222222245 14149.82222222224 14232.777777777797 
77.00313653679083 1.0 0.0 7.0 131.0 14149.82222222224 14149.82222222224 14232.777777777797 
78.00313653679083 1.0 0.0 8.0 131.0 14165.675555555556 14167.437037037065 14232.777777777797 
79.00313653679083 2.0 0.0 8.0 130.0 14164.447555555591 14164.311111111108 14232.777777777797 
80.00313653679083 2.0 0.0 8.0 130.0 14164.31808888889 14164.303703703717 14232.777777777797 
81.00313653679083 2.0 0.0 8.0 130.0 14164.305142222234 14164.303703703717 14232.777777777797 
82.00313653679083 2.0 0.0 9.0 130.0 14164.30384755557 14164.303703703717 14232.777777777797 
83.00313653679083 2.0 0.0 9.0 130.0 14148.450384755566 14146.688888888892 14232.777777777797 
84.00313653679083 2.0 0.0 9.0 130.0 14146.865038475547 14146.688888888892 14232.777777777797 
85.00313653679083 2.0 0.0 9.0 130.0 14146.706503847525 14146.688888888892 14232.777777777797 
86.00313653679083 2.0 0.0 9.0 130.0 14146.69065038474 14146.688888888892 14232.777777777797 
87.00313653679083 2.0 0.0 9.0 130.0 14146.689065038487 14146.688888888892 14232.777777777797 
88.00313653679083 2.0 0.0 9.0 130.0 14146.688906503852 14146.688888888892 14232.777777777797 
89.00313653679083 2.0 0.0 9.0 130.0 14146.68889065037 14146.688888888892 14232.777777777797 
90.00313653679083 2.0 0.0 9.0 130.0 14146.688889065024 14146.688888888892 14232.777777777797 
91.00313653679083 2.0 0.0 9.0 130.0 14146.688888906505 14146.688888888892 14232.777777777797 
92.00313653679083 3.0 0.0 9.0 130.0 14146.688888890636 14146.688888888892 14232.777777777797 
93.00313653679083 3.0 0.0 9.0 129.0 14159.728888889054 14161.17777777776 14232.777777777797 
94.00313653679083 3.0 0.0 9.0 129.0 14161.032888888942 14161.17777777776 14232.777777777797 
95.00313653679083 3.0 0.0 9.0 129.0 14161.163288888885 14161.17777777776 14232.777777777797 
96.00313653679083 3.0 0.0 9.0 129.0 14161.176328888912 14161.17777777776 14232.777777777797 
97.00313653679083 3.0 0.0 10.0 129.0 14161.177632888905 14161.17777777776 14232.777777777797 
98.00313653679083 3.0 0.0 10.0 129.0 14145.324429955548 14143.562962962935 14232.777777777797 
99.00313653679083 3.0 0.0 10.0 129.0 14143.739109662225 14143.562962962935 14232.777777777797 
100.00313653679083 3.0 0.0 10.0 129.0 14143.5805776329 14143.562962962935 14232.777777777797 
101.00313653679083 3.0 0.0 10.0 129.0 14143.56472442994 14143.562962962935 14232.777777777797 
102.00313653679083 3.0 0.0 10.0 129.0 14143.563139109678 14143.562962962935 14232.777777777797 
103.00313653679083 3.0 0.0 10.0 129.0 14143.56298057766 14143.562962962935 14232.777777777797 
104.00313653679083 3.0 0.0 10.0 129.0 14143.562964724459 14143.562962962935 14232.777777777797 
105.00313653679083 3.0 0.0 10.0 129.0 14143.562963139111 14143.562962962935 14232.777777777797 
106.00313653679083 3.0 0.0 10.0 129.0 14143.562962980588 14143.562962962935 14232.777777777797 
107.00313653679083 3.0 0.0 11.0 129.0 14143.562962964728 14143.562962962935 14232.777777777797 
108.00313653679083 3.0 0.0 11.0 128.0 14140.749629629829 14140.437037037065 14232.777777777797 
109.00313653679083 3.0 0.0 11.0 128.0 14140.468296296296 14140.437037037065 14232.777777777797 
110.00313653679083 3.0 0.0 11.0 128.0 14140.440162962945 14140.437037037065 14232.777777777797 
111.00313653679083 4.0 0.0 10.0 128.0 14140.437349629654 14140.437037037065 14232.777777777797 
112.00313653679083 4.0 0.0 10.0 128.0 14156.290401629623 14158.05185185184 14232.777777777797 
113.00313653679083 4.0 0.0 12.0 128.0 14157.875706829647 14158.05185185184 14232.777777777797 
114.00313653679083 4.0 0.0 12.0 128.0 14158.034237349624 14158.05185185184 14232.777777777797 
115.00313653679083 4.0 0.0 12.0 128.0 14126.350090401627 14122.82962962964 14232.777777777797 
116.00313653679083 4.0 0.0 12.0 128.0 14123.181675706825 14122.82962962964 14232.777777777797 
117.00313653679083 4.0 0.0 13.0 128.0 14122.864834237325 14122.82962962964 14232.777777777797 
118.00313653679083 4.0 0.0 15.0 128.0 14122.83315009039 14122.82962962964 14232.777777777797 
119.00313653679083 5.0 0.0 14.0 127.0 14104.16998167572 14102.096296296291 14232.777777777797 
120.00313653679083 5.0 0.0 14.0 127.0 14102.303664834233 14102.096296296291 14232.777777777797 
121.00313653679083 5.0 0.0 14.0 127.0 14102.117033150113 14102.096296296291 14232.777777777797 
122.00313653679083 5.0 0.0 14.0 127.0 14102.098369981702 14102.096296296291 14232.777777777797 
123.00313653679083 5.0 0.0 14.0 127.0 14102.09650366484 14102.096296296291 14232.777777777797 
124.00313653679083 5.0 0.0 15.0 127.0 14102.096317033158 14102.096296296291 14232.777777777797 
125.00313653679083 5.0 0.0 15.0 127.0 14102.096298369992 14102.096296296291 14232.777777777797 
126.00313653679083 5.0 0.0 15.0 127.0 14086.249629837002 14084.488888888909 14232.777777777797 
127.00313653679083 5.0 0.0 15.0 127.0 14084.664962983708 14084.488888888909 14232.777777777797 
128.00313653679083 5.0 0.0 16.0 127.0 14084.506496298378 14084.488888888909 14232.777777777797 
129.00313653679083 5.0 0.0 19.0 127.0 14084.490649629826 14084.488888888909 14232.777777777797 
130.00313653679083 5.0 0.0 20.0 126.0 14063.02239829634 14060.637037037042 14232.777777777797 
131.00313653679083 5.0 0.0 24.0 126.0 14045.02223982962 14043.022222222226 14232.777777777797 
132.00313653679083 5.0 0.0 25.0 126.0 14011.528890649626 14007.807407407408 14232.777777777797 
133.00313653679083 5.0 0.0 26.0 126.0 13944.779555731599 13937.36296296296 14232.777777777797 
134.00313653679083 5.0 0.0 26.0 126.0 13938.104622239845 13937.36296296296 14232.777777777797 
135.00313653679083 5.0 0.0 26.0 126.0 13921.590462223972 13919.755555555561 14232.777777777797 
136.00313653679083 5.0 0.0 27.0 126.0 13919.939046222398 13919.755555555561 14232.777777777797 
137.00313653679083 5.0 0.0 28.0 126.0 13903.927237955548 13902.148148148148 14232.777777777797 
138.00313653679083 6.0 0.0 28.0 126.0 13886.479390462211 13884.540740740757 14232.777777777797 
139.00313653679083 7.0 0.0 28.0 126.0 13900.587939046218 13902.155555555531 14232.777777777797 
140.00313653679083 7.0 0.0 29.0 126.0 13901.998793904597 13902.155555555531 14232.777777777797 
141.00313653679083 7.0 0.0 30.0 126.0 13870.433212723783 13866.925925925929 14232.777777777797 
142.00313653679083 8.0 0.0 29.0 126.0 13883.123321272351 13884.533333333322 14232.777777777797 
143.00313653679083 8.0 0.0 29.0 126.0 13868.54566546058 13866.925925925929 14232.777777777797 
144.00313653679083 8.0 0.0 31.0 126.0 13867.087899879381 13866.925925925929 14232.777777777797 
145.00313653679083 8.0 0.0 32.0 126.0 13851.095456654613 13849.318518518547 14232.777777777797 
146.00313653679083 8.0 0.0 33.0 125.0 13830.836212332124 13828.585185185197 14232.777777777797 
147.00313653679083 8.0 0.0 34.0 125.0 13812.963621233208 13810.977777777773 14232.777777777797 
148.00313653679083 8.0 0.0 35.0 125.0 13811.176362123311 13810.977777777773 14232.777777777797 
149.00313653679083 8.0 0.0 36.0 110.0 13779.30430287899 13775.76296296296 14232.777777777797 
150.00313653679083 9.0 0.0 37.0 107.0 13637.75709695454 13622.029629629666 14232.777777777797 
151.00313653679083 9.0 0.0 39.0 104.0 13548.235709695453 13538.288888888881 14232.777777777797 
152.00313653679083 9.0 0.0 39.0 98.0 13523.436904302875 13520.681481481453 14232.777777777797 
153.00313653679083 10.0 0.0 38.0 98.0 13493.863690430277 13490.577777777764 14232.777777777797 
154.00313653679083 10.0 0.0 41.0 101.0 13269.019702376383 13244.037037037015 14232.777777777797 
155.00313653679083 11.0 0.0 42.0 90.0 13230.688636904282 13226.429629629636 14232.777777777797 
156.00313653679083 11.0 0.0 43.0 97.0 13021.668863690413 12998.444444444416 14232.777777777797 
157.00313653679083 11.0 0.0 46.0 106.0 12945.080219702395 12936.570370370362 14232.777777777797 
158.00313653679083 11.0 0.0 48.0 90.0 12889.874688636917 12883.740740740726 14232.777777777797 
159.00313653679083 12.0 0.0 49.0 92.0 12712.574135530347 12692.874074074069 14232.777777777797 
160.00313653679083 12.0 0.0 51.0 97.0 12628.017413553014 12618.622222222202 14232.777777777797 
161.00313653679083 12.0 0.0 53.0 92.0 12608.42174135529 12606.244444444452 14232.777777777797 
162.00313653679083 12.0 0.0 55.0 105.0 12416.27550746887 12394.925925925914 14232.777777777797 
163.00313653679083 12.0 0.0 58.0 93.0 12344.087550746906 12336.066666666677 14232.777777777797 
164.00313653679083 12.0 0.0 59.0 97.0 12325.728755074699 12323.688888888877 14232.777777777797 
165.00313653679083 12.0 0.0 60.0 91.0 12308.046208840808 12306.081481481504 14232.777777777797 
166.00313653679083 13.0 0.0 61.0 97.0 12145.637954217433 12127.592592592599 14232.777777777797 
167.00313653679083 13.0 0.0 62.0 92.0 12129.397128755061 12127.592592592599 14232.777777777797 
168.00313653679083 13.0 0.0 64.0 102.0 12089.653046208816 12085.23703703704 14232.777777777797 
169.00313653679083 14.0 0.0 65.0 91.0 12053.985304620861 12050.022222222242 14232.777777777797 
170.00313653679083 15.0 0.0 65.0 97.0 11939.038530462101 11926.26666666664 14232.777777777797 
171.00313653679083 15.0 0.0 66.0 91.0 11900.55051971289 11896.274074074056 14232.777777777797 
172.00313653679083 16.0 0.0 66.0 97.0 11912.555051971272 11913.8888888889 14232.777777777797 
173.00313653679083 16.0 0.0 69.0 92.0 11902.622171863797 11901.518518518504 14232.777777777797 
174.00313653679083 16.0 0.0 72.0 101.0 11865.228883853031 11861.074074074086 14232.777777777797 
175.00313653679083 16.0 0.0 72.0 90.0 11842.822888385317 11840.333333333316 14232.777777777797 
176.00313653679083 16.0 0.0 74.0 96.0 11539.868955505197 11506.20740740738 14232.777777777797 
177.00313653679083 16.0 0.0 79.0 90.0 11393.480228883865 11377.214814814799 14232.777777777797 
178.00313653679083 17.0 0.0 81.0 96.0 11288.461356221733 11276.792592592617 14232.777777777797 
179.00313653679083 18.0 0.0 82.0 94.0 11246.266135622178 11241.577777777764 14232.777777777797 
180.00313653679083 18.0 0.0 85.0 87.0 11226.193280228888 11223.96296296298 14232.777777777797 
181.00313653679083 18.0 0.0 87.0 81.0 11219.472661356232 11218.72592592594 14232.777777777797 
182.00313653679083 18.0 0.0 89.0 80.0 10958.687266135634 10929.711111111119 14232.777777777797 
183.00313653679083 18.0 0.0 90.0 68.0 10869.222059946907 10859.281481481465 14232.777777777797 
184.00313653679083 18.0 0.0 91.0 57.0 10801.588872661363 10794.074074074084 14232.777777777797 
185.00313653679083 18.0 0.0 93.0 50.0 10783.578887266152 10781.577777777764 14232.777777777797 
186.00313653679083 21.0 0.0 91.0 48.0 10780.06455539327 10779.674074074097 14232.777777777797 
187.00313653679083 22.0 0.0 92.0 42.0 10784.419788872647 10784.90370370372 14232.777777777797 
188.00313653679083 22.0 0.0 96.0 73.0 10583.521978887267 10561.200000000019 14232.777777777797 
189.00313653679083 22.0 0.0 97.0 41.0 10504.758864555393 10496.00740740742 14232.777777777797 
190.00313653679083 22.0 2.0 100.0 33.0 10512.729219788858 10513.614814814837 14232.777777777797 
191.00313653679083 22.0 2.0 102.0 32.0 10107.866255312214 10062.88148148148 14232.777777777797 
192.00313653679083 23.0 2.0 103.0 31.0 10033.959958864536 10025.74814814814 14232.777777777797 
193.00313653679083 24.0 2.0 102.0 31.0 10042.415995886467 10043.35555555556 14232.777777777797 
194.00313653679083 24.0 2.0 103.0 60.0 9978.154932921974 9971.014814814835 14232.777777777797 
195.00313653679083 24.0 2.0 106.0 49.0 9908.3354932922 9900.577777777766 14232.777777777797 
196.00313653679083 24.0 2.0 111.0 33.0 9885.500215995875 9882.962962962974 14232.777777777797 
197.00313653679083 25.0 2.0 114.0 33.0 9833.956688266262 9828.22962962962 14232.777777777797 
198.00313653679083 25.0 2.0 118.0 32.0 9828.802335493307 9828.22962962962 14232.777777777797 
199.00313653679083 25.0 5.0 121.0 32.0 9817.153566882647 9815.859259259247 14232.777777777797 
200.00313653679083 25.0 5.0 126.0 59.0 9768.62202335492 9763.22962962962 14232.777777777797 
201.00313653679083 25.0 5.0 129.0 48.0 9642.975535668837 9629.014814814835 14232.777777777797 
202.00313653679083 26.0 5.0 131.0 25.0 9598.717553566867 9593.799999999987 14232.777777777797 
203.00313653679083 26.0 7.0 132.0 16.0 9427.225088690015 9408.17037037036 14232.777777777797 
204.00313653679083 26.0 8.0 134.0 15.0 9298.695842202349 9284.41481481482 14232.777777777797 
205.00313653679083 27.0 8.0 133.0 14.0 8960.042917553565 8922.41481481482 14232.777777777797 
206.00313653679083 27.0 12.0 135.0 22.0 8792.530958422041 8773.918518518512 14232.777777777797 
207.00313653679083 27.0 12.0 136.0 56.0 8784.106429175523 8783.17037037036 14232.777777777797 
208.00313653679083 28.0 14.0 136.0 12.0 8638.47730958421 8622.2962962963 14232.777777777797 
209.00313653679083 28.0 16.0 138.0 13.0 8639.761064291768 8639.90370370371 14232.777777777797 
210.00313653679083 28.0 21.0 138.0 17.0 8574.969439762499 8567.77037037038 14232.777777777797 
211.00313653679083 29.0 21.0 137.0 19.0 8339.310277309585 8313.125925925933 14232.777777777797 
212.00313653679083 29.0 22.0 141.0 45.0 8200.651027730954 8185.2444444444545 14232.777777777797 
213.00313653679083 30.0 25.0 141.0 39.0 8008.585102773107 7987.244444444453 14232.777777777797 
214.00313653679083 30.0 25.0 143.0 25.0 7989.378510277318 7987.244444444453 14232.777777777797 
215.00313653679083 31.0 29.0 143.0 33.0 7775.637851027728 7751.888888888899 14232.777777777797 
216.00313653679083 32.0 30.0 143.0 9.0 7558.503785102785 7534.37777777778 14232.777777777797 
217.00313653679083 33.0 34.0 142.0 12.0 7563.7703785102785 7564.3555555555595 14232.777777777797 
218.00313653679083 34.0 39.0 143.0 43.0 7568.910371184367 7569.481481481491 14232.777777777797 
219.00313653679083 34.0 39.0 144.0 23.0 7431.06437045177 7415.748148148154 14232.777777777797 
220.00313653679083 35.0 41.0 143.0 2.0 7448.973103711842 7450.962962962964 14232.777777777797 
221.00313653679083 35.0 42.0 145.0 6.0 7127.777310371191 7092.088888888886 14232.777777777797 
222.00313653679083 37.0 45.0 144.0 6.0 7062.251064370454 7054.970370370366 14232.777777777797 
223.00313653679083 40.0 47.0 142.0 3.0 7071.545106437038 7072.5777777777685 14232.777777777797 
224.00313653679083 41.0 49.0 143.0 31.0 7099.461177310366 7102.562962962963 14232.777777777797 
225.00313653679083 42.0 50.0 143.0 23.0 7102.25278439771 7102.562962962963 14232.777777777797 
226.00313653679083 42.0 50.0 146.0 2.0 7129.518611773107 7132.548148148143 14232.777777777797 
227.00313653679083 44.0 51.0 147.0 6.0 7087.691861177302 7083.044444444431 14232.777777777797 
228.00313653679083 45.0 52.0 146.0 6.0 6782.802519451062 6748.925925925935 14232.777777777797 
229.00313653679083 46.0 53.0 149.0 3.0 6768.066918611781 6766.4296296296225 14232.777777777797 
230.00313653679083 47.0 55.0 154.0 4.0 6798.2933585278515 6801.651851851858 14232.777777777797 
231.00313653679083 49.0 55.0 153.0 33.0 6801.316002519451 6801.651851851858 14232.777777777797 
232.00313653679083 49.0 56.0 153.0 4.0 6669.21160025194 6654.533333333338 14232.777777777797 
233.00313653679083 50.0 56.0 153.0 2.0 6413.554493358525 6385.14814814815 14232.777777777797 
234.00313653679083 50.0 58.0 154.0 1.0 6376.748782669181 6372.659259259269 14232.777777777797 
235.00313653679083 51.0 59.0 155.0 1.0 6373.068211600258 6372.659259259269 14232.777777777797 
236.00313653679083 52.0 60.0 156.0 1.0 6399.686821160028 6402.6444444444405 14232.777777777797 
237.00313653679083 53.0 60.0 157.0 1.0 6402.3486821159995 6402.6444444444405 14232.777777777797 
238.00313653679083 55.0 60.0 157.0 32.0 6429.5948682116 6432.622222222229 14232.777777777797 
239.00313653679083 55.0 60.0 159.0 12.0 6210.439486821153 6186.088888888889 14232.777777777797 
240.00313653679083 55.0 62.0 163.0 1.0 6156.8239486821185 6150.866666666675 14232.777777777797 
241.00313653679083 55.0 64.0 166.0 1.0 5929.5823948682155 5904.3333333333385 14232.777777777797 
242.00313653679083 56.0 65.0 165.0 1.0 5920.804906153492 5919.829629629637 14232.777777777797 
243.00313653679083 57.0 65.0 166.0 1.0 5931.067157282007 5932.20740740741 14232.777777777797 
244.00313653679083 58.0 69.0 166.0 1.0 5947.940049061532 5949.81481481481 14232.777777777797 
245.00313653679083 58.0 72.0 169.0 1.0 5971.900671572814 5974.5629629629675 14232.777777777797 
246.00313653679083 58.0 74.0 173.0 1.0 5974.296733823944 5974.5629629629675 14232.777777777797 
247.00313653679083 59.0 75.0 174.0 1.0 5985.6763400490545 5986.94074074074 14232.777777777797 
248.00313653679083 61.0 75.0 173.0 1.0 6002.667634004909 6004.555555555551 14232.777777777797 
249.00313653679083 62.0 76.0 174.0 1.0 6004.366763400488 6004.555555555551 14232.777777777797 
250.00313653679083 63.0 76.0 175.0 1.0 6015.676676340046 6016.93333333333 14232.777777777797 
251.00313653679083 63.0 77.0 177.0 1.0 6016.807667634011 6016.93333333333 14232.777777777797 
252.00313653679083 64.0 77.0 176.0 1.0 6032.767433430066 6034.540740740748 14232.777777777797 
253.00313653679083 64.0 78.0 177.0 1.0 6034.36341000968 6034.540740740748 14232.777777777797 
254.00313653679083 64.0 78.0 184.0 1.0 6034.52300766764 6034.540740740748 14232.777777777797 
255.00313653679083 64.0 79.0 189.0 1.0 6045.672300766767 6046.911111111111 14232.777777777797 
256.00313653679086 65.0 80.0 192.0 1.0 6046.787230076676 6046.911111111111 14232.777777777797 
257.00313653679086 69.0 80.0 189.0 1.0 6062.745389674339 6064.518518518512 14232.777777777797 
258.00313653679086 70.0 81.0 192.0 5.0 6094.134538967428 6097.622222222228 14232.777777777797 
259.00313653679086 72.0 81.0 195.0 43.0 6113.120120563406 6115.229629629624 14232.777777777797 
260.00313653679086 74.0 83.0 198.0 5.0 5965.752012056338 5949.377777777772 14232.777777777797 
261.00313653679086 76.0 84.0 201.0 1.0 5951.015201205642 5949.377777777772 14232.777777777797 
262.00313653679086 78.0 86.0 204.0 1.0 5695.961520120566 5667.622222222228 14232.777777777797 
263.00313653679086 78.0 86.0 208.0 1.0 5670.456152012061 5667.622222222228 14232.777777777797 
264.00313653679086 80.0 86.0 208.0 1.0 5679.0456152011975 5680.0 14232.777777777797 
265.00313653679086 80.0 87.0 214.0 1.0 5691.037894853457 5692.370370370363 14232.777777777797 
266.00313653679086 83.0 89.0 215.0 1.0 5708.083789485354 5709.977777777787 14232.777777777797 
267.00313653679086 83.0 89.0 220.0 1.0 5732.068378948532 5734.73333333333 14232.777777777797 
268.00313653679086 85.0 89.0 223.0 1.0 5734.466837894851 5734.73333333333 14232.777777777797 
269.00313653679086 86.0 90.0 227.0 1.0 5750.5600171228125 5752.348148148142 14232.777777777797 
270.00313653679086 87.0 93.0 232.0 1.0 5752.1693350456135 5752.348148148142 14232.777777777797 
271.00313653679086 88.0 95.0 234.0 1.0 5752.330266837889 5752.348148148142 14232.777777777797 
272.00313653679086 89.0 99.0 236.0 1.0 5768.1930266838 5769.955555555565 14232.777777777797 
273.00313653679086 90.0 101.0 239.0 1.0 5780.912636001713 5782.325925925929 14232.777777777797 
274.00313653679086 90.0 104.0 241.0 1.0 5782.184596933511 5782.325925925929 14232.777777777797 
275.00313653679086 90.0 105.0 244.0 1.0 5782.31179302668 5782.325925925929 14232.777777777797 
276.00313653679086 90.0 105.0 250.0 1.0 5782.324512636005 5782.325925925929 14232.777777777797 
277.00313653679086 91.0 106.0 250.0 1.0 5798.172451263603 5799.933333333331 14232.777777777797 
278.00313653679086 93.0 110.0 249.0 1.0 5810.897245126354 5812.311111111103 14232.777777777797 
279.00313653679086 93.0 110.0 254.0 1.0 5839.1563911793 5842.2962962963 14232.777777777797 
280.00313653679086 94.0 114.0 258.0 1.0 5853.122305784591 5854.674074074071 14232.777777777797 
281.00313653679086 95.0 115.0 263.0 40.0 5865.652230578451 5867.044444444435 14232.777777777797 
282.00313653679086 97.0 118.0 265.0 2.0 5731.685223057841 5716.800000000007 14232.777777777797 
283.00313653679086 97.0 119.0 266.0 1.0 5729.421855639112 5729.170370370363 14232.777777777797 
284.00313653679086 97.0 120.0 269.0 1.0 5475.615518897243 5447.41481481482 14232.777777777797 
285.00313653679086 97.0 123.0 271.0 2.0 5461.374885223062 5459.79259259259 14232.777777777797 
286.00313653679086 97.0 123.0 276.0 1.0 5471.084155188969 5472.162962962954 14232.777777777797 
287.00313653679086 100.0 125.0 277.0 1.0 5254.008415518891 5229.888888888896 14232.777777777797 
288.00313653679086 103.0 126.0 278.0 1.0 5232.300841551886 5229.888888888896 14232.777777777797 
289.00313653679086 105.0 126.0 282.0 1.0 5245.976750821852 5247.496296296291 14232.777777777797 
290.00313653679086 107.0 129.0 284.0 1.0 5247.344341748849 5247.496296296291 14232.777777777797 
291.00313653679086 108.0 129.0 285.0 1.0 5258.614434174884 5259.866666666673 14232.777777777797 
292.00313653679086 108.0 132.0 289.0 1.0 5282.014776750826 5284.614814814811 14232.777777777797 
293.00313653679086 108.0 132.0 297.0 1.0 5317.774811008413 5321.7481481481545 14232.777777777797 
294.00313653679086 109.0 135.0 299.0 4.0 5321.350814434174 5321.7481481481545 14232.777777777797 
295.00313653679086 111.0 137.0 301.0 15.0 5310.568414776746 5309.370370370364 14232.777777777797 
296.00313653679086 115.0 138.0 301.0 1.0 5064.4701748110065 5037.125925925928 14232.777777777797 
297.00313653679086 117.0 140.0 304.0 1.0 5053.81368414776 5052.629629629634 14232.777777777797 
298.00313653679086 119.0 142.0 308.0 1.0 5075.021368414772 5077.377777777773 14232.777777777797 
299.00313653679086 120.0 146.0 313.0 1.0 5077.142136841472 5077.377777777773 14232.777777777797 
300.00313653679086 122.0 151.0 320.0 1.0 5104.340880350819 5107.362962962967 14232.777777777797 
301.00313653679086 122.0 155.0 321.0 1.0 5118.200754701753 5119.740740740746 14232.777777777797 
302.00313653679086 123.0 158.0 323.0 1.0 5157.706742136835 5162.0962962962985 14232.777777777797 
303.00313653679086 125.0 165.0 324.0 1.0 5177.504007547011 5179.703703703701 14232.777777777797 
304.00313653679086 127.0 168.0 323.0 1.0 5195.330400754705 5197.311111111105 14232.777777777797 
305.00313653679086 128.0 169.0 327.0 1.0 5224.093040075475 5227.288888888883 14232.777777777797 
306.00313653679086 129.0 170.0 329.0 1.0 5253.962637340879 5257.281481481476 14232.777777777797 
307.00313653679086 130.0 171.0 329.0 1.0 5272.7962637340825 5274.888888888896 14232.777777777797 
308.00313653679086 133.0 171.0 330.0 1.0 5301.6662930400735 5304.874074074071 14232.777777777797 
309.00313653679086 133.0 173.0 335.0 1.0 5304.5532959706825 5304.874074074071 14232.777777777797 
310.00313653679086 134.0 178.0 337.0 1.0 5304.841996263738 5304.874074074071 14232.777777777797 
311.00313653679086 136.0 182.0 340.0 1.0 5304.870866293046 5304.874074074071 14232.777777777797 
312.00313653679086 141.0 183.0 342.0 1.0 5342.993753295969 5347.229629629624 14232.777777777797 
313.00313653679086 143.0 183.0 347.0 1.0 5373.792708662936 5377.214814814818 14232.777777777797 
314.00313653679086 144.0 188.0 353.0 1.0 5388.012604199618 5389.592592592597 14232.777777777797 
315.00313653679086 145.0 191.0 356.0 1.0 5405.287927086623 5407.20740740741 14232.777777777797 
316.00233857771383 148.0 192.0 360.0 1.0 5434.002126042001 5437.192592592584 14232.777777777797 
317.00313653679086 150.0 193.0 362.0 2.0 5450.820212604207 5452.688888888895 14232.777777777797 
318.00313653679086 151.0 200.0 366.0 16.0 5452.502021260415 5452.688888888895 14232.777777777797 
319.00313653679086 153.0 202.0 374.0 1.0 5049.050202126045 5004.222222222216 14232.777777777797 
320.00313653679086 154.0 203.0 376.0 1.0 5035.691686879275 5034.20740740741 14232.777777777797 
321.00313653679086 157.0 204.0 377.0 1.0 5045.489168687921 5046.577777777774 14232.777777777797 
322.00313653679086 157.0 204.0 381.0 1.0 5092.115583535459 5097.296296296299 14232.777777777797 
323.00313653679086 160.0 206.0 387.0 1.0 5123.764891686872 5127.281481481476 14232.777777777797 
324.00313653679086 163.0 206.0 390.0 1.0 5142.776489168685 5144.888888888896 14232.777777777797 
325.00313653679086 163.0 208.0 395.0 1.0 5155.817648916876 5157.26666666667 14232.777777777797 
326.00313653679086 163.0 211.0 402.0 1.0 5172.975098225025 5174.88148148148 14232.777777777797 
327.00313653679086 164.0 216.0 406.0 1.0 5174.690843155833 5174.88148148148 14232.777777777797 
328.00313653679086 167.0 220.0 408.0 1.0 5212.982417648922 5217.23703703704 14232.777777777797 
329.00313653679086 168.0 225.0 409.0 1.0 5243.798241764894 5247.222222222215 14232.777777777797 
330.00313653679086 170.0 229.0 410.0 1.0 5246.87982417649 5247.222222222215 14232.777777777797 
331.00313653679086 174.0 231.0 407.0 1.0 5301.161315750988 5307.192592592585 14232.777777777797 
332.00313653679086 176.0 233.0 407.0 1.0 5322.436131575105 5324.800000000007 14232.777777777797 
333.00313653679086 178.0 238.0 408.0 1.0 5340.410279824182 5342.407407407403 14232.777777777797 
334.00313653679086 178.0 240.0 413.0 1.0 5364.4810279824105 5367.155555555559 14232.777777777797 
335.00313653679086 180.0 242.0 414.0 1.0 5366.88810279824 5367.155555555559 14232.777777777797 
336.0021924745226 182.0 244.0 415.0 1.0 5398.835476946489 5402.385185185189 14232.777777777797 
337.00313653679086 185.0 249.0 417.0 1.0 5429.0235476946455 5432.377777777772 14232.777777777797 
338.00313653679086 187.0 250.0 418.0 1.0 5445.9890214361285 5447.874074074071 14232.777777777797 
339.00313653679086 187.0 257.0 426.0 1.0 5458.818902143606 5460.244444444448 14232.777777777797 
340.00313653679086 191.0 260.0 426.0 1.0 5487.0818902143665 5490.222222222214 14232.777777777797 
341.00313653679086 192.0 262.0 432.0 1.0 5532.741522354768 5537.814814814811 14232.777777777797 
342.00313653679086 192.0 265.0 435.0 1.0 5564.294152235473 5567.800000000007 14232.777777777797 
343.00254517499627 192.0 270.0 440.0 1.0 5567.449415223543 5567.800000000007 14232.777777777797 
344.00313653679086 193.0 272.0 446.0 1.0 5567.764941522362 5567.800000000007 14232.777777777797 
345.00313653679086 194.0 276.0 451.0 1.0 5610.62982748556 5615.392592592598 14232.777777777797 
346.00313653679086 196.0 277.0 453.0 1.0 5614.9163160818935 5615.392592592598 14232.777777777797 
347.00313653679086 196.0 280.0 460.0 1.0 5642.324964941514 5645.370370370363 14232.777777777797 
348.00313653679086 196.0 286.0 465.0 1.0 5678.479163160815 5682.496296296291 14232.777777777797 
349.00313653679086 197.0 289.0 467.0 1.0 5682.094582982743 5682.496296296291 14232.777777777797 
350.00313653679086 199.0 290.0 469.0 1.0 5704.736124964934 5707.251851851844 14232.777777777797 
351.00313653679086 202.0 295.0 470.0 1.0 5722.846945829833 5724.859259259267 14232.777777777797 
352.00313653679086 202.0 302.0 473.0 1.0 5751.651361249642 5754.85185185185 14232.777777777797 
353.00313653679086 204.0 313.0 472.0 1.0 5781.511802791641 5784.829629629637 14232.777777777797 
354.00313653679086 205.0 319.0 476.0 1.0 5811.484513612489 5814.814814814811 14232.777777777797 
355.00313653679086 207.0 325.0 476.0 1.0 5814.481784694576 5814.814814814811 14232.777777777797 
356.00313653679086 207.0 329.0 481.0 1.0 5846.474845136129 5850.029629629629 14232.777777777797 
357.00313653679086 208.0 332.0 485.0 1.0 5871.947484513609 5874.7777777777865 14232.777777777797 
358.00313653679086 210.0 336.0 486.0 1.0 5874.494748451368 5874.7777777777865 14232.777777777797 
359.00313653679086 211.0 342.0 488.0 1.0 5901.729474845145 5904.755555555551 14232.777777777797 
360.00313653679086 212.0 345.0 491.0 1.0 5953.726280817856 5959.503703703709 14232.777777777797 
361.00313653679086 212.0 346.0 494.0 1.0 5985.919294748449 5989.496296296291 14232.777777777797 
362.00313653679086 212.0 349.0 498.0 1.0 5989.138596141504 5989.496296296291 14232.777777777797 
363.00313653679086 212.0 351.0 501.0 1.0 6016.447192947478 6019.481481481488 14232.777777777797 
364.00313653679086 212.0 360.0 503.0 1.0 6046.164719294744 6049.466666666662 14232.777777777797 
365.00313653679086 218.0 363.0 503.0 1.0 6071.409805262806 6074.21481481482 14232.777777777797 
366.00313653679086 219.0 366.0 504.0 1.0 6121.4743138596195 6127.037037037041 14232.777777777797 
367.00313653679086 219.0 371.0 507.0 1.0 6148.754098052631 6151.78518518518 14232.777777777797 
368.00313653679086 219.0 372.0 511.0 1.0 6173.755409805258 6176.533333333338 14232.777777777797 
369.00313653679086 222.0 381.0 509.0 1.0 6187.388874313865 6188.903703703699 14232.777777777797 
370.00313653679086 223.0 390.0 514.0 1.0 6249.145554098043 6256.007407407417 14232.777777777797 
371.00313653679086 223.0 393.0 515.0 1.0 6271.16788874313 6273.614814814811 14232.777777777797 
372.00313653679086 223.0 399.0 516.0 1.0 6295.650122207648 6298.370370370361 14232.777777777797 
373.00313653679086 224.0 402.0 516.0 1.0 6325.085012220757 6328.3555555555595 14232.777777777797 
374.00313653679086 227.0 407.0 518.0 1.0 6355.0085012220825 6358.33333333334 14232.777777777797 
375.00313653679086 228.0 414.0 518.0 17.0 6396.134183455536 6400.703703703701 14232.777777777797 
376.00313653679086 230.0 416.0 520.0 6.0 6080.693418345561 6045.6444444444405 14232.777777777797 
377.00313653679086 230.0 422.0 526.0 1.0 6064.996008501227 6063.251851851843 14232.777777777797 
378.00313653679086 230.0 425.0 532.0 1.0 6074.5662675167805 6075.629629629638 14232.777777777797 
379.00313653679086 233.0 431.0 530.0 1.0 6086.663293418338 6088.007407407417 14232.777777777797 
380.00313653679086 236.0 435.0 531.0 1.0 6121.279662675169 6125.125925925931 14232.777777777797 
381.00313653679086 238.0 442.0 532.0 2.0 5879.721299600854 5852.88148148148 14232.777777777797 
382.00313653679086 239.0 451.0 535.0 1.0 5877.845463293413 5877.637037037031 14232.777777777797 
383.00313653679086 241.0 456.0 537.0 1.0 5603.931212996004 5573.496296296291 14232.777777777797 
384.00313653679086 243.0 461.0 537.0 1.0 5592.393121299594 5591.111111111103 14232.777777777797 
385.00313653679086 244.0 465.0 540.0 1.0 5602.379312129955 5603.488888888884 14232.777777777797 
386.00313653679086 247.0 471.0 539.0 1.0 5603.377931212991 5603.488888888884 14232.777777777797 
387.00313653679086 250.0 476.0 539.0 1.0 5651.031126454624 5656.325925925929 14232.777777777797 
388.00313653679086 251.0 480.0 545.0 1.0 5674.4564459788 5677.05925925926 14232.777777777797 
389.00313653679086 252.0 487.0 553.0 1.0 5676.7989779312165 5677.05925925926 14232.777777777797 
390.00313653679086 255.0 492.0 555.0 1.0 5695.693231126447 5697.79259259259 14232.777777777797 
391.00313653679086 256.0 501.0 554.0 1.0 5713.4359897793165 5715.407407407403 14232.777777777797 
392.00313653679086 257.0 507.0 554.0 1.0 5715.210265644601 5715.407407407403 14232.777777777797 
393.00313653679086 257.0 514.0 559.0 1.0 5742.367693231122 5745.385185185189 14232.777777777797 
394.00313653679086 259.0 519.0 560.0 1.0 5745.0834359897735 5745.385185185189 14232.777777777797 
395.00313653679086 261.0 524.0 560.0 1.0 5756.495010265638 5757.76296296296 14232.777777777797 
396.00313653679086 261.0 528.0 564.0 1.0 5757.636167693226 5757.76296296296 14232.777777777797 
397.00313653679086 261.0 531.0 566.0 1.0 5795.863616769327 5800.111111111103 14232.777777777797 
398.00313653679086 262.0 542.0 570.0 1.0 5799.686361676928 5800.111111111103 14232.777777777797 
399.00313653679086 263.0 550.0 572.0 1.0 5811.208636167694 5812.488888888883 14232.777777777797 
400.00313653679086 263.0 559.0 573.0 1.0 5828.214196950108 5830.103703703695 14232.777777777797 
401.00313653679086 263.0 565.0 573.0 1.0 5829.914753028337 5830.103703703695 14232.777777777797 
402.00313653679086 264.0 571.0 573.0 1.0 5841.224808636161 5842.481481481487 14232.777777777797 
403.00313653679086 265.0 571.0 574.0 1.0 5880.482480863613 5884.84444444444 14232.777777777797 
404.00313653679086 265.0 574.0 574.0 1.0 5884.408248086366 5884.84444444444 14232.777777777797 
405.00313653679086 266.0 574.0 575.0 1.0 5918.2208248086345 5921.977777777787 14232.777777777797 
406.00313653679086 268.0 575.0 575.0 1.0 5921.602082480871 5921.977777777787 14232.777777777797 
407.00313653679086 270.0 577.0 574.0 1.0 5937.786874914747 5939.58518518518 14232.777777777797 
408.00313653679086 271.0 577.0 573.0 1.0 5939.405354158145 5939.58518518518 14232.777777777797 
409.00313653679086 271.0 578.0 573.0 1.0 5961.833868749148 5964.325925925929 14232.777777777797 
410.00313653679086 274.0 579.0 571.0 1.0 5979.923386874918 5981.93333333333 14232.777777777797 
411.00313653679086 276.0 579.0 569.0 1.0 5992.872338687501 5994.311111111103 14232.777777777797 
412.00313653679086 278.0 579.0 567.0 1.0 6005.307233868749 6006.688888888897 14232.777777777797 
413.00313653679086 278.0 579.0 567.0 1.0 6006.550723386878 6006.688888888897 14232.777777777797 
414.00313653679086 280.0 579.0 567.0 1.0 6033.655072338683 6036.666666666661 14232.777777777797 
415.00313653679086 280.0 579.0 567.0 1.0 6036.365507233863 6036.666666666661 14232.777777777797 
416.00313653679086 287.0 579.0 560.0 1.0 6036.636550723379 6036.666666666661 14232.777777777797 
417.00313653679086 287.0 579.0 560.0 1.0 6052.510321739001 6054.274074074079 14232.777777777797 
418.00313653679086 290.0 579.0 558.0 1.0 6054.097698840574 6054.274074074079 14232.777777777797 
419.00313653679086 291.0 579.0 557.0 1.0 6065.389769884056 6066.6444444444405 14232.777777777797 
420.00313653679086 291.0 579.0 557.0 1.0 6066.518976988411 6066.6444444444405 14232.777777777797 
421.00313653679086 296.0 579.0 552.0 1.0 6077.77189769883 6079.022222222213 14232.777777777797 
422.00313653679086 299.0 579.0 549.0 1.0 6121.723856436548 6126.607407407401 14232.777777777797 
423.00313653679086 300.0 579.0 548.0 1.0 6157.812385643653 6161.82222222222 14232.777777777797 
424.00313653679086 302.0 579.0 547.0 1.0 6172.561238564359 6174.1999999999925 14232.777777777797 
425.00313653679086 303.0 579.0 546.0 1.0 6174.0361238564365 6174.1999999999925 14232.777777777797 
426.00313653679086 305.0 579.0 544.0 1.0 6185.323612385638 6186.57777777777 14232.777777777797 
427.00313653679086 305.0 579.0 545.0 1.0 6202.305694571907 6204.1925925925825 14232.777777777797 
428.00313653679086 308.0 579.0 542.0 1.0 6204.003902790516 6204.1925925925825 14232.777777777797 
429.00313653679086 310.0 579.0 540.0 1.0 6204.1737236123845 6204.1925925925825 14232.777777777797 
430.00313653679086 311.0 579.0 539.0 1.0 6204.190705694579 6204.1925925925825 14232.777777777797 
431.00313653679086 313.0 579.0 537.0 1.0 6242.319070569453 6246.555555555551 14232.777777777797 
432.00313653679086 313.0 579.0 537.0 1.0 6246.131907056937 6246.555555555551 14232.777777777797 
433.00313653679086 314.0 579.0 536.0 1.0 6257.653190705696 6258.933333333329 14232.777777777797 
434.00313653679086 316.0 579.0 534.0 1.0 6281.085319070575 6283.688888888899 14232.777777777797 
435.00313653679086 316.0 579.0 534.0 1.0 6283.428531907067 6283.688888888899 14232.777777777797 
436.00313653679086 320.0 579.0 530.0 1.0 6294.796186524042 6296.05925925926 14232.777777777797 
437.00313653679086 320.0 579.0 530.0 1.0 6295.932951985734 6296.05925925926 14232.777777777797 
438.00313653679086 323.0 579.0 527.0 1.0 6296.046628531916 6296.05925925926 14232.777777777797 
439.00313653679086 324.0 579.0 526.0 13.0 6307.197996186533 6308.437037037032 14232.777777777797 
440.00313653679086 325.0 579.0 525.0 12.0 6184.4131329519805 6170.770370370377 14232.777777777797 
441.00313653679086 327.0 579.0 524.0 1.0 5915.767979961857 5885.918518518527 14232.777777777797 
442.00313653679086 327.0 579.0 524.0 1.0 5942.870131329521 5945.88148148148 14232.777777777797 
443.00313653679086 330.0 579.0 521.0 1.0 5961.4270131329495 5963.488888888883 14232.777777777797 
444.00313653679086 331.0 579.0 520.0 1.0 5974.4227013132995 5975.866666666675 14232.777777777797 
445.00313653679086 332.0 579.0 520.0 1.0 5975.72227013132 5975.866666666675 14232.777777777797 
446.00313653679086 333.0 579.0 519.0 1.0 5986.992227013143 5988.24444444445 14232.777777777797 
447.00313653679086 336.0 579.0 516.0 1.0 5988.119222701319 5988.24444444445 14232.777777777797 
448.00313653679086 337.0 579.0 515.0 1.0 5999.37192227014 6000.622222222228 14232.777777777797 
449.00313653679086 338.0 579.0 514.0 1.0 6000.497192227021 6000.622222222228 14232.777777777797 
450.00313653679086 341.0 579.0 511.0 1.0 6000.6097192227 6000.622222222228 14232.777777777797 
451.00313653679086 344.0 579.0 508.0 1.0 6016.474305255593 6018.23703703704 14232.777777777797 
452.00313653679086 345.0 579.0 507.0 1.0 6033.907430525554 6035.844444444439 14232.777777777797 
453.00313653679086 347.0 579.0 505.0 1.0 6035.650743052561 6035.844444444439 14232.777777777797 
454.00313653679086 350.0 579.0 502.0 1.0 6035.825074305262 6035.844444444439 14232.777777777797 
455.00313653679086 353.0 579.0 499.0 1.0 6051.689174097184 6053.451851851859 14232.777777777797 
456.00313653679086 353.0 579.0 499.0 26.0 6053.275584076375 6053.451851851859 14232.777777777797 
457.00313653679086 353.0 579.0 499.0 1.0 4362.120891740972 4174.214814814813 14232.777777777797 
458.00313653679086 358.0 579.0 494.0 1.0 3966.405422507427 3922.4370370370343 14232.777777777797 
459.00313653679086 358.0 579.0 494.0 1.0 3926.8338755840796 3922.4370370370343 14232.777777777797 
460.00313653679086 361.0 579.0 491.0 1.0 3922.87672089174 3922.4370370370343 14232.777777777797 
461.00313653679086 363.0 579.0 489.0 20.0 3933.6210054225116 3934.814814814818 14232.777777777797 
462.00313653679086 363.0 579.0 489.0 14.0 3920.6421005422476 3919.199999999995 14232.777777777797 
463.00313653679086 366.0 579.0 486.0 1.0 3905.290876720893 3903.5851851851817 14232.777777777797 
464.00313653679086 367.0 579.0 485.0 1.0 3697.715754338759 3674.651851851855 14232.777777777797 
465.00313653679086 370.0 579.0 482.0 1.0 3629.4182421005444 3621.8296296296344 14232.777777777797 
466.00313653679086 371.0 579.0 481.0 1.0 3638.4351575433843 3639.4370370370348 14232.777777777797 
467.00313653679086 372.0 579.0 481.0 1.0 3639.3368490876705 3639.4370370370348 14232.777777777797 
468.00313653679086 372.0 579.0 481.0 1.0 3639.427018242099 3639.4370370370348 14232.777777777797 
469.00313653679086 374.0 579.0 479.0 1.0 3650.569368490872 3651.8074074074057 14232.777777777797 
470.00313653679086 375.0 579.0 478.0 1.0 3683.3836035157565 3687.02962962963 14232.777777777797 
471.00313653679086 375.0 579.0 478.0 26.0 3686.665027018247 3687.02962962963 14232.777777777797 
472.00313653679086 378.0 579.0 475.0 1.0 3523.67983603516 3505.570370370366 14232.777777777797 
473.00313653679086 381.0 579.0 472.0 1.0 3264.941316936847 3236.192592592595 14232.777777777797 
474.00313653679086 384.0 579.0 469.0 1.0 3239.0674650270207 3236.192592592595 14232.777777777797 
475.00313653679086 386.0 579.0 467.0 1.0 3252.326746502706 3253.800000000004 14232.777777777797 
476.00313653679086 386.0 579.0 467.0 1.0 3253.652674650268 3253.800000000004 14232.777777777797 
477.00313653679086 388.0 579.0 465.0 1.0 3253.7852674650308 3253.800000000004 14232.777777777797 
478.00313653679086 388.0 579.0 465.0 1.0 3269.6518600798345 3271.4148148148183 14232.777777777797 
479.00313653679086 388.0 579.0 465.0 1.0 3271.23851934132 3271.4148148148183 14232.777777777797 
480.00313653679086 388.0 579.0 465.0 1.0 3271.3971852674636 3271.4148148148183 14232.777777777797 
481.00313653679086 389.0 579.0 464.0 1.0 3271.413051860076 3271.4148148148183 14232.777777777797 
482.00313653679086 391.0 579.0 462.0 1.0 3282.554638519344 3283.79259259259 14232.777777777797 
483.00313653679086 395.0 579.0 458.0 1.0 3305.942130518598 3308.5407407407365 14232.777777777797 
484.00313653679086 396.0 579.0 457.0 1.0 3324.1342130518647 3326.155555555552 14232.777777777797 
485.00313653679086 400.0 579.0 453.0 1.0 3325.953421305183 3326.155555555552 14232.777777777797 
486.00313653679086 403.0 579.0 450.0 1.0 3341.982008797188 3343.76296296296 14232.777777777797 
487.00313653679086 405.0 579.0 449.0 1.0 3354.7182008797154 3356.133333333335 14232.777777777797 
488.00313653679086 408.0 579.0 446.0 24.0 3371.8384867546424 3373.7407407407436 14232.777777777797 
489.00313653679086 408.0 579.0 446.0 1.0 2678.950515342131 2601.962962962964 14232.777777777797 
490.00313653679086 409.0 579.0 445.0 1.0 2371.928384867548 2337.814814814813 14232.777777777797 
491.00313653679086 411.0 579.0 443.0 1.0 2347.659505153419 2344.9629629629626 14232.777777777797 
492.00313653679086 412.0 579.0 442.0 1.0 2345.232617182011 2344.9629629629626 14232.777777777797 
493.00313653679086 412.0 579.0 442.0 1.0 2360.836595051536 2362.570370370368 14232.777777777797 
494.00313653679086 413.0 579.0 442.0 1.0 2362.3969928384845 2362.570370370368 14232.777777777797 
495.00313653679086 416.0 579.0 441.0 1.0 2362.553032617181 2362.570370370368 14232.777777777797 
496.00313653679086 420.0 579.0 437.0 13.0 2373.701969928385 2374.94074074074 14232.777777777797 
497.00313653679086 422.0 579.0 436.0 16.0 2390.663530326172 2392.548148148146 14232.777777777797 
498.00313653679086 422.0 579.0 436.0 1.0 2130.3530196992842 2101.4296296296307 14232.777777777797 
499.00313653679086 424.0 579.0 434.0 1.0 1850.7419686365947 1819.6740740740745 14232.777777777797 
500.00313653679086 430.0 579.0 428.0 1.0 1822.7808635303275 1819.6740740740745 14232.777777777797 
501.00313653679086 430.0 579.0 429.0 1.0 1849.7914196863667 1852.7925925925915 14232.777777777797 
502.00313653679086 431.0 579.0 428.0 1.0 1852.4924753019686 1852.7925925925915 14232.777777777797 
503.00313653679086 433.0 579.0 426.0 1.0 1852.762580863531 1852.7925925925915 14232.777777777797 
504.00313653679086 436.0 579.0 423.0 1.0 1852.7895914196872 1852.7925925925915 14232.777777777797 
505.00313653679086 436.0 579.0 423.0 1.0 1852.792292475303 1852.7925925925915 14232.777777777797 
506.00313653679086 436.0 579.0 424.0 1.0 1852.7925625808634 1852.7925925925915 14232.777777777797 
507.00313653679086 437.0 579.0 423.0 1.0 1852.792589591419 1852.7925925925915 14232.777777777797 
508.00313653679086 438.0 579.0 422.0 1.0 1852.792592292474 1852.7925925925915 14232.777777777797 
509.00313653679086 440.0 579.0 420.0 1.0 1852.7925925625802 1852.7925925925915 14232.777777777797 
510.00313653679086 443.0 579.0 418.0 1.0 1868.6392592562588 1870.3999999999994 14232.777777777797 
511.00313653679086 444.0 579.0 418.0 1.0 1901.9239259256249 1905.6222222222227 14232.777777777797 
512.0031365367909 445.0 579.0 417.0 1.0 1916.3923925925621 1918.0 14232.777777777797 
513.0031365367909 449.0 579.0 413.0 1.0 1933.6859059259225 1935.6074074074074 14232.777777777797 
514.0031365367909 450.0 579.0 412.0 1.0 1935.41525725926 1935.6074074074074 14232.777777777797 
515.0031365367909 451.0 579.0 411.0 1.0 1935.588192392593 1935.6074074074074 14232.777777777797 
516.0031365367909 453.0 579.0 409.0 1.0 1967.2988192392586 1970.822222222221 14232.777777777797 
517.0031365367909 453.0 579.0 409.0 1.0 1997.4565485905935 2000.8074074074061 14232.777777777797 
518.0031365367909 454.0 579.0 408.0 1.0 2000.472321525726 2000.8074074074061 14232.777777777797 
519.0031365367909 456.0 579.0 406.0 1.0 2000.7738988192398 2000.8074074074061 14232.777777777797 
520.0031365367909 458.0 579.0 404.0 1.0 2000.8040565485906 2000.8074074074061 14232.777777777797 
521.0031365367909 458.0 579.0 404.0 1.0 2043.6404056548588 2048.4000000000005 14232.777777777797 
522.0031365367909 459.0 579.0 403.0 1.0 2074.9040405654864 2078.377777777778 14232.777777777797 
523.0031365367909 460.0 579.0 402.0 1.0 2078.030404056548 2078.377777777778 14232.777777777797 
524.0031365367909 463.0 579.0 399.0 7.0 2137.0230404056556 2143.5777777777766 14232.777777777797 
525.0031365367909 465.0 579.0 397.0 2.0 2155.9556373738983 2158.05925925926 14232.777777777797 
526.0031365367909 465.0 579.0 398.0 1.0 2057.6088970707247 2046.681481481481 14232.777777777797 
527.0031365367909 466.0 579.0 397.0 1.0 1891.854223040406 1873.4370370370366 14232.777777777797 
528.0031365367909 469.0 579.0 394.0 1.0 1875.2787556373742 1873.4370370370366 14232.777777777797 
529.0031365367909 470.0 579.0 393.0 1.0 1889.4678755637376 1891.0444444444452 14232.777777777797 
530.0031365367909 472.0 579.0 391.0 1.0 1906.740120889708 1908.6592592592592 14232.777777777797 
531.0031365367909 474.0 579.0 389.0 1.0 1940.1606787556375 1943.8740740740727 14232.777777777797 
532.0031365367909 476.0 579.0 387.0 1.0 1954.6360678755636 1956.2444444444463 14232.777777777797 
533.0031365367909 476.0 579.0 387.0 1.0 1971.930273454223 1973.851851851851 14232.777777777797 
534.0031365367909 476.0 579.0 388.0 1.0 1973.6596940120892 1973.851851851851 14232.777777777797 
535.0031365367909 480.0 579.0 384.0 1.0 1973.832636067875 1973.851851851851 14232.777777777797 
536.0031365367909 481.0 579.0 383.0 1.0 1989.7032636067868 1991.4666666666674 14232.777777777797 
537.0031365367909 482.0 579.0 382.0 1.0 2002.4303263606782 2003.8444444444435 14232.777777777797 
538.0031365367909 482.0 579.0 382.0 1.0 2025.9763659694022 2028.592592592592 14232.777777777797 
539.0031365367909 484.0 579.0 381.0 1.0 2055.324303263606 2058.5851851851844 14232.777777777797 
540.0031365367909 486.0 579.0 379.0 1.0 2058.2590969930275 2058.5851851851844 14232.777777777797 
541.0031365367909 486.0 579.0 379.0 1.0 2058.5525763659703 2058.5851851851844 14232.777777777797 
542.0031365367909 486.0 579.0 379.0 1.0 2058.5819243032656 2058.5851851851844 14232.777777777797 
543.0031365367909 489.0 579.0 376.0 1.0 2090.291525763658 2093.8148148148134 14232.777777777797 
544.0031365367909 490.0 579.0 375.0 1.0 2120.449152576368 2123.799999999999 14232.777777777797 
545.0031365367909 492.0 579.0 373.0 1.0 2123.464915257637 2123.799999999999 14232.777777777797 
546.0031365367909 493.0 579.0 372.0 1.0 2139.613158192432 2141.4074074074083 14232.777777777797 
547.0031365367909 494.0 579.0 371.0 1.0 2141.227982485909 2141.4074074074083 14232.777777777797 
548.0031365367909 497.0 579.0 368.0 1.0 2157.2361315819235 2159.0148148148146 14232.777777777797 
549.0031365367909 500.0 579.0 365.0 1.0 2185.8169464915254 2188.9925925925927 14232.777777777797 
550.0031365367909 500.0 579.0 365.0 1.0 2204.5283613158185 2206.607407407406 14232.777777777797 
551.0031365367909 504.0 579.0 361.0 1.0 2238.092836131584 2241.8222222222207 14232.777777777797 
552.0031365367909 505.0 579.0 360.0 1.0 2241.449283613159 2241.8222222222207 14232.777777777797 
553.0031365367909 508.0 579.0 358.0 1.0 2275.204928361316 2278.9555555555553 14232.777777777797 
554.0031365367909 510.0 579.0 356.0 1.0 2310.280492836133 2314.1777777777793 14232.777777777797 
555.0031365367909 514.0 579.0 352.0 1.0 2324.921382616948 2326.548148148146 14232.777777777797 
556.0031365367909 514.0 579.0 352.0 1.0 2326.385471595027 2326.548148148146 14232.777777777797 
557.0031365367909 516.0 579.0 350.0 1.0 2342.385213826168 2344.1629629629647 14232.777777777797 
558.0031365367909 518.0 579.0 348.0 1.0 2355.1185213826193 2356.533333333331 14232.777777777797 
559.0031365367909 518.0 579.0 348.0 1.0 2359.2051854715937 2359.659259259258 14232.777777777797 
560.0031365367909 519.0 579.0 347.0 1.0 2359.6138518804914 2359.659259259258 14232.777777777797 
561.0031365367909 520.0 579.0 347.0 1.0 2375.501385188049 2377.266666666668 14232.777777777797 
562.0031365367909 522.0 579.0 345.0 1.0 2377.0901385188054 2377.266666666668 14232.777777777797 
563.0031365367909 522.0 579.0 345.0 1.0 2393.102347185215 2394.88148148148 14232.777777777797 
564.0031365367909 523.0 579.0 344.0 1.0 2410.5569013851873 2412.496296296293 14232.777777777797 
565.0031365367909 524.0 579.0 343.0 1.0 2423.4423568051848 2424.8740740740727 14232.777777777797 
566.0031365367909 525.0 579.0 342.0 1.0 2435.8709023471843 2437.2518518518546 14232.777777777797 
567.0031365367909 528.0 579.0 339.0 1.0 2437.1137569013863 2437.2518518518546 14232.777777777797 
568.0031365367909 528.0 579.0 340.0 1.0 2453.0847090234697 2454.8592592592577 14232.777777777797 
569.0031365367909 530.0 579.0 338.0 1.0 2454.681804235682 2454.8592592592577 14232.777777777797 
570.0031365367909 532.0 579.0 336.0 1.0 2470.688180423566 2472.466666666669 14232.777777777797 
571.0031365367909 534.0 579.0 334.0 1.0 2472.288818042355 2472.466666666669 14232.777777777797 
572.0031365367909 538.0 579.0 330.0 1.0 2472.4488818042378 2472.466666666669 14232.777777777797 
573.0031365367909 539.0 579.0 329.0 1.0 2488.3115548470882 2490.074074074075 14232.777777777797 
574.0031365367909 540.0 579.0 328.0 1.0 2489.8978221513735 2490.074074074075 14232.777777777797 
575.0031365367909 541.0 579.0 327.0 1.0 2544.0164488818073 2550.02962962963 14232.777777777797 
576.0031365367909 541.0 579.0 327.0 1.0 2549.4283115548474 2550.02962962963 14232.777777777797 
577.0031365367909 541.0 579.0 327.0 1.0 2581.6628311554864 2585.2444444444463 14232.777777777797 
578.0031365367909 541.0 579.0 327.0 1.0 2584.8862831155507 2585.2444444444463 14232.777777777797 
579.0031365367909 542.0 579.0 326.0 1.0 2585.208628311557 2585.2444444444463 14232.777777777797 
580.0031365367909 544.0 579.0 324.0 1.0 2585.240862831157 2585.2444444444463 14232.777777777797 
581.0031365367909 544.0 579.0 324.0 1.0 2585.244086283117 2585.2444444444463 14232.777777777797 
582.0031365367909 548.0 579.0 320.0 1.0 2612.2377419616473 2615.2370370370395 14232.777777777797 
583.0031365367909 550.0 579.0 319.0 1.0 2614.9371075295003 2615.2370370370395 14232.777777777797 
584.0031365367909 551.0 579.0 318.0 1.0 2631.0603774196165 2632.8518518518504 14232.777777777797 
585.0031365367909 551.0 579.0 319.0 1.0 2648.5260377419604 2650.466666666668 14232.777777777797 
586.0031365367909 552.0 579.0 319.0 1.0 2650.272603774195 2650.466666666668 14232.777777777797 
587.0031365367909 554.0 579.0 317.0 1.0 2666.2939270440884 2668.074074074075 14232.777777777797 
588.0031365367909 554.0 579.0 318.0 1.0 2697.6960593710764 2701.185185185185 14232.777777777797 
589.0031365367909 556.0 579.0 316.0 1.0 2716.6829392704403 2718.7925925925906 14232.777777777797 
590.0031365367909 557.0 579.0 315.0 1.0 2718.581627260376 2718.7925925925906 14232.777777777797 
591.0031365367909 559.0 579.0 313.0 1.0 2766.3248293927036 2771.6296296296273 14232.777777777797 
592.0031365367909 561.0 579.0 311.0 1.0 2771.0991496059364 2771.6296296296273 14232.777777777797 
593.0031365367909 563.0 579.0 309.0 1.0 2771.5765816272615 2771.6296296296273 14232.777777777797 
594.0031365367909 563.0 579.0 309.0 1.0 2782.764324829395 2784.00740740741 14232.777777777797 
595.0031365367909 563.0 579.0 309.0 1.0 2783.883099149608 2784.00740740741 14232.777777777797 
596.0031365367909 564.0 579.0 308.0 1.0 2799.8416432482927 2801.6148148148122 14232.777777777797 
597.0031365367909 564.0 579.0 308.0 1.0 2817.284164324829 2819.2222222222244 14232.777777777797 
598.0031365367909 565.0 579.0 307.0 1.0 2819.028416432485 2819.2222222222244 14232.777777777797 
599.0031365367909 566.0 579.0 307.0 1.0 2819.20284164325 2819.2222222222244 14232.777777777797 
600.0031365367909 566.0 579.0 307.0 1.0 2819.2202841643225 2819.2222222222244 14232.777777777797 
#####################################################################
# End of data export. Simulation finished at: 2020-01-31T23:56+0000 #
#####################################################################
