#####################################################################
# Alchemist log file - simulation started at: 2020-02-04T06:36+0000 #
#####################################################################
# seed = 7.0, meanTaskSize = 1000, smoothing = 0.9, grain = 1300.0, peakFrequency = 1
#
# The columns have the following meaning: 
# time done[Sum] drop[Sum] waiting[Sum] isLeader[Sum] capacity[Mean] freeCapacity[Mean] maxCapacity[Mean] 
0.0 NaN 0.0 NaN NaN NaN NaN NaN 
1.0042631798645665 0.0 0.0 0.0 135.0 14232.777777777797 14232.777777777797 14232.777777777797 
2.0042631798645667 0.0 0.0 0.0 135.0 14232.777777777797 14232.777777777797 14232.777777777797 
3.0042631798645667 0.0 0.0 0.0 135.0 14232.777777777797 14232.777777777797 14232.777777777797 
4.004263179864567 0.0 0.0 0.0 135.0 14232.777777777797 14232.777777777797 14232.777777777797 
5.004263179864567 0.0 0.0 0.0 135.0 14232.777777777797 14232.777777777797 14232.777777777797 
6.004263179864567 0.0 0.0 0.0 135.0 14232.777777777797 14232.777777777797 14232.777777777797 
7.004263179864567 0.0 0.0 0.0 135.0 14232.777777777797 14232.777777777797 14232.777777777797 
8.004263179864566 0.0 0.0 0.0 135.0 14232.777777777797 14232.777777777797 14232.777777777797 
9.004263179864566 0.0 0.0 0.0 135.0 14232.777777777797 14232.777777777797 14232.777777777797 
10.004263179864566 0.0 0.0 0.0 135.0 14232.777777777797 14232.777777777797 14232.777777777797 
11.004263179864566 0.0 0.0 0.0 135.0 14232.777777777797 14232.777777777797 14232.777777777797 
12.004263179864566 0.0 0.0 0.0 135.0 14232.777777777797 14232.777777777797 14232.777777777797 
13.004263179864566 0.0 0.0 0.0 135.0 14232.777777777797 14232.777777777797 14232.777777777797 
14.004263179864566 0.0 0.0 0.0 135.0 14232.777777777797 14232.777777777797 14232.777777777797 
15.004263179864566 0.0 0.0 0.0 135.0 14232.777777777797 14232.777777777797 14232.777777777797 
16.004263179864566 0.0 0.0 0.0 135.0 14232.777777777797 14232.777777777797 14232.777777777797 
17.004263179864566 0.0 0.0 1.0 135.0 14232.777777777797 14232.777777777797 14232.777777777797 
18.004263179864566 0.0 0.0 1.0 135.0 14216.924444444427 14215.162962962962 14232.777777777797 
19.004263179864566 0.0 0.0 2.0 135.0 14215.3391111111 14215.162962962962 14232.777777777797 
20.004263179864566 0.0 0.0 2.0 135.0 14212.367244444427 14212.037037037013 14232.777777777797 
21.004263179864566 0.0 0.0 2.0 134.0 14212.070057777777 14212.037037037013 14232.777777777797 
22.004263179864566 1.0 0.0 1.0 134.0 14212.040339111105 14212.037037037013 14232.777777777797 
23.004263179864566 1.0 0.0 1.0 134.0 14227.890700577793 14229.651851851839 14232.777777777797 
24.004263179864566 1.0 0.0 1.0 134.0 14229.475736724444 14229.651851851839 14232.777777777797 
25.004263179864566 1.0 0.0 2.0 134.0 14229.634240339105 14229.651851851839 14232.777777777797 
26.004263179864566 1.0 0.0 2.0 134.0 14226.836757367246 14226.525925925918 14232.777777777797 
27.004263179864566 1.0 0.0 3.0 133.0 14226.557009070075 14226.525925925918 14232.777777777797 
28.004263179864566 1.0 0.0 3.0 133.0 14223.715700907002 14223.400000000001 14232.777777777797 
29.004263179864566 1.0 0.0 3.0 132.0 14223.431570090705 14223.400000000001 14232.777777777797 
30.004263179864566 1.0 0.0 4.0 132.0 14223.40315700909 14223.400000000001 14232.777777777797 
31.004263179864566 1.0 0.0 4.0 132.0 14207.546982367603 14205.785185185186 14232.777777777797 
32.004263179864566 1.0 0.0 4.0 132.0 14205.961364903435 14205.785185185186 14232.777777777797 
33.004263179864566 1.0 0.0 4.0 132.0 14205.802803157027 14205.785185185186 14232.777777777797 
34.004263179864566 1.0 0.0 4.0 132.0 14205.78694698236 14205.785185185186 14232.777777777797 
35.004263179864566 1.0 0.0 4.0 132.0 14205.785361364879 14205.785185185186 14232.777777777797 
36.004263179864566 1.0 0.0 4.0 132.0 14205.78520280315 14205.785185185186 14232.777777777797 
37.004263179864566 1.0 0.0 4.0 132.0 14205.785186946969 14205.785185185186 14232.777777777797 
38.004263179864566 1.0 0.0 4.0 132.0 14205.785185361367 14205.785185185186 14232.777777777797 
39.004263179864566 1.0 0.0 4.0 132.0 14205.785185202802 14205.785185185186 14232.777777777797 
40.004263179864566 1.0 0.0 5.0 132.0 14205.78518518698 14205.785185185186 14232.777777777797 
41.004263179864566 2.0 0.0 4.0 132.0 14189.931851852052 14188.17037037036 14232.777777777797 
42.004263179864566 2.0 0.0 4.0 132.0 14204.199851851845 14205.785185185186 14232.777777777797 
43.004263179864566 2.0 0.0 4.0 132.0 14205.626651851857 14205.785185185186 14232.777777777797 
44.004263179864566 3.0 0.0 3.0 132.0 14205.769331851869 14205.785185185186 14232.777777777797 
45.004263179864566 3.0 0.0 3.0 132.0 14221.636933185202 14223.400000000001 14232.777777777797 
46.004263179864566 3.0 0.0 3.0 132.0 14223.223693318523 14223.400000000001 14232.777777777797 
47.004263179864566 3.0 0.0 3.0 132.0 14223.382369331845 14223.400000000001 14232.777777777797 
48.004263179864566 3.0 0.0 3.0 132.0 14223.398236933199 14223.400000000001 14232.777777777797 
49.004263179864566 3.0 0.0 3.0 132.0 14223.399823693311 14223.400000000001 14232.777777777797 
50.004263179864566 3.0 0.0 3.0 132.0 14223.399982369332 14223.400000000001 14232.777777777797 
51.004263179864566 3.0 0.0 3.0 132.0 14223.399998236948 14223.400000000001 14232.777777777797 
52.004263179864566 3.0 0.0 3.0 132.0 14223.399999823716 14223.400000000001 14232.777777777797 
53.004263179864566 3.0 0.0 3.0 132.0 14223.399999982372 14223.400000000001 14232.777777777797 
54.004263179864566 3.0 0.0 3.0 132.0 14223.399999998215 14223.400000000001 14232.777777777797 
55.004263179864566 3.0 0.0 3.0 132.0 14223.399999999821 14223.400000000001 14232.777777777797 
56.004263179864566 3.0 0.0 3.0 132.0 14223.39999999998 14223.400000000001 14232.777777777797 
57.004263179864566 3.0 0.0 3.0 132.0 14223.4 14223.400000000001 14232.777777777797 
58.004263179864566 3.0 0.0 3.0 132.0 14223.4 14223.400000000001 14232.777777777797 
59.004263179864566 3.0 0.0 3.0 132.0 14223.400000000001 14223.400000000001 14232.777777777797 
60.004263179864566 3.0 0.0 3.0 132.0 14223.400000000001 14223.400000000001 14232.777777777797 
61.004263179864566 3.0 0.0 3.0 132.0 14223.400000000001 14223.400000000001 14232.777777777797 
62.004263179864566 3.0 0.0 3.0 132.0 14223.400000000001 14223.400000000001 14232.777777777797 
63.004263179864566 3.0 0.0 3.0 132.0 14223.400000000001 14223.400000000001 14232.777777777797 
64.00426317986457 3.0 0.0 3.0 132.0 14223.400000000001 14223.400000000001 14232.777777777797 
65.00426317986457 3.0 0.0 3.0 132.0 14223.400000000001 14223.400000000001 14232.777777777797 
66.00426317986457 3.0 0.0 3.0 132.0 14223.400000000001 14223.400000000001 14232.777777777797 
67.00426317986457 3.0 0.0 4.0 132.0 14223.400000000001 14223.400000000001 14232.777777777797 
68.00426317986457 3.0 0.0 4.0 132.0 14220.586666666662 14220.274074074052 14232.777777777797 
69.00426317986457 3.0 0.0 4.0 131.0 14220.305333333341 14220.274074074052 14232.777777777797 
70.00426317986457 3.0 0.0 4.0 131.0 14220.27720000001 14220.274074074052 14232.777777777797 
71.00426317986457 3.0 0.0 6.0 131.0 14220.274386666639 14220.274074074052 14232.777777777797 
72.00426317986457 4.0 0.0 5.0 131.0 14201.607438666666 14199.533333333318 14232.777777777797 
73.00426317986457 4.0 0.0 5.0 130.0 14215.594077199994 14217.14814814815 14232.777777777797 
74.00426317986457 4.0 0.0 5.0 130.0 14216.992741053347 14217.14814814815 14232.777777777797 
75.00426317986457 5.0 0.0 4.0 130.0 14217.132607438658 14217.14814814815 14232.777777777797 
76.00426317986457 5.0 0.0 4.0 131.0 14219.959927410502 14220.274074074052 14232.777777777797 
77.00426317986457 5.0 0.0 4.0 131.0 14220.242659407748 14220.274074074052 14232.777777777797 
78.00426317986457 5.0 0.0 5.0 131.0 14220.270932607442 14220.274074074052 14232.777777777797 
79.00426317986457 5.0 0.0 6.0 131.0 14217.460426594047 14217.14814814815 14232.777777777797 
80.00426317986457 6.0 0.0 6.0 130.0 14214.366042659422 14214.022222222226 14232.777777777797 
81.00426317986457 6.0 0.0 6.0 130.0 14214.056604265948 14214.022222222226 14232.777777777797 
82.00426317986457 6.0 0.0 6.0 129.0 14214.025660426598 14214.022222222226 14232.777777777797 
83.00426317986457 6.0 0.0 7.0 129.0 14214.022566042688 14214.022222222226 14232.777777777797 
84.00426317986457 6.0 0.0 8.0 129.0 14198.168923270958 14196.407407407401 14232.777777777797 
85.00426317986457 6.0 0.0 8.0 129.0 14193.770225660437 14193.281481481483 14232.777777777797 
86.00426317986457 6.0 0.0 8.0 128.0 14193.330355899361 14193.281481481483 14232.777777777797 
87.00426317986457 6.0 0.0 8.0 128.0 14193.286368923276 14193.281481481483 14232.777777777797 
88.00426317986457 6.0 0.0 8.0 128.0 14193.28197022566 14193.281481481483 14232.777777777797 
89.00426317986457 6.0 0.0 9.0 128.0 14193.281530355905 14193.281481481483 14232.777777777797 
90.00426317986457 6.0 0.0 9.0 128.0 14190.468153035588 14190.155555555531 14232.777777777797 
91.00426317986457 8.0 0.0 8.0 127.0 14190.186815303581 14190.155555555531 14232.777777777797 
92.00426317986457 9.0 0.0 8.0 128.0 14206.01201486369 14207.77037037036 14232.777777777797 
93.00426317986457 9.0 0.0 8.0 128.0 14207.594534819695 14207.77037037036 14232.777777777797 
94.00426317986457 9.0 0.0 8.0 127.0 14207.7527868153 14207.77037037036 14232.777777777797 
95.00426317986457 9.0 0.0 8.0 127.0 14207.768612014881 14207.77037037036 14232.777777777797 
96.00426317986457 9.0 0.0 9.0 127.0 14207.770194534822 14207.77037037036 14232.777777777797 
97.00426317986457 9.0 0.0 9.0 127.0 14207.770352786782 14207.77037037036 14232.777777777797 
98.00426317986457 9.0 0.0 9.0 127.0 14191.91703527871 14190.155555555531 14232.777777777797 
99.00426317986457 9.0 0.0 9.0 127.0 14190.331703527887 14190.155555555531 14232.777777777797 
100.00426317986457 9.0 0.0 9.0 127.0 14190.173170352771 14190.155555555531 14232.777777777797 
101.00426317986457 9.0 0.0 9.0 127.0 14190.157317035275 14190.155555555531 14232.777777777797 
102.00426317986457 9.0 0.0 9.0 127.0 14190.155731703524 14190.155555555531 14232.777777777797 
103.00426317986457 9.0 0.0 9.0 127.0 14190.155573170328 14190.155555555531 14232.777777777797 
104.00426317986457 9.0 0.0 9.0 127.0 14190.155557317035 14190.155555555531 14232.777777777797 
105.00426317986457 9.0 0.0 9.0 127.0 14190.15555573171 14190.155555555531 14232.777777777797 
106.00426317986457 9.0 0.0 9.0 127.0 14190.155555573187 14190.155555555531 14232.777777777797 
107.00426317986457 9.0 0.0 9.0 127.0 14190.155555557318 14190.155555555531 14232.777777777797 
108.00426317986457 9.0 0.0 11.0 127.0 14190.155555555724 14190.155555555531 14232.777777777797 
109.00426317986457 9.0 0.0 12.0 126.0 14184.535555555573 14183.911111111145 14232.777777777797 
110.00426317986457 9.0 0.0 14.0 126.0 14183.973555555549 14183.911111111145 14232.777777777797 
111.00426317986457 9.0 0.0 14.0 126.0 14168.064022222221 14166.296296296277 14232.777777777797 
112.00426317986457 10.0 0.0 14.0 126.0 14134.779735555552 14131.081481481506 14232.777777777797 
113.00426317986457 10.0 0.0 14.0 126.0 14147.29797355558 14148.688888888892 14232.777777777797 
114.00426317986457 10.0 0.0 14.0 126.0 14132.703130688884 14131.081481481506 14232.777777777797 
115.00426317986457 10.0 0.0 14.0 126.0 14131.243646402223 14131.081481481506 14232.777777777797 
116.00426317986457 10.0 0.0 16.0 126.0 14131.097697973553 14131.081481481506 14232.777777777797 
117.00426317986457 10.0 0.0 17.0 126.0 14131.08310313071 14131.081481481506 14232.777777777797 
118.00426317986457 10.0 0.0 20.0 126.0 14099.381643646408 14095.859259259254 14232.777777777797 
119.00426317986457 10.0 0.0 21.0 126.0 14080.364831031313 14078.251851851868 14232.777777777797 
120.00426317986457 10.0 0.0 22.0 126.0 14030.916483103123 14025.422222222236 14232.777777777797 
121.00426317986457 11.0 0.0 22.0 126.0 14010.118314976946 14007.807407407408 14232.777777777797 
122.00426317986457 12.0 0.0 22.0 126.0 14008.03849816435 14007.807407407408 14232.777777777797 
123.00426317986457 12.0 0.0 22.0 126.0 14007.83051648311 14007.807407407408 14232.777777777797 
124.00426317986457 13.0 0.0 22.0 126.0 13991.963051648292 13990.200000000026 14232.777777777797 
125.00426317986457 15.0 0.0 23.0 126.0 14006.222971831527 14007.807407407408 14232.777777777797 
126.00426317986457 16.0 0.0 25.0 127.0 13962.915630516467 13958.103703703682 14232.777777777797 
127.00426317986457 19.0 0.0 25.0 127.0 13955.771563051652 13954.977777777773 14232.777777777797 
128.00426317986455 20.0 0.0 27.0 126.0 13968.097156305155 13969.466666666678 14232.777777777797 
129.00426317986455 23.0 0.0 27.0 126.0 13953.48971563052 13951.86666666665 14232.777777777797 
130.00426317986455 25.0 0.0 29.0 126.0 13952.02230489637 13951.859259259252 14232.777777777797 
131.00426317986455 26.0 0.0 32.0 126.0 13904.328897156318 13899.029629629666 14232.777777777797 
132.00426317986455 27.0 0.0 33.0 126.0 13852.019556382296 13846.207407407375 14232.777777777797 
133.00426317986455 30.0 0.0 32.0 126.0 13830.92862230488 13828.585185185198 14232.777777777797 
134.00426317986455 32.0 0.0 33.0 126.0 13828.82619556383 13828.592592592599 14232.777777777797 
135.00426317986455 33.0 4.0 34.0 126.0 13860.309286223066 13863.807407407408 14232.777777777797 
136.00426317986455 34.0 5.0 37.0 107.0 13831.770928622307 13828.599999999999 14232.777777777797 
137.00426317986455 36.0 5.0 37.0 107.0 13576.183759528885 13547.785185185192 14232.777777777797 
138.00426317986455 38.0 5.0 38.0 125.0 13526.338375952892 13520.799999999974 14232.777777777797 
139.00426317986455 39.0 5.0 38.0 117.0 13521.34717092862 13520.792592592625 14232.777777777797 
140.00426317986455 42.0 5.0 38.0 118.0 13489.154717092859 13485.577777777764 14232.777777777797 
141.00426317986455 44.0 5.0 40.0 117.0 13501.782138375956 13503.185185185197 14232.777777777797 
142.00426317986455 44.0 5.0 44.0 110.0 13487.191547170904 13485.570370370366 14232.777777777797 
143.00426317986455 48.0 5.0 46.0 110.0 13361.93248805044 13348.014814814836 14232.777777777797 
144.00426317986455 50.0 5.0 47.0 110.0 13349.413248805015 13348.022222222231 14232.777777777797 
145.00426317986455 52.0 5.0 50.0 113.0 13284.761324880497 13277.577777777764 14232.777777777797 
146.00426317986455 52.0 5.0 55.0 117.0 13257.74279915472 13254.740740740728 14232.777777777797 
147.00426317986455 55.0 5.0 59.0 111.0 13202.780946582163 13196.674074074104 14232.777777777797 
148.00426317986455 59.0 6.0 59.0 99.0 13002.391427991544 12980.125925925928 14232.777777777797 
149.00426317986455 63.0 6.0 59.0 99.0 12803.532476132477 12781.437037037063 14232.777777777797 
150.00426317986455 66.0 7.0 60.0 109.0 12815.346580946578 12816.659259259277 14232.777777777797 
151.00426317986455 68.0 7.0 64.0 104.0 12665.301324761314 12648.629629629613 14232.777777777797 
152.00426317986455 70.0 7.0 64.0 86.0 12524.790132476133 12509.177777777777 14232.777777777797 
153.00426317986455 75.0 8.0 68.0 116.0 12305.552346580971 12281.192592592606 14232.777777777797 
154.00426317986455 79.0 10.0 67.0 96.0 12183.628567991427 12170.081481481504 14232.777777777797 
155.00426317986455 82.0 10.0 69.0 80.0 12000.756190132483 11980.437037037062 14232.777777777797 
156.00426317986455 86.0 10.0 72.0 84.0 11808.975619013236 11787.666666666682 14232.777777777797 
157.00426317986455 90.0 10.0 72.0 85.0 11809.25756190131 11809.28888888888 14232.777777777797 
158.00426317986455 93.0 10.0 73.0 86.0 11810.465756190139 11810.600000000017 14232.777777777797 
159.00426317986455 95.0 10.0 73.0 100.0 11772.373242285681 11768.14074074076 14232.777777777797 
160.00426317986455 102.0 14.0 73.0 75.0 11705.063990895213 11697.58518518518 14232.777777777797 
161.00426317986455 103.0 17.0 76.0 77.0 11258.639732422847 11209.03703703702 14232.777777777797 
162.00426317986455 106.0 18.0 79.0 69.0 11242.703973242276 11240.933333333322 14232.777777777797 
163.00426317986455 112.0 20.0 78.0 71.0 11123.303730657566 11110.037037037022 14232.777777777797 
164.00426317986455 117.0 20.0 75.0 80.0 11127.2037063991 11127.637037037024 14232.777777777797 
165.00426317986455 121.0 20.0 75.0 87.0 11020.940370639913 11009.133333333344 14232.777777777797 
166.0002584344282 126.0 20.0 73.0 64.0 11100.594037063984 11109.444444444423 14232.777777777797 
167.00426317986455 128.0 20.0 73.0 61.0 11198.93940370642 11209.866666666656 14232.777777777797 
168.00426317986455 130.0 20.0 75.0 61.0 10641.627273703989 10579.7037037037 14232.777777777797 
169.00426317986455 134.0 21.0 77.0 55.0 10633.436060703743 10632.525925925918 14232.777777777797 
170.00426317986455 140.0 24.0 78.0 67.0 10412.456939403717 10387.903703703716 14232.777777777797 
171.00426317986455 143.0 25.0 80.0 65.0 10417.339027273707 10417.88148148148 14232.777777777797 
172.00426317986455 146.0 25.0 81.0 43.0 10476.513902727353 10483.088888888866 14232.777777777797 
173.00426317986455 149.0 25.0 84.0 42.0 10531.69139027275 10537.822222222221 14232.777777777797 
174.00426317986455 153.0 25.0 86.0 37.0 10029.495805693945 9973.696296296284 14232.777777777797 
175.00426317986455 155.0 28.0 92.0 29.0 9822.502913902716 9799.50370370369 14232.777777777797 
176.00426317986455 158.0 29.0 96.0 43.0 9852.78362472362 9856.148148148137 14232.777777777797 
177.00426317986455 160.0 29.0 97.0 48.0 9871.65836247237 9873.755555555543 14232.777777777797 
178.00426317986455 162.0 30.0 99.0 16.0 9756.825836247252 9744.066666666677 14232.777777777797 
179.00426317986455 166.0 30.0 100.0 20.0 9482.655916958043 9452.192592592597 14232.777777777797 
180.00426317986455 172.0 30.0 99.0 33.0 9528.498925029131 9533.5925925926 14232.777777777797 
181.00426317986455 184.0 30.0 94.0 28.0 9658.583225836242 9673.037037037027 14232.777777777797 
182.00426317986455 187.0 30.0 99.0 59.0 9854.971655916948 9876.792592592612 14232.777777777797 
183.00426317986455 191.0 32.0 101.0 47.0 9701.570498925017 9684.525925925918 14232.777777777797 
184.00426317986455 196.0 32.0 104.0 33.0 9753.05704989251 9758.777777777794 14232.777777777797 
185.00426317986455 203.0 33.0 99.0 33.0 9641.6790383226 9629.303703703714 14232.777777777797 
186.00426317986455 211.0 33.0 99.0 33.0 9471.187903832251 9452.244444444455 14232.777777777797 
187.00110245034034 218.0 33.0 97.0 34.0 9585.272123716568 9597.94814814816 14232.777777777797 
188.00270711557098 221.0 33.0 101.0 64.0 9731.620545705 9747.88148148148 14232.777777777797 
189.00421270293387 223.0 33.0 107.0 52.0 9835.348721237173 9846.874074074065 14232.777777777797 
190.00426317986455 228.0 35.0 114.0 38.0 9712.934872123707 9699.333333333325 14232.777777777797 
191.00426317986455 228.0 35.0 121.0 39.0 9272.746820545693 9223.837037037054 14232.777777777797 
192.00426317986455 236.0 36.0 117.0 41.0 9252.728015387911 9250.503703703693 14232.777777777797 
193.00426317986455 237.0 37.0 123.0 52.0 9457.199468205461 9479.918518518509 14232.777777777797 
194.00426317986455 238.0 41.0 127.0 61.0 9595.45994682055 9610.822222222221 14232.777777777797 
195.00426317986455 247.0 41.0 123.0 46.0 9514.612661348709 9505.629629629626 14232.777777777797 
196.00426317986455 252.0 42.0 123.0 54.0 9124.22793280153 9080.851851851861 14232.777777777797 
197.00426317986455 256.0 44.0 127.0 54.0 9059.91612661348 9052.77037037038 14232.777777777797 
198.00426317986455 260.0 49.0 129.0 54.0 9139.164945994671 9147.970370370354 14232.777777777797 
199.00426317986455 269.0 53.0 125.0 83.0 9329.376494599463 9350.511111111105 14232.777777777797 
200.00426317986455 273.0 54.0 129.0 56.0 9475.630982793276 9491.88148148148 14232.777777777797 
201.00426317986455 278.0 58.0 130.0 55.0 9418.276431612654 9411.903703703712 14232.777777777797 
202.00426317986455 284.0 61.0 128.0 53.0 9558.500976494595 9574.081481481491 14232.777777777797 
203.00426317986455 293.0 66.0 122.0 42.0 9271.383430982778 9239.481481481494 14232.777777777797 
204.00426317986455 296.0 69.0 126.0 43.0 9339.485009764954 9347.05185185184 14232.777777777797 
205.00426317986455 304.0 72.0 119.0 52.0 9043.86183430982 9011.014814814833 14232.777777777797 
206.00426317986455 311.0 75.0 117.0 45.0 9106.406183430972 9113.35555555556 14232.777777777797 
207.00426317986455 317.0 77.0 119.0 55.0 9222.327285009756 9235.207407407393 14232.777777777797 
208.00426317986455 319.0 82.0 119.0 67.0 9242.059395167655 9244.251851851854 14232.777777777797 
209.00426317986455 325.0 86.0 121.0 41.0 8813.119272850092 8765.459259259247 14232.777777777797 
210.00426317986455 326.0 87.0 124.0 41.0 8405.685260618347 8360.41481481482 14232.777777777797 
211.00426317986455 333.0 95.0 123.0 36.0 8158.80852606184 8131.377777777782 14232.777777777797 
212.00426317986455 338.0 100.0 120.0 23.0 8230.820852606172 8238.822222222221 14232.777777777797 
213.00426317986455 341.0 102.0 122.0 30.0 8301.235418593942 8309.059259259258 14232.777777777797 
214.00426317986455 345.0 104.0 132.0 37.0 8246.37687519272 8240.281481481468 14232.777777777797 
215.00031268803386 351.0 109.0 134.0 13.0 8222.03768751928 8219.333333333332 14232.777777777797 
216.00426317986455 354.0 117.0 137.0 14.0 7837.503768751923 7794.777777777791 14232.777777777797 
217.00426317986455 358.0 120.0 139.0 5.0 7909.697043541861 7917.718518518532 14232.777777777797 
218.00426317986455 364.0 121.0 138.0 12.0 7571.043037687508 7533.41481481482 14232.777777777797 
219.00426317986455 370.0 123.0 138.0 13.0 7671.917637102093 7683.125925925933 14232.777777777797 
220.00291705273932 375.0 123.0 142.0 8.0 7758.258430376871 7767.851851851856 14232.777777777797 
221.00426317986455 381.0 125.0 151.0 11.0 7854.285843037686 7864.955555555571 14232.777777777797 
222.00426317986455 387.0 125.0 148.0 53.0 7968.01525097043 7980.651851851859 14232.777777777797 
223.00426317986455 394.0 126.0 151.0 5.0 7744.348191763698 7719.496296296299 14232.777777777797 
224.00426317986455 400.0 132.0 158.0 26.0 7540.1681525097 7517.48148148149 14232.777777777797 
225.00426317986455 408.0 133.0 153.0 5.0 7551.34348191764 7552.58518518518 14232.777777777797 
226.00426317986455 410.0 135.0 158.0 17.0 7601.727681525097 7607.325925925921 14232.777777777797 
227.00426317986455 418.0 136.0 166.0 17.0 7576.679434819172 7573.89629629631 14232.777777777797 
228.00426317986455 428.0 138.0 169.0 22.0 7392.134610148572 7371.629629629634 14232.777777777797 
229.00426317986455 430.0 143.0 178.0 1.0 7334.940127681526 7328.58518518518 14232.777777777797 
230.00426317986455 431.0 145.0 186.0 7.0 7179.294012768159 7162.0 14232.777777777797 
231.00426317986455 435.0 148.0 191.0 10.0 7222.4094012768055 7227.199999999996 14232.777777777797 
232.00426317986455 440.0 148.0 190.0 6.0 7299.26094012769 7307.800000000003 14232.777777777797 
233.00426317986455 442.0 153.0 198.0 1.0 6991.659427346108 6957.481481481489 14232.777777777797 
234.00426317986455 448.0 157.0 205.0 7.0 6995.405942734606 6995.82222222222 14232.777777777797 
235.00426317986455 454.0 158.0 205.0 19.0 7032.987260940124 7037.1629629629515 14232.777777777797 
236.00426317986455 459.0 165.0 213.0 2.0 7139.178726094015 7150.9777777777845 14232.777777777797 
237.0017525322412 463.0 175.0 217.0 40.0 7268.891205942741 7283.303703703712 14232.777777777797 
238.00426317986455 469.0 179.0 223.0 7.0 7362.815787260942 7373.2518518518455 14232.777777777797 
239.00426317986455 472.0 184.0 224.0 2.0 7489.574912059431 7503.659259259271 14232.777777777797 
240.00426317986455 480.0 190.0 220.0 2.0 7250.804157872608 7224.274074074076 14232.777777777797 
241.00426317986455 488.0 194.0 218.0 2.0 7323.727082453938 7331.829629629638 14232.777777777797 
242.00034725801427 497.0 201.0 222.0 8.0 7513.312708245388 7534.377777777779 14232.777777777797 
243.00426317986455 511.0 208.0 213.0 25.0 7624.177937491201 7636.496296296299 14232.777777777797 
244.00426317986455 518.0 214.0 215.0 23.0 7744.931127082463 7758.348148148142 14232.777777777797 
245.00426317986455 532.0 218.0 205.0 15.0 7803.259779374906 7809.740740740739 14232.777777777797 
246.00426317986455 545.0 219.0 206.0 27.0 7692.159311270832 7679.814814814808 14232.777777777797 
247.00426317986455 551.0 222.0 209.0 27.0 7531.609264460425 7513.770370370377 14232.777777777797 
248.00426317986455 558.0 227.0 209.0 20.0 7717.207593112703 7737.829629629638 14232.777777777797 
249.00426317986455 563.0 228.0 208.0 40.0 7895.794092644612 7915.637037037028 14232.777777777797 
250.00426317986455 567.0 233.0 210.0 22.0 8127.626075931129 8153.385185185178 14232.777777777797 
251.00426317986455 573.0 243.0 209.0 7.0 7629.522607593121 7574.17777777778 14232.777777777797 
252.00426317986455 579.0 246.0 209.0 5.0 7408.9322607593185 7384.4222222222315 14232.777777777797 
253.00426317986455 590.0 252.0 201.0 1.0 7504.059892742602 7514.629629629633 14232.777777777797 
254.00426317986455 592.0 257.0 208.0 2.0 7737.599322607597 7763.5481481481465 14232.777777777797 
255.00426317986455 598.0 259.0 206.0 25.0 7958.913265594097 7983.503703703699 14232.777777777797 
256.00426317986455 602.0 264.0 208.0 5.0 7823.397993226081 7808.3407407407285 14232.777777777797 
257.00426317986455 606.0 270.0 216.0 2.0 7925.9397993225975 7937.333333333332 14232.777777777797 
258.00426317986455 615.0 280.0 215.0 1.0 7692.45397993227 7666.511111111112 14232.777777777797 
259.00426317986455 624.0 281.0 213.0 1.0 7431.598731326557 7402.614814814818 14232.777777777797 
260.00426317986455 630.0 287.0 214.0 1.0 7465.919873132658 7469.733333333337 14232.777777777797 
261.00426317986455 634.0 290.0 217.0 4.0 7575.385320646608 7587.5481481481465 14232.777777777797 
262.00426317986455 644.0 300.0 214.0 19.0 7355.031865397998 7330.548148148146 14232.777777777797 
263.00426317986455 652.0 300.0 210.0 1.0 6987.729853206461 6946.918518518525 14232.777777777797 
264.00426317986455 660.0 303.0 204.0 1.0 7030.2396519873055 7034.962962962961 14232.777777777797 
265.00426317986455 670.0 308.0 198.0 1.0 7151.857298532058 7165.370370370365 14232.777777777797 
266.00426317986455 678.0 323.0 201.0 1.0 7324.2190631865315 7343.370370370366 14232.777777777797 
267.00426317986455 686.0 330.0 196.0 1.0 7498.668572985313 7518.051851851842 14232.777777777797 
268.00426317986455 694.0 336.0 197.0 1.0 7668.606857298538 7687.488888888888 14232.777777777797 
269.00426317986455 700.0 339.0 201.0 1.0 7745.994019063185 7754.5925925925985 14232.777777777797 
270.00426317986455 708.0 341.0 202.0 1.0 7831.699401906308 7841.22222222221 14232.777777777797 
271.00426317986455 717.0 344.0 196.0 3.0 7914.6166068573075 7923.829629629638 14232.777777777797 
272.00060430804285 722.0 352.0 196.0 20.0 7985.021660685726 7992.844444444448 14232.777777777797 
273.00426317986455 729.0 355.0 197.0 1.0 7656.222166068573 7619.688888888892 14232.777777777797 
274.00426317986455 736.0 358.0 197.0 1.0 7726.568883273529 7734.38518518518 14232.777777777797 
275.00426317986455 740.0 360.0 205.0 3.0 7801.516888327353 7809.844444444448 14232.777777777797 
276.00426317986455 746.0 366.0 207.0 7.0 7869.418355499407 7876.962962962966 14232.777777777797 
277.00426317986455 750.0 373.0 209.0 31.0 7943.035168883274 7951.214814814812 14232.777777777797 
278.00426317986455 759.0 375.0 208.0 6.0 7670.736850221669 7640.48148148149 14232.777777777797 
279.00426317986455 770.0 383.0 205.0 7.0 7483.360351688842 7462.54074074075 14232.777777777797 
280.00426317986455 774.0 385.0 212.0 7.0 7594.842701835545 7607.229629629623 14232.777777777797 
281.00426317986455 782.0 390.0 213.0 2.0 7640.397603516886 7645.45925925925 14232.777777777797 
282.00426317986455 788.0 394.0 221.0 1.0 7396.499760351689 7369.39999999999 14232.777777777797 
283.00426317986455 794.0 398.0 227.0 1.0 7399.089976035166 7399.377777777779 14232.777777777797 
284.00426317986455 802.0 402.0 229.0 1.0 7448.60899760351 7454.111111111103 14232.777777777797 
285.00426317986455 808.0 411.0 232.0 1.0 7480.55423309369 7484.103703703691 14232.777777777797 
286.00426317986455 814.0 419.0 240.0 1.0 7559.995423309362 7568.82222222222 14232.777777777797 
287.00426317986455 817.0 424.0 252.0 1.0 7593.032875664273 7596.703703703701 14232.777777777797 
288.00426317986455 818.0 428.0 263.0 44.0 7612.189954233081 7614.31851851852 14232.777777777797 
289.00426317986455 823.0 437.0 265.0 8.0 7314.69232875665 7281.63703703703 14232.777777777797 
290.00426317986455 830.0 438.0 266.0 2.0 7314.729232875661 7314.733333333336 14232.777777777797 
291.00426317986455 838.0 439.0 263.0 1.0 6877.806256620895 6829.259259259255 14232.777777777797 
292.00426317986455 843.0 441.0 263.0 7.0 6897.507292328761 6899.696296296289 14232.777777777797 
293.00426317986455 851.0 446.0 267.0 7.0 6918.1440625662035 6920.437037037034 14232.777777777797 
294.00426317986455 865.0 451.0 260.0 6.0 6956.514406256626 6960.777777777788 14232.777777777797 
295.00426317986455 870.0 453.0 263.0 29.0 7042.40477395899 7051.948148148156 14232.777777777797 
296.00426317986455 873.0 455.0 265.0 7.0 7053.807144062555 7055.0740740740675 14232.777777777797 
297.00426317986455 883.0 462.0 263.0 1.0 6817.214047739595 6790.925925925933 14232.777777777797 
298.0014386300133 892.0 467.0 262.0 1.0 6585.621404773957 6559.888888888897 14232.777777777797 
299.00426317986455 898.0 479.0 266.0 1.0 6638.708807144058 6644.6074074074 14232.777777777797 
300.00426317986455 900.0 491.0 272.0 1.0 6677.430880714414 6681.733333333331 14232.777777777797 
301.00426317986455 905.0 502.0 277.0 1.0 6749.216421404769 6757.1925925925825 14232.777777777797 
302.00426317986455 915.0 515.0 274.0 1.0 6821.508308807139 6829.540740740749 14232.777777777797 
303.00426317986455 920.0 527.0 279.0 1.0 6842.690830880715 6845.044444444432 14232.777777777797 
304.00426317986455 926.0 533.0 278.0 32.0 6894.075749754741 6899.785185185181 14232.777777777797 
305.00426317986455 933.0 538.0 277.0 11.0 6901.9209083088035 6902.792592592593 14232.777777777797 
306.00426317986455 946.0 550.0 274.0 1.0 6913.845424164219 6915.170370370362 14232.777777777797 
307.00426317986455 956.0 558.0 274.0 1.0 6710.71787574976 6688.14814814815 14232.777777777797 
308.00426317986455 962.0 564.0 284.0 2.0 6722.098454241643 6723.36296296297 14232.777777777797 
309.00426317986455 972.0 570.0 283.0 1.0 6777.209845424164 6783.333333333339 14232.777777777797 
310.00426317986455 984.0 576.0 279.0 1.0 6537.694317875739 6511.081481481472 14232.777777777797 
311.00426317986455 991.0 579.0 284.0 1.0 6585.276098454235 6590.562962962968 14232.777777777797 
312.00426317986455 996.0 588.0 291.0 1.0 6623.44760984542 6627.688888888899 14232.777777777797 
313.00426317986455 1011.0 594.0 280.0 1.0 6649.538094317868 6652.437037037032 14232.777777777797 
314.00426317986455 1011.0 603.0 288.0 1.0 6773.853809431793 6787.666666666661 14232.777777777797 
315.00426317986455 1023.0 609.0 284.0 1.0 6857.818714276503 6867.148148148147 14232.777777777797 
316.00426317986455 1028.0 616.0 292.0 1.0 6960.0285380943205 6971.385185185185 14232.777777777797 
317.00426317986455 1033.0 628.0 296.0 1.0 7064.056187142759 7075.614814814816 14232.777777777797 
318.00426317986455 1040.0 635.0 296.0 1.0 7196.972285380949 7211.740740740742 14232.777777777797 
319.00426317986455 1048.0 645.0 298.0 1.0 7378.417228538102 7398.577777777768 14232.777777777797 
320.00426317986455 1054.0 652.0 307.0 12.0 7501.521722853809 7515.2 14232.777777777797 
321.00426317986455 1058.0 664.0 315.0 11.0 7134.9788389520545 7094.2518518518455 14232.777777777797 
322.00426317986455 1071.0 673.0 309.0 1.0 6958.251217228538 6938.614814814814 14232.777777777797 
323.00426317986455 1083.0 681.0 306.0 2.0 7116.258455056192 7133.814814814808 14232.777777777797 
324.00426317986455 1093.0 696.0 302.0 1.0 7214.732512172276 7225.674074074077 14232.777777777797 
325.00426317986455 1097.0 706.0 309.0 4.0 7260.999917883898 7266.140740740739 14232.777777777797 
326.00426317986455 1101.0 716.0 311.0 4.0 7119.119991788383 7103.3555555555595 14232.777777777797 
327.00426317986455 1108.0 723.0 311.0 4.0 7185.891999178837 7193.311111111106 14232.777777777797 
328.00426317986455 1113.0 742.0 319.0 6.0 7262.389199917875 7270.888888888898 14232.777777777797 
329.00426317986455 1119.0 754.0 318.0 29.0 7330.43225332512 7337.992592592583 14232.777777777797 
330.00103023718725 1124.0 763.0 321.0 10.0 7427.336558665844 7438.10370370369 14232.777777777797 
331.00426317986455 1128.0 783.0 325.0 7.0 6980.813655866582 6931.199999999994 14232.777777777797 
332.00426317986455 1135.0 792.0 324.0 2.0 6985.32803225333 6985.829629629638 14232.777777777797 
333.00426317986455 1143.0 800.0 323.0 1.0 7012.766136558667 7015.814814814808 14232.777777777797 
334.00426317986455 1150.0 809.0 326.0 2.0 6740.069946989204 6709.770370370377 14232.777777777797 
335.00426317986455 1154.0 824.0 332.0 1.0 6755.633661365582 6757.36296296297 14232.777777777797 
336.00426317986455 1165.0 831.0 327.0 1.0 6828.7300328032325 6836.851851851853 14232.777777777797 
337.00426317986455 1179.0 834.0 325.0 1.0 6912.279669946987 6921.562962962966 14232.777777777797 
338.00426317986455 1186.0 837.0 331.0 1.0 6945.721300328031 6949.437037037035 14232.777777777797 
339.00426317986455 1191.0 845.0 339.0 1.0 6960.19879669947 6961.807407407416 14232.777777777797 
340.00426317986455 1198.0 855.0 339.0 1.0 6986.733213003288 6989.681481481484 14232.777777777797 
341.00426317986455 1205.0 860.0 338.0 1.0 7060.92665463366 7069.170370370362 14232.777777777797 
342.00426317986455 1213.0 874.0 341.0 1.0 7111.179332130045 7116.76296296296 14232.777777777797 
343.00426317986455 1222.0 884.0 346.0 6.0 7161.851266546333 7167.48148148149 14232.777777777797 
344.00426317986455 1228.0 894.0 356.0 22.0 7163.925126654637 7164.155555555556 14232.777777777797 
345.00426317986455 1237.0 902.0 356.0 2.0 6823.579179332133 6785.76296296296 14232.777777777797 
346.00426317986455 1243.0 927.0 367.0 1.0 6836.9912512665405 6838.481481481489 14232.777777777797 
347.00426317986455 1257.0 939.0 359.0 1.0 6876.45245845998 6880.8370370370485 14232.777777777797 
348.00426317986455 1267.0 945.0 354.0 1.0 6918.525245845993 6923.199999999996 14232.777777777797 
349.00426317986455 1276.0 956.0 351.0 1.0 6986.132524584599 6993.6444444444405 14232.777777777797 
350.00127775252633 1281.0 965.0 357.0 36.0 7084.97991912512 7095.962962962963 14232.777777777797 
351.00426317986455 1287.0 974.0 361.0 10.0 6926.744658579178 6909.1629629629515 14232.777777777797 
352.00426317986455 1293.0 990.0 369.0 1.0 6944.2344658579195 6946.17777777778 14232.777777777797 
353.00426317986455 1302.0 1000.0 370.0 1.0 6699.243446585797 6672.022222222213 14232.777777777797 
354.00174956091985 1315.0 1010.0 368.0 1.0 6733.4310113252395 6737.229629629623 14232.777777777797 
355.00426317986455 1326.0 1018.0 375.0 1.0 6790.816434465856 6797.192592592583 14232.777777777797 
356.00426317986455 1332.0 1028.0 381.0 8.0 6823.541643446582 6827.17777777778 14232.777777777797 
357.00426317986455 1340.0 1037.0 381.0 42.0 6615.860831011329 6592.78518518518 14232.777777777797 
358.00426317986455 1351.0 1046.0 381.0 4.0 5644.172749767805 5536.20740740741 14232.777777777797 
359.00426317986455 1366.0 1058.0 379.0 1.0 5594.557274976774 5589.044444444436 14232.777777777797 
360.00426317986455 1376.0 1071.0 379.0 1.0 5367.709060831014 5342.503703703709 14232.777777777797 
361.00426317986455 1392.0 1079.0 374.0 1.0 5503.504239416427 5518.592592592598 14232.777777777797 
362.00426317986455 1406.0 1091.0 373.0 1.0 5697.850423941649 5719.444444444449 14232.777777777797 
363.00426317986455 1414.0 1103.0 378.0 28.0 5885.011709060836 5905.8074074074175 14232.777777777797 
364.00426317986455 1424.0 1117.0 372.0 7.0 5613.741170906089 5583.600000000007 14232.777777777797 
365.00426317986455 1434.0 1123.0 378.0 1.0 5611.694117090609 5611.466666666663 14232.777777777797 
366.0021357586667 1439.0 1139.0 389.0 1.0 5364.749411709057 5337.311111111105 14232.777777777797 
367.00426317986455 1452.0 1151.0 381.0 1.0 5355.908274504239 5354.925925925933 14232.777777777797 
368.0002990767473 1458.0 1160.0 388.0 1.0 5357.837494117091 5358.051851851844 14232.777777777797 
369.00426317986455 1469.0 1168.0 386.0 1.0 5358.030416078369 5358.051851851844 14232.777777777797 
370.002522039606 1478.0 1182.0 389.0 1.0 5389.7497082745085 5393.274074074078 14232.777777777797 
371.00426317986455 1488.0 1195.0 388.0 1.0 5424.621637494111 5428.496296296291 14232.777777777797 
372.00426317986455 1496.0 1212.0 386.0 1.0 5459.802163749414 5463.711111111116 14232.777777777797 
373.00426317986455 1504.0 1224.0 388.0 1.0 5495.013549708271 5498.925925925934 14232.777777777797 
374.00426317986455 1519.0 1232.0 380.0 1.0 5530.228021637496 5534.140740740733 14232.777777777797 
375.00426317986455 1526.0 1242.0 385.0 1.0 5549.602802163751 5551.755555555551 14232.777777777797 
376.00426317986455 1536.0 1251.0 385.0 1.0 5599.08028021638 5604.577777777771 14232.777777777797 
377.00426317986455 1541.0 1260.0 393.0 1.0 5651.5813613549735 5657.41481481482 14232.777777777797 
378.00426317986455 1553.0 1276.0 393.0 1.0 5672.678136135491 5675.022222222213 14232.777777777797 
379.00426317986455 1563.0 1291.0 391.0 1.0 5755.741146946875 5764.970370370371 14232.777777777797 
380.00426317986455 1573.0 1302.0 392.0 1.0 5779.9007813613625 5782.58518518518 14232.777777777797 
381.00426317986455 1580.0 1317.0 397.0 1.0 5880.84341146946 5892.05925925926 14232.777777777797 
382.00426317986455 1587.0 1329.0 408.0 1.0 5967.191007813613 5976.78518518518 14232.777777777797 
383.00426317986455 1594.0 1339.0 413.0 1.0 6045.645767448036 6054.3629629629695 14232.777777777797 
384.00426317986455 1598.0 1356.0 419.0 1.0 6139.157910078144 6149.54814814814 14232.777777777797 
385.00426317986455 1602.0 1373.0 431.0 1.0 6196.049124341141 6202.370370370361 14232.777777777797 
386.00426317986455 1608.0 1394.0 436.0 1.0 6231.53824576744 6235.481481481489 14232.777777777797 
387.00426317986455 1612.0 1404.0 441.0 1.0 6320.753824576749 6330.66666666666 14232.777777777797 
388.00426317986455 1617.0 1437.0 450.0 1.0 6388.362049124348 6395.874074074069 14232.777777777797 
389.00426317986455 1622.0 1450.0 454.0 1.0 6458.5162049124265 6466.311111111101 14232.777777777797 
390.00426317986455 1630.0 1476.0 453.0 1.0 6508.364953824585 6513.903703703699 14232.777777777797 
391.00341885690153 1633.0 1490.0 461.0 1.0 6578.463162049125 6586.251851851843 14232.777777777797 
392.00426317986455 1638.0 1502.0 463.0 7.0 6639.439649538242 6646.214814814819 14232.777777777797 
393.00426317986455 1642.0 1518.0 466.0 18.0 6376.53063162049 6347.318518518512 14232.777777777797 
394.00426317986455 1646.0 1538.0 473.0 1.0 6418.246396495386 6422.88148148148 14232.777777777797 
395.00426317986455 1648.0 1550.0 476.0 1.0 6517.504639649543 6528.533333333338 14232.777777777797 
396.00426317986455 1649.0 1573.0 486.0 1.0 6590.8304639649505 6598.977777777785 14232.777777777797 
397.00426317986455 1655.0 1592.0 483.0 7.0 6629.856379729833 6634.192592592583 14232.777777777797 
398.00426317986455 1655.0 1623.0 487.0 48.0 6649.612304639647 6651.807407407417 14232.777777777797 
399.00426317986455 1660.0 1651.0 488.0 4.0 5483.387897130636 5353.807407407416 14232.777777777797 
400.00426317986455 1668.0 1672.0 483.0 1.0 5366.765456379725 5353.807407407416 14232.777777777797 
401.00426317986455 1675.0 1685.0 483.0 1.0 5196.60987897131 5177.703703703701 14232.777777777797 
402.00426317986455 1680.0 1688.0 483.0 1.0 5242.987654563797 5248.140740740733 14232.777777777797 
403.00426317986455 1688.0 1688.0 475.0 1.0 5247.625432123051 5248.140740740733 14232.777777777797 
404.00426317986455 1696.0 1690.0 468.0 24.0 5340.1825432123 5350.466666666662 14232.777777777797 
405.00426317986455 1701.0 1690.0 463.0 9.0 5419.264920987901 5428.051851851844 14232.777777777797 
406.00426317986455 1706.0 1690.0 458.0 1.0 5216.326492098784 5193.777777777785 14232.777777777797 
407.00426317986455 1713.0 1690.0 451.0 1.0 5330.959315876551 5343.696296296292 14232.777777777797 
408.00426317986455 1722.0 1690.0 442.0 1.0 5405.829264920993 5414.14814814815 14232.777777777797 
409.00426317986455 1730.0 1690.0 434.0 1.0 5429.162926492094 5431.755555555551 14232.777777777797 
410.00426317986455 1737.0 1690.0 427.0 1.0 5453.769625982541 5456.503703703709 14232.777777777797 
411.00426317986455 1739.0 1690.0 425.0 1.0 5554.75696259826 5565.977777777787 14232.777777777797 
412.00426317986455 1742.0 1690.0 422.0 32.0 5575.989029593152 5578.348148148142 14232.777777777797 
413.00426317986455 1746.0 1690.0 419.0 5.0 5283.305569625983 5250.785185185182 14232.777777777797 
414.00426317986455 1753.0 1690.0 412.0 2.0 5269.890556962602 5268.399999999993 14232.777777777797 
415.00426317986455 1757.0 1690.0 408.0 1.0 4771.035722362929 4715.607407407404 14232.777777777797 
416.00426317986455 1766.0 1690.0 399.0 1.0 4784.536905569628 4786.037037037038 14232.777777777797 
417.00426317986455 1774.0 1690.0 391.0 1.0 4865.133690556955 4874.088888888889 14232.777777777797 
418.00426317986455 1777.0 1690.0 388.0 1.0 4923.546702389034 4930.037037037039 14232.777777777797 
419.00426317986455 1783.0 1690.0 382.0 1.0 4961.088003572236 4965.259259259254 14232.777777777797 
420.00426317986455 1789.0 1690.0 376.0 1.0 5028.235467023886 5035.6962962962925 14232.777777777797 
421.00426317986455 1798.0 1690.0 367.0 1.0 5101.1568800357245 5109.259259259254 14232.777777777797 
422.00426317986455 1805.0 1690.0 361.0 1.0 5124.302354670236 5126.87407407407 14232.777777777797 
423.00426317986455 1806.0 1690.0 360.0 1.0 5221.710235467028 5232.533333333338 14232.777777777797 
424.00426317986455 1813.0 1690.0 353.0 1.0 5247.2976902133705 5250.140740740733 14232.777777777797 
425.00426317986455 1818.0 1690.0 348.0 1.0 5297.4031023546695 5302.970370370371 14232.777777777797 
426.00426317986455 1825.0 1690.0 341.0 1.0 5334.113643568795 5338.192592592584 14232.777777777797 
427.00426317986455 1830.0 1690.0 336.0 1.0 5385.338031023543 5391.029629629629 14232.777777777797 
428.00426317986455 1835.0 1690.0 331.0 1.0 5438.000469769026 5443.85185185185 14232.777777777797 
429.00426317986455 1846.0 1690.0 320.0 1.0 5474.9667136435655 5479.074074074066 14232.777777777797 
430.00426317986455 1854.0 1690.0 312.0 1.0 5605.450004697699 5619.948148148157 14232.777777777797 
431.00426317986455 1857.0 1690.0 310.0 1.0 5666.045000469765 5672.777777777786 14232.777777777797 
432.00426317986455 1864.0 1690.0 303.0 1.0 5719.651166713649 5725.607407407402 14232.777777777797 
433.00426317986455 1868.0 1690.0 299.0 1.0 5740.8584500046945 5743.214814814819 14232.777777777797 
434.00426317986455 1873.0 1690.0 294.0 1.0 5742.979178333795 5743.214814814819 14232.777777777797 
435.00426317986455 1880.0 1690.0 287.0 1.0 5759.037917833388 5760.82222222222 14232.777777777797 
436.00426317986455 1886.0 1690.0 282.0 1.0 5808.190458450008 5813.651851851858 14232.777777777797 
437.00426317986455 1893.0 1690.0 276.0 1.0 5863.479045845003 5869.622222222228 14232.777777777797 
438.00426317986455 1898.0 1690.0 271.0 1.0 5869.007904584495 5869.622222222228 14232.777777777797 
439.00426317986455 1906.0 1690.0 263.0 1.0 5917.100790458456 5922.444444444449 14232.777777777797 
440.00426317986455 1913.0 1690.0 256.0 1.0 5921.910079045841 5922.444444444449 14232.777777777797 
441.00426317986455 1919.0 1690.0 251.0 1.0 5938.244341237913 5940.05925925926 14232.777777777797 
442.00426317986455 1927.0 1690.0 243.0 1.0 5939.877767457131 5940.05925925926 14232.777777777797 
443.00426317986455 1939.0 1690.0 231.0 1.0 5990.401110079054 5996.014814814826 14232.777777777797 
444.00426317986455 1948.0 1690.0 222.0 1.0 6065.280111007897 6073.600000000009 14232.777777777797 
445.00426317986455 1954.0 1690.0 216.0 1.0 6117.314677767458 6123.096296296301 14232.777777777797 
446.00426317986455 1961.0 1690.0 210.0 1.0 6122.518134443404 6123.096296296301 14232.777777777797 
447.00426317986455 1969.0 1690.0 202.0 1.0 6134.178480111012 6135.47407407408 14232.777777777797 
448.00426317986455 1976.0 1690.0 195.0 1.0 6157.617848011107 6160.222222222213 14232.777777777797 
449.00426317986455 1981.0 1690.0 190.0 5.0 6171.101784801111 6172.600000000009 14232.777777777797 
450.00426317986455 1987.0 1690.0 184.0 41.0 6183.583511813449 6184.970370370371 14232.777777777797 
451.00426317986455 2000.0 1690.0 171.0 2.0 5652.385017848016 5593.362962962969 14232.777777777797 
452.00426317986455 2006.0 1690.0 165.0 1.0 5499.458501784792 5482.466666666663 14232.777777777797 
453.00426317986455 2009.0 1690.0 162.0 1.0 5566.839183511819 5574.325925925929 14232.777777777797 
454.00426317986455 2016.0 1690.0 155.0 1.0 5605.277251684515 5609.548148148142 14232.777777777797 
455.00426317986455 2026.0 1690.0 145.0 1.0 5719.874391835114 5732.607407407402 14232.777777777797 
456.00426317986455 2034.0 1690.0 137.0 1.0 5832.860772516837 5845.41481481482 14232.777777777797 
457.00426317986455 2037.0 1690.0 134.0 1.0 5882.279410585026 5887.770370370377 14232.777777777797 
458.00426317986455 2041.0 1690.0 130.0 1.0 5990.467941058496 6002.488888888882 14232.777777777797 
459.00426317986455 2048.0 1690.0 123.0 1.0 6077.526794105858 6087.1999999999925 14232.777777777797 
460.00426317986455 2054.0 1690.0 117.0 1.0 6113.21934607726 6117.185185185191 14232.777777777797 
461.00426317986455 2057.0 1690.0 114.0 8.0 6210.608601274397 6221.429629629622 14232.777777777797 
462.00426317986455 2063.0 1690.0 108.0 14.0 6081.134193460781 6066.748148148158 14232.777777777797 
463.00426317986455 2066.0 1690.0 106.0 1.0 5885.2734193460765 5863.511111111117 14232.777777777797 
464.00426317986455 2069.0 1690.0 103.0 1.0 5832.274008601281 5826.385185185189 14232.777777777797 
465.00426317986455 2073.0 1690.0 99.0 1.0 5876.240734193454 5881.1259259259305 14232.777777777797 
466.00426317986455 2075.0 1690.0 98.0 1.0 5921.570740086004 5926.6074074074 14232.777777777797 
467.00426317986455 2081.0 1690.0 92.0 1.0 5980.070407341936 5986.5703703703775 14232.777777777797 
468.00426317986455 2085.0 1690.0 88.0 1.0 5883.9670407341955 5873.288888888883 14232.777777777797 
469.00426317986455 2086.0 1690.0 87.0 1.0 5896.630037406754 5898.037037037041 14232.777777777797 
470.00426317986455 2091.0 1690.0 82.0 1.0 5909.036337074008 5910.41481481482 14232.777777777797 
471.00426317986455 2093.0 1690.0 80.0 1.0 5964.243633707399 5970.377777777772 14232.777777777797 
472.00426317986455 2098.0 1690.0 75.0 1.0 6025.457696704071 6032.259259259253 14232.777777777797 
473.00426317986455 2104.0 1690.0 69.0 1.0 6121.965769670415 6132.688888888898 14232.777777777797 
474.00426317986455 2111.0 1690.0 62.0 6.0 6201.436576967031 6210.26666666667 14232.777777777797 
475.00426317986455 2111.0 1690.0 62.0 17.0 6263.350324363365 6270.229629629624 14232.777777777797 
476.00426317986455 2113.0 1690.0 60.0 1.0 6213.855032436345 6208.3555555555595 14232.777777777797 
477.00426317986455 2115.0 1690.0 58.0 1.0 6301.0055032436285 6310.688888888898 14232.777777777797 
478.00426317986455 2118.0 1690.0 56.0 1.0 6352.547216991035 6358.27407407408 14232.777777777797 
479.00426317986455 2120.0 1690.0 54.0 1.0 6329.008055032425 6326.392592592599 14232.777777777797 
480.00426317986455 2120.0 1690.0 54.0 1.0 6360.067472169903 6363.518518518511 14232.777777777797 
481.00426317986455 2123.0 1690.0 51.0 1.0 6401.286747216985 6405.866666666674 14232.777777777797 
482.00426317986455 2125.0 1690.0 49.0 6.0 6503.928674721704 6515.3333333333385 14232.777777777797 
483.00426317986455 2128.0 1690.0 46.0 15.0 6545.8862008055075 6550.548148148142 14232.777777777797 
484.00426317986455 2130.0 1690.0 44.0 1.0 6594.635286747204 6600.051851851843 14232.777777777797 
485.00426317986455 2130.0 1690.0 45.0 1.0 6664.610195341379 6672.385185185185 14232.777777777797 
486.00426317986455 2133.0 1690.0 42.0 1.0 6790.681019534147 6804.688888888895 14232.777777777797 
487.00426317986455 2134.0 1690.0 41.0 1.0 6917.674768620093 6931.785185185185 14232.777777777797 
488.00426317986455 2135.0 1690.0 40.0 1.0 7089.294143528672 7108.362962962971 14232.777777777797 
489.00426317986455 2136.0 1690.0 39.0 1.0 7195.54941435287 7207.3555555555595 14232.777777777797 
490.00426317986455 2136.0 1690.0 39.0 1.0 7393.801608101963 7415.829629629638 14232.777777777797 
491.00426317986455 2137.0 1690.0 38.0 1.0 7540.853494143525 7557.19259259259 14232.777777777797 
492.00426317986455 2137.0 1690.0 38.0 6.0 7671.645349414351 7686.17777777778 14232.777777777797 
493.00426317986455 2138.0 1690.0 37.0 20.0 7818.377868274763 7834.681481481475 14232.777777777797 
494.00426317986455 2138.0 1690.0 37.0 1.0 7933.291120160797 7946.05925925926 14232.777777777797 
495.00426317986455 2138.0 1690.0 37.0 1.0 8083.142445349421 8099.792592592606 14232.777777777797 
496.00426317986455 2138.0 1690.0 37.0 1.0 8191.927577868286 8204.014814814833 14232.777777777797 
497.00426317986455 2139.0 1690.0 36.0 5.0 8303.046091120174 8315.392592592587 14232.777777777797 
498.00426317986455 2139.0 1690.0 36.0 20.0 8392.124609112001 8402.022222222227 14232.777777777797 
499.00426317986455 2139.0 1690.0 36.0 1.0 8517.119127577867 8531.007407407418 14232.777777777797 
500.00426317986455 2139.0 1690.0 36.0 1.0 8551.89857942444 8555.76296296296 14232.777777777797 
501.00426317986455 2139.0 1690.0 36.0 1.0 8671.456524609104 8684.74074074073 14232.777777777797 
502.00426317986455 2141.0 1690.0 34.0 2.0 8772.505652460894 8783.73333333335 14232.777777777797 
503.00426317986455 2141.0 1690.0 34.0 8.0 8909.830565246099 8925.088888888871 14232.777777777797 
504.00426317986455 2144.0 1690.0 31.0 2.0 8995.10972319128 9004.58518518518 14232.777777777797 
505.00426317986455 2145.0 1690.0 30.0 1.0 9113.290972319139 9126.422222222234 14232.777777777797 
506.00426317986455 2145.0 1690.0 30.0 1.0 9180.809097231906 9188.311111111116 14232.777777777797 
507.00426317986455 2145.0 1690.0 30.0 1.0 9259.100909723184 9267.799999999987 14232.777777777797 
508.00426317986455 2145.0 1690.0 30.0 19.0 9354.323424305654 9364.903703703716 14232.777777777797 
509.00426317986455 2145.0 1690.0 31.0 10.0 9435.379009097232 9444.385185185167 14232.777777777797 
510.00426317986455 2146.0 1690.0 30.0 1.0 9526.144567576399 9536.22962962962 14232.777777777797 
511.00426317986455 2148.0 1690.0 28.0 1.0 9585.387790090963 9591.970370370347 14232.777777777797 
512.0042631798646 2149.0 1690.0 27.0 1.0 9618.305445675778 9621.962962962974 14232.777777777797 
513.0042631798646 2149.0 1690.0 27.0 20.0 9686.703877900893 9694.303703703716 14232.777777777797 
514.0042631798646 2149.0 1690.0 27.0 10.0 9749.223721123431 9756.17037037036 14232.777777777797 
515.0042631798646 2150.0 1690.0 26.0 2.0 9811.169038779024 9818.05185185184 14232.777777777797 
516.0042631798646 2150.0 1690.0 26.0 1.0 9866.62357054458 9872.785185185197 14232.777777777797 
517.0042631798646 2152.0 1690.0 24.0 1.0 9916.722357054448 9922.288888888881 14232.777777777797 
518.0042631798646 2152.0 1690.0 24.0 20.0 9988.572235705446 9996.555555555575 14232.777777777797 
519.0042631798646 2153.0 1690.0 23.0 11.0 10040.303890237199 10046.05185185184 14232.777777777797 
520.0042631798646 2153.0 1690.0 23.0 1.0 10117.010389023739 10125.53333333334 14232.777777777797 
521.0042631798646 2153.0 1690.0 23.0 3.0 10245.481038902353 10259.755555555543 14232.777777777797 
522.0042631798646 2155.0 1690.0 21.0 2.0 10314.014770556894 10321.62962962962 14232.777777777797 
523.0042631798646 2155.0 1690.0 21.0 1.0 10370.121477055676 10376.35555555556 14232.777777777797 
524.0042631798646 2156.0 1690.0 20.0 1.0 10424.99214770559 10431.088888888864 14232.777777777797 
525.0042631798646 2156.0 1690.0 20.0 1.0 10441.619214770571 10443.46666666666 14232.777777777797 
526.0042631798646 2156.0 1690.0 20.0 10.0 10459.135254810415 10461.081481481497 14232.777777777797 
527.0042631798646 2157.0 1690.0 19.0 20.0 10505.440192147697 10510.58518518518 14232.777777777797 
528.0042631798646 2157.0 1690.0 19.0 1.0 10532.33735254809 10535.325925925903 14232.777777777797 
529.0042631798646 2157.0 1690.0 19.0 2.0 10579.573735254804 10584.822222222221 14232.777777777797 
530.0042631798646 2157.0 1690.0 20.0 1.0 10628.844040192127 10634.31851851854 14232.777777777797 
531.0042631798646 2159.0 1690.0 18.0 8.0 10656.051070685891 10659.074074074086 14232.777777777797 
532.0042631798646 2159.0 1690.0 18.0 17.0 10669.911773735232 10671.451851851838 14232.777777777797 
533.0042631798646 2159.0 1690.0 18.0 13.0 10693.56451070688 10696.192592592604 14232.777777777797 
534.0042631798646 2159.0 1690.0 18.0 2.0 10718.203117737368 10720.940740740742 14232.777777777797 
535.0042631798646 2159.0 1690.0 19.0 1.0 10709.526978440425 10708.562962962942 14232.777777777797 
536.0042631798646 2159.0 1690.0 19.0 1.0 10724.506031177387 10726.17037037036 14232.777777777797 
537.0042631798646 2159.0 1690.0 19.0 1.0 10797.543936451062 10805.659259259277 14232.777777777797 
538.0042631798646 2160.0 1690.0 19.0 1.0 10820.701060311789 10823.27407407406 14232.777777777797 
539.0042631798646 2161.0 1690.0 18.0 1.0 10856.423439364497 10860.392592592578 14232.777777777797 
540.0042631798646 2161.0 1690.0 18.0 1.0 10913.969010603108 10920.362962962978 14232.777777777797 
541.0042631798646 2161.0 1690.0 18.0 18.0 10953.136901060294 10957.488888888904 14232.777777777797 
542.0042631798646 2161.0 1690.0 18.0 11.0 10990.46702343937 10994.614814814839 14232.777777777797 
543.0042631798646 2161.0 1690.0 18.0 1.0 11013.666702343926 11016.244444444457 14232.777777777797 
544.0042631798646 2161.0 1690.0 18.0 1.0 11038.260003567753 11040.99259259258 14232.777777777797 
545.0042631798646 2161.0 1690.0 18.0 1.0 11062.992667023438 11065.740740740719 14232.777777777797 
546.0042631798646 2161.0 1690.0 18.0 15.0 11043.18593336902 11040.985185185164 14232.777777777797 
547.0042631798646 2162.0 1690.0 17.0 19.0 11090.47192667021 11095.725925925943 14232.777777777797 
548.0042631798646 2163.0 1690.0 16.0 1.0 11106.333859333705 11108.096296296279 14232.777777777797 
549.0042631798646 2163.0 1690.0 16.0 1.0 11130.193385933353 11132.844444444463 14232.777777777797 
550.0042631798646 2163.0 1690.0 16.0 1.0 11192.979338593352 11199.955555555578 14232.777777777797 
551.0042631798646 2163.0 1690.0 16.0 1.0 11237.38460052602 11242.318518518541 14232.777777777797 
552.0042631798646 2163.0 1690.0 16.0 1.0 11257.671793385962 11259.925925925914 14232.777777777797 
553.0042631798646 2163.0 1690.0 16.0 1.0 11270.840512671906 11272.303703703717 14232.777777777797 
554.0042631798646 2163.0 1690.0 16.0 1.0 11283.29738460054 11284.681481481459 14232.777777777797 
555.0042631798646 2163.0 1690.0 16.0 1.0 11306.823071793371 11309.43703703706 14232.777777777797 
556.0042631798646 2163.0 1690.0 16.0 10.0 11331.44897384599 11334.185185185197 14232.777777777797 
557.0042631798646 2164.0 1690.0 16.0 18.0 11360.904897384615 11364.177777777779 14232.777777777797 
558.0042631798646 2165.0 1690.0 15.0 1.0 11374.990489738482 11376.55555555558 14232.777777777797 
559.0042631798646 2165.0 1690.0 15.0 1.0 11381.10571564053 11381.785185185203 14232.777777777797 
560.0042631798646 2165.0 1690.0 15.0 2.0 11381.710571564063 11381.777777777797 14232.777777777797 
561.0042631798646 2165.0 1690.0 15.0 1.0 11392.911057156414 11394.155555555537 14232.777777777797 
562.0042631798646 2165.0 1690.0 16.0 1.0 11382.891105715633 11381.777777777797 14232.777777777797 
563.0042631798646 2165.0 1690.0 16.0 10.0 11381.889110571548 11381.777777777797 14232.777777777797 
564.0042631798646 2166.0 1690.0 15.0 17.0 11397.635577723802 11399.38518518516 14232.777777777797 
565.0042631798646 2166.0 1690.0 15.0 13.0 11399.210224439057 11399.38518518516 14232.777777777797 
566.0042631798646 2166.0 1690.0 15.0 1.0 11437.49435577722 11441.748148148134 14232.777777777797 
567.0042631798646 2167.0 1690.0 14.0 1.0 11430.182768911081 11429.370370370385 14232.777777777797 
568.0042631798646 2167.0 1690.0 14.0 1.0 11445.298276891097 11446.97777777776 14232.777777777797 
569.0042631798646 2168.0 1690.0 13.0 1.0 11457.949827689123 11459.355555555561 14232.777777777797 
570.0042631798646 2168.0 1690.0 14.0 1.0 11486.194982768884 11489.333333333318 14232.777777777797 
571.0042631798646 2168.0 1690.0 14.0 1.0 11571.692831610233 11581.192592592606 14232.777777777797 
572.0042631798646 2168.0 1690.0 14.0 1.0 11602.522616494374 11605.94814814816 14232.777777777797 
573.0042631798646 2168.0 1690.0 15.0 1.0 11605.60559498279 11605.94814814816 14232.777777777797 
574.0042631798646 2168.0 1690.0 15.0 1.0 11682.167226164936 11690.6740740741 14232.777777777797 
575.0042631798646 2168.0 1690.0 15.0 1.0 11766.063389283176 11775.385185185158 14232.777777777797 
576.0042631798646 2168.0 1690.0 15.0 1.0 11812.586338928313 11817.755555555543 14232.777777777797 
577.0042631798646 2168.0 1690.0 15.0 1.0 11839.511967226168 11842.503703703678 14232.777777777797 
578.0042631798646 2168.0 1690.0 15.0 1.0 11853.337863389283 11854.874074074063 14232.777777777797 
579.0042631798646 2168.0 1690.0 15.0 24.0 11881.707119672288 11884.859259259238 14232.777777777797 
580.0042631798646 2170.0 1690.0 13.0 9.0 11910.610711967229 11913.822222222223 14232.777777777797 
581.0042631798646 2170.0 1690.0 13.0 1.0 11951.627737863413 11956.185185185195 14232.777777777797 
582.0042631798646 2170.0 1690.0 13.0 1.0 11966.869440453005 11968.562962962938 14232.777777777797 
583.0042631798646 2170.0 1690.0 13.0 1.0 12006.520277378646 12010.925925925914 14232.777777777797 
584.0042631798646 2170.0 1690.0 13.0 1.0 12021.625361071197 12023.303703703716 14232.777777777797 
585.0042631798646 2170.0 1690.0 13.0 1.0 12037.075869440454 12038.792592592621 14232.777777777797 
586.0042631798646 2170.0 1690.0 13.0 1.0 12076.747586944057 12081.155555555535 14232.777777777797 
587.0042631798646 2171.0 1690.0 12.0 2.0 12114.128092027742 12118.281481481466 14232.777777777797 
588.0042631798646 2171.0 1690.0 13.0 26.0 12117.859475869429 12118.274074074054 14232.777777777797 
589.0042631798646 2172.0 1690.0 12.0 5.0 12140.512614253632 12143.029629629662 14232.777777777797 
590.0042631798646 2172.0 1690.0 12.0 1.0 12176.17792809201 12180.140740740759 14232.777777777797 
591.0042631798646 2172.0 1690.0 12.0 1.0 12204.831126142546 12208.014814814836 14232.777777777797 
592.0042631798646 2172.0 1690.0 12.0 1.0 12207.696445947571 12208.014814814836 14232.777777777797 
593.0042631798646 2173.0 1690.0 11.0 1.0 12219.122977928071 12220.392592592574 14232.777777777797 
594.0042631798646 2173.0 1690.0 12.0 1.0 12247.252297792806 12250.377777777798 14232.777777777797 
595.0042631798646 2173.0 1690.0 12.0 1.0 12264.011896445929 12265.874074074069 14232.777777777797 
596.0042631798646 2175.0 1690.0 10.0 1.0 12292.674522977937 12295.859259259243 14232.777777777797 
597.0042631798646 2175.0 1690.0 10.0 1.0 12284.400785631115 12283.481481481493 14232.777777777797 
598.0042631798646 2175.0 1690.0 10.0 1.0 12316.986745229764 12320.607407407426 14232.777777777797 
599.0042631798646 2175.0 1690.0 10.0 6.0 12347.232007856288 12350.592592592599 14232.777777777797 
600.0042631798646 2176.0 1690.0 9.0 37.0 12363.296534118977 12365.081481481504 14232.777777777797 
#####################################################################
# End of data export. Simulation finished at: 2020-02-04T07:48+0000 #
#####################################################################
