#####################################################################
# Alchemist log file - simulation started at: 2020-01-24T00:47+0000 #
#####################################################################
# seed = 0.0, meanTaskSize = 1000, smoothing = 0.9, grain = 1400.0, peakFrequency = 0.3
#
# The columns have the following meaning: 
# time done[Sum] drop[Sum] waiting[Sum] isLeader[Sum] capacity[Mean] freeCapacity[Mean] maxCapacity[Mean] 
0.0 NaN 0.0 NaN NaN NaN NaN NaN 
1.0017826406940806 0.0 0.0 0.0 135.0 14232.777777777797 14232.777777777797 14232.777777777797 
2.0017826406940804 0.0 0.0 0.0 135.0 14232.777777777797 14232.777777777797 14232.777777777797 
3.0017826406940804 0.0 0.0 0.0 135.0 14232.777777777797 14232.777777777797 14232.777777777797 
4.00178264069408 0.0 0.0 0.0 135.0 14232.777777777797 14232.777777777797 14232.777777777797 
5.00178264069408 0.0 0.0 0.0 135.0 14232.777777777797 14232.777777777797 14232.777777777797 
6.00178264069408 0.0 0.0 0.0 135.0 14232.777777777797 14232.777777777797 14232.777777777797 
7.00178264069408 0.0 0.0 0.0 135.0 14232.777777777797 14232.777777777797 14232.777777777797 
8.001782640694081 0.0 0.0 0.0 135.0 14232.777777777797 14232.777777777797 14232.777777777797 
9.001782640694081 0.0 0.0 0.0 135.0 14232.777777777797 14232.777777777797 14232.777777777797 
10.001782640694081 0.0 0.0 0.0 135.0 14232.777777777797 14232.777777777797 14232.777777777797 
11.001782640694081 0.0 0.0 0.0 135.0 14232.777777777797 14232.777777777797 14232.777777777797 
12.001782640694081 0.0 0.0 0.0 135.0 14232.777777777797 14232.777777777797 14232.777777777797 
13.001782640694081 0.0 0.0 1.0 135.0 14232.777777777797 14232.777777777797 14232.777777777797 
14.001782640694081 0.0 0.0 1.0 134.0 14229.964444444451 14229.651851851839 14232.777777777797 
15.001782640694081 0.0 0.0 1.0 134.0 14229.683111111077 14229.651851851839 14232.777777777797 
16.00178264069408 0.0 0.0 1.0 134.0 14229.654977777798 14229.651851851839 14232.777777777797 
17.00178264069408 0.0 0.0 2.0 134.0 14229.65216444446 14229.651851851839 14232.777777777797 
18.00178264069408 1.0 0.0 1.0 134.0 14213.79854977775 14212.037037037013 14232.777777777797 
19.00178264069408 1.0 0.0 1.0 134.0 14228.066521644447 14229.651851851839 14232.777777777797 
20.00178264069408 1.0 0.0 1.0 134.0 14229.493318831133 14229.651851851839 14232.777777777797 
21.00178264069408 1.0 0.0 1.0 134.0 14229.635998549777 14229.651851851839 14232.777777777797 
22.00178264069408 1.0 0.0 2.0 134.0 14229.650266521661 14229.651851851839 14232.777777777797 
23.00178264069408 1.0 0.0 3.0 133.0 14226.838359985493 14226.525925925918 14232.777777777797 
24.00178264069408 1.0 0.0 3.0 132.0 14223.743835998554 14223.400000000001 14232.777777777797 
25.00178264069408 1.0 0.0 3.0 132.0 14223.43438359985 14223.400000000001 14232.777777777797 
26.00178264069408 1.0 0.0 3.0 132.0 14223.40343836 14223.400000000001 14232.777777777797 
27.00178264069408 1.0 0.0 3.0 132.0 14223.400343835967 14223.400000000001 14232.777777777797 
28.00178264069408 1.0 0.0 4.0 132.0 14223.40003438358 14223.400000000001 14232.777777777797 
29.00178264069408 1.0 0.0 4.0 131.0 14220.586670105022 14220.274074074052 14232.777777777797 
30.00178264069408 2.0 0.0 3.0 131.0 14220.305333677146 14220.274074074052 14232.777777777797 
31.00178264069408 2.0 0.0 3.0 132.0 14223.090533367704 14223.400000000001 14232.777777777797 
32.00178264069408 2.0 0.0 3.0 132.0 14223.369053336757 14223.400000000001 14232.777777777797 
33.00178264069408 2.0 0.0 3.0 132.0 14223.396905333644 14223.400000000001 14232.777777777797 
34.00178264069408 2.0 0.0 3.0 132.0 14223.399690533368 14223.400000000001 14232.777777777797 
35.00178264069408 2.0 0.0 3.0 132.0 14223.399969053316 14223.400000000001 14232.777777777797 
36.00178264069408 2.0 0.0 4.0 132.0 14223.39999690532 14223.400000000001 14232.777777777797 
37.00178264069408 2.0 0.0 4.0 131.0 14220.58666635718 14220.274074074052 14232.777777777797 
38.00178264069408 2.0 0.0 4.0 131.0 14220.305333302409 14220.274074074052 14232.777777777797 
39.00178264069408 2.0 0.0 4.0 131.0 14220.277199996926 14220.274074074052 14232.777777777797 
40.00178264069408 2.0 0.0 4.0 131.0 14220.274386666371 14220.274074074052 14232.777777777797 
41.00178264069408 2.0 0.0 4.0 131.0 14220.274105333327 14220.274074074052 14232.777777777797 
42.00178264069408 2.0 0.0 4.0 131.0 14220.274077199989 14220.274074074052 14232.777777777797 
43.00178264069408 2.0 0.0 4.0 131.0 14220.27407438667 14220.274074074052 14232.777777777797 
44.00178264069408 2.0 0.0 4.0 131.0 14220.274074105348 14220.274074074052 14232.777777777797 
45.00178264069408 2.0 0.0 4.0 131.0 14220.274074077237 14220.274074074052 14232.777777777797 
46.00178264069408 2.0 0.0 4.0 131.0 14220.274074074408 14220.274074074052 14232.777777777797 
47.00178264069408 2.0 0.0 4.0 131.0 14220.2740740741 14220.274074074052 14232.777777777797 
48.00178264069408 2.0 0.0 5.0 131.0 14220.274074074056 14220.274074074052 14232.777777777797 
49.00178264069408 2.0 0.0 5.0 130.0 14217.460740740746 14217.14814814815 14232.777777777797 
50.00178264069408 2.0 0.0 6.0 130.0 14217.179407407424 14217.14814814815 14232.777777777797 
51.00178264069408 2.0 0.0 6.0 129.0 14214.337940740756 14214.022222222226 14232.777777777797 
52.00178264069408 2.0 0.0 6.0 129.0 14214.053794074058 14214.022222222226 14232.777777777797 
53.00178264069408 2.0 0.0 6.0 129.0 14214.025379407381 14214.022222222226 14232.777777777797 
54.00178264069408 2.0 0.0 6.0 129.0 14214.022537940742 14214.022222222226 14232.777777777797 
55.00178264069408 2.0 0.0 6.0 129.0 14214.02225379404 14214.022222222226 14232.777777777797 
56.00178264069408 2.0 0.0 6.0 129.0 14214.022225379413 14214.022222222226 14232.777777777797 
57.00178264069408 2.0 0.0 7.0 129.0 14214.022222537944 14214.022222222226 14232.777777777797 
58.00178264069408 2.0 0.0 7.0 128.0 14211.208888920439 14210.896296296318 14232.777777777797 
59.00178264069408 2.0 0.0 7.0 128.0 14210.927555558694 14210.896296296318 14232.777777777797 
60.00178264069408 2.0 0.0 8.0 128.0 14210.899422222554 14210.896296296318 14232.777777777797 
61.00178264069408 2.0 0.0 8.0 127.0 14208.08327555556 14207.77037037036 14232.777777777797 
62.00178264069408 2.0 0.0 8.0 127.0 14207.801660888885 14207.77037037036 14232.777777777797 
63.00178264069408 2.0 0.0 8.0 127.0 14207.77349942221 14207.77037037036 14232.777777777797 
64.00178264069407 2.0 0.0 8.0 127.0 14207.77068327557 14207.77037037036 14232.777777777797 
65.00178264069407 2.0 0.0 8.0 127.0 14207.770401660882 14207.77037037036 14232.777777777797 
66.00178264069407 2.0 0.0 8.0 127.0 14207.770373499428 14207.77037037036 14232.777777777797 
67.00178264069407 2.0 0.0 8.0 127.0 14207.770370683289 14207.77037037036 14232.777777777797 
68.00178264069407 2.0 0.0 8.0 127.0 14207.77037040165 14207.77037037036 14232.777777777797 
69.00178264069407 2.0 0.0 8.0 127.0 14207.770370373497 14207.77037037036 14232.777777777797 
70.00178264069407 2.0 0.0 8.0 127.0 14207.770370370665 14207.77037037036 14232.777777777797 
71.00178264069407 3.0 0.0 7.0 127.0 14207.770370370405 14207.77037037036 14232.777777777797 
72.00178264069407 3.0 0.0 7.0 128.0 14210.583703703702 14210.896296296318 14232.777777777797 
73.00178264069407 3.0 0.0 7.0 128.0 14210.865037037021 14210.896296296318 14232.777777777797 
74.00178264069407 3.0 0.0 7.0 128.0 14210.893170370387 14210.896296296318 14232.777777777797 
75.00178264069407 3.0 0.0 7.0 128.0 14210.895983703724 14210.896296296318 14232.777777777797 
76.00178264069407 3.0 0.0 8.0 128.0 14210.89626503704 14210.896296296318 14232.777777777797 
77.00178264069407 3.0 0.0 8.0 128.0 14195.04295983706 14193.281481481483 14232.777777777797 
78.00178264069407 4.0 0.0 8.0 128.0 14193.45762931704 14193.281481481483 14232.777777777797 
79.00178264069407 4.0 0.0 8.0 127.0 14206.339096265021 14207.77037037036 14232.777777777797 
80.00178264069407 4.0 0.0 8.0 127.0 14207.627242959854 14207.77037037036 14232.777777777797 
81.00178264069407 4.0 0.0 8.0 127.0 14207.756057629293 14207.77037037036 14232.777777777797 
82.00178264069407 4.0 0.0 8.0 127.0 14207.768939096277 14207.77037037036 14232.777777777797 
83.00178264069407 4.0 0.0 8.0 127.0 14207.77022724296 14207.77037037036 14232.777777777797 
84.00178264069407 4.0 0.0 8.0 127.0 14207.770356057601 14207.77037037036 14232.777777777797 
85.00178264069407 4.0 0.0 8.0 127.0 14207.77036893909 14207.77037037036 14232.777777777797 
86.00178264069407 4.0 0.0 8.0 127.0 14207.77037022722 14207.77037037036 14232.777777777797 
87.00178264069407 4.0 0.0 8.0 127.0 14207.77037035607 14207.77037037036 14232.777777777797 
88.00178264069407 4.0 0.0 8.0 127.0 14207.770370368942 14207.77037037036 14232.777777777797 
89.00178264069407 4.0 0.0 8.0 127.0 14207.770370370215 14207.77037037036 14232.777777777797 
90.00178264069407 4.0 0.0 9.0 127.0 14207.770370370374 14207.77037037036 14232.777777777797 
91.00178264069407 4.0 0.0 9.0 127.0 14191.917037037028 14190.155555555531 14232.777777777797 
92.00178264069407 5.0 0.0 8.0 127.0 14190.331703703709 14190.155555555531 14232.777777777797 
93.00178264069407 5.0 0.0 8.0 127.0 14206.026503703699 14207.77037037036 14232.777777777797 
94.00178264069407 5.0 0.0 8.0 127.0 14207.595983703708 14207.77037037036 14232.777777777797 
95.00178264069407 5.0 0.0 8.0 127.0 14207.752931703688 14207.77037037036 14232.777777777797 
96.00178264069407 5.0 0.0 8.0 127.0 14207.768626503737 14207.77037037036 14232.777777777797 
97.00178264069407 5.0 0.0 8.0 127.0 14207.770195983685 14207.77037037036 14232.777777777797 
98.00178264069407 5.0 0.0 8.0 127.0 14207.770352931711 14207.77037037036 14232.777777777797 
99.00178264069407 5.0 0.0 10.0 127.0 14207.770368626509 14207.77037037036 14232.777777777797 
100.00178264069407 5.0 0.0 10.0 125.0 14202.143703529326 14201.518518518522 14232.777777777797 
101.00178264069407 5.0 0.0 10.0 125.0 14201.581037019587 14201.518518518522 14232.777777777797 
102.00178264069407 5.0 0.0 10.0 125.0 14201.524770368647 14201.518518518522 14232.777777777797 
103.00178264069407 5.0 0.0 10.0 125.0 14201.519143703525 14201.518518518522 14232.777777777797 
104.00178264069407 5.0 0.0 10.0 125.0 14201.518581037019 14201.518518518522 14232.777777777797 
105.00178264069407 5.0 0.0 10.0 125.0 14201.518524770352 14201.518518518522 14232.777777777797 
106.00178264069407 5.0 0.0 10.0 125.0 14201.518519143696 14201.518518518522 14232.777777777797 
107.00178264069407 5.0 0.0 10.0 125.0 14201.518518581026 14201.518518518522 14232.777777777797 
108.00178264069407 5.0 0.0 10.0 125.0 14201.518518524806 14201.518518518522 14232.777777777797 
109.00178264069407 5.0 0.0 10.0 125.0 14201.518518519159 14201.518518518522 14232.777777777797 
110.00178264069407 5.0 0.0 10.0 125.0 14201.518518518584 14201.518518518522 14232.777777777797 
111.00178264069407 5.0 0.0 10.0 125.0 14201.518518518533 14201.518518518522 14232.777777777797 
112.00178264069407 5.0 0.0 10.0 125.0 14201.518518518524 14201.518518518522 14232.777777777797 
113.00178264069407 5.0 0.0 10.0 125.0 14201.518518518522 14201.518518518522 14232.777777777797 
114.00178264069407 5.0 0.0 10.0 125.0 14201.518518518522 14201.518518518522 14232.777777777797 
115.00178264069407 5.0 0.0 10.0 125.0 14201.518518518522 14201.518518518522 14232.777777777797 
116.00178264069407 5.0 0.0 11.0 125.0 14201.518518518522 14201.518518518522 14232.777777777797 
117.00178264069407 5.0 0.0 11.0 124.0 14198.705185185183 14198.392592592572 14232.777777777797 
118.00178264069407 5.0 0.0 11.0 124.0 14198.423851851861 14198.392592592572 14232.777777777797 
119.00178264069407 5.0 0.0 11.0 124.0 14198.395718518532 14198.392592592572 14232.777777777797 
120.00178264069407 5.0 0.0 12.0 124.0 14198.39290518516 14198.392592592572 14232.777777777797 
121.00178264069407 7.0 0.0 10.0 124.0 14198.39262385185 14198.392592592572 14232.777777777797 
122.00178264069407 7.0 0.0 10.0 126.0 14188.165929051871 14187.029629629666 14232.777777777797 
123.00178264069407 7.0 0.0 11.0 126.0 14187.143259571843 14187.029629629666 14232.777777777797 
124.00178264069407 7.0 0.0 11.0 126.0 14187.04099262383 14187.029629629666 14232.777777777797 
125.00178264069407 7.0 0.0 11.0 126.0 14171.184099262406 14169.422222222236 14232.777777777797 
126.00178264069407 7.0 0.0 12.0 126.0 14169.59840992621 14169.422222222236 14232.777777777797 
127.00178264069407 8.0 0.0 11.0 125.0 14166.626507659292 14166.296296296277 14232.777777777797 
128.00178264069407 8.0 0.0 13.0 125.0 14182.17598409925 14183.903703703707 14232.777777777797 
129.00178264069407 8.0 0.0 15.0 125.0 14183.730931743245 14183.903703703707 14232.777777777797 
130.00178264069407 8.0 0.0 16.0 125.0 14136.339759840985 14131.07407407407 14232.777777777797 
131.00178264069407 9.0 0.0 15.0 125.0 14115.74730931743 14113.459259259243 14232.777777777797 
132.00178264069407 9.0 0.0 17.0 126.0 14100.654730931727 14098.977777777774 14232.777777777797 
133.00178264069407 9.0 0.0 18.0 126.0 14099.14547309317 14098.977777777774 14232.777777777797 
134.00178264069407 10.0 0.0 17.0 126.0 14067.294547309315 14063.755555555561 14232.777777777797 
135.00178264069407 10.0 0.0 17.0 126.0 14064.109454730942 14063.755555555561 14232.777777777797 
136.00178264069407 10.0 0.0 18.0 126.0 14063.790945473074 14063.755555555561 14232.777777777797 
137.00178264069407 11.0 0.0 18.0 126.0 14047.912427880638 14046.148148148148 14232.777777777797 
138.00178264069407 11.0 0.0 20.0 127.0 14049.137909454708 14049.274074074052 14232.777777777797 
139.00178264069407 11.0 0.0 21.0 127.0 14033.413790945495 14031.666666666668 14232.777777777797 
140.00178264069407 11.0 0.0 22.0 127.0 14000.14137909455 13996.444444444414 14232.777777777797 
141.00178264069407 13.0 0.0 20.0 127.0 13980.967471242788 13978.83703703704 14232.777777777797 
142.00178264069407 13.0 0.0 20.0 127.0 13994.90341379093 13996.45185185185 14232.777777777797 
143.00178264069407 14.0 0.0 19.0 127.0 13996.297008045785 13996.45185185185 14232.777777777797 
144.00178264069407 14.0 0.0 21.0 127.0 14012.283034137903 14014.059259259278 14232.777777777797 
145.00178264069407 16.0 0.0 20.0 127.0 14013.881636747104 14014.059259259278 14232.777777777797 
146.00178264069407 16.0 0.0 22.0 126.0 14011.228163674718 14010.933333333322 14232.777777777797 
147.00178264069407 16.0 0.0 24.0 126.0 13995.109483034152 13993.318518518547 14232.777777777797 
148.00178264069407 16.0 0.0 25.0 126.0 13961.804281636747 13958.103703703682 14232.777777777797 
149.00178264069407 16.0 0.0 26.0 126.0 13942.620428163691 13940.488888888909 14232.777777777797 
150.00178264069407 17.0 0.0 25.0 126.0 13909.008709483009 13905.274074074052 14232.777777777797 
151.00178264069407 18.0 0.0 25.0 127.0 13908.460870948302 13908.400000000001 14232.777777777797 
152.00178264069407 20.0 0.0 27.0 126.0 13921.439420428183 13922.88148148148 14232.777777777797 
153.00178264069407 21.0 0.0 29.0 126.0 13938.583942042816 13940.488888888909 14232.777777777797 
154.00178264069407 21.0 0.0 31.0 107.0 13887.131727537624 13881.414814814802 14232.777777777797 
155.00178264069407 21.0 0.0 33.0 125.0 13881.98650608709 13881.414814814802 14232.777777777797 
156.00178264069407 21.0 0.0 37.0 103.0 13633.44531727539 13605.82962962964 14232.777777777797 
157.00178264069407 23.0 0.0 36.0 105.0 13608.591198394199 13605.82962962964 14232.777777777797 
158.00178264069407 23.0 0.0 40.0 125.0 13543.99245317273 13536.814814814803 14232.777777777797 
159.00178264069407 25.0 0.0 41.0 109.0 13459.07257865058 13449.637037037037 14232.777777777797 
160.00178264069407 27.0 0.0 40.0 95.0 13344.347257865074 13331.600000000004 14232.777777777797 
161.00178264069407 28.0 0.0 42.0 95.0 13351.534725786505 13352.333333333327 14232.777777777797 
162.00178264069407 32.0 0.0 41.0 95.0 13287.146805911963 13279.992592592593 14232.777777777797 
163.00178264069407 32.0 0.0 42.0 106.0 13243.581347257881 13238.740740740728 14232.777777777797 
164.00178264069407 35.0 0.0 43.0 90.0 13241.118134725759 13240.844444444467 14232.777777777797 
165.00178264069407 36.0 0.0 44.0 90.0 13261.438480139243 13263.696296296284 14232.777777777797 
166.00178264069407 36.0 0.0 49.0 94.0 12987.843848013932 12957.444444444418 14232.777777777797 
167.00178264069407 38.0 0.0 48.0 105.0 12876.524384801402 12864.155555555533 14232.777777777797 
168.00178264069407 39.0 0.0 49.0 94.0 12769.765771813483 12757.903703703718 14232.777777777797 
169.00178264069407 39.0 0.0 52.0 83.0 12447.236577181333 12411.399999999987 14232.777777777797 
170.00178264069407 41.0 0.0 53.0 75.0 12370.436991051483 12361.90370370372 14232.777777777797 
171.00178264069407 43.0 0.0 52.0 82.0 12362.930365771805 12362.09629629628 14232.777777777797 
172.00178264069407 44.0 0.0 56.0 97.0 12186.126369910502 12166.481481481496 14232.777777777797 
173.00178264069407 45.0 0.0 56.0 69.0 12092.819303657701 12082.451851851836 14232.777777777797 
174.00178264069407 49.0 0.0 54.0 68.0 12105.761930365758 12107.200000000023 14232.777777777797 
175.00178264069407 53.0 0.0 56.0 65.0 12100.53619303657 12099.955555555576 14232.777777777797 
176.00178264069407 55.0 0.0 56.0 55.0 11821.566952637015 11790.570370370358 14232.777777777797 
177.00178264069407 55.0 0.0 57.0 69.0 11776.103361930376 11771.05185185184 14232.777777777797 
178.00178264069407 56.0 0.0 60.0 62.0 11523.970336193055 11495.955555555578 14232.777777777797 
179.00178264069407 61.0 0.0 57.0 55.0 11490.617033619295 11486.911111111138 14232.777777777797 
180.00178264069407 64.0 0.0 57.0 55.0 11490.108370028613 11490.05185185184 14232.777777777797 
181.00178264069407 64.0 0.0 59.0 55.0 11447.224170336209 11442.459259259245 14232.777777777797 
182.00178264069407 66.0 0.0 64.0 55.0 11431.78908370029 11430.074074074084 14232.777777777797 
183.00178264069407 67.0 0.0 67.0 65.0 11398.538908370012 11394.844444444461 14232.777777777797 
184.00178264069407 69.0 0.0 66.0 71.0 11271.420557503661 11257.2962962963 14232.777777777797 
185.00178264069407 70.0 0.0 67.0 55.0 11303.262055750378 11306.799999999981 14232.777777777797 
186.00178264069407 72.0 0.0 69.0 55.0 11288.886205575021 11287.288888888881 14232.777777777797 
187.00178264069407 75.0 0.0 69.0 55.0 11143.088620557524 11126.8888888889 14232.777777777797 
188.00178264069407 78.0 0.0 71.0 55.0 11039.415528722404 11027.896296296316 14232.777777777797 
189.00178264069407 82.0 0.0 67.0 73.0 10938.034886205582 10926.77037037038 14232.777777777797 
190.00178264069407 86.0 0.0 67.0 61.0 10924.296821953907 10922.77037037038 14232.777777777797 
191.00178264069407 87.0 0.0 69.0 55.0 10880.076348862074 10875.162962962944 14232.777777777797 
192.00178264069407 91.0 0.0 69.0 55.0 10673.467634886223 10650.5111111111 14232.777777777797 
193.00178264069407 93.0 0.0 71.0 54.0 10597.126763488612 10588.644444444439 14232.777777777797 
194.00178264069407 93.0 0.0 75.0 51.0 10605.339343015516 10606.25185185186 14232.777777777797 
195.00178264069407 96.0 0.0 75.0 49.0 10675.98060096821 10683.82962962964 14232.777777777797 
196.00178264069407 102.0 0.0 72.0 49.0 10384.044726763479 10351.607407407417 14232.777777777797 
197.00178264069407 107.0 0.0 71.0 54.0 10365.984472676368 10363.977777777765 14232.777777777797 
198.00178264069407 109.0 0.0 74.0 76.0 10131.598447267617 10105.555555555571 14232.777777777797 
199.00178264069407 112.0 0.0 74.0 44.0 9938.113178060106 9916.614814814831 14232.777777777797 
200.00178264069407 116.0 0.0 72.0 36.0 9977.271317806015 9981.622222222208 14232.777777777797 
201.00178264069407 116.0 0.0 76.0 40.0 9898.500465113937 9889.748148148143 14232.777777777797 
202.00178264069407 117.0 0.0 79.0 46.0 9885.91004651138 9884.511111111104 14232.777777777797 
203.00178264069407 119.0 0.0 83.0 68.0 9633.204337984476 9605.125925925937 14232.777777777797 
204.00178264069407 122.0 0.0 86.0 39.0 9532.400433798457 9521.200000000012 14232.777777777797 
205.00178264069407 127.0 0.0 84.0 35.0 9565.16004337984 9568.799999999988 14232.777777777797 
206.00178264069407 128.0 0.0 86.0 35.0 9328.10933767132 9301.77037037038 14232.777777777797 
207.00178264069407 131.0 0.0 90.0 40.0 9212.31093376714 9199.444444444433 14232.777777777797 
208.00178264069407 134.0 0.0 89.0 43.0 9299.264426710044 9308.92592592592 14232.777777777797 
209.00178264069407 139.0 0.0 87.0 49.0 9143.699776004341 9126.41481481482 14232.777777777797 
210.00178264069407 141.0 0.0 88.0 52.0 8701.20331093376 8652.037037037033 14232.777777777797 
211.00178264069407 143.0 0.0 86.0 19.0 8442.313664426709 8413.548148148151 14232.777777777797 
212.00178264069407 148.0 0.0 87.0 17.0 8459.27136644267 8461.15555555555 14232.777777777797 
213.00178264069407 148.0 0.0 92.0 17.0 8452.813803310932 8452.096296296291 14232.777777777797 
214.00178264069407 154.0 0.0 91.0 17.0 8469.721380331099 8471.600000000013 14232.777777777797 
215.00178264069407 157.0 0.0 92.0 39.0 8504.818804699773 8508.718518518532 14232.777777777797 
216.00178264069407 162.0 0.0 90.0 34.0 8346.848547136644 8329.2962962963 14232.777777777797 
217.00178264069407 167.0 0.0 88.0 17.0 8467.698188046996 8481.125925925935 14232.777777777797 
218.00178264069407 170.0 0.0 87.0 19.0 8206.049818804693 8176.977777777776 14232.777777777797 
219.00178264069407 172.0 0.0 90.0 30.0 8229.14498188047 8231.711111111119 14232.777777777797 
220.00178264069407 175.0 0.0 90.0 16.0 8328.074498188042 8339.066666666675 14232.777777777797 
221.00178264069407 180.0 0.0 93.0 40.0 8178.627449818805 8162.022222222224 14232.777777777797 
222.00178264069407 183.0 0.0 92.0 40.0 8273.342744981886 8283.866666666665 14232.777777777797 
223.00178264069407 186.0 0.0 94.0 17.0 7943.974274498196 7907.377777777782 14232.777777777797 
224.00178264069407 188.0 0.0 92.0 15.0 7930.324094116499 7928.807407407411 14232.777777777797 
225.00178264069407 189.0 0.0 94.0 19.0 8011.6190760783265 8020.651851851859 14232.777777777797 
226.00178264069407 194.0 0.0 92.0 17.0 8108.848574274501 8119.651851851859 14232.777777777797 
227.00178264069407 195.0 0.0 92.0 39.0 8139.138190760787 8142.503703703697 14232.777777777797 
228.00178264069407 201.0 0.0 93.0 30.0 8280.540485742753 8296.251851851852 14232.777777777797 
229.00178264069407 206.0 0.0 90.0 14.0 8348.640715240927 8356.207407407397 14232.777777777797 
230.00178264069407 213.0 0.0 86.0 14.0 8124.564071524103 8099.66666666667 14232.777777777797 
231.00178264069407 214.0 0.0 86.0 16.0 8179.309740485744 8185.3925925925905 14232.777777777797 
232.00178264069407 217.0 0.0 89.0 18.0 8177.077640715236 8176.8296296296385 14232.777777777797 
233.00178264069407 222.0 0.0 85.0 37.0 8238.854430738198 8245.718518518532 14232.777777777797 
234.00178264069407 225.0 0.0 88.0 28.0 8305.425443073818 8312.822222222221 14232.777777777797 
235.00178264069407 229.0 0.0 93.0 11.0 8254.495877640718 8248.837037037052 14232.777777777797 
236.00178264069407 234.0 0.0 89.0 11.0 8090.896254430733 8072.718518518532 14232.777777777797 
237.00178264069407 237.0 0.0 90.0 11.0 8001.302958776412 7991.348148148141 14232.777777777797 
238.00178264069407 240.0 0.0 94.0 14.0 7968.596962544314 7964.962962962967 14232.777777777797 
239.00178264069407 241.0 0.0 98.0 57.0 7937.053029587767 7933.548148148148 14232.777777777797 
240.00178264069407 245.0 0.0 96.0 15.0 8088.1119696254345 8104.896296296311 14232.777777777797 
241.00178264069407 248.0 0.0 96.0 12.0 7901.031196962546 7880.244444444454 14232.777777777797 
242.00178264069407 253.0 0.0 97.0 13.0 7953.856453029586 7959.725925925928 14232.777777777797 
243.00178264069407 256.0 0.0 98.0 9.0 8054.665645302952 8065.866666666668 14232.777777777797 
244.00178264069407 260.0 0.0 100.0 8.0 7840.473231196953 7816.674074074082 14232.777777777797 
245.00178264069407 261.0 0.0 103.0 9.0 7895.30065645304 7901.392592592591 14232.777777777797 
246.00178264069407 263.0 0.0 103.0 8.0 7892.650065645299 7892.3555555555595 14232.777777777797 
247.00178264069407 268.0 0.0 100.0 8.0 8076.57833989786 8097.014814814832 14232.777777777797 
248.00178264069407 276.0 0.0 95.0 12.0 7886.357833989791 7865.222222222209 14232.777777777797 
249.00178264069407 280.0 0.0 94.0 8.0 8002.275783398967 8015.1555555555515 14232.777777777797 
250.00178264069407 281.0 0.0 96.0 7.0 8074.154245006555 8082.140740740743 14232.777777777797 
251.00178264069407 285.0 0.0 95.0 4.0 7718.422091167331 7678.89629629631 14232.777777777797 
252.00178264069407 288.0 0.0 95.0 1.0 7728.502209116744 7729.622222222219 14232.777777777797 
253.00178264069407 290.0 0.0 102.0 1.0 7476.343554245008 7448.325925925922 14232.777777777797 
254.00178264069407 294.0 0.0 100.0 1.0 7482.82102209117 7483.540740740751 14232.777777777797 
255.00178264069407 300.0 0.0 101.0 1.0 7541.975435542453 7548.5481481481465 14232.777777777797 
256.00178264069405 306.0 0.0 102.0 2.0 7716.2175435542395 7735.577777777768 14232.777777777797 
257.00178264069405 310.0 0.0 104.0 53.0 7852.735087688748 7867.903703703707 14232.777777777797 
258.00178264069405 314.0 0.0 103.0 14.0 7553.713508768879 7520.488888888887 14232.777777777797 
259.00178264069405 317.0 0.0 101.0 5.0 7606.484684210216 7612.348148148141 14232.777777777797 
260.00178264069405 322.0 0.0 102.0 5.0 7393.721801754355 7370.081481481479 14232.777777777797 
261.0003987843053 324.0 0.0 104.0 3.0 7461.005513508771 7468.481481481491 14232.777777777797 
262.00178264069405 330.0 0.0 107.0 2.0 7667.780551350879 7690.755555555547 14232.777777777797 
263.00178264069405 334.0 0.0 107.0 2.0 7818.678055135097 7835.44444444444 14232.777777777797 
264.00178264069405 341.0 0.0 104.0 2.0 7991.161138846838 8010.3259259259175 14232.777777777797 
265.00178264069405 345.0 0.0 108.0 23.0 8087.649447218018 8098.37037037037 14232.777777777797 
266.00178264069405 349.0 0.0 112.0 23.0 7889.978278055136 7868.014814814832 14232.777777777797 
267.00178264069405 355.0 0.0 109.0 1.0 7768.224494472177 7754.696296296288 14232.777777777797 
268.00178264069405 360.0 0.0 107.0 1.0 7800.155782780545 7803.703703703701 14232.777777777797 
269.00178264069405 364.0 0.0 111.0 1.0 7670.975578278051 7656.622222222219 14232.777777777797 
270.00178264069405 368.0 0.0 113.0 1.0 7739.024224494475 7746.58518518518 14232.777777777797 
271.00178264069405 371.0 0.0 120.0 1.0 7847.3557557827735 7859.392592592591 14232.777777777797 
272.00178264069405 373.0 0.0 123.0 7.0 7923.288908911599 7931.725925925928 14232.777777777797 
273.00178264069405 374.0 0.0 126.0 22.0 7998.522224224483 8006.88148148148 14232.777777777797 
274.00178264069405 377.0 0.0 130.0 2.0 7651.358889089113 7612.7851851851865 14232.777777777797 
275.00178264069405 386.0 0.0 128.0 1.0 7700.42255557558 7705.874074074066 14232.777777777797 
276.00178264069405 389.0 0.0 127.0 1.0 7781.555588890881 7790.57037037037 14232.777777777797 
277.00178264069405 395.0 0.0 123.0 1.0 7937.462225555758 7954.785185185188 14232.777777777797 
278.00178264069405 399.0 0.0 125.0 1.0 8105.56622255557 8124.244444444454 14232.777777777797 
279.00178264069405 401.0 0.0 129.0 1.0 8274.84995558889 8293.659259259271 14232.777777777797 
280.00178264069405 406.0 0.0 132.0 1.0 8368.038328892233 8378.392592592589 14232.777777777797 
281.00178264069405 413.0 0.0 128.0 1.0 8516.817166222545 8533.348148148143 14232.777777777797 
282.00178264069405 420.0 0.0 125.0 1.0 8638.648383288924 8652.185185185193 14232.777777777797 
283.00178264069405 428.0 0.0 122.0 1.0 8782.75817166223 8798.77037037038 14232.777777777797 
284.00178264069405 435.0 0.0 116.0 16.0 8909.629150499552 8923.725925925934 14232.777777777797 
285.00178264069405 439.0 0.0 120.0 5.0 8670.269581716622 8643.674074074084 14232.777777777797 
286.00178264069405 447.0 0.0 118.0 1.0 8272.373624838337 8228.162962962948 14232.777777777797 
287.00178264069405 453.0 0.0 116.0 1.0 8284.657362483833 8286.022222222226 14232.777777777797 
288.00178264069405 454.0 0.0 120.0 1.0 8428.945736248377 8444.977777777774 14232.777777777797 
289.00178264069405 459.0 0.0 122.0 1.0 8541.901240291505 8554.451851851847 14232.777777777797 
290.00178264069405 460.0 0.0 129.0 1.0 8618.310124029143 8626.799999999992 14232.777777777797 
291.00178264069405 467.0 0.0 127.0 2.0 8305.777679069583 8271.05185185184 14232.777777777797 
292.00178264069405 473.0 0.0 132.0 1.0 8395.311101240288 8405.259259259266 14232.777777777797 
293.00178264069405 475.0 0.0 137.0 1.0 8108.264443457365 8076.37037037037 14232.777777777797 
294.00178264069405 479.0 0.0 138.0 1.0 8180.899777679065 8188.970370370358 14232.777777777797 
295.00178264069405 485.0 0.0 141.0 1.0 8293.10331110124 8305.57037037037 14232.777777777797 
296.00178264069405 486.0 0.0 144.0 1.0 8409.28366444346 8422.192592592593 14232.777777777797 
297.00178264069405 490.0 0.0 148.0 1.0 8514.715033111013 8526.42962962963 14232.777777777797 
298.00178264069405 497.0 0.0 147.0 16.0 8688.891503311095 8708.244444444454 14232.777777777797 
299.00178264069405 500.0 0.0 150.0 5.0 8791.982483664444 8803.437037037047 14232.777777777797 
300.00178264069405 506.0 0.0 153.0 2.0 8548.218248366438 8521.133333333337 14232.777777777797 
301.00178264069405 512.0 0.0 149.0 2.0 8578.241824836634 8581.577777777768 14232.777777777797 
302.00178264069405 517.0 0.0 152.0 1.0 8522.184182483663 8515.955555555573 14232.777777777797 
303.00178264069405 522.0 0.0 153.0 1.0 8617.91841824836 8628.555555555564 14232.777777777797 
304.00178264069405 528.0 0.0 154.0 1.0 8765.838508491493 8782.274074074068 14232.777777777797 
305.00178264069405 533.0 0.0 154.0 1.0 8991.810517515805 9016.91851851851 14232.777777777797 
306.00178264069405 539.0 0.0 155.0 1.0 9133.507718418243 9149.251851851855 14232.777777777797 
307.00178264069405 543.0 0.0 154.0 1.0 9271.46410517517 9286.792592592607 14232.777777777797 
308.00178264069405 549.0 0.0 153.0 4.0 9410.766410517523 9426.244444444455 14232.777777777797 
309.00178264069405 553.0 0.0 155.0 38.0 9380.589974385075 9377.23703703704 14232.777777777797 
310.00178264069405 560.0 0.0 155.0 2.0 9100.332330771844 9069.192592592595 14232.777777777797 
311.00178264069405 561.0 0.0 158.0 1.0 8768.166566410508 8731.259259259268 14232.777777777797 
312.00178264069405 566.0 0.0 154.0 1.0 8784.203323307722 8785.985185185167 14232.777777777797 
313.00178264069405 569.0 0.0 161.0 1.0 8889.053665664116 8900.7037037037 14232.777777777797 
314.00178264069405 572.0 0.0 164.0 36.0 8982.205366566403 8992.555555555567 14232.777777777797 
315.00178264069405 581.0 0.0 164.0 3.0 8812.287203323298 8793.407407407401 14232.777777777797 
316.00178264069405 586.0 0.0 162.0 1.0 8498.675386998993 8463.82962962964 14232.777777777797 
317.0017477612204 590.0 0.0 161.0 1.0 8579.980872033228 8589.014814814833 14232.777777777797 
318.00178264069405 599.0 0.0 165.0 2.0 8142.611420536663 8094.014814814831 14232.777777777797 
319.00178264069405 607.0 0.0 162.0 3.0 8168.587808720329 8171.47407407408 14232.777777777797 
320.00178264069405 609.0 0.0 169.0 1.0 8241.005447538708 8249.05185185184 14232.777777777797 
321.00178264069405 613.0 0.0 169.0 1.0 7840.86721142053 7796.4074074074015 14232.777777777797 
322.00178264069405 622.0 0.0 167.0 1.0 7876.300054475388 7880.23703703704 14232.777777777797 
323.00178264069405 624.0 0.0 176.0 2.0 7976.650005447528 7987.799999999997 14232.777777777797 
324.00178264069405 627.0 0.0 181.0 49.0 7997.825000544745 8000.17777777778 14232.777777777797 
325.00178264069405 635.0 0.0 179.0 2.0 7209.389166721142 7121.785185185183 14232.777777777797 
326.00178264069405 643.0 0.0 176.0 1.0 7292.45225000545 7301.6814814814825 14232.777777777797 
327.00178264069405 651.0 0.0 175.0 1.0 7093.2385583338755 7071.10370370369 14232.777777777797 
328.00178264069405 656.0 0.0 179.0 1.0 7079.117189166723 7077.548148148142 14232.777777777797 
329.00178264069405 658.0 0.0 187.0 1.0 7099.97838558334 7102.296296296299 14232.777777777797 
330.00178264069405 666.0 0.0 183.0 1.0 7117.91117189167 7119.9037037037015 14232.777777777797 
331.00178264069405 670.0 0.0 189.0 1.0 7216.511117189157 7227.466666666661 14232.777777777797 
332.00178264069405 676.0 0.0 195.0 1.0 7320.177778385585 7331.696296296288 14232.777777777797 
333.00178264069405 679.0 0.0 198.0 1.0 7444.924444505217 7458.785185185186 14232.777777777797 
334.00178264069405 685.0 0.0 198.0 1.0 7506.672444450529 7513.533333333339 14232.777777777797 
335.00178264069405 695.0 0.0 192.0 5.0 7609.660577778381 7621.1037037036895 14232.777777777797 
336.00178264069405 702.0 0.0 191.0 28.0 7697.906057777848 7707.711111111117 14232.777777777797 
337.00178264069405 708.0 0.0 192.0 3.0 7648.323939111114 7642.8148148148075 14232.777777777797 
338.00178264069405 713.0 0.0 195.0 1.0 7504.579060577774 7488.607407407406 14232.777777777797 
339.00178264069405 715.0 0.0 198.0 1.0 7640.971239391101 7656.125925925933 14232.777777777797 
340.00178264069405 719.0 0.0 202.0 1.0 7767.283790605781 7781.318518518521 14232.777777777797 
341.00178264069405 722.0 0.0 209.0 1.0 7841.415045727247 7849.651851851859 14232.777777777797 
342.00178264069405 726.0 0.0 210.0 1.0 7891.668171239391 7897.251851851849 14232.777777777797 
343.00178264069405 729.0 0.0 217.0 1.0 7982.360150457284 7992.4370370370425 14232.777777777797 
344.00178264069405 733.0 0.0 223.0 12.0 8018.416015045732 8022.422222222233 14232.777777777797 
345.00178264069405 740.0 0.0 227.0 31.0 7505.341601504565 7448.333333333334 14232.777777777797 
346.00178264069405 745.0 0.0 231.0 2.0 7227.040826817129 7196.11851851852 14232.777777777797 
347.00178264069405 749.0 0.0 236.0 1.0 6901.490749348381 6865.318518518514 14232.777777777797 
348.00178264069405 758.0 0.0 235.0 1.0 6984.402408268168 6993.614814814814 14232.777777777797 
349.00178264069405 766.0 0.0 237.0 1.0 7041.953574160148 7048.348148148142 14232.777777777797 
350.00178264069405 773.0 0.0 237.0 1.0 7173.2153574160175 7187.800000000002 14232.777777777797 
351.00178264069405 780.0 0.0 237.0 37.0 7348.2615357415925 7367.711111111117 14232.777777777797 
352.00178264069405 786.0 0.0 238.0 5.0 6896.612820240825 6846.4296296296225 14232.777777777797 
353.00178264069405 795.0 0.0 242.0 1.0 6728.087948690749 6709.362962962971 14232.777777777797 
354.00178264069405 804.0 0.0 243.0 1.0 6442.235461535739 6410.47407407408 14232.777777777797 
355.00178264069405 812.0 2.0 246.0 1.0 6440.630212820235 6440.45185185186 14232.777777777797 
356.00178264069405 820.0 2.0 245.0 1.0 6514.996354615352 6523.259259259253 14232.777777777797 
357.00178264069405 827.0 3.0 241.0 1.0 6671.506302128207 6688.896296296308 14232.777777777797 
358.00178264069405 831.0 3.0 248.0 1.0 6777.537296879479 6789.318518518515 14232.777777777797 
359.00178264069405 840.0 3.0 249.0 1.0 6869.09372968794 6879.266666666666 14232.777777777797 
360.00178264069405 847.0 3.0 255.0 1.0 6932.2293729688045 6939.244444444452 14232.777777777797 
361.00178264069405 854.0 3.0 253.0 1.0 7024.209603963551 7034.429629629623 14232.777777777797 
362.00178264069405 858.0 3.0 256.0 1.0 7080.960960396364 7087.266666666665 14232.777777777797 
363.00178264069405 866.0 4.0 251.0 1.0 7177.022762706297 7187.696296296288 14232.777777777797 
364.00178264069405 870.0 5.0 254.0 1.0 7272.28227627063 7282.866666666671 14232.777777777797 
365.00178264069405 879.0 5.0 253.0 1.0 7383.314894293726 7395.651851851859 14232.777777777797 
366.00178264069405 886.0 5.0 262.0 1.0 7484.6181560960395 7495.874074074066 14232.777777777797 
367.00178264069405 892.0 5.0 263.0 1.0 7607.241815609595 7620.86666666667 14232.777777777797 
368.00178264069405 896.0 5.0 271.0 7.0 7746.72418156096 7762.22222222221 14232.777777777797 
369.00178264069405 899.0 5.0 274.0 16.0 7573.0457514894315 7553.748148148153 14232.777777777797 
370.00178264069405 906.0 5.0 275.0 2.0 7607.644575148946 7611.488888888887 14232.777777777797 
371.00178264069405 908.0 5.0 281.0 1.0 7279.984457514892 7243.577777777768 14232.777777777797 
372.00178264069405 913.0 5.0 284.0 1.0 7345.745112418156 7353.051851851842 14232.777777777797 
373.00178264069405 921.0 5.0 282.0 1.0 7408.007844575151 7414.92592592593 14232.777777777797 
374.00178264069405 927.0 7.0 285.0 1.0 7496.914117790839 7506.792592592598 14232.777777777797 
375.00178264069405 935.0 7.0 291.0 1.0 7627.5047451124165 7642.014814814831 14232.777777777797 
376.00178264069405 940.0 7.0 292.0 17.0 7721.523807844576 7731.970370370362 14232.777777777797 
377.00178264069405 944.0 7.0 300.0 10.0 7240.232380784453 7186.755555555548 14232.777777777797 
378.00178264069405 949.0 7.0 300.0 1.0 6776.736571411779 6725.23703703704 14232.777777777797 
379.00178264069405 960.0 7.0 297.0 2.0 6848.6603238078405 6856.651851851857 14232.777777777797 
380.00178264069405 969.0 7.0 293.0 2.0 6934.912699047443 6944.496296296294 14232.777777777797 
381.00178264069405 975.0 7.0 295.0 2.0 6986.277936571418 6991.985185185171 14232.777777777797 
382.00178264069405 982.0 7.0 297.0 23.0 7077.97446032381 7088.162962962951 14232.777777777797 
383.00178264069405 991.0 8.0 294.0 16.0 7164.477446032381 7174.088888888884 14232.777777777797 
384.00178264069405 999.0 8.0 299.0 1.0 6924.68107793658 6898.037037037039 14232.777777777797 
385.00178264069405 1012.0 8.0 293.0 1.0 7124.301441126998 7146.48148148149 14232.777777777797 
386.00178264069405 1018.0 8.0 295.0 1.0 7225.216810779367 7236.429629629625 14232.777777777797 
387.00178264069405 1022.0 8.0 299.0 1.0 7334.9216810779435 7347.111111111103 14232.777777777797 
388.00178264069405 1027.0 8.0 309.0 1.0 7434.378834774451 7445.429629629626 14232.777777777797 
389.00178264069405 1031.0 10.0 314.0 1.0 7518.864550144116 7528.251851851847 14232.777777777797 
390.00178264069405 1040.0 10.0 314.0 1.0 7601.846455014405 7611.066666666673 14232.777777777797 
391.00178264069405 1048.0 10.0 316.0 1.0 7691.117978834771 7701.037037037034 14232.777777777797 
392.00178264069405 1054.0 10.0 319.0 1.0 7879.51179788348 7900.444444444439 14232.777777777797 
393.00178264069405 1058.0 11.0 323.0 12.0 7969.8845131216785 7979.925925925926 14232.777777777797 
394.00178264069405 1066.0 11.0 327.0 8.0 8070.9151179788405 8082.140740740743 14232.777777777797 
395.00178264069405 1068.0 11.0 338.0 1.0 7818.431511797878 7790.377777777781 14232.777777777797 
396.00178264069405 1076.0 11.0 341.0 1.0 7899.423151179781 7908.4222222222315 14232.777777777797 
397.00178264069405 1081.0 11.0 343.0 1.0 7979.062315117971 7987.911111111121 14232.777777777797 
398.00178264069405 1092.0 13.0 342.0 1.0 8029.859564845145 8035.503703703698 14232.777777777797 
399.00178264069405 1097.0 13.0 347.0 1.0 8111.179289817848 8120.21481481481 14232.777777777797 
400.00178264069405 1101.0 13.0 354.0 1.0 8173.291262315116 8180.192592592591 14232.777777777797 
401.00178264069405 1106.0 13.0 363.0 27.0 8195.349126231515 8197.799999999996 14232.777777777797 
402.00178264069405 1112.0 13.0 371.0 16.0 7281.028245956488 7179.437037037038 14232.777777777797 
403.00178264069405 1119.0 13.0 368.0 1.0 6962.896157928985 6927.548148148142 14232.777777777797 
404.00178264069405 1127.0 13.0 361.0 1.0 6731.8896157928975 6706.222222222212 14232.777777777797 
405.00178264069405 1136.0 13.0 356.0 1.0 6756.328961579284 6759.044444444432 14232.777777777797 
406.00178264069405 1144.0 13.0 349.0 1.0 6833.319562824592 6841.874074074068 14232.777777777797 
407.00178264069405 1157.0 13.0 336.0 34.0 6917.258622949125 6926.58518518518 14232.777777777797 
408.00178264069405 1167.0 13.0 327.0 5.0 6266.432528961586 6194.11851851852 14232.777777777797 
409.00178264069405 1180.0 13.0 315.0 1.0 6275.876586229497 6276.925925925934 14232.777777777797 
410.00178264069405 1189.0 13.0 306.0 1.0 6053.634325289612 6028.94074074074 14232.777777777797 
411.00178264069405 1202.0 13.0 293.0 1.0 6078.956765862294 6081.770370370376 14232.777777777797 
412.00178264069405 1211.0 13.0 284.0 1.0 6255.8223432529 6275.474074074079 14232.777777777797 
413.00178264069405 1219.0 13.0 276.0 1.0 6374.222234325285 6387.377777777772 14232.777777777797 
414.00178264069405 1222.0 13.0 273.0 1.0 6417.755556765855 6422.592592592598 14232.777777777797 
415.00178264069405 1232.0 13.0 263.0 1.0 6517.208889009928 6528.259259259253 14232.777777777797 
416.00178264069405 1238.0 13.0 258.0 1.0 6558.854222234319 6563.481481481489 14232.777777777797 
417.00178264069405 1249.0 13.0 247.0 1.0 6629.225422223424 6637.044444444432 14232.777777777797 
418.00178264069405 1254.0 13.0 242.0 1.0 6670.762542222347 6675.377777777773 14232.777777777797 
419.00178264069405 1265.0 13.0 231.0 1.0 6754.169587555562 6763.437037037033 14232.777777777797 
420.00178264069405 1271.0 13.0 225.0 1.0 6778.35695875555 6781.044444444432 14232.777777777797 
421.00178264069405 1278.0 13.0 218.0 1.0 6844.175695875562 6851.488888888884 14232.777777777797 
422.00178264069405 1287.0 13.0 210.0 1.0 6882.450902920878 6886.703703703701 14232.777777777797 
423.00178264069405 1294.0 13.0 203.0 1.0 7028.925090292096 7045.199999999996 14232.777777777797 
424.00178264069405 1307.0 13.0 190.0 1.0 7099.545842362531 7107.392592592596 14232.777777777797 
425.00178264069405 1315.0 13.0 182.0 1.0 7122.454584236254 7125.0 14232.777777777797 
426.00178264069405 1321.0 13.0 176.0 1.0 7203.992125090294 7213.051851851842 14232.777777777797 
427.00178264069405 1327.0 13.0 170.0 1.0 7259.692545842357 7265.88148148148 14232.777777777797 
428.00178264069405 1333.0 13.0 164.0 1.0 7312.809254584226 7318.711111111117 14232.777777777797 
429.00178264069405 1338.0 13.0 160.0 1.0 7399.0809254584265 7408.666666666666 14232.777777777797 
430.00178264069405 1340.0 13.0 158.0 1.0 7441.121425879169 7445.792592592597 14232.777777777797 
431.00178264069405 1346.0 13.0 152.0 1.0 7459.272142587911 7461.288888888883 14232.777777777797 
432.00178264069405 1352.0 13.0 146.0 1.0 7488.080547592118 7491.28148148147 14232.777777777797 
433.00178264069405 1357.0 13.0 141.0 1.0 7520.748054759204 7524.377777777779 14232.777777777797 
434.00178264069405 1367.0 13.0 132.0 1.0 7573.281472142587 7579.11851851852 14232.777777777797 
435.00178264069405 1378.0 13.0 121.0 1.0 7626.988147214247 7632.95555555557 14232.777777777797 
436.00178264069405 1379.0 13.0 120.0 1.0 7722.732148054764 7733.370370370369 14232.777777777797 
437.00178264069405 1381.0 13.0 118.0 1.0 7743.446548138804 7745.748148148152 14232.777777777797 
438.00178264069405 1383.0 13.0 116.0 1.0 7805.911321480557 7812.851851851857 14232.777777777797 
439.00178264069405 1385.0 13.0 114.0 1.0 7841.957798814709 7845.962962962966 14232.777777777797 
440.00178264069405 1390.0 13.0 109.0 1.0 7891.209113214797 7896.681481481477 14232.777777777797 
441.00178264069405 1391.0 13.0 108.0 1.0 8031.054244654805 8046.5925925925985 14232.777777777797 
442.00178264069405 1397.0 13.0 102.0 1.0 8162.225424465477 8176.7999999999965 14232.777777777797 
443.00178264069405 1400.0 13.0 99.0 1.0 8262.735875779883 8273.903703703709 14232.777777777797 
444.00178264069405 1403.0 13.0 97.0 1.0 8355.460254244654 8365.762962962961 14232.777777777797 
445.00178264069405 1409.0 13.0 91.0 20.0 8485.532692091145 8499.985185185169 14232.777777777797 
446.00178264069405 1411.0 13.0 89.0 2.0 8578.406602542436 8588.725925925932 14232.777777777797 
447.00178264069405 1416.0 13.0 85.0 1.0 8425.340660254249 8408.333333333328 14232.777777777797 
448.00178264069405 1419.0 13.0 82.0 1.0 8414.740732692104 8413.562962962955 14232.777777777797 
449.00178264069405 1420.0 13.0 81.0 1.0 8458.227406602537 8463.059259259258 14232.777777777797 
450.00178264069405 1421.0 13.0 80.0 1.0 8518.269407326912 8524.940740740742 14232.777777777797 
451.00178264069405 1425.0 13.0 76.0 1.0 8560.493607399356 8565.185185185193 14232.777777777797 
452.00178264069405 1427.0 13.0 74.0 1.0 8602.842694073279 8607.548148148153 14232.777777777797 
453.00178264069405 1432.0 13.0 69.0 1.0 8640.490936074004 8644.674074074084 14232.777777777797 
454.00178264069405 1432.0 13.0 69.0 1.0 8704.655760274081 8711.785185185192 14232.777777777797 
455.00178264069405 1433.0 13.0 68.0 1.0 8744.485576027399 8748.911111111125 14232.777777777797 
456.00178264069405 1434.0 13.0 67.0 7.0 8781.875224269395 8786.029629629646 14232.777777777797 
457.00178264069405 1436.0 13.0 65.0 26.0 8814.320855760288 8817.925925925922 14232.777777777797 
458.00178264069405 1436.0 13.0 66.0 1.0 8759.058752242685 8752.918518518512 14232.777777777797 
459.00178264069405 1438.0 13.0 64.0 1.0 8708.985875224276 8703.422222222232 14232.777777777797 
460.00178264069405 1439.0 13.0 64.0 1.0 8759.65858752241 8765.288888888881 14232.777777777797 
461.00178264069405 1439.0 13.0 64.0 1.0 8742.452525418903 8740.540740740751 14232.777777777797 
462.00178264069405 1440.0 13.0 63.0 1.0 8781.665252541894 8786.022222222227 14232.777777777797 
463.00178264069405 1442.0 13.0 61.0 1.0 8796.726525254182 8798.399999999987 14232.777777777797 
464.00178264069405 1447.0 13.0 57.0 1.0 8831.645985858757 8835.52592592592 14232.777777777797 
465.00178264069405 1452.0 13.0 52.0 1.0 8901.157931919208 8908.88148148148 14232.777777777797 
466.00178264069405 1455.0 13.0 49.0 1.0 8946.235793191912 8951.244444444454 14232.777777777797 
467.00178264069405 1455.0 13.0 50.0 1.0 8986.963579319197 8991.488888888895 14232.777777777797 
468.00178264069405 1456.0 13.0 49.0 14.0 9013.31635793191 9016.244444444454 14232.777777777797 
469.00178264069405 1457.0 13.0 48.0 16.0 8987.87163579318 8985.044444444427 14232.777777777797 
470.00178264069405 1457.0 13.0 49.0 1.0 8963.047163579333 8960.288888888881 14232.777777777797 
471.00178264069405 1460.0 13.0 47.0 1.0 8971.698049691258 8972.659259259271 14232.777777777797 
472.00178264069405 1462.0 13.0 45.0 1.0 8994.843138302467 8997.41481481482 14232.777777777797 
473.00178264069405 1464.0 13.0 43.0 1.0 8963.74431383023 8960.288888888881 14232.777777777797 
474.00178264069405 1467.0 13.0 41.0 21.0 9007.987764716345 9012.90370370371 14232.777777777797 
475.00178264069405 1469.0 13.0 40.0 2.0 9025.452109804975 9027.392592592587 14232.777777777797 
476.00178264069405 1469.0 13.0 40.0 3.0 9027.198544313838 9027.392592592587 14232.777777777797 
477.00178264069405 1473.0 13.0 36.0 3.0 9038.513187764722 9039.770370370377 14232.777777777797 
478.00178264069405 1474.0 13.0 35.0 2.0 9091.611318776455 9097.511111111105 14232.777777777797 
479.00178264069405 1477.0 13.0 32.0 14.0 9110.86779854431 9113.007407407418 14232.777777777797 
480.00178264069405 1479.0 13.0 30.0 14.0 9137.880113187775 9140.88148148148 14232.777777777797 
481.00178264069405 1480.0 13.0 29.0 1.0 9140.581344652112 9140.88148148148 14232.777777777797 
482.00178264069405 1482.0 13.0 27.0 1.0 9163.12480113187 9165.629629629624 14232.777777777797 
483.00178264069405 1482.0 13.0 27.0 1.0 9165.37914677985 9165.629629629624 14232.777777777797 
484.00178264069405 1483.0 13.0 26.0 1.0 9187.884581344642 9190.38518518517 14232.777777777797 
485.00178264069405 1484.0 13.0 25.0 7.0 9192.941791467792 9193.503703703691 14232.777777777797 
486.00178264069405 1484.0 13.0 25.0 24.0 9204.580845813434 9205.874074074065 14232.777777777797 
487.00178264069405 1484.0 13.0 25.0 1.0 9214.071417914663 9215.125925925935 14232.777777777797 
488.00178264069405 1485.0 13.0 24.0 1.0 9192.747141791458 9190.377777777789 14232.777777777797 
489.00178264069405 1487.0 13.0 22.0 2.0 9235.154714179154 9239.866666666661 14232.777777777797 
490.00178264069405 1488.0 13.0 21.0 1.0 9264.482138084571 9267.74074074073 14232.777777777797 
491.00178264069405 1488.0 13.0 21.0 1.0 9278.55488047512 9280.11851851852 14232.777777777797 
492.00178264069405 1490.0 13.0 19.0 1.0 9282.775488047513 9283.244444444455 14232.777777777797 
493.00178264069405 1490.0 13.0 19.0 1.0 9361.157548804742 9369.86666666666 14232.777777777797 
494.00178264069405 1491.0 13.0 18.0 12.0 9384.842421547133 9387.47407407408 14232.777777777797 
495.00178264069405 1493.0 13.0 16.0 15.0 9420.624242154701 9424.600000000013 14232.777777777797 
496.00178264069405 1494.0 13.0 15.0 1.0 9449.289090882134 9452.47407407408 14232.777777777797 
497.00178264069405 1495.0 13.0 14.0 1.0 9479.148909088208 9482.46666666666 14232.777777777797 
498.00178264069405 1495.0 13.0 15.0 1.0 9554.568224242146 9562.94814814816 14232.777777777797 
499.00178264069405 1495.0 13.0 15.0 1.0 9654.01682242421 9665.066666666677 14232.777777777797 
500.00178264069405 1496.0 13.0 14.0 1.0 9741.935015575771 9751.7037037037 14232.777777777797 
501.00178264069405 1497.0 13.0 13.0 1.0 9828.686834890921 9838.325925925908 14232.777777777797 
502.00178264069405 1499.0 13.0 11.0 2.0 9884.715350155768 9890.940740740742 14232.777777777797 
503.00178264069405 1500.0 13.0 10.0 19.0 9961.858201682257 9970.429629629636 14232.777777777797 
504.00178264069405 1500.0 13.0 10.0 5.0 10080.939153501573 10094.17037037036 14232.777777777797 
505.00178264069405 1501.0 13.0 9.0 2.0 10148.533915350137 10156.044444444424 14232.777777777797 
506.00178264069405 1501.0 13.0 9.0 2.0 10213.80672486834 10221.059259259258 14232.777777777797 
507.00178264069405 1501.0 13.0 9.0 2.0 10253.740672486834 10258.177777777779 14232.777777777797 
508.00178264069405 1501.0 13.0 9.0 2.0 10280.014067248692 10282.933333333323 14232.777777777797 
509.00178264069405 1501.0 13.0 9.0 12.0 10349.46140672486 10357.177777777779 14232.777777777797 
510.00178264069405 1501.0 13.0 9.0 25.0 10403.76614067248 10409.799999999985 14232.777777777797 
511.00178264069405 1502.0 13.0 8.0 1.0 10422.056614067238 10424.088888888868 14232.777777777797 
512.001782640694 1502.0 13.0 8.0 2.0 10451.77232807339 10455.074074074084 14232.777777777797 
513.001782640694 1502.0 13.0 8.0 2.0 10457.563899474018 10458.207407407388 14232.777777777797 
514.001782640694 1502.0 13.0 8.0 2.0 10458.143056614053 10458.207407407388 14232.777777777797 
515.001782640694 1504.0 13.0 6.0 8.0 10502.74763899475 10507.7037037037 14232.777777777797 
516.001782640694 1504.0 13.0 6.0 31.0 10546.248097232814 10551.081481481495 14232.777777777797 
517.001782640694 1505.0 13.0 6.0 5.0 10620.224809723266 10628.444444444427 14232.777777777797 
518.001782640694 1505.0 13.0 6.0 2.0 10672.16914763901 10677.940740740742 14232.777777777797 
519.001782640694 1506.0 13.0 6.0 4.0 10699.643581430579 10702.696296296284 14232.777777777797 
520.001782640694 1506.0 13.0 6.0 3.0 10760.891024809738 10767.696296296284 14232.777777777797 
521.001782640694 1506.0 13.0 6.0 29.0 10784.57576914765 10787.207407407386 14232.777777777797 
522.001782640694 1506.0 13.0 6.0 33.0 10831.490910248087 10836.7037037037 14232.777777777797 
523.001782640694 1506.0 13.0 7.0 3.0 10864.882424358131 10868.5925925926 14232.777777777797 
524.001782640694 1506.0 13.0 7.0 3.0 10901.634909102493 10905.718518518535 14232.777777777797 
525.001782640694 1506.0 13.0 7.0 3.0 10947.050157576914 10952.09629629628 14232.777777777797 
526.001782640694 1506.0 13.0 7.0 3.0 10973.865015757678 10976.84444444446 14232.777777777797 
527.001782640694 1506.0 13.0 7.0 19.0 11015.579834909115 11020.2148148148 14232.777777777797 
528.001782640694 1506.0 13.0 8.0 26.0 11026.17131682423 11027.348148148141 14232.777777777797 
529.001782640694 1506.0 13.0 8.0 2.0 11055.923798349082 11059.22962962962 14232.777777777797 
530.001782640694 1506.0 13.0 8.0 4.0 11114.579046501583 11121.09629629628 14232.777777777797 
531.001782640694 1507.0 13.0 7.0 4.0 11171.424571316835 11177.740740740723 14232.777777777797 
532.001782640694 1508.0 13.0 6.0 23.0 11246.74245713166 11255.1111111111 14232.777777777797 
533.001782640694 1508.0 13.0 6.0 31.0 11362.834245713153 11375.733333333357 14232.777777777797 
534.001782640694 1509.0 13.0 6.0 4.0 11423.71009123797 11430.47407407408 14232.777777777797 
535.001782640694 1510.0 13.0 6.0 4.0 11506.0510091238 11515.200000000019 14232.777777777797 
536.001782640694 1510.0 13.0 6.0 4.0 11520.705100912392 11522.33333333332 14232.777777777797 
537.001782640694 1510.0 13.0 6.0 28.0 11555.583843424574 11559.459259259243 14232.777777777797 
538.001782640694 1510.0 13.0 7.0 36.0 11581.345051009142 11584.207407407383 14232.777777777797 
539.001782640694 1510.0 13.0 7.0 4.0 11638.694505100899 11645.066666666678 14232.777777777797 
540.001782640694 1510.0 13.0 7.0 4.0 11669.509450510071 11672.933333333322 14232.777777777797 
541.001782640694 1513.0 13.0 4.0 5.0 11733.004278384327 11740.059259259258 14232.777777777797 
542.001782640694 1514.0 13.0 3.0 4.0 11777.473761171757 11782.41481481482 14232.777777777797 
543.001782640694 1514.0 13.0 3.0 4.0 11804.200709450499 11807.17037037036 14232.777777777797 
544.001782640694 1514.0 13.0 3.0 4.0 11867.28007094506 11874.288888888881 14232.777777777797 
545.001782640694 1514.0 13.0 3.0 4.0 11884.72134042783 11886.659259259277 14232.777777777797 
546.001782640694 1514.0 13.0 3.0 9.0 11889.278800709466 11889.785185185201 14232.777777777797 
547.001782640694 1514.0 13.0 3.0 31.0 11900.867880070953 11902.155555555539 14232.777777777797 
548.001782640694 1514.0 13.0 3.0 7.0 11913.166788007078 11914.53333333334 14232.777777777797 
549.001782640694 1514.0 13.0 4.0 4.0 11925.536678800709 11926.91111111114 14232.777777777797 
550.001782640694 1514.0 13.0 4.0 4.0 11933.187001213388 11934.03703703702 14232.777777777797 
551.001782640694 1514.0 13.0 5.0 9.0 11981.318700121326 11986.666666666682 14232.777777777797 
552.001782640694 1516.0 13.0 4.0 35.0 12046.538536678812 12053.785185185201 14232.777777777797 
553.001782640694 1516.0 13.0 4.0 8.0 12105.933853667859 12112.533333333338 14232.777777777797 
554.001782640694 1516.0 13.0 4.0 5.0 12178.69338536677 12186.777777777796 14232.777777777797 
555.001782640694 1516.0 13.0 4.0 4.0 12224.99600520335 12230.140740740757 14232.777777777797 
556.001782640694 1516.0 13.0 4.0 7.0 12254.712933853685 12258.014814814836 14232.777777777797 
557.001782640694 1516.0 13.0 5.0 8.0 12313.371293385357 12319.888888888896 14232.777777777797 
558.001782640694 1516.0 13.0 5.0 4.0 12363.783796005217 12369.385185185163 14232.777777777797 
559.001782640694 1516.0 13.0 5.0 30.0 12480.198379600515 12493.133333333348 14232.777777777797 
560.001782640694 1516.0 13.0 6.0 33.0 12494.653171293363 12496.259259259275 14232.777777777797 
561.001782640694 1516.0 13.0 7.0 6.0 12478.345317129331 12476.533333333333 14232.777777777797 
562.001782640694 1517.0 13.0 6.0 5.0 12487.847865046278 12488.903703703716 14232.777777777797 
563.001782640694 1517.0 13.0 6.0 5.0 12505.55145317129 12507.51851851851 14232.777777777797 
564.001782640694 1517.0 13.0 6.0 5.0 12529.60181198377 12532.274074074056 14232.777777777797 
565.001782640694 1517.0 13.0 6.0 31.0 12579.36684786504 12584.896296296316 14232.777777777797 
566.001782640694 1517.0 13.0 6.0 36.0 12606.623351453154 12609.651851851851 14232.777777777797 
567.001782640694 1518.0 13.0 5.0 6.0 12637.135668478637 12640.525925925918 14232.777777777797 
568.001782640694 1518.0 13.0 5.0 13.0 12711.726900181213 12720.014814814836 14232.777777777797 
569.001782640694 1520.0 13.0 3.0 14.0 12766.552690018128 12772.644444444439 14232.777777777797 
570.001782640694 1520.0 13.0 3.0 24.0 12808.255269001815 12812.88888888889 14232.777777777797 
571.001782640694 1520.0 13.0 3.0 48.0 12901.518860233526 12911.88148148148 14232.777777777797 
572.001782640694 1520.0 13.0 3.0 15.0 12944.258552690006 12949.00740740741 14232.777777777797 
573.001782640694 1520.0 13.0 3.0 15.0 13035.932521935665 13046.11851851852 14232.777777777797 
574.001782640694 1520.0 13.0 3.0 15.0 13123.05991886025 13132.740740740728 14232.777777777797 
575.001782640694 1520.0 13.0 3.0 23.0 13156.859325219326 13160.614814814831 14232.777777777797 
576.001782640694 1520.0 13.0 3.0 54.0 13227.065932521942 13234.866666666652 14232.777777777797 
577.001782640694 1520.0 13.0 3.0 24.0 13312.053259918868 13321.496296296309 14232.777777777797 
578.001782640694 1520.0 13.0 3.0 15.0 13365.098659325204 13370.992592592596 14232.777777777797 
579.001782640694 1520.0 13.0 3.0 16.0 13462.316532599187 13473.11851851852 14232.777777777797 
580.001782640694 1520.0 13.0 3.0 16.0 13483.178319926574 13485.496296296307 14232.777777777797 
581.001782640694 1520.0 13.0 3.0 23.0 13535.437831992662 13541.24444444444 14232.777777777797 
582.001782640694 1520.0 13.0 3.0 56.0 13576.89044986592 13581.496296296307 14232.777777777797 
583.001782640694 1520.0 13.0 3.0 25.0 13614.45571165328 13618.629629629611 14232.777777777797 
584.001782640694 1520.0 13.0 4.0 16.0 13640.48557116532 13643.377777777787 14232.777777777797 
585.001782640694 1520.0 13.0 4.0 17.0 13679.31522378317 13683.629629629611 14232.777777777797 
586.001782640694 1520.0 13.0 4.0 26.0 13681.284855711649 13681.503703703693 14232.777777777797 
587.001782640694 1520.0 13.0 4.0 23.0 13692.615152237822 13693.874074074081 14232.777777777797 
588.001782640694 1520.0 13.0 4.0 55.0 13738.294848557129 13743.370370370387 14232.777777777797 
589.001782640694 1520.0 13.0 4.0 27.0 13751.18948485571 13752.622222222213 14232.777777777797 
590.001782640694 1520.0 13.0 4.0 17.0 13752.478948485572 13752.622222222213 14232.777777777797 
591.001782640694 1521.0 13.0 3.0 26.0 13797.161228181898 13802.125925925919 14232.777777777797 
592.001782640694 1521.0 13.0 3.0 23.0 13801.629456151531 13802.125925925919 14232.777777777797 
593.001782640694 1521.0 13.0 3.0 17.0 13846.636278948466 13851.63703703704 14232.777777777797 
594.001782640694 1521.0 13.0 3.0 54.0 13851.136961228167 13851.63703703704 14232.777777777797 
595.001782640694 1521.0 13.0 5.0 27.0 13873.853696122847 13876.377777777787 14232.777777777797 
596.001782640694 1521.0 13.0 5.0 26.0 13898.40536961227 13901.13333333335 14232.777777777797 
597.001782640694 1521.0 13.0 5.0 23.0 13889.720536961233 13888.755555555561 14232.777777777797 
598.001782640694 1521.0 13.0 5.0 17.0 13855.432053696117 13851.622222222213 14232.777777777797 
599.001782640694 1521.0 13.0 5.0 17.0 13874.2832053696 13876.377777777787 14232.777777777797 
600.001782640694 1521.0 13.0 6.0 54.0 13887.30832053695 13888.755555555561 14232.777777777797 
#####################################################################
# End of data export. Simulation finished at: 2020-01-24T01:32+0000 #
#####################################################################
