#####################################################################
# Alchemist log file - simulation started at: 2020-02-02T21:19+0000 #
#####################################################################
# seed = 6.0, meanTaskSize = 1000, smoothing = 0.9, grain = 1500.0, peakFrequency = 0.1
#
# The columns have the following meaning: 
# time done[Sum] drop[Sum] waiting[Sum] isLeader[Sum] capacity[Mean] freeCapacity[Mean] maxCapacity[Mean] 
0.0 NaN 0.0 NaN NaN NaN NaN NaN 
1.0115592716150654 0.0 0.0 0.0 135.0 14232.777777777797 14232.777777777797 14232.777777777797 
2.0115592716150656 0.0 0.0 0.0 135.0 14232.777777777797 14232.777777777797 14232.777777777797 
3.0115592716150656 0.0 0.0 0.0 135.0 14232.777777777797 14232.777777777797 14232.777777777797 
4.011559271615066 0.0 0.0 0.0 135.0 14232.777777777797 14232.777777777797 14232.777777777797 
5.011559271615066 0.0 0.0 0.0 135.0 14232.777777777797 14232.777777777797 14232.777777777797 
6.011559271615066 0.0 0.0 0.0 135.0 14232.777777777797 14232.777777777797 14232.777777777797 
7.011559271615066 0.0 0.0 0.0 135.0 14232.777777777797 14232.777777777797 14232.777777777797 
8.011559271615067 0.0 0.0 0.0 135.0 14232.777777777797 14232.777777777797 14232.777777777797 
9.011559271615067 0.0 0.0 0.0 135.0 14232.777777777797 14232.777777777797 14232.777777777797 
10.011559271615067 0.0 0.0 0.0 135.0 14232.777777777797 14232.777777777797 14232.777777777797 
11.011559271615067 0.0 0.0 0.0 135.0 14232.777777777797 14232.777777777797 14232.777777777797 
12.011559271615067 0.0 0.0 0.0 135.0 14232.777777777797 14232.777777777797 14232.777777777797 
13.011559271615067 0.0 0.0 0.0 135.0 14232.777777777797 14232.777777777797 14232.777777777797 
14.011559271615067 0.0 0.0 1.0 135.0 14232.777777777797 14232.777777777797 14232.777777777797 
15.011559271615067 0.0 0.0 1.0 134.0 14229.96444444445 14229.651851851839 14232.777777777797 
16.011559271615067 0.0 0.0 1.0 134.0 14229.683111111077 14229.651851851839 14232.777777777797 
17.011559271615067 0.0 0.0 1.0 134.0 14229.654977777798 14229.651851851839 14232.777777777797 
18.011559271615067 0.0 0.0 1.0 134.0 14229.652164444464 14229.651851851839 14232.777777777797 
19.011559271615067 0.0 0.0 1.0 134.0 14229.651883111117 14229.651851851839 14232.777777777797 
20.011559271615067 0.0 0.0 1.0 134.0 14229.65185497777 14229.651851851839 14232.777777777797 
21.011559271615067 0.0 0.0 2.0 134.0 14229.651852164465 14229.651851851839 14232.777777777797 
22.011559271615067 0.0 0.0 2.0 133.0 14226.838518549777 14226.525925925918 14232.777777777797 
23.011559271615067 0.0 0.0 2.0 133.0 14226.55718518831 14226.525925925918 14232.777777777797 
24.011559271615067 0.0 0.0 2.0 133.0 14226.529051852154 14226.525925925918 14232.777777777797 
25.011559271615067 0.0 0.0 2.0 133.0 14226.526238518562 14226.525925925918 14232.777777777797 
26.011559271615067 0.0 0.0 2.0 133.0 14226.525957185208 14226.525925925918 14232.777777777797 
27.011559271615067 0.0 0.0 3.0 133.0 14226.525929051857 14226.525925925918 14232.777777777797 
28.011559271615067 0.0 0.0 3.0 132.0 14223.7125929052 14223.400000000001 14232.777777777797 
29.011559271615067 0.0 0.0 3.0 132.0 14223.431259290497 14223.400000000001 14232.777777777797 
30.011559271615067 0.0 0.0 3.0 132.0 14223.403125929062 14223.400000000001 14232.777777777797 
31.011559271615067 0.0 0.0 3.0 132.0 14223.400312592912 14223.400000000001 14232.777777777797 
32.01155927161507 0.0 0.0 3.0 132.0 14223.400031259298 14223.400000000001 14232.777777777797 
33.01155927161507 0.0 0.0 3.0 132.0 14223.40000312595 14223.400000000001 14232.777777777797 
34.01155927161507 0.0 0.0 3.0 132.0 14223.400000312588 14223.400000000001 14232.777777777797 
35.01155927161507 0.0 0.0 3.0 132.0 14223.40000003126 14223.400000000001 14232.777777777797 
36.01155927161507 0.0 0.0 3.0 132.0 14223.400000003103 14223.400000000001 14232.777777777797 
37.01155927161507 0.0 0.0 3.0 132.0 14223.40000000031 14223.400000000001 14232.777777777797 
38.01155927161507 0.0 0.0 4.0 132.0 14223.400000000016 14223.400000000001 14232.777777777797 
39.01155927161507 0.0 0.0 4.0 131.0 14220.58666666667 14220.274074074052 14232.777777777797 
40.01155927161507 0.0 0.0 4.0 131.0 14220.305333333341 14220.274074074052 14232.777777777797 
41.01155927161507 0.0 0.0 4.0 131.0 14220.277200000011 14220.274074074052 14232.777777777797 
42.01155927161507 0.0 0.0 4.0 131.0 14220.274386666639 14220.274074074052 14232.777777777797 
43.01155927161507 0.0 0.0 4.0 131.0 14220.274105333332 14220.274074074052 14232.777777777797 
44.01155927161507 0.0 0.0 4.0 131.0 14220.274077199992 14220.274074074052 14232.777777777797 
45.01155927161507 0.0 0.0 4.0 131.0 14220.27407438667 14220.274074074052 14232.777777777797 
46.01155927161507 0.0 0.0 4.0 131.0 14220.274074105348 14220.274074074052 14232.777777777797 
47.01155927161507 0.0 0.0 4.0 131.0 14220.274074077235 14220.274074074052 14232.777777777797 
48.01155927161507 0.0 0.0 4.0 131.0 14220.274074074408 14220.274074074052 14232.777777777797 
49.01155927161507 0.0 0.0 4.0 131.0 14220.2740740741 14220.274074074052 14232.777777777797 
50.01155927161507 0.0 0.0 4.0 131.0 14220.274074074057 14220.274074074052 14232.777777777797 
51.01155927161507 0.0 0.0 4.0 131.0 14220.274074074054 14220.274074074052 14232.777777777797 
52.01155927161507 0.0 0.0 4.0 131.0 14220.274074074052 14220.274074074052 14232.777777777797 
53.01155927161507 0.0 0.0 4.0 131.0 14220.274074074052 14220.274074074052 14232.777777777797 
54.01155927161507 0.0 0.0 4.0 131.0 14220.274074074052 14220.274074074052 14232.777777777797 
55.01155927161507 0.0 0.0 4.0 131.0 14220.274074074052 14220.274074074052 14232.777777777797 
56.01155927161507 0.0 0.0 4.0 131.0 14220.274074074052 14220.274074074052 14232.777777777797 
57.01155927161507 0.0 0.0 4.0 131.0 14220.274074074052 14220.274074074052 14232.777777777797 
58.01155927161507 0.0 0.0 4.0 131.0 14220.274074074052 14220.274074074052 14232.777777777797 
59.01155927161507 0.0 0.0 4.0 131.0 14220.274074074052 14220.274074074052 14232.777777777797 
60.01155927161507 0.0 0.0 4.0 131.0 14220.274074074052 14220.274074074052 14232.777777777797 
61.01155927161507 0.0 0.0 4.0 131.0 14220.274074074052 14220.274074074052 14232.777777777797 
62.01155927161507 0.0 0.0 4.0 131.0 14220.274074074052 14220.274074074052 14232.777777777797 
63.01155927161507 0.0 0.0 5.0 131.0 14220.274074074052 14220.274074074052 14232.777777777797 
64.01155927161507 0.0 0.0 6.0 130.0 14217.460740740746 14217.14814814815 14232.777777777797 
65.01155927161507 0.0 0.0 6.0 129.0 14214.366074074085 14214.022222222226 14232.777777777797 
66.01155927161507 0.0 0.0 6.0 129.0 14214.05660740739 14214.022222222226 14232.777777777797 
67.01155927161507 0.0 0.0 6.0 129.0 14214.025660740734 14214.022222222226 14232.777777777797 
68.01155927161507 0.0 0.0 6.0 129.0 14214.022566074093 14214.022222222226 14232.777777777797 
69.01155927161507 0.0 0.0 6.0 129.0 14214.022256607397 14214.022222222226 14232.777777777797 
70.01155927161507 0.0 0.0 6.0 129.0 14214.022225660743 14214.022222222226 14232.777777777797 
71.01155927161507 0.0 0.0 6.0 129.0 14214.022222566056 14214.022222222226 14232.777777777797 
72.01155927161507 0.0 0.0 6.0 129.0 14214.022222256612 14214.022222222226 14232.777777777797 
73.01155927161507 0.0 0.0 6.0 129.0 14214.022222225673 14214.022222222226 14232.777777777797 
74.01155927161507 0.0 0.0 6.0 129.0 14214.022222222586 14214.022222222226 14232.777777777797 
75.01155927161507 0.0 0.0 6.0 129.0 14214.022222222236 14214.022222222226 14232.777777777797 
76.01155927161507 0.0 0.0 6.0 129.0 14214.022222222231 14214.022222222226 14232.777777777797 
77.01155927161507 0.0 0.0 6.0 129.0 14214.022222222226 14214.022222222226 14232.777777777797 
78.01155927161507 0.0 0.0 6.0 129.0 14214.022222222226 14214.022222222226 14232.777777777797 
79.01155927161507 0.0 0.0 6.0 129.0 14214.022222222226 14214.022222222226 14232.777777777797 
80.01155927161507 0.0 0.0 6.0 129.0 14214.022222222226 14214.022222222226 14232.777777777797 
81.01155927161507 0.0 0.0 6.0 129.0 14214.022222222226 14214.022222222226 14232.777777777797 
82.01155927161507 0.0 0.0 6.0 129.0 14214.022222222226 14214.022222222226 14232.777777777797 
83.01155927161507 0.0 0.0 8.0 129.0 14214.022222222226 14214.022222222226 14232.777777777797 
84.01155927161507 0.0 0.0 8.0 128.0 14195.355555555561 14193.281481481483 14232.777777777797 
85.01155927161507 0.0 0.0 8.0 128.0 14193.48888888891 14193.281481481483 14232.777777777797 
86.01155927161507 1.0 0.0 7.0 128.0 14193.302222222213 14193.281481481483 14232.777777777797 
87.01155927161507 1.0 0.0 8.0 129.0 14196.096888888911 14196.407407407401 14232.777777777797 
88.01155927161507 1.0 0.0 8.0 128.0 14193.563022222226 14193.281481481483 14232.777777777797 
89.01155927161507 1.0 0.0 8.0 128.0 14193.309635555528 14193.281481481483 14232.777777777797 
90.01155927161507 1.0 0.0 8.0 128.0 14193.284296888904 14193.281481481483 14232.777777777797 
91.01155927161507 1.0 0.0 8.0 128.0 14193.281763022222 14193.281481481483 14232.777777777797 
92.01155927161507 1.0 0.0 8.0 128.0 14193.281509635583 14193.281481481483 14232.777777777797 
93.01155927161507 1.0 0.0 8.0 128.0 14193.281484296904 14193.281481481483 14232.777777777797 
94.01155927161507 1.0 0.0 8.0 128.0 14193.281481763019 14193.281481481483 14232.777777777797 
95.01155927161507 1.0 0.0 8.0 128.0 14193.281481509634 14193.281481481483 14232.777777777797 
96.01155927161507 1.0 0.0 8.0 128.0 14193.281481484315 14193.281481481483 14232.777777777797 
97.01155927161507 1.0 0.0 8.0 128.0 14193.28148148176 14193.281481481483 14232.777777777797 
98.01155927161507 2.0 0.0 7.0 128.0 14193.281481481492 14193.281481481483 14232.777777777797 
99.01155927161507 2.0 0.0 8.0 129.0 14196.094814814795 14196.407407407401 14232.777777777797 
100.01155927161507 2.0 0.0 8.0 128.0 14193.562814814815 14193.281481481483 14232.777777777797 
101.01155927161507 2.0 0.0 8.0 128.0 14193.30961481481 14193.281481481483 14232.777777777797 
102.01155927161507 2.0 0.0 8.0 128.0 14193.284294814825 14193.281481481483 14232.777777777797 
103.01155927161507 2.0 0.0 8.0 128.0 14193.281762814797 14193.281481481483 14232.777777777797 
104.01155927161507 2.0 0.0 9.0 128.0 14193.281509614833 14193.281481481483 14232.777777777797 
105.01155927161507 3.0 0.0 8.0 127.0 14206.32148429482 14207.77037037036 14232.777777777797 
106.01155927161507 3.0 0.0 8.0 127.0 14207.6254817628 14207.77037037036 14232.777777777797 
107.01155927161507 3.0 0.0 8.0 127.0 14207.755881509627 14207.77037037036 14232.777777777797 
108.01155927161507 3.0 0.0 9.0 127.0 14207.768921484327 14207.77037037036 14232.777777777797 
109.01155927161507 3.0 0.0 9.0 126.0 14204.956892148424 14204.644444444439 14232.777777777797 
110.01155927161507 3.0 0.0 9.0 126.0 14204.675689214844 14204.644444444439 14232.777777777797 
111.01155927161507 3.0 0.0 10.0 126.0 14204.647568921486 14204.644444444439 14232.777777777797 
112.01155927161507 3.0 0.0 10.0 126.0 14204.644756892147 14204.644444444439 14232.777777777797 
113.01155927161507 4.0 0.0 10.0 126.0 14188.79114235588 14187.029629629666 14232.777777777797 
114.01155927161507 4.0 0.0 10.0 127.0 14190.019114235585 14190.155555555531 14232.777777777797 
115.01155927161507 4.0 0.0 10.0 127.0 14174.28857809021 14172.540740740757 14232.777777777797 
116.01155927161507 4.0 0.0 10.0 127.0 14172.715524475681 14172.540740740757 14232.777777777797 
117.01155927161507 4.0 0.0 11.0 127.0 14172.558219114233 14172.540740740757 14232.777777777797 
118.01155927161507 4.0 0.0 11.0 127.0 14156.689155244772 14154.92592592593 14232.777777777797 
119.01155927161507 5.0 0.0 10.0 127.0 14155.10224885781 14154.92592592593 14232.777777777797 
120.01155927161507 5.0 0.0 10.0 128.0 14157.756891552446 14158.05185185184 14232.777777777797 
121.01155927161507 5.0 0.0 10.0 128.0 14158.022355821906 14158.05185185184 14232.777777777797 
122.01155927161507 5.0 0.0 10.0 128.0 14158.048902248844 14158.05185185184 14232.777777777797 
123.01155927161507 7.0 0.0 8.0 128.0 14158.051556891567 14158.05185185184 14232.777777777797 
124.01155927161507 7.0 0.0 9.0 128.0 14189.758489022483 14193.281481481483 14232.777777777797 
125.01155927161507 7.0 0.0 9.0 128.0 14177.075848902243 14175.666666666668 14232.777777777797 
126.01155927161507 7.0 0.0 9.0 128.0 14175.807584890224 14175.666666666668 14232.777777777797 
127.01155927161507 7.0 0.0 9.0 128.0 14175.680758489 14175.666666666668 14232.777777777797 
128.01155927161506 7.0 0.0 9.0 128.0 14175.668075848895 14175.666666666668 14232.777777777797 
129.01155927161506 7.0 0.0 9.0 128.0 14175.666807584868 14175.666666666668 14232.777777777797 
130.01155927161506 7.0 0.0 9.0 128.0 14175.666680758482 14175.666666666668 14232.777777777797 
131.01155927161506 7.0 0.0 9.0 128.0 14175.666668075859 14175.666666666668 14232.777777777797 
132.01155927161506 8.0 0.0 8.0 128.0 14175.66666680757 14175.666666666668 14232.777777777797 
133.01155927161506 8.0 0.0 8.0 128.0 14191.520000014103 14193.281481481483 14232.777777777797 
134.01155927161506 8.0 0.0 9.0 128.0 14193.105333334724 14193.281481481483 14232.777777777797 
135.01155927161506 8.0 0.0 9.0 128.0 14193.263866666819 14193.281481481483 14232.777777777797 
136.01155927161506 8.0 0.0 9.0 128.0 14177.42638666666 14175.666666666668 14232.777777777797 
137.01155927161506 8.0 0.0 9.0 128.0 14175.842638666669 14175.666666666668 14232.777777777797 
138.01155927161506 8.0 0.0 10.0 128.0 14175.684263866688 14175.666666666668 14232.777777777797 
139.01155927161506 8.0 0.0 10.0 128.0 14175.668426386648 14175.666666666668 14232.777777777797 
140.01155927161506 8.0 0.0 10.0 128.0 14159.820175972009 14158.059259259278 14232.777777777797 
141.01155927161506 8.0 0.0 10.0 128.0 14158.235350930541 14158.059259259278 14232.777777777797 
142.01155927161506 8.0 0.0 11.0 128.0 14158.076868426397 14158.059259259278 14232.777777777797 
143.01155927161506 8.0 0.0 12.0 128.0 14142.207686842628 14140.444444444414 14232.777777777797 
144.01155927161506 9.0 0.0 12.0 127.0 14137.807435350911 14137.318518518547 14232.777777777797 
145.01155927161506 9.0 0.0 13.0 127.0 14137.367410201732 14137.318518518547 14232.777777777797 
146.01155927161506 11.0 0.0 12.0 127.0 14121.470074353514 14119.70370370372 14232.777777777797 
147.01155927161506 11.0 0.0 14.0 128.0 14122.687007435341 14122.82222222224 14232.777777777797 
148.01155927161506 11.0 0.0 15.0 128.0 14106.95536741022 14105.207407407375 14232.777777777797 
149.01155927161506 11.0 0.0 16.0 128.0 14089.535536741036 14087.599999999999 14232.777777777797 
150.01155927161506 15.0 0.0 12.0 128.0 14056.10022034077 14052.385185185174 14232.777777777797 
151.01155927161506 16.0 0.0 11.0 128.0 14132.010022034076 14140.444444444414 14232.777777777797 
152.01155927161506 17.0 0.0 10.0 128.0 14139.601002203422 14140.444444444414 14232.777777777797 
153.01155927161506 17.0 0.0 11.0 128.0 14156.213433553658 14158.059259259278 14232.777777777797 
154.01155927161506 17.0 0.0 15.0 127.0 14155.061343355386 14154.933333333322 14232.777777777797 
155.01155927161506 19.0 0.0 13.0 127.0 14091.539467668881 14084.481481481478 14232.777777777797 
156.01155927161506 21.0 0.0 11.0 127.0 14116.8872801002 14119.70370370372 14232.777777777797 
157.01155927161506 21.0 0.0 11.0 127.0 14151.122061343332 14154.92592592593 14232.777777777797 
158.01155927161506 21.0 0.0 12.0 127.0 14154.545539467668 14154.92592592593 14232.777777777797 
159.01155927161506 22.0 0.0 13.0 127.0 14154.88788728009 14154.92592592593 14232.777777777797 
160.01155927161506 22.0 0.0 13.0 126.0 14152.115455394673 14151.80740740741 14232.777777777797 
161.01155927161506 22.0 0.0 15.0 126.0 14135.991545539486 14134.200000000026 14232.777777777797 
162.01155927161506 22.0 0.0 16.0 126.0 14118.525821220626 14116.5851851852 14232.777777777797 
163.01155927161506 23.0 0.0 15.0 126.0 14085.07924878871 14081.362962962958 14232.777777777797 
164.01155927161506 23.0 0.0 18.0 126.0 14097.5812582122 14098.970370370334 14232.777777777797 
165.01155927161506 25.0 0.0 16.0 126.0 14082.984792487869 14081.362962962958 14232.777777777797 
166.01155927161506 25.0 0.0 18.0 127.0 14068.491812582119 14066.88148148148 14232.777777777797 
167.01155927161506 25.0 0.0 20.0 127.0 14035.34251459156 14031.659259259277 14232.777777777797 
168.01155927161506 27.0 0.0 21.0 126.0 14029.214251459176 14028.533333333322 14232.777777777797 
169.01155927161506 29.0 0.0 20.0 126.0 14028.594758479248 14028.525925925918 14232.777777777797 
170.01155927161506 30.0 0.0 20.0 126.0 14012.679475847915 14010.911111111145 14232.777777777797 
171.01155927161506 31.0 0.0 20.0 126.0 14026.941280918132 14028.525925925918 14232.777777777797 
172.01155927161506 31.0 0.0 20.0 126.0 14012.514128091809 14010.911111111145 14232.777777777797 
173.01155927161506 33.0 0.0 19.0 126.0 14011.071412809173 14010.911111111145 14232.777777777797 
174.01155927161506 33.0 0.0 19.0 126.0 14042.633807947564 14046.140740740746 14232.777777777797 
175.01155927161506 35.0 0.0 19.0 126.0 14029.943380794777 14028.533333333322 14232.777777777797 
176.01155927161506 36.0 0.0 19.0 126.0 14044.521004746144 14046.140740740746 14232.777777777797 
177.01155927161506 37.0 0.0 23.0 126.0 14030.13876714127 14028.540740740757 14232.777777777797 
178.01155927161506 37.0 0.0 24.0 126.0 13965.300543380787 13958.096296296291 14232.777777777797 
179.01155927161506 37.0 0.0 29.0 126.0 13942.963387671429 13940.48148148148 14232.777777777797 
180.01155927161506 41.0 0.0 25.0 126.0 13877.323005433806 13870.029629629666 14232.777777777797 
181.01155927161506 41.0 0.0 27.0 127.0 13905.272300543375 13908.377777777787 14232.777777777797 
182.01155927161506 43.0 0.0 29.0 122.0 13883.787230054317 13881.400000000001 14232.777777777797 
183.01155927161506 46.0 0.0 26.0 113.0 13894.672056338779 13895.88148148148 14232.777777777797 
184.01155927161506 47.0 0.0 26.0 121.0 13911.613872300515 13913.496296296305 14232.777777777797 
185.01155927161506 48.0 0.0 28.0 112.0 13897.454720563383 13895.88148148148 14232.777777777797 
186.01155927161506 48.0 0.0 29.0 119.0 13890.412138723012 13889.629629629611 14232.777777777797 
187.01155927161506 49.0 0.0 30.0 110.0 13873.854547205645 13872.014814814838 14232.777777777797 
188.01155927161506 52.0 0.0 31.0 119.0 13872.205454720563 13872.022222222227 14232.777777777797 
189.01155927161506 53.0 0.0 30.0 110.0 13856.180545472047 13854.400000000001 14232.777777777797 
190.01155927161506 55.0 0.0 29.0 119.0 13886.27138788055 13889.614814814826 14232.777777777797 
191.01155927161506 59.0 0.0 25.0 110.0 13889.280472121365 13889.614814814826 14232.777777777797 
192.01155927161506 60.0 0.0 26.0 120.0 13939.941380545455 13945.57037037037 14232.777777777797 
193.00732199250058 61.0 0.0 27.0 110.0 13926.340804721203 13924.82962962964 14232.777777777797 
194.01155927161506 63.0 0.0 28.0 119.0 13924.980747138796 13924.82962962964 14232.777777777797 
195.01155927161506 65.0 0.0 27.0 109.0 13890.33140804721 13886.48148148148 14232.777777777797 
196.01155927161506 66.0 0.0 27.0 118.0 13918.56647413805 13921.703703703719 14232.777777777797 
197.01155927161506 67.0 0.0 31.0 109.0 13905.549980747137 13904.103703703682 14232.777777777797 
198.01155927161506 69.0 0.0 31.0 118.0 13861.414998074692 13856.511111111091 14232.777777777797 
199.01155927161506 70.0 0.0 31.0 109.0 13872.848166474136 13874.11851851852 14232.777777777797 
200.01155927161506 70.0 0.0 32.0 118.0 13831.15148331407 13826.51851851852 14232.777777777797 
201.01155927161506 73.0 0.0 30.0 109.0 13779.435148331404 13773.68888888889 14232.777777777797 
202.01155927161506 74.0 0.0 33.0 117.0 13819.003514833139 13823.400000000001 14232.777777777797 
203.01155927161506 75.0 0.0 34.0 108.0 13818.24035148332 13818.155555555531 14232.777777777797 
204.01155927161506 76.0 0.0 33.0 117.0 13797.604035148337 13795.31111111111 14232.777777777797 
205.01155927161506 78.0 0.0 33.0 108.0 13795.540403514819 13795.31111111111 14232.777777777797 
206.01155927161506 78.0 0.0 36.0 117.0 13811.174040351461 13812.911111111145 14232.777777777797 
207.01155927161506 79.0 0.0 38.0 108.0 13796.89073736847 13795.303703703716 14232.777777777797 
208.01155927161506 80.0 0.0 40.0 117.0 13757.342407070179 13752.94814814816 14232.777777777797 
209.01155927161506 80.0 0.0 41.0 108.0 13674.140907373692 13664.896296296318 14232.777777777797 
210.01155927161506 82.0 0.0 41.0 117.0 13670.534090737381 13670.133333333348 14232.777777777797 
211.01155927161506 87.0 0.0 39.0 105.0 13701.88007574041 13705.362962962961 14232.777777777797 
212.01155927161506 89.0 0.0 38.0 108.0 13641.621340907357 13634.925925925925 14232.777777777797 
213.01155927161506 91.0 0.0 37.0 117.0 13683.135467424083 13687.748148148132 14232.777777777797 
214.01155927161506 93.0 0.0 37.0 108.0 13589.386880075717 13578.970370370334 14232.777777777797 
215.01155927161506 94.0 0.0 38.0 116.0 13591.152021340913 13591.348148148156 14232.777777777797 
216.01155927161506 95.0 0.0 39.0 109.0 13602.461868800749 13603.718518518523 14232.777777777797 
217.01155927161506 97.0 0.0 37.0 116.0 13603.586186880066 13603.711111111119 14232.777777777797 
218.01155927161506 98.0 0.0 39.0 105.0 13667.091952021348 13674.148148148144 14232.777777777797 
219.01155927161506 99.0 0.0 38.0 108.0 13614.762528535482 13608.94814814816 14232.777777777797 
220.01155927161506 100.0 0.0 39.0 116.0 13657.07625285357 13661.777777777797 14232.777777777797 
221.01155927161506 102.0 0.0 40.0 108.0 13645.454291951995 13644.162962962957 14232.777777777797 
222.01155927161506 106.0 0.0 38.0 116.0 13644.298762528531 13644.17037037036 14232.777777777797 
223.01155927161506 107.0 0.0 39.0 109.0 13662.84320958619 13664.90370370371 14232.777777777797 
224.01155927161506 108.0 0.0 39.0 117.0 13619.964320958636 13615.200000000026 14232.777777777797 
225.01155927161506 109.0 0.0 41.0 109.0 13651.989765429209 13655.548148148151 14232.777777777797 
226.01155927161506 111.0 0.0 41.0 103.0 13618.772309876236 13615.081481481506 14232.777777777797 
227.01155927161506 111.0 0.0 43.0 92.0 13647.1572309876 13650.311111111112 14232.777777777797 
228.01155927161506 114.0 0.0 40.0 99.0 13618.295723098747 13615.088888888855 14232.777777777797 
229.01155927161506 115.0 0.0 39.0 94.0 13605.18290564319 13603.725925925946 14232.777777777797 
230.01155927161506 120.0 0.0 36.0 112.0 13642.998290564323 13647.200000000026 14232.777777777797 
231.01155927161506 120.0 0.0 38.0 90.0 13662.63316238978 13664.814814814803 14232.777777777797 
232.01155927161506 121.0 0.0 39.0 103.0 13651.556649572312 13650.325925925896 14232.777777777797 
233.01155927161506 124.0 0.0 36.0 90.0 13618.755664957236 13615.111111111117 14232.777777777797 
234.01155927161506 124.0 0.0 37.0 104.0 13602.435566495724 13600.622222222211 14232.777777777797 
235.01155927161506 125.0 0.0 36.0 91.0 13616.65688998291 13618.23703703704 14232.777777777797 
236.01155927161506 126.0 0.0 38.0 115.0 13602.225688998298 13600.622222222211 14232.777777777797 
237.01155927161506 128.0 0.0 36.0 95.0 13600.775902233157 13600.614814814828 14232.777777777797 
238.01155927161506 132.0 0.0 33.0 104.0 13646.457590223337 13651.533333333324 14232.777777777797 
239.01155927161506 135.0 0.0 31.0 90.0 13666.865759022352 13669.133333333348 14232.777777777797 
240.01155927161506 136.0 0.0 32.0 92.0 13592.47990923555 13584.21481481481 14232.777777777797 
241.01155927161506 141.0 0.0 28.0 105.0 13598.074657590225 13598.696296296284 14232.777777777797 
242.01155927161506 142.0 0.0 31.0 104.0 13630.334132425676 13633.918518518494 14232.777777777797 
243.01155927161506 143.0 0.0 36.0 109.0 13633.560079909232 13633.918518518494 14232.777777777797 
244.01155927161506 144.0 0.0 39.0 87.0 13568.649341324264 13561.437037037065 14232.777777777797 
245.00196994197196 146.0 0.0 39.0 102.0 13460.638269693767 13448.637037037039 14232.777777777797 
246.01155927161506 148.0 0.0 39.0 87.0 13361.929826746567 13353.437037037063 14232.777777777797 
247.01155927161506 150.0 0.0 39.0 107.0 13306.746316007973 13300.61481481483 14232.777777777797 
248.01155927161506 152.0 0.0 38.0 87.0 13332.934631600821 13335.844444444467 14232.777777777797 
249.01155927161506 153.0 0.0 37.0 102.0 13319.700129826733 13318.229629629635 14232.777777777797 
250.01155927161506 155.0 0.0 36.0 88.0 13334.230012982694 13335.844444444467 14232.777777777797 
251.01155927161506 156.0 0.0 35.0 105.0 13367.383001298265 13371.066666666678 14232.777777777797 
252.01155927161506 156.0 0.0 38.0 92.0 13352.038300129832 13350.333333333327 14232.777777777797 
253.01155927161506 159.0 0.0 40.0 102.0 13302.957163346315 13297.503703703691 14232.777777777797 
254.01155927161506 160.0 0.0 41.0 99.0 13300.849049667964 13300.61481481483 14232.777777777797 
255.01155927161506 165.0 0.0 38.0 105.0 13209.351571633455 13199.185185185197 14232.777777777797 
256.01155927161506 165.0 0.0 46.0 86.0 13200.201823830017 13199.185185185197 14232.777777777797 
257.01155927161506 165.0 0.0 47.0 98.0 13146.120182382998 13140.111111111113 14232.777777777797 
258.00569023795316 168.0 0.0 48.0 84.0 13109.040958238305 13104.896296296318 14232.777777777797 
259.01155927161506 174.0 0.0 46.0 102.0 13155.66186849049 13160.844444444467 14232.777777777797 
260.01155927161506 178.0 0.0 44.0 86.0 13175.24618684905 13177.422222222236 14232.777777777797 
261.01155927161506 179.0 0.0 47.0 86.0 13153.031285351557 13150.562962962937 14232.777777777797 
262.01155927161506 182.0 0.0 47.0 83.0 13107.976461868482 13102.970370370336 14232.777777777797 
263.01155927161506 184.0 0.0 50.0 98.0 13128.737646186846 13131.044444444435 14232.777777777797 
264.01155927161506 184.0 0.0 51.0 86.0 13054.37376461869 13046.111111111113 14232.777777777797 
265.01155927161506 184.0 0.0 51.0 103.0 13019.950709795203 13016.125925925926 14232.777777777797 
266.01155927161506 188.0 0.0 47.0 84.0 12964.241737646193 12958.05185185184 14232.777777777797 
267.01155927161506 191.0 0.0 49.0 98.0 13026.790840431297 13033.740740740726 14232.777777777797 
268.01155927161506 194.0 0.0 49.0 83.0 13057.219084043123 13060.600000000006 14232.777777777797 
269.01155927161506 197.0 0.0 50.0 99.0 13028.555241737648 13025.370370370389 14232.777777777797 
270.01155927161506 199.0 0.0 51.0 88.0 13068.535524173762 13072.977777777767 14232.777777777797 
271.01155927161506 200.0 0.0 52.0 97.0 13061.386885750713 13060.592592592599 14232.777777777797 
272.01155927161506 203.0 0.0 50.0 83.0 13033.685355241736 13030.607407407426 14232.777777777797 
273.01155927161506 207.0 0.0 51.0 98.0 13062.621868857503 13065.837037037047 14232.777777777797 
274.01155927161506 209.0 0.0 54.0 85.0 13076.655520219072 13078.214814814806 14232.777777777797 
275.01155927161506 210.0 0.0 57.0 94.0 13064.918885355239 13063.614814814831 14232.777777777797 
276.01155927161506 214.0 0.0 53.0 78.0 13043.191888535519 13040.777777777797 14232.777777777797 
277.01155927161506 217.0 0.0 57.0 89.0 13072.719188853556 13076.0 14232.777777777797 
278.01155927161506 218.0 0.0 60.0 77.0 13007.571918885356 13000.333333333325 14232.777777777797 
279.01155927161506 221.0 0.0 62.0 91.0 12953.49719188855 12947.488888888907 14232.777777777797 
280.01155927161506 224.0 0.0 61.0 72.0 12916.396385855527 12912.274074074054 14232.777777777797 
281.01155927161506 226.0 0.0 61.0 78.0 12790.592971918893 12776.614814814835 14232.777777777797 
282.01155927161506 227.0 0.0 62.0 91.0 12778.0192971919 12776.622222222204 14232.777777777797 
283.01155927161506 234.0 0.0 57.0 78.0 12760.921929719205 12759.022222222236 14232.777777777797 
284.01155927161506 238.0 0.0 58.0 75.0 12833.732192971895 12841.822222222228 14232.777777777797 
285.01155927161506 240.0 0.0 57.0 86.0 12845.726552630516 12847.059259259267 14232.777777777797 
286.01155927161506 243.0 0.0 55.0 77.0 12846.932655263074 12847.066666666677 14232.777777777797 
287.01155927161506 245.0 0.0 58.0 90.0 12834.193265526297 12832.777777777796 14232.777777777797 
288.01155927161506 246.0 0.0 61.0 78.0 12626.88599321929 12603.85185185186 14232.777777777797 
289.01155927161506 250.0 0.0 58.0 90.0 12595.021932655276 12591.48148148149 14232.777777777797 
290.01155927161506 256.0 0.0 55.0 89.0 12602.968859932205 12603.85185185186 14232.777777777797 
291.01155927161506 257.0 0.0 55.0 96.0 12619.510219326545 12621.34814814815 14232.777777777797 
292.01155927161506 261.0 0.0 55.0 74.0 12603.417688599326 12601.629629629613 14232.777777777797 
293.01155927161506 263.0 0.0 54.0 78.0 12593.375102193246 12592.259259259277 14232.777777777797 
294.01155927161506 264.0 0.0 58.0 58.0 12624.077510219342 12627.488888888907 14232.777777777797 
295.01155927161506 268.0 0.0 59.0 63.0 12598.327751021929 12595.466666666669 14232.777777777797 
296.01155927161506 269.0 0.0 64.0 89.0 12521.226108435518 12512.659259259277 14232.777777777797 
297.01155927161506 270.0 0.0 66.0 58.0 12370.875944176874 12354.17037037036 14232.777777777797 
298.01155927161506 273.0 0.0 65.0 70.0 12220.907594417686 12204.244444444457 14232.777777777797 
299.01155927161506 278.0 0.0 64.0 54.0 12123.857426108432 12113.074074074088 14232.777777777797 
300.01155927161506 282.0 0.0 61.0 69.0 12134.70574261084 12135.911111111143 14232.777777777797 
301.01155927161506 284.0 0.0 61.0 71.0 12108.803907594422 12105.925925925912 14232.777777777797 
302.01155927161506 286.0 0.0 61.0 64.0 12115.547057426122 12116.296296296297 14232.777777777797 
303.01155927161506 288.0 0.0 63.0 56.0 12105.061372409258 12103.896296296316 14232.777777777797 
304.01155927161506 291.0 0.0 60.0 65.0 12034.186137240918 12026.311111111127 14232.777777777797 
305.01155927161506 292.0 0.0 62.0 63.0 11969.711947057433 11962.548148148166 14232.777777777797 
306.01155927161506 297.0 0.0 59.0 73.0 11983.824528039071 11985.392592592574 14232.777777777797 
307.01155927161506 298.0 0.0 59.0 56.0 11948.822452803894 11944.933333333322 14232.777777777797 
308.01155927161506 298.0 0.0 63.0 64.0 11944.415578613716 11943.925925925912 14232.777777777797 
309.01155927161506 300.0 0.0 63.0 55.0 11912.268224528028 11908.696296296283 14232.777777777797 
310.01155927161506 306.0 0.0 61.0 67.0 11977.166822452813 11984.377777777801 14232.777777777797 
311.01155927161506 308.0 0.0 61.0 61.0 11994.783348911962 11996.740740740717 14232.777777777797 
312.01155927161506 309.0 0.0 63.0 73.0 11956.525001557853 11952.274074074056 14232.777777777797 
313.01155927161506 313.0 0.0 60.0 55.0 11956.519166822467 11956.518518518502 14232.777777777797 
314.01155927161506 318.0 0.0 60.0 68.0 12054.41858334893 12065.2962962963 14232.777777777797 
315.01155927161506 325.0 0.0 55.0 54.0 12108.948525001573 12115.007407407418 14232.777777777797 
316.01155927161506 329.0 0.0 54.0 82.0 12090.301519166835 12088.22962962962 14232.777777777797 
317.01155927161506 330.0 0.0 55.0 59.0 12202.990151916702 12215.511111111095 14232.777777777797 
318.0002008806075 335.0 0.0 51.0 60.0 12124.460206037525 12116.985185185164 14232.777777777797 
319.01155927161506 338.0 0.0 55.0 47.0 12171.798568185815 12178.17037037036 14232.777777777797 
320.01155927161506 341.0 0.0 54.0 60.0 12181.326523485252 12182.385185185161 14232.777777777797 
321.01155927161506 342.0 0.0 55.0 46.0 12122.692652348513 12116.177777777779 14232.777777777797 
322.01155927161506 344.0 0.0 57.0 72.0 12062.84926523484 12056.200000000024 14232.777777777797 
323.01155927161506 351.0 0.0 54.0 57.0 12151.964926523473 12161.866666666654 14232.777777777797 
324.01155927161506 353.0 0.0 56.0 56.0 12118.043159319028 12114.274074074054 14232.777777777797 
325.01155927161506 357.0 0.0 53.0 47.0 12063.297649265223 12057.214814814797 14232.777777777797 
326.01155927161506 357.0 0.0 56.0 58.0 12093.32309825985 12096.659259259277 14232.777777777797 
327.01155927161506 361.0 0.0 59.0 47.0 11986.672309825972 11974.82222222222 14232.777777777797 
328.0067530385134 366.0 0.0 55.0 58.0 11874.458523731799 11862.014814814838 14232.777777777797 
329.01155927161506 370.0 0.0 57.0 70.0 11907.215389764944 11909.614814814842 14232.777777777797 
330.01155927161506 371.0 0.0 57.0 53.0 11757.308205643141 11740.651851851859 14232.777777777797 
331.01155927161506 373.0 0.0 59.0 66.0 11710.624153897661 11705.437037037062 14232.777777777797 
332.01155927161506 379.0 0.0 55.0 52.0 11726.509082056416 11728.274074074056 14232.777777777797 
333.01155927161506 381.0 0.0 56.0 75.0 11764.510908205644 11768.73333333336 14232.777777777797 
334.01155927161506 386.0 0.0 53.0 64.0 11714.331090820553 11708.755555555543 14232.777777777797 
335.01155927161506 387.0 0.0 55.0 63.0 11691.5664424154 11689.037037037018 14232.777777777797 
336.01155927161506 390.0 0.0 57.0 46.0 11704.236644241555 11705.644444444439 14232.777777777797 
337.01155927161506 391.0 0.0 59.0 66.0 11640.390331090832 11633.2962962963 14232.777777777797 
338.01155927161506 395.0 0.0 58.0 76.0 11602.31236644242 11598.081481481502 14232.777777777797 
339.01155927161506 396.0 0.0 66.0 78.0 11537.911236644233 11530.755555555543 14232.777777777797 
340.01155927161506 396.0 0.0 70.0 67.0 11421.324456997747 11408.370370370385 14232.777777777797 
341.01155927161506 401.0 0.0 68.0 59.0 11309.859112366437 11297.474074074082 14232.777777777797 
342.01155927161506 406.0 0.0 67.0 60.0 11409.665911236634 11420.755555555543 14232.777777777797 
343.01155927161506 407.0 0.0 71.0 67.0 11414.939924457 11415.525925925918 14232.777777777797 
344.01155927161506 411.0 0.0 72.0 72.0 11410.753992445716 11410.288888888881 14232.777777777797 
345.01155927161506 419.0 0.0 70.0 59.0 11266.89539924456 11250.91111111114 14232.777777777797 
346.01155927161506 420.0 0.0 75.0 61.0 11300.056206591133 11303.740740740719 14232.777777777797 
347.01155927161506 421.0 0.0 81.0 57.0 11189.632287325765 11177.362962962978 14232.777777777797 
348.01155927161506 424.0 0.0 81.0 58.0 11091.009895399247 11080.05185185184 14232.777777777797 
349.01155927161506 426.0 0.0 80.0 79.0 10933.807656206605 10916.340740740723 14232.777777777797 
350.01155927161506 434.0 0.0 75.0 67.0 10900.50743228733 10896.807407407394 14232.777777777797 
351.01155927161506 443.0 0.0 69.0 51.0 11082.650743228734 11102.8888888889 14232.777777777797 
352.01155927161506 448.0 0.0 67.0 51.0 11281.631740989555 11303.740740740719 14232.777777777797 
353.01155927161506 451.0 0.0 65.0 50.0 11272.729840765627 11271.740740740719 14232.777777777797 
354.01155927161506 451.0 0.0 72.0 52.0 11275.026317409882 11275.281481481463 14232.777777777797 
355.00412279031053 455.0 0.0 72.0 61.0 11396.1077559232 11409.696296296283 14232.777777777797 
356.01155927161506 458.0 0.0 73.0 60.0 11123.196263174108 11092.85925925924 14232.777777777797 
357.01155927161506 459.0 0.0 80.0 41.0 11108.106292984065 11106.429629629643 14232.777777777797 
358.01155927161506 466.0 0.0 76.0 50.0 10996.517295965066 10984.11851851852 14232.777777777797 
359.01155927161506 471.0 0.0 75.0 37.0 10966.778396263184 10963.474074074082 14232.777777777797 
360.01155927161506 474.0 0.0 76.0 47.0 10871.971172959646 10861.43703703706 14232.777777777797 
361.01155927161506 479.0 0.0 74.0 50.0 10718.137117295953 10701.044444444422 14232.777777777797 
362.01155927161506 482.0 0.0 74.0 60.0 10713.87371172958 10713.399999999983 14232.777777777797 
363.01155927161506 491.0 0.0 70.0 35.0 10626.854037839643 10617.185185185195 14232.777777777797 
364.01155927161506 493.0 0.0 71.0 43.0 10698.692070450626 10706.674074074097 14232.777777777797 
365.01155927161506 498.0 0.0 69.0 40.0 10546.762540378404 10529.88148148148 14232.777777777797 
366.01155927161506 501.0 0.0 68.0 44.0 10577.236254037847 10580.622222222202 14232.777777777797 
367.01155927161506 505.0 0.0 65.0 54.0 10592.690292070432 10594.4074074074 14232.777777777797 
368.01155927161506 510.0 0.0 65.0 44.0 10494.342362540367 10483.41481481482 14232.777777777797 
369.0100259248684 514.0 0.0 66.0 34.0 10482.273536946928 10483.422222222236 14232.777777777797 
370.01155927161506 516.0 0.0 71.0 42.0 10501.264090292085 10505.600000000017 14232.777777777797 
371.01155927161506 519.0 0.0 71.0 32.0 10410.059742362528 10399.925925925916 14232.777777777797 
372.01155927161506 522.0 0.0 70.0 64.0 10270.285974236267 10254.755555555543 14232.777777777797 
373.01155927161506 523.0 0.0 69.0 45.0 10163.335264090285 10151.45185185184 14232.777777777797 
374.01155927161506 527.0 0.0 69.0 40.0 9948.31352640904 9924.422222222234 14232.777777777797 
375.01155927161506 529.0 0.0 73.0 40.0 9904.51801930758 9899.651851851859 14232.777777777797 
376.01155927161506 530.0 0.0 72.0 41.0 9895.41180193076 9894.399999999985 14232.777777777797 
377.01155927161506 536.0 0.0 69.0 64.0 9704.554513526422 9683.348148148141 14232.777777777797 
378.01155927161506 539.0 0.0 70.0 52.0 9773.848784685984 9781.548148148158 14232.777777777797 
379.01155927161506 542.0 0.0 69.0 38.0 9632.378211801944 9616.659259259275 14232.777777777797 
380.01155927161506 546.0 0.0 66.0 41.0 9435.557821180186 9413.688888888883 14232.777777777797 
381.01155927161506 550.0 0.0 67.0 42.0 9519.09578211801 9528.377777777794 14232.777777777797 
382.01155927161506 554.0 0.0 66.0 43.0 9517.436244878476 9517.251851851857 14232.777777777797 
383.01155927161506 555.0 0.0 69.0 48.0 9571.243624487837 9577.222222222204 14232.777777777797 
384.01155927161506 557.0 0.0 72.0 59.0 9590.75102911546 9592.918518518505 14232.777777777797 
385.01155927161506 560.0 0.0 73.0 42.0 9429.501769578217 9411.58518518518 14232.777777777797 
386.01155927161506 562.0 0.0 73.0 43.0 9432.216843624488 9432.518518518506 14232.777777777797 
387.01155927161506 566.0 0.0 70.0 45.0 9480.041684362444 9485.355555555561 14232.777777777797 
388.01155927161506 567.0 0.0 74.0 37.0 9427.424168436251 9421.577777777764 14232.777777777797 
389.01155927161506 570.0 0.0 75.0 43.0 9389.375750176958 9385.148148148131 14232.777777777797 
390.01155927161506 575.0 0.0 76.0 38.0 9553.91090835102 9572.192592592599 14232.777777777797 
391.01155927161506 579.0 0.0 74.0 42.0 9641.68442416844 9651.437037037054 14232.777777777797 
392.01155927161506 584.0 0.0 77.0 60.0 9685.395109083514 9690.25185185186 14232.777777777797 
393.01155927161506 587.0 0.0 77.0 41.0 9552.579510908356 9537.822222222221 14232.777777777797 
394.01155927161506 592.0 0.0 74.0 38.0 9437.177951090829 9424.355555555561 14232.777777777797 
395.01155927161506 596.0 0.0 74.0 36.0 9487.324461775757 9492.896296296314 14232.777777777797 
396.00898554247783 599.0 0.0 77.0 36.0 9472.284064317624 9473.177777777779 14232.777777777797 
397.01155927161506 605.0 0.0 75.0 45.0 9469.905911284432 9468.148148148133 14232.777777777797 
398.01155927161506 608.0 0.0 74.0 45.0 9603.143924461767 9617.94814814816 14232.777777777797 
399.01155927161506 611.0 0.0 72.0 36.0 9448.54105911284 9431.362962962976 14232.777777777797 
400.01155927161506 615.0 0.0 72.0 35.0 9260.700772577962 9239.82962962964 14232.777777777797 
401.01155927161506 617.0 0.0 77.0 35.0 9257.756743924465 9257.429629629636 14232.777777777797 
402.01155927161506 622.0 0.0 74.0 35.0 9350.649007725786 9360.970370370349 14232.777777777797 
403.01155927161506 628.0 0.0 74.0 59.0 9475.584900772583 9489.46666666666 14232.777777777797 
404.01155927161506 634.0 0.0 71.0 47.0 9217.911823410603 9189.281481481465 14232.777777777797 
405.01155927161506 639.0 0.0 67.0 38.0 9303.351182341048 9312.844444444456 14232.777777777797 
406.01155927161506 640.0 0.0 70.0 39.0 9233.335118234094 9225.555555555571 14232.777777777797 
407.01155927161506 644.0 0.0 68.0 38.0 9282.013511823416 9287.422222222234 14232.777777777797 
408.00888866829604 647.0 0.0 65.0 39.0 9366.002063736489 9378.5925925926 14232.777777777797 
409.01155927161506 654.0 0.0 61.0 61.0 9472.678135118242 9490.392592592581 14232.777777777797 
410.01155927161506 655.0 0.0 60.0 40.0 9530.341146845165 9536.748148148143 14232.777777777797 
411.01155927161506 658.0 0.0 57.0 38.0 9632.934114684527 9644.333333333323 14232.777777777797 
412.01155927161506 658.0 0.0 58.0 38.0 9741.720078135108 9753.807407407401 14232.777777777797 
413.01155927161506 663.0 0.0 55.0 38.0 9644.218674480173 9633.385185185167 14232.777777777797 
414.01155927161506 668.0 0.0 52.0 56.0 9879.048534114676 9905.140740740755 14232.777777777797 
415.01155927161506 672.0 0.0 48.0 44.0 9956.318186744793 9964.903703703718 14232.777777777797 
416.01155927161506 673.0 0.0 50.0 38.0 9956.338485341135 9956.340740740725 14232.777777777797 
417.01155927161506 673.0 0.0 51.0 38.0 9989.753848534125 9993.46666666666 14232.777777777797 
418.01155927161506 673.0 0.0 53.0 38.0 10020.082051520067 10023.451851851842 14232.777777777797 
419.01155927161506 676.0 0.0 50.0 38.0 10048.388205152007 10051.53333333334 14232.777777777797 
420.01155927161506 679.0 0.0 47.0 56.0 10005.378820515196 10000.600000000015 14232.777777777797 
421.01155927161506 681.0 0.0 45.0 44.0 10147.144548718172 10162.896296296316 14232.777777777797 
422.01155927161506 682.0 0.0 44.0 40.0 10289.647788205148 10305.481481481496 14232.777777777797 
423.01155927161506 683.0 0.0 43.0 40.0 10340.124778820511 10345.733333333355 14232.777777777797 
424.01155927161506 684.0 0.0 43.0 40.0 10362.12581121539 10364.57037037036 14232.777777777797 
425.01155927161506 686.0 0.0 41.0 41.0 10465.852581121553 10477.377777777798 14232.777777777797 
426.01155927161506 689.0 0.0 38.0 62.0 10528.485258112143 10535.444444444425 14232.777777777797 
427.01155927161506 689.0 0.0 38.0 48.0 10554.208525811222 10557.066666666677 14232.777777777797 
428.01155927161506 692.0 0.0 35.0 42.0 10498.520852581118 10492.33333333332 14232.777777777797 
429.01155927161506 694.0 0.0 33.0 42.0 10556.345418591458 10562.77037037038 14232.777777777797 
430.01155927161506 695.0 0.0 32.0 42.0 10508.601208525803 10503.2962962963 14232.777777777797 
431.01155927161506 695.0 0.0 32.0 43.0 10582.88678751926 10591.140740740759 14232.777777777797 
432.01155927161506 698.0 0.0 29.0 64.0 10634.868678751905 10640.644444444439 14232.777777777797 
433.01155927161506 698.0 0.0 29.0 45.0 10699.55353454186 10706.74074074072 14232.777777777797 
434.01155927161506 701.0 0.0 27.0 43.0 10520.542020120844 10500.651851851859 14232.777777777797 
435.01155927161506 701.0 0.0 27.0 43.0 10358.700868678756 10340.718518518535 14232.777777777797 
436.01155927161506 705.0 0.0 23.0 42.0 10398.210086867868 10402.600000000017 14232.777777777797 
437.01155927161506 705.0 0.0 23.0 42.0 10505.394342020114 10517.303703703716 14232.777777777797 
438.01155927161506 705.0 0.0 23.0 46.0 10621.059434202 10633.911111111138 14232.777777777797 
439.01155927161506 709.0 0.0 19.0 36.0 10640.772610086877 10642.96296296298 14232.777777777797 
440.01155927161506 709.0 0.0 19.0 42.0 10683.663927675361 10688.429629629642 14232.777777777797 
441.01155927161506 710.0 0.0 18.0 66.0 10768.913059434217 10778.385185185161 14232.777777777797 
442.01155927161506 714.0 0.0 14.0 48.0 10907.644639276745 10923.059259259258 14232.777777777797 
443.01155927161506 714.0 0.0 15.0 43.0 11072.124463927661 11090.399999999983 14232.777777777797 
444.01155927161506 714.0 0.0 15.0 42.0 11161.81911305944 11171.785185185203 14232.777777777797 
445.01155927161506 714.0 0.0 15.0 42.0 11251.761911305943 11261.755555555543 14232.777777777797 
446.01155927161506 714.0 0.0 15.0 43.0 11376.229524463944 11390.059259259258 14232.777777777797 
447.01155927161506 714.0 0.0 16.0 65.0 11488.302952446396 11500.755555555543 14232.777777777797 
448.01155927161506 714.0 0.0 16.0 50.0 11526.296961911323 11530.518518518502 14232.777777777797 
449.01155927161506 714.0 0.0 16.0 44.0 11590.483029524472 11597.614814814842 14232.777777777797 
450.01155927161506 714.0 0.0 16.0 43.0 11625.59496961913 11629.496296296322 14232.777777777797 
451.01155927161506 715.0 0.0 15.0 48.0 11744.39283029524 11757.5925925926 14232.777777777797 
452.01155927161506 716.0 0.0 14.0 58.0 11810.252616362848 11817.570370370357 14232.777777777797 
453.01155927161506 716.0 0.0 14.0 45.0 11892.298594969601 11901.41481481482 14232.777777777797 
454.01155927161506 717.0 0.0 13.0 44.0 11927.496526163617 11931.407407407401 14232.777777777797 
455.01155927161506 718.0 0.0 12.0 44.0 12027.64965261637 12038.777777777796 14232.777777777797 
456.01155927161506 718.0 0.0 12.0 49.0 12071.071631928298 12075.896296296316 14232.777777777797 
457.01155927161506 719.0 0.0 11.0 59.0 12170.313829859502 12181.340740740723 14232.777777777797 
458.01155927161506 720.0 0.0 10.0 46.0 12308.744716319297 12324.12592592593 14232.777777777797 
459.01155927161506 720.0 0.0 10.0 45.0 12306.734471631922 12306.511111111095 14232.777777777797 
460.01155927161506 722.0 0.0 8.0 45.0 12360.500113829858 12366.474074074082 14232.777777777797 
461.01155927161506 722.0 0.0 8.0 45.0 12456.063344716313 12466.681481481455 14232.777777777797 
462.01155927161506 722.0 0.0 9.0 46.0 12524.113001138288 12531.674074074104 14232.777777777797 
463.01155927161506 722.0 0.0 9.0 59.0 12526.204633447187 12526.437037037063 14232.777777777797 
464.01155927161506 722.0 0.0 9.0 46.0 12585.107130011373 12591.65185185185 14232.777777777797 
465.01155927161506 722.0 0.0 9.0 46.0 12617.99071300115 12621.644444444439 14232.777777777797 
466.01155927161506 723.0 0.0 8.0 45.0 12670.539071300136 12676.377777777792 14232.777777777797 
467.01155927161506 723.0 0.0 8.0 47.0 12689.747240463334 12691.88148148148 14232.777777777797 
468.01155927161506 723.0 0.0 9.0 46.0 12799.608057379644 12811.814814814803 14232.777777777797 
469.01155927161506 723.0 0.0 10.0 46.0 12790.02747240463 12788.962962962985 14232.777777777797 
470.01155927161506 725.0 0.0 8.0 45.0 12820.769413907154 12824.185185185197 14232.777777777797 
471.01155927161506 725.0 0.0 8.0 45.0 12882.543608057369 12889.407407407401 14232.777777777797 
472.01155927161506 725.0 0.0 8.0 53.0 12953.83436080575 12961.755555555557 14232.777777777797 
473.01155927161506 725.0 0.0 8.0 55.0 13051.350102747243 13062.185185185197 14232.777777777797 
474.01155927161506 726.0 0.0 7.0 46.0 13076.948343608054 13079.792592592625 14232.777777777797 
475.01155927161506 727.0 0.0 6.0 45.0 13136.30816769414 13142.90370370371 14232.777777777797 
476.01155927161506 728.0 0.0 5.0 45.0 13211.270816769404 13219.600000000002 14232.777777777797 
477.01155927161506 728.0 0.0 5.0 45.0 13276.633748343613 13283.896296296318 14232.777777777797 
478.01155927161506 728.0 0.0 5.0 47.0 13330.710041501037 13336.71851851852 14232.777777777797 
479.01155927161506 728.0 0.0 5.0 47.0 13386.28433748343 13392.459259259243 14232.777777777797 
480.01155927161506 728.0 0.0 5.0 45.0 13436.381767081686 13441.94814814816 14232.777777777797 
481.01155927161506 728.0 0.0 5.0 45.0 13527.078176708157 13537.155555555533 14232.777777777797 
482.01155927161506 728.0 0.0 6.0 45.0 13608.774484337458 13617.85185185185 14232.777777777797 
483.01155927161506 730.0 0.0 4.0 70.0 13633.69744843375 13636.46666666668 14232.777777777797 
484.01155927161506 730.0 0.0 5.0 50.0 13679.936411510063 13685.074074074071 14232.777777777797 
485.01155927161506 730.0 0.0 5.0 46.0 13684.553641151 13685.066666666678 14232.777777777797 
486.01155927161506 730.0 0.0 6.0 46.0 13716.715364115109 13720.288888888881 14232.777777777797 
487.01155927161506 730.0 0.0 7.0 48.0 13706.891536411513 13705.799999999974 14232.777777777797 
488.01155927161506 730.0 0.0 8.0 52.0 13708.7224869745 13708.925925925929 14232.777777777797 
489.01155927161506 730.0 0.0 9.0 62.0 13674.392248697457 13670.577777777764 14232.777777777797 
490.01155927161506 731.0 0.0 8.0 50.0 13670.959224869748 13670.577777777764 14232.777777777797 
491.01155927161506 731.0 0.0 8.0 50.0 13673.422589153635 13673.696296296284 14232.777777777797 
492.01155927161506 732.0 0.0 7.0 51.0 13695.142258915375 13697.555555555586 14232.777777777797 
493.01155927161506 732.0 0.0 7.0 51.0 13686.1808925582 13685.185185185197 14232.777777777797 
494.01155927161506 732.0 0.0 7.0 52.0 13686.184755922472 13686.185185185197 14232.777777777797 
495.01155927161506 732.0 0.0 7.0 68.0 13704.851808925561 13706.925925925929 14232.777777777797 
496.01155927161506 732.0 0.0 7.0 52.0 13703.905180892565 13703.799999999974 14232.777777777797 
497.01155927161506 733.0 0.0 7.0 52.0 13697.39051808924 13696.666666666666 14232.777777777797 
498.01155927161506 733.0 0.0 7.0 52.0 13661.419051808927 13657.422222222236 14232.777777777797 
499.01155927161506 733.0 0.0 7.0 52.0 13657.821905180894 13657.422222222236 14232.777777777797 
500.01155927161506 733.0 0.0 7.0 52.0 13657.462190518101 13657.422222222236 14232.777777777797 
501.01155927161506 733.0 0.0 7.0 69.0 13650.999552385121 13650.281481481481 14232.777777777797 
502.01155927161506 733.0 0.0 7.0 53.0 13650.35328857186 13650.281481481481 14232.777777777797 
503.01155927161506 735.0 0.0 5.0 53.0 13650.288662190498 13650.281481481481 14232.777777777797 
504.01155927161506 735.0 0.0 6.0 52.0 13634.428866219076 13632.666666666668 14232.777777777797 
505.01155927161506 735.0 0.0 6.0 52.0 13632.842886621902 13632.666666666668 14232.777777777797 
506.01155927161506 735.0 0.0 7.0 52.0 13637.397621995511 13637.903703703709 14232.777777777797 
507.01155927161506 735.0 0.0 7.0 52.0 13621.999762199535 13620.288888888881 14232.777777777797 
508.01155927161506 735.0 0.0 7.0 52.0 13612.133309553297 13611.037037037015 14232.777777777797 
509.01155927161506 735.0 0.0 8.0 75.0 13623.379997622 13624.629629629613 14232.777777777797 
510.01155927161506 735.0 0.0 8.0 58.0 13603.031333095532 13600.770370370361 14232.777777777797 
511.01155927161506 735.0 0.0 8.0 52.0 13616.84313330956 13618.377777777787 14232.777777777797 
512.011559271615 735.0 0.0 8.0 52.0 13589.330979997621 13586.274074074052 14232.777777777797 
513.011559271615 737.0 0.0 7.0 52.0 13602.433097999752 13603.888888888881 14232.777777777797 
514.011559271615 737.0 0.0 7.0 51.0 13654.903309799984 13660.733333333346 14232.777777777797 
515.011559271615 737.0 0.0 7.0 71.0 13644.303664313338 13643.125925925919 14232.777777777797 
516.011559271615 737.0 0.0 7.0 62.0 13661.903699764665 13663.859259259252 14232.777777777797 
517.011559271615 737.0 0.0 7.0 58.0 13634.777036643143 13631.76296296296 14232.777777777797 
518.011559271615 738.0 0.0 6.0 58.0 13654.344370330971 13656.51851851852 14232.777777777797 
519.011559271615 738.0 0.0 6.0 59.0 13659.114437033099 13659.644444444439 14232.777777777797 
520.011559271615 738.0 0.0 6.0 61.0 13673.544777036645 13675.14814814815 14232.777777777797 
521.011559271615 738.0 0.0 6.0 72.0 13690.84114437031 13692.76296296296 14232.777777777797 
522.011559271615 738.0 0.0 6.0 59.0 13703.710781103708 13705.140740740746 14232.777777777797 
523.011559271615 738.0 0.0 6.0 55.0 13704.997744777054 13705.140740740746 14232.777777777797 
524.011559271615 739.0 0.0 5.0 59.0 13716.366441144368 13717.629629629613 14232.777777777797 
525.011559271615 739.0 0.0 5.0 61.0 13733.356644114414 13735.244444444439 14232.777777777797 
526.011559271615 739.0 0.0 5.0 60.0 13735.055664411448 13735.244444444439 14232.777777777797 
527.011559271615 740.0 0.0 4.0 60.0 13719.3722331078 13717.629629629613 14232.777777777797 
528.011559271615 741.0 0.0 3.0 60.0 13739.283889977429 13741.496296296305 14232.777777777797 
529.011559271615 741.0 0.0 3.0 61.0 13746.901722331086 13747.748148148132 14232.777777777797 
530.011559271615 741.0 0.0 3.0 89.0 13753.290172233112 13754.0 14232.777777777797 
531.011559271615 741.0 0.0 4.0 67.0 13749.215683889986 13748.76296296296 14232.777777777797 
532.011559271615 741.0 0.0 4.0 61.0 13717.101568389007 13713.53333333332 14232.777777777797 
533.011559271615 741.0 0.0 4.0 61.0 13729.736823505566 13731.140740740746 14232.777777777797 
534.011559271615 741.0 0.0 4.0 61.0 13733.807015683891 13734.259259259266 14232.777777777797 
535.011559271615 742.0 0.0 3.0 66.0 13750.067368235055 13751.874074074081 14232.777777777797 
536.011559271615 742.0 0.0 3.0 76.0 13754.500070156835 13754.992592592598 14232.777777777797 
537.011559271615 742.0 0.0 3.0 64.0 13760.563340349014 13761.23703703704 14232.777777777797 
538.011559271615 743.0 0.0 2.0 76.0 13792.869667368233 13796.459259259243 14232.777777777797 
539.011559271615 743.0 0.0 2.0 65.0 13823.086966736835 13826.444444444414 14232.777777777797 
540.011559271615 743.0 0.0 2.0 78.0 13831.735363340362 13832.696296296284 14232.777777777797 
541.011559271615 743.0 0.0 2.0 78.0 13832.600203000698 13832.696296296284 14232.777777777797 
542.011559271615 743.0 0.0 2.0 78.0 13832.686686966746 13832.696296296284 14232.777777777797 
543.011559271615 743.0 0.0 2.0 79.0 13835.508668696684 13835.82222222224 14232.777777777797 
544.011559271615 743.0 0.0 2.0 95.0 13835.790866869676 13835.82222222224 14232.777777777797 
545.011559271615 743.0 0.0 2.0 84.0 13835.819086686985 13835.82222222224 14232.777777777797 
546.011559271615 743.0 0.0 2.0 79.0 13851.675242002031 13853.437037037065 14232.777777777797 
547.011559271615 743.0 0.0 2.0 79.0 13853.260857533547 13853.437037037065 14232.777777777797 
548.011559271615 743.0 0.0 2.0 79.0 13856.226085753322 13856.555555555586 14232.777777777797 
549.011559271615 744.0 0.0 3.0 80.0 13859.329275241977 13859.674074074104 14232.777777777797 
550.011559271615 744.0 0.0 3.0 78.0 13856.81959419084 13856.540740740757 14232.777777777797 
551.011559271615 745.0 0.0 2.0 78.0 13872.42195941911 13874.155555555531 14232.777777777797 
552.011559271615 745.0 0.0 2.0 78.0 13889.835529275248 13891.77037037036 14232.777777777797 
553.011559271615 745.0 0.0 2.0 78.0 13905.53021959416 13907.274074074052 14232.777777777797 
554.011559271615 745.0 0.0 2.0 78.0 13907.099688626065 13907.274074074052 14232.777777777797 
555.011559271615 745.0 0.0 2.0 81.0 13944.576635529269 13948.740740740735 14232.777777777797 
556.011559271615 745.0 0.0 2.0 82.0 13948.324330219586 13948.740740740735 14232.777777777797 
557.0049054234925 745.0 0.0 2.0 82.0 13948.697985688637 13948.740740740735 14232.777777777797 
558.011559271615 745.0 0.0 3.0 98.0 13948.736576635527 13948.740740740735 14232.777777777797 
559.011559271615 745.0 0.0 3.0 82.0 13951.553657663568 13951.86666666665 14232.777777777797 
560.011559271615 745.0 0.0 3.0 81.0 13979.73536576637 13982.86666666665 14232.777777777797 
561.011559271615 745.0 0.0 3.0 82.0 13971.413536576638 13970.488888888907 14232.777777777797 
562.011559271615 745.0 0.0 3.0 82.0 13981.721353657647 13982.86666666665 14232.777777777797 
563.011559271615 745.0 0.0 3.0 82.0 14009.745468699079 14012.859259259256 14232.777777777797 
564.011559271615 745.0 0.0 3.0 99.0 14012.547880203256 14012.859259259256 14232.777777777797 
565.011559271615 745.0 0.0 3.0 86.0 14010.92812135366 14010.74814814813 14232.777777777797 
566.011559271615 745.0 0.0 4.0 83.0 14006.052812135398 14005.511111111091 14232.777777777797 
567.011559271615 745.0 0.0 4.0 82.0 14018.605281213542 14020.0 14232.777777777797 
568.011559271615 745.0 0.0 4.0 82.0 14019.860528121342 14020.0 14232.777777777797 
569.011559271615 745.0 0.0 4.0 86.0 14035.832719478827 14037.607407407428 14232.777777777797 
570.011559271615 745.0 0.0 4.0 95.0 14040.243271947902 14040.733333333343 14232.777777777797 
571.011559271615 745.0 0.0 5.0 83.0 14022.017660528132 14019.9925925926 14232.777777777797 
572.011559271615 745.0 0.0 5.0 81.0 14017.381766052808 14016.86666666665 14232.777777777797 
573.011559271615 745.0 0.0 7.0 81.0 14016.918176605282 14016.86666666665 14232.777777777797 
574.011559271615 745.0 0.0 7.0 81.0 14016.871817660538 14016.86666666665 14232.777777777797 
575.011559271615 745.0 0.0 7.0 100.0 14019.673848432716 14019.985185185162 14232.777777777797 
576.011559271615 745.0 0.0 7.0 87.0 14006.914051509948 14005.496296296304 14232.777777777797 
577.011559271615 745.0 0.0 7.0 88.0 13992.598071817649 13991.0074074074 14232.777777777797 
578.011559271615 745.0 0.0 7.0 87.0 13964.173140515095 13961.014814814838 14232.777777777797 
579.011559271615 745.0 0.0 7.0 86.0 13958.517314051509 13957.88888888888 14232.777777777797 
580.011559271615 746.0 0.0 6.0 86.0 13976.61839807182 13978.629629629611 14232.777777777797 
581.011559271615 747.0 0.0 5.0 86.0 13978.428506473843 13978.62962962961 14232.777777777797 
582.011559271615 747.0 0.0 5.0 110.0 14005.602850647365 14008.622222222213 14232.777777777797 
583.011559271615 748.0 0.0 4.0 86.0 14021.353618398067 14023.103703703682 14232.777777777797 
584.011559271615 748.0 0.0 4.0 98.0 14041.588695173128 14043.837037037038 14232.777777777797 
585.011559271615 748.0 0.0 4.0 99.0 14043.612202850656 14043.837037037038 14232.777777777797 
586.011559271615 748.0 0.0 4.0 99.0 14054.954553618389 14056.214814814812 14232.777777777797 
587.011559271615 748.0 0.0 4.0 112.0 14056.088788695175 14056.214814814812 14232.777777777797 
588.011559271615 748.0 0.0 4.0 98.0 14067.34221220284 14068.592592592599 14232.777777777797 
589.011559271615 748.0 0.0 4.0 99.0 14084.320887886972 14086.207407407373 14232.777777777797 
590.011559271615 748.0 0.0 5.0 99.0 14086.018755455361 14086.207407407373 14232.777777777797 
591.011559271615 748.0 0.0 5.0 99.0 14070.335208878882 14068.592592592599 14232.777777777797 
592.011559271615 749.0 0.0 4.0 112.0 14068.76685422121 14068.592592592599 14232.777777777797 
593.011559271615 749.0 0.0 4.0 98.0 14084.46335208877 14086.207407407373 14232.777777777797 
594.011559271615 749.0 0.0 4.0 99.0 14086.03300187557 14086.207407407373 14232.777777777797 
595.011559271615 749.0 0.0 4.0 99.0 14086.18996685425 14086.207407407373 14232.777777777797 
596.011559271615 749.0 0.0 4.0 99.0 14102.058996685433 14103.82222222224 14232.777777777797 
597.011559271615 749.0 0.0 5.0 112.0 14103.645899668523 14103.82222222224 14232.777777777797 
598.011559271615 749.0 0.0 5.0 100.0 14106.61792330019 14106.94814814816 14232.777777777797 
599.011559271615 750.0 0.0 4.0 98.0 14106.91512566333 14106.94814814816 14232.777777777797 
600.011559271615 750.0 0.0 5.0 99.0 14109.758179233035 14110.07407407407 14232.777777777797 
#####################################################################
# End of data export. Simulation finished at: 2020-02-02T21:47+0000 #
#####################################################################
